14,35.1
49,35.2
30,37.8
50,40.4
34,42.1
11,42.2
7,44.8
29,44.8
47,46.6
25,47.1
3,47.9
51,48.5
46,49.3
57,49.4
54,50.2
6,50.8
8,51.1
17,51.7
22,52.5
55,53.1
59,53.5
32,53.8
27,54.4
36,55.1
26,55.5
9,56.0
16,56.2
15,56.6
10,56.8
44,57.4
31,57.5
49,57.7
12,58.0
1,58.5
13,59.4
45,60.4
21,60.5
53,61.6
23,62.1
60,62.6
42,63.7
2,63.8
24,64.0
30,64.0
20,64.2
33,64.4
14,65.7
0,66.6
38,66.9
50,67.9
34,68.2
39,68.8
58,69.7
3,71.3
29,72.5
7,74.6
48,74.9
25,75.0
47,75.1
11,75.1
4,75.3
52,75.7
43,75.9
8,76.9
40,77.4
51,77.7
46,78.7
57,79.2
54,79.5
49,82.0
32,84.8
36,85.2
56,86.1
17,87.0
12,88.2
27,88.4
26,88.5
16,88.6
55,88.9
59,89.3
15,92.1
9,93.0
61,96.4
44,98.5
14,98.9
30,99.2
6,101.3
60,101.9
62,103.0
21,106.9
0,108.4
51,113.1
52,113.5
34,113.6
47,113.8
53,114.0
11,116.4
36,116.5
8,116.9
3,117.8
46,119.0
26,119.6
29,119.9
48,121.2
7,121.4
35,123.8
55,124.0
40,126.2
15,127.6
59,129.5
2,129.8
1,130.7
54,130.8
25,131.3
57,131.4
14,132.2
31,132.3
38,133.9
6,134.6
32,135.6
18,135.8
58,137.5
11,140.1
50,140.7
30,142.0
60,142.2
16,142.2
10,142.5
49,143.0
9,147.4
17,147.6
20,148.4
13,148.4
12,148.5
33,148.5
8,148.8
29,149.2
34,149.4
42,149.8
51,154.6
3,154.7
62,157.4
15,158.6
14,158.6
26,159.9
47,161.0
46,165.1
36,168.6
40,169.0
11,169.9
53,171.1
61,171.2
39,171.2
55,174.6
2,175.1
44,175.2
54,175.6
30,179.5
57,180.7
49,181.4
29,181.5
25,182.1
27,182.5
48,184.5
7,184.9
26,187.5
60,187.8
59,188.4
8,188.5
23,189.3
52,190.1
16,190.3
38,191.5
6,192.1
45,193.9
58,194.7
11,194.9
3,195.8
14,195.8
32,196.2
34,196.2
51,196.5
17,197.6
0,199.5
10,199.5
15,200.4
55,201.5
5,202.8
56,203.3
50,203.8
24,206.2
9,207.3
46,207.6
1,207.8
62,207.9
30,209.3
4,210.2
12,213.2
20,213.4
42,214.7
36,216.5
7,216.9
29,217.0
25,217.5
21,217.5
40,218.0
57,218.6
49,219.9
47,221.6
51,221.7
16,223.0
11,223.4
27,224.2
14,224.4
39,225.9
18,227.0
8,227.7
22,227.9
6,228.2
34,228.8
58,229.2
55,229.3
26,230.3
52,230.3
3,230.4
32,230.8
50,231.2
13,231.9
15,232.8
53,233.8
35,234.2
10,234.5
60,234.7
44,234.9
59,235.6
2,235.9
28,236.7
61,237.4
30,239.0
17,239.2
36,241.3
46,241.9
0,242.9
43,243.3
20,243.3
54,244.4
29,244.5
40,245.4
51,245.7
11,246.2
41,246.8
25,248.1
7,248.1
23,249.1
16,249.1
62,249.6
38,251.0
12,253.0
1,254.4
48,256.2
58,256.4
57,256.5
47,257.5
49,257.5
55,257.8
33,258.9
15,259.2
60,259.3
34,259.6
14,259.8
6,266.4
11,266.6
26,266.7
8,267.6
51,268.6
32,270.7
56,276.8
10,279.3
30,279.9
50,281.2
46,281.4
3,283.3
14,288.6
40,290.8
36,290.8
44,290.9
34,290.9
52,292.6
39,292.8
54,294.1
20,295.2
58,295.3
45,295.8
16,295.9
60,296.5
38,296.5
11,296.8
62,297.6
51,297.8
55,301.3
12,301.8
57,305.5
15,305.6
29,305.8
59,306.8
47,307.9
2,308.5
8,311.5
17,314.5
26,315.5
25,316.9
50,318.3
7,318.5
34,321.1
23,321.8
14,325.9
51,327.3
3,327.4
0,328.5
49,328.7
42,330.7
46,331.5
11,332.5
58,332.6
62,333.0
40,333.1
30,333.7
1,333.9
57,335.8
55,336.4
15,336.6
16,338.7
6,339.9
48,340.2
29,341.8
8,343.2
12,343.5
44,343.8
61,344.4
36,345.1
60,345.4
18,346.0
38,346.1
26,346.4
20,347.3
54,348.6
32,350.8
9,351.3
53,351.8
59,351.9
25,354.6
7,354.7
27,355.7
52,355.9
14,356.3
39,356.4
34,356.7
28,358.2
11,358.8
51,359.4
55,361.7
2,362.5
50,363.3
33,364.4
49,364.8
15,365.5
58,366.6
21,368.5
35,371.6
47,372.7
3,375.5
62,376.4
10,378.0
8,378.1
60,378.4
40,378.8
46,379.4
6,381.0
30,384.6
51,385.8
44,386.8
32,387.4
36,387.8
38,389.6
16,389.7
45,390.8
29,394.5
17,396.5
34,397.7
1,399.0
26,399.4
27,400.8
18,402.8
12,407.3
11,408.2
7,409.5
48,412.9
49,414.3
23,414.3
46,415.2
57,415.7
59,415.7
52,415.7
51,416.3
25,421.6
14,422.8
60,423.2
58,423.3
15,423.6
55,423.6
22,423.7
61,424.4
32,424.6
3,424.8
6,425.3
47,427.2
2,427.2
36,428.2
8,428.3
26,428.8
42,428.9
39,431.2
40,432.4
27,432.5
62,432.6
21,434.0
34,434.3
24,434.7
18,435.1
17,435.2
54,435.9
44,437.4
20,437.6
30,438.2
11,439.3
56,440.8
53,440.9
50,442.5
7,446.3
38,447.6
5,448.0
51,450.0
29,450.9
9,452.0
52,452.9
16,453.6
60,457.9
15,459.7
55,460.4
58,461.8
41,461.9
14,463.4
19,465.1
11,465.8
36,467.0
40,468.0
6,470.2
62,470.7
8,471.4
12,472.1
1,472.7
32,473.4
10,475.1
25,476.6
61,478.7
38,478.7
30,479.0
18,479.6
0,480.6
16,481.1
20,481.1
50,482.8
51,483.9
33,485.0
15,485.1
59,485.7
27,486.5
34,486.7
14,486.7
7,487.1
29,487.9
60,487.9
47,488.1
58,488.9
39,489.3
11,489.9
49,490.7
55,491.0
52,491.7
26,493.1
45,493.3
44,493.9
23,494.7
46,494.8
31,496.9
56,497.7
3,500.8
57,501.1
40,501.3
43,504.4
62,505.1
36,505.1
14,508.5
35,509.3
6,513.0
50,513.8
32,516.1
51,516.8
16,517.0
21,517.3
55,517.6
15,518.6
47,518.7
34,519.0
11,521.6
0,521.9
8,522.6
30,524.1
54,525.2
26,526.6
58,528.7
60,529.1
25,532.7
49,533.7
53,535.0
62,537.1
20,537.8
42,539.5
1,540.2
3,541.0
46,543.8
36,544.9
14,548.5
40,548.9
15,553.2
24,553.2
55,554.3
38,554.5
34,555.5
29,556.0
58,557.2
6,557.6
47,557.7
11,559.7
16,559.8
12,561.7
41,561.8
60,562.1
7,562.3
51,564.4
23,565.9
61,566.2
26,568.4
18,573.0
62,574.2
20,575.2
21,575.6
0,576.4
27,576.6
25,579.8
40,583.2
52,588.5
39,590.6
36,594.1
46,596.0
15,596.8
29,602.2
11,602.2
3,602.4
6,603.5
55,603.6
34,604.5
26,605.0
5,605.6
22,605.6
47,606.2
60,606.5
51,606.8
25,607.2
14,610.1
50,610.3
49,611.0
58,611.3
8,613.4
32,613.5
53,613.9
7,614.2
1,615.0
44,616.9
27,617.9
48,618.2
59,618.2
30,618.3
42,618.7
23,618.9
38,620.3
21,620.4
12,620.8
28,621.0
36,621.6
4,622.1
62,623.2
20,623.3
10,624.9
15,625.6
16,628.7
40,628.9
55,629.6
52,629.9
11,631.9
41,636.0
6,636.3
51,636.7
24,636.9
34,637.2
17,638.0
57,638.4
31,638.9
49,639.1
60,639.1
14,640.2
45,640.2
58,640.9
50,642.1
56,643.1
29,643.7
46,644.4
9,644.8
32,645.4
7,645.8
54,647.5
30,647.6
25,647.7
8,647.9
47,648.4
3,648.5
33,649.2
13,649.5
10,650.3
55,652.3
36,653.2
16,653.3
0,654.8
26,654.9
11,655.4
5,656.0
27,656.9
22,658.0
38,659.8
59,660.5
20,660.7
34,661.1
6,661.4
12,662.5
15,663.5
2,665.3
44,667.3
51,667.7
14,671.7
50,672.3
58,675.8
49,679.1
47,682.2
16,682.8
7,685.6
21,685.8
55,685.9
34,688.2
46,691.4
9,691.8
51,691.9
32,692.4
52,693.9
54,694.1
20,694.1
30,694.1
36,696.5
6,697.2
8,698.4
11,698.9
60,700.7
10,701.6
35,702.0
57,702.0
40,702.7
3,703.5
17,705.2
26,707.8
15,708.2
14,710.8
55,711.1
27,714.0
59,714.8
29,718.2
45,720.5
48,721.2
34,722.7
42,724.1
53,724.2
28,724.7
11,727.3
47,728.0
39,729.2
36,729.4
25,729.5
12,729.8
51,730.5
1,731.6
61,732.7
62,733.9
8,734.6
60,736.6
0,736.9
16,738.1
40,738.8
58,739.2
55,739.8
7,740.2
50,740.8
6,742.2
49,742.7
52,743.0
20,743.4
57,744.2
15,745.1
29,750.3
11,751.7
14,753.9
21,753.9
51,754.2
30,757.9
17,762.1
27,762.5
41,764.0
36,767.0
34,777.3
26,780.1
24,782.7
52,782.7
25,784.0
30,784.4
46,784.6
3,784.8
8,785.0
29,785.3
16,785.5
6,787.3
11,787.5
40,788.2
22,788.3
55,789.2
49,789.6
14,790.7
60,791.5
47,791.9
51,792.2
57,793.7
1,793.8
20,794.2
58,794.3
59,794.9
36,796.0
10,796.2
12,796.3
2,798.9
38,799.1
17,802.6
62,802.7
34,804.7
35,805.9
23,806.7
15,807.5
39,809.5
11,809.8
50,811.0
44,811.5
42,817.5
16,817.6
25,818.5
14,818.9
51,819.1
29,820.5
26,820.7
6,821.5
8,825.2
0,825.7
27,826.0
46,827.1
57,827.5
54,827.5
32,828.0
3,828.9
60,829.9
49,831.0
47,832.4
55,832.9
11,833.6
58,834.5
30,834.6
5,835.0
7,835.6
10,835.6
62,836.4
53,837.4
48,839.4
34,841.4
16,841.5
21,842.4
52,842.6
24,842.8
36,843.4
14,845.1
38,846.7
25,848.4
40,848.7
20,849.2
51,849.5
6,850.5
1,850.6
26,851.5
59,851.9
17,852.5
55,853.0
44,853.5
56,854.5
23,854.8
33,854.9
45,857.5
18,858.2
61,858.7
50,859.0
29,860.4
43,860.7
42,861.6
15,861.9
60,862.3
32,862.5
47,863.2
27,865.7
11,866.2
54,868.4
2,868.9
34,869.2
39,870.1
35,870.4
16,870.4
36,870.9
0,872.4
57,873.7
62,874.5
55,875.2
8,876.1
58,876.3
14,876.5
30,880.0
20,888.1
40,888.2
26,893.9
11,894.6
51,895.0
50,898.1
34,900.0
49,900.4
12,902.9
15,903.7
14,904.0
55,905.0
60,908.2
62,909.8
8,909.9
29,910.4
6,911.8
57,911.9
36,912.8
48,913.3
11,913.7
3,914.5
24,914.8
61,916.5
7,916.6
58,917.8
46,918.2
40,920.6
16,922.0
44,922.9
51,923.1
47,925.3
34,929.1
27,929.2
14,931.0
30,931.8
50,932.7
21,933.1
55,935.3
49,936.0
17,936.1
52,936.2
1,937.9
15,939.2
11,939.7
10,940.8
20,940.9
57,944.7
26,947.8
3,948.0
51,948.1
22,949.6
25,949.8
8,950.2
2,951.4
54,951.7
60,952.2
29,952.6
23,952.8
36,953.0
34,956.3
58,956.5
62,961.5
46,964.5
42,966.4
55,969.1
16,969.8
39,969.8
44,970.1
7,972.6
15,974.4
51,975.5
6,975.6
50,978.1
57,978.5
12,981.0
25,982.9
1,983.3
30,984.5
14,985.0
40,985.7
24,986.1
49,987.4
11,988.2
29,990.3
59,991.3
8,998.0
61,999.9
17,1001.0
58,1001.9
54,1002.0
16,1002.8
62,1008.9
15,1011.7
27,1014.0
33,1015.2
55,1016.3
20,1016.4
38,1017.2
60,1017.3
11,1020.6
34,1021.6
7,1023.9
25,1024.5
3,1025.0
26,1026.2
51,1027.0
49,1028.1
29,1028.6
14,1029.6
50,1029.8
36,1030.1
1,1030.2
23,1031.2
18,1031.3
30,1031.8
52,1032.3
47,1033.1
8,1034.1
5,1035.1
59,1035.6
46,1036.1
6,1036.2
58,1036.4
44,1037.7
12,1038.0
10,1039.1
22,1039.9
39,1040.8
48,1041.2
57,1041.6
16,1041.8
32,1043.3
55,1044.7
11,1045.3
4,1047.3
34,1047.5
40,1049.0
0,1049.8
45,1051.5
49,1053.0
51,1053.7
62,1054.5
17,1054.6
43,1054.9
29,1055.3
27,1055.7
2,1057.5
15,1061.8
53,1061.8
31,1062.5
8,1062.8
14,1063.5
38,1063.8
42,1064.6
50,1064.8
30,1068.6
6,1069.2
3,1069.9
11,1071.3
44,1072.2
61,1072.5
10,1073.7
26,1079.6
51,1083.3
60,1084.0
14,1086.1
29,1087.1
34,1087.4
25,1088.3
55,1090.3
46,1090.5
20,1090.5
58,1091.0
1,1092.9
23,1093.2
45,1093.6
53,1094.1
11,1095.0
8,1095.3
40,1095.3
16,1096.2
36,1096.5
52,1097.8
50,1099.0
59,1099.3
3,1100.7
49,1102.0
30,1102.3
10,1102.7
47,1103.3
12,1103.5
15,1105.7
54,1105.7
56,1106.4
14,1106.8
62,1107.2
38,1108.0
51,1109.6
44,1110.0
57,1110.5
2,1111.1
26,1111.3
32,1111.6
42,1112.2
60,1112.5
34,1113.2
18,1118.0
55,1118.9
48,1119.3
39,1122.6
33,1123.2
61,1123.6
58,1123.9
11,1124.1
17,1124.1
7,1126.5
36,1127.8
1,1129.2
40,1133.6
20,1134.1
8,1134.9
41,1136.0
62,1138.1
15,1141.6
43,1142.0
27,1144.6
23,1145.2
51,1146.3
29,1148.9
14,1149.3
44,1150.1
49,1156.5
11,1158.1
25,1158.2
60,1158.2
3,1158.8
26,1160.8
55,1161.0
34,1163.7
46,1163.9
32,1163.9
42,1165.1
16,1165.8
30,1166.5
8,1168.8
50,1170.2
47,1171.4
6,1171.4
7,1171.5
57,1172.1
52,1173.5
1,1174.8
51,1174.8
22,1175.6
36,1176.4
29,1176.5
27,1176.7
21,1177.7
59,1178.2
35,1178.7
44,1180.8
15,1182.1
45,1182.2
25,1184.4
17,1184.5
49,1184.5
11,1185.7
34,1186.2
55,1186.7
53,1187.4
12,1187.7
48,1187.8
5,1189.9
26,1190.3
14,1191.2
20,1191.8
23,1192.9
39,1193.3
3,1193.9
32,1194.6
40,1194.7
54,1195.5
8,1199.5
46,1201.1
52,1202.6
9,1203.2
51,1203.3
24,1206.6
6,1206.8
7,1208.0
60,1208.5
58,1209.2
11,1209.9
36,1210.1
30,1210.2
16,1212.0
55,1212.7
2,1213.0
62,1215.0
0,1217.2
61,1217.4
10,1217.6
18,1222.1
38,1222.4
29,1223.0
14,1223.9
57,1223.9
34,1225.0
53,1225.2
1,1226.8
15,1227.2
32,1228.3
40,1230.0
51,1233.8
17,1234.7
26,1235.4
52,1236.3
49,1236.8
11,1238.5
50,1240.6
5,1241.3
55,1241.6
46,1242.0
47,1242.5
3,1248.6
54,1252.5
30,1253.1
6,1255.6
8,1256.6
13,1258.9
60,1263.1
34,1263.8
36,1263.9
14,1265.6
59,1266.0
16,1268.5
11,1269.9
48,1270.6
51,1271.0
40,1271.7
57,1272.0
58,1273.2
53,1275.5
62,1277.8
9,1278.1
15,1279.4
49,1279.6
61,1281.2
52,1281.2
29,1282.6
55,1289.8
8,1290.6
11,1291.1
26,1294.5
6,1295.0
17,1295.9
38,1296.0
51,1296.5
18,1296.6
20,1298.3
34,1298.4
36,1298.8
7,1299.9
32,1300.1
30,1300.9
60,1300.9
14,1301.1
39,1304.3
57,1305.9
59,1310.9
40,1312.0
11,1314.9
16,1318.0
58,1323.4
51,1325.3
36,1325.9
29,1327.3
44,1328.0
34,1329.4
50,1329.6
0,1331.0
3,1331.4
61,1331.7
60,1331.8
62,1333.6
57,1335.0
20,1335.3
8,1338.0
26,1338.0
15,1338.2
17,1338.3
11,1339.2
2,1339.6
1,1339.9
14,1340.3
46,1343.5
49,1346.2
6,1347.0
10,1349.8
30,1351.4
40,1354.5
33,1356.0
23,1358.2
51,1358.6
58,1360.4
16,1361.0
38,1361.7
34,1361.8
11,1367.1
36,1367.3
14,1367.6
42,1369.8
18,1370.5
60,1372.5
20,1372.9
39,1375.2
15,1375.3
55,1376.4
3,1377.4
57,1378.7
29,1380.7
51,1383.2
50,1383.8
62,1384.9
8,1388.4
11,1389.0
40,1390.5
58,1390.8
6,1391.2
30,1393.4
26,1393.9
34,1394.5
16,1394.6
38,1395.6
46,1398.8
61,1398.9
47,1399.0
60,1399.2
33,1399.4
41,1400.3
14,1400.7
36,1400.7
44,1402.9
15,1407.6
22,1408.7
51,1409.8
55,1410.5
52,1411.4
2,1412.7
11,1413.0
29,1414.5
8,1415.3
20,1415.7
49,1416.7
53,1419.5
50,1419.8
3,1420.7
7,1421.7
21,1423.0
34,1424.0
14,1425.0
62,1427.0
25,1429.9
51,1430.2
36,1430.7
35,1432.4
58,1433.1
60,1433.6
55,1435.6
38,1436.4
15,1437.9
11,1438.2
6,1438.8
10,1439.8
56,1440.0
18,1440.8
40,1442.3
59,1442.4
27,1445.6
48,1446.8
12,1447.0
30,1447.4
16,1447.4
46,1448.2
14,1449.2
34,1449.7
1,1450.8
49,1452.1
26,1454.2
29,1455.6
23,1456.8
50,1457.0
62,1457.4
3,1457.9
58,1458.6
11,1459.1
47,1459.7
8,1459.9
44,1460.0
61,1460.2
20,1462.0
51,1462.5
57,1464.0
39,1465.5
60,1465.8
42,1467.3
36,1468.9
14,1471.6
10,1472.9
40,1474.0
15,1474.2
0,1474.2
6,1474.9
18,1477.5
2,1479.9
34,1479.9
30,1484.4
58,1484.6
55,1487.8
33,1489.1
51,1489.4
25,1490.0
11,1491.1
62,1491.9
3,1494.0
60,1495.4
38,1496.2
57,1497.4
22,1498.2
36,1498.8
20,1499.7
49,1499.7
61,1504.0
59,1504.6
26,1504.6
14,1505.0
40,1505.5
16,1505.9
34,1505.9
47,1507.1
6,1507.3
46,1508.0
15,1508.5
41,1509.4
12,1509.9
58,1510.2
50,1510.5
29,1510.6
39,1511.0
17,1511.2
18,1511.5
62,1512.6
51,1514.2
55,1515.4
11,1515.4
54,1516.6
7,1518.4
30,1520.9
44,1521.0
32,1521.9
57,1522.3
27,1524.4
8,1525.8
36,1526.2
3,1526.9
10,1527.7
2,1528.2
53,1528.9
34,1529.0
25,1531.5
14,1532.5
52,1536.6
26,1537.0
9,1538.1
60,1538.9
11,1542.9
29,1544.8
15,1547.5
62,1547.6
49,1548.1
20,1549.1
6,1550.0
50,1551.6
45,1551.7
51,1551.7
7,1552.9
40,1555.2
0,1559.1
46,1561.6
58,1563.0
36,1563.4
16,1564.7
55,1565.3
8,1565.4
11,1569.1
34,1573.2
61,1573.9
14,1574.5
30,1575.4
39,1575.8
15,1576.1
52,1576.2
25,1578.0
51,1578.2
38,1578.5
29,1578.9
48,1579.6
62,1579.6
60,1580.0
18,1581.0
20,1581.0
1,1583.3
27,1583.6
44,1585.1
17,1585.2
40,1585.5
5,1585.8
6,1586.6
12,1587.6
3,1587.7
23,1588.1
10,1589.6
49,1590.3
41,1590.9
19,1592.0
58,1592.3
55,1592.6
11,1592.7
34,1594.0
47,1596.8
22,1596.9
8,1598.8
51,1602.7
26,1602.9
14,1602.9
37,1603.0
59,1604.2
50,1604.3
32,1607.7
46,1608.5
2,1609.5
20,1609.7
7,1609.7
53,1610.2
29,1610.5
36,1610.8
15,1611.6
60,1612.1
57,1612.6
25,1614.7
52,1616.7
61,1618.5
18,1618.5
11,1623.7
39,1623.9
6,1625.0
24,1633.8
49,1635.7
62,1637.4
51,1638.8
1,1639.5
30,1640.8
46,1641.5
17,1642.1
25,1642.6
7,1643.1
3,1645.3
26,1646.6
34,1647.6
14,1647.7
58,1650.4
21,1651.2
27,1651.4
15,1652.8
55,1655.5
50,1656.9
47,1656.9
20,1658.5
42,1661.4
44,1662.2
5,1662.4
16,1662.5
36,1664.0
57,1664.2
60,1666.9
11,1667.1
54,1667.2
51,1670.2
40,1672.1
32,1672.3
6,1673.2
9,1673.5
49,1674.5
14,1677.8
59,1678.2
12,1678.9
8,1679.0
46,1679.6
23,1680.4
34,1681.0
15,1682.2
3,1682.5
29,1682.7
7,1684.9
52,1687.3
26,1687.5
25,1687.5
58,1689.7
62,1690.1
41,1690.8
50,1691.3
1,1693.5
55,1693.7
11,1694.3
48,1697.4
53,1698.0
38,1699.7
20,1701.1
36,1701.5
0,1702.6
60,1703.8
17,1704.6
44,1705.5
45,1707.5
14,1708.8
49,1711.4
34,1713.6
40,1713.8
51,1715.1
27,1716.1
30,1716.9
15,1718.1
22,1718.5
57,1719.0
8,1719.1
31,1719.9
50,1719.9
47,1720.2
3,1720.6
29,1720.9
61,1721.7
10,1721.9
6,1722.1
39,1723.1
11,1723.1
2,1723.2
26,1724.4
62,1725.6
25,1725.7
16,1725.8
59,1727.0
12,1729.0
55,1729.7
43,1730.0
7,1730.2
58,1730.6
18,1731.9
14,1732.1
36,1732.8
56,1732.9
52,1733.5
44,1734.2
60,1735.1
32,1735.4
46,1736.7
20,1738.0
34,1739.0
51,1739.2
17,1740.3
0,1741.2
33,1741.7
1,1742.4
49,1743.9
57,1745.1
23,1747.3
62,1751.2
11,1751.4
40,1752.1
30,1752.9
15,1755.1
55,1755.1
16,1755.5
47,1757.2
6,1759.0
38,1759.6
14,1760.3
58,1760.8
50,1761.1
34,1761.5
25,1764.3
3,1764.7
26,1765.6
60,1766.1
18,1766.3
29,1766.4
8,1767.8
36,1770.8
11,1774.8
51,1776.4
44,1778.2
62,1787.3
1,1788.2
2,1788.5
14,1788.7
20,1790.0
57,1790.9
49,1799.2
16,1801.3
46,1804.0
25,1804.2
11,1808.1
15,1810.7
34,1812.6
7,1815.7
58,1818.6
14,1819.1
50,1819.1
60,1819.3
26,1820.0
6,1822.0
29,1824.9
61,1826.0
47,1829.3
55,1831.6
3,1832.2
40,1832.2
62,1832.7
11,1834.0
36,1834.5
38,1835.3
53,1837.3
25,1837.8
44,1838.6
0,1838.9
15,1838.9
18,1839.6
39,1840.1
51,1841.5
20,1843.0
14,1846.4
8,1846.5
10,1847.6
12,1848.6
59,1850.3
60,1850.6
19,1852.5
22,1853.2
6,1853.3
49,1855.3
16,1856.4
29,1857.0
46,1858.5
5,1858.9
34,1859.7
40,1860.7
17,1860.8
26,1861.5
58,1861.6
30,1862.8
32,1864.1
21,1864.2
11,1864.5
47,1866.4
27,1866.4
62,1867.1
25,1872.4
23,1872.8
15,1872.9
36,1873.1
7,1874.0
57,1874.1
61,1874.9
14,1875.1
55,1876.3
51,1878.0
20,1880.0
2,1883.6
38,1884.5
60,1884.8
39,1885.2
50,1885.9
1,1888.7
3,1890.9
44,1894.7
24,1901.1
6,1905.1
46,1906.3
8,1906.5
49,1908.3
29,1909.3
25,1909.6
62,1910.5
11,1910.5
26,1911.3
34,1912.4
47,1914.3
30,1914.3
45,1915.8
50,1916.1
53,1916.4
57,1917.7
36,1917.8
14,1918.0
15,1918.3
3,1918.4
22,1919.1
60,1919.5
10,1919.7
16,1920.7
40,1921.1
59,1921.3
58,1921.3
7,1922.4
17,1922.4
54,1922.8
52,1923.3
55,1923.9
51,1924.4
12,1927.5
32,1927.8
11,1928.0
27,1928.3
6,1929.0
38,1929.4
13,1929.8
34,1929.8
61,1932.3
8,1932.4
62,1933.2
20,1933.7
41,1934.8
46,1935.0
31,1935.0
48,1935.4
2,1935.9
14,1936.1
33,1937.0
18,1938.5
44,1938.6
21,1938.7
29,1940.1
57,1940.9
39,1941.4
9,1941.8
26,1942.0
25,1942.7
49,1943.4
36,1944.0
53,1944.0
0,1945.4
60,1945.6
19,1946.8
50,1949.5
16,1950.3
54,1951.2
1,1951.3
34,1951.7
51,1952.3
15,1952.8
11,1953.1
30,1953.3
55,1954.0
3,1954.3
23,1954.6
62,1960.7
7,1962.7
40,1966.0
25,1968.6
42,1972.1
29,1975.2
24,1978.2
26,1981.8
6,1984.1
47,1984.8
14,1986.5
58,1987.8
15,1989.6
51,1989.8
44,1993.2
46,1994.1
20,1994.8
11,1996.6
50,1997.2
34,1997.8
3,1999.0
16,2001.3
55,2001.8
8,2001.8
60,2004.0
49,2004.3
30,2005.0
25,2006.6
7,2006.9
40,2008.6
10,2009.6
14,2010.0
62,2012.0
22,2014.5
29,2015.1
18,2015.2
57,2015.3
6,2015.4
1,2015.9
36,2016.9
21,2017.7
15,2018.9
5,2021.0
53,2021.2
34,2021.3
51,2021.6
23,2021.7
11,2022.7
61,2024.2
52,2025.2
55,2027.6
58,2028.6
20,2028.8
38,2029.2
47,2033.0
59,2034.2
12,2035.7
16,2035.9
14,2041.3
46,2041.5
39,2042.1
17,2042.5
30,2043.0
7,2043.9
62,2044.8
50,2044.9
60,2046.7
34,2047.7
40,2048.7
41,2049.6
55,2049.7
6,2049.7
29,2050.1
15,2050.6
11,2051.2
10,2052.4
51,2053.3
27,2054.1
56,2054.3
25,2054.5
26,2055.3
49,2056.7
36,2060.0
0,2066.5
47,2067.4
14,2069.7
2,2070.2
16,2070.8
54,2072.7
20,2074.1
3,2076.4
8,2081.3
26,2081.4
32,2081.8
51,2082.0
11,2082.9
46,2083.9
44,2084.2
29,2084.5
34,2085.0
25,2086.2
1,2086.6
31,2086.7
50,2087.3
6,2087.4
30,2087.6
9,2087.9
58,2089.0
10,2090.4
24,2090.5
49,2090.6
48,2090.6
7,2090.8
55,2091.0
43,2092.6
14,2093.8
52,2094.5
5,2096.5
23,2098.2
42,2098.8
15,2100.4
21,2100.7
36,2101.7
40,2102.3
33,2102.4
11,2103.8
51,2104.2
54,2105.7
53,2106.8
60,2107.1
34,2107.1
4,2108.5
2,2111.2
22,2111.8
26,2112.5
32,2112.9
20,2113.1
47,2113.9
55,2115.0
16,2115.2
38,2115.6
8,2116.2
14,2119.2
6,2119.4
0,2119.4
27,2120.4
50,2120.9
58,2121.8
7,2122.3
29,2126.5
11,2128.5
51,2128.8
15,2129.0
5,2131.8
46,2134.3
62,2134.9
34,2135.9
40,2139.5
60,2139.8
55,2140.3
18,2141.6
61,2142.3
20,2142.8
36,2142.9
39,2144.7
6,2144.9
30,2145.7
57,2150.9
59,2154.2
11,2158.1
26,2159.7
3,2160.2
51,2160.5
50,2163.7
62,2166.4
49,2166.5
12,2166.8
1,2167.3
14,2168.5
44,2170.8
29,2172.1
15,2172.5
25,2173.7
34,2174.7
8,2174.7
46,2177.7
23,2183.1
47,2185.4
42,2186.6
58,2198.5
51,2199.9
26,2203.3
11,2205.5
48,2205.7
7,2207.1
38,2209.0
21,2209.1
36,2210.3
14,2211.2
12,2211.7
60,2211.8
6,2212.0
46,2212.2
59,2214.2
49,2215.4
0,2215.8
50,2216.2
5,2216.9
52,2217.8
20,2219.1
30,2220.6
34,2221.8
15,2222.1
40,2223.1
16,2223.3
62,2225.2
55,2226.2
8,2226.3
51,2226.4
29,2226.8
47,2227.0
44,2227.1
11,2227.4
42,2228.3
53,2228.4
10,2229.8
57,2231.6
27,2232.0
31,2232.0
14,2232.1
58,2232.4
26,2236.3
36,2236.6
35,2237.2
48,2238.0
17,2238.1
32,2239.6
61,2240.0
34,2241.8
6,2242.5
1,2242.5
4,2243.7
55,2244.5
38,2245.7
12,2246.3
60,2246.5
39,2246.8
51,2247.0
11,2247.2
59,2247.5
2,2247.7
49,2249.3
7,2251.0
5,2251.7
46,2252.2
30,2252.4
3,2253.8
52,2254.2
29,2255.5
20,2255.6
25,2256.0
15,2256.0
18,2256.5
16,2257.7
62,2258.6
40,2259.8
24,2260.4
14,2262.4
56,2262.5
58,2263.9
34,2264.4
10,2264.5
50,2264.8
57,2265.7
36,2266.0
55,2266.4
51,2268.7
8,2269.1
11,2269.7
41,2270.7
17,2271.1
22,2271.9
6,2273.4
54,2282.8
20,2285.1
30,2285.8
34,2286.1
44,2287.3
23,2287.4
1,2287.4
14,2289.7
62,2290.5
26,2291.9
25,2292.7
47,2292.8
51,2294.0
29,2294.2
11,2296.7
2,2296.8
60,2296.8
3,2297.2
46,2298.6
16,2299.0
42,2307.3
8,2311.3
57,2317.3
49,2319.3
44,2322.9
15,2328.5
17,2329.6
51,2331.5
11,2338.0
40,2338.5
5,2342.2
23,2344.2
1,2345.3
46,2345.8
58,2346.7
16,2348.3
6,2348.6
26,2348.7
0,2349.8
14,2350.3
50,2351.6
3,2352.3
45,2353.6
20,2353.7
8,2357.6
60,2358.6
62,2359.8
55,2362.0
25,2362.0
15,2362.5
47,2363.4
11,2364.7
29,2365.0
36,2365.5
39,2366.2
59,2366.3
44,2366.6
61,2367.4
34,2367.8
42,2368.0
32,2368.5
49,2370.8
51,2370.8
38,2370.9
6,2372.9
18,2373.1
22,2374.1
27,2374.6
14,2375.2
10,2375.3
7,2376.8
4,2377.3
21,2378.2
57,2378.9
12,2379.4
53,2379.4
35,2379.5
58,2379.8
40,2382.3
62,2382.6
31,2385.2
46,2385.9
34,2386.9
55,2387.5
60,2388.1
3,2388.5
17,2388.5
16,2389.7
48,2390.9
36,2392.0
20,2392.0
50,2392.1
26,2394.0
11,2395.5
51,2397.2
39,2398.1
15,2398.1
59,2401.1
47,2401.3
8,2406.6
57,2406.9
12,2408.2
14,2408.9
6,2410.8
32,2411.9
61,2414.9
44,2415.6
7,2415.8
34,2416.1
18,2417.2
27,2417.2
40,2417.6
62,2419.8
30,2420.0
10,2420.0
55,2421.6
58,2421.6
49,2422.1
17,2423.3
20,2424.9
16,2425.6
50,2426.5
11,2426.9
36,2427.1
46,2427.5
29,2428.3
52,2428.9
25,2429.9
60,2431.2
26,2431.5
38,2432.2
51,2432.5
53,2432.8
0,2433.8
33,2434.6
35,2436.4
3,2437.3
8,2437.5
6,2439.9
45,2440.1
21,2441.5
47,2441.7
34,2442.7
14,2442.7
41,2443.2
59,2443.3
54,2444.4
23,2446.6
15,2448.1
12,2449.0
57,2449.7
13,2450.0
32,2450.4
58,2450.5
31,2450.9
55,2453.0
9,2453.4
11,2453.5
49,2454.4
62,2455.1
60,2459.5
30,2461.0
48,2461.1
36,2463.7
17,2464.4
51,2468.1
39,2468.6
1,2468.8
26,2470.8
20,2471.3
42,2473.3
46,2475.1
14,2476.7
10,2476.8
16,2478.8
38,2481.8
47,2484.6
58,2484.7
11,2485.1
6,2485.3
37,2486.3
3,2486.5
0,2487.2
44,2487.5
22,2487.5
8,2490.1
50,2490.6
34,2491.4
24,2492.5
40,2494.1
21,2494.7
25,2494.7
51,2494.7
15,2495.4
32,2495.7
60,2496.5
62,2499.5
49,2502.4
27,2504.2
52,2504.8
55,2505.1
35,2505.3
53,2505.9
59,2507.3
14,2507.5
54,2507.5
18,2508.6
36,2512.0
29,2512.7
10,2513.0
2,2513.5
26,2513.8
56,2513.9
16,2515.1
12,2515.6
11,2516.2
30,2518.5
46,2518.7
57,2519.1
7,2520.1
34,2521.7
6,2521.8
58,2522.5
20,2524.4
38,2527.3
55,2527.4
60,2528.3
8,2530.6
41,2530.8
9,2531.3
32,2531.7
51,2532.3
3,2532.7
13,2533.6
15,2534.6
14,2535.2
61,2535.2
40,2535.8
17,2537.4
33,2538.2
50,2539.4
47,2539.5
59,2539.9
11,2540.3
62,2541.9
34,2544.0
36,2544.1
48,2544.7
29,2545.4
0,2545.8
52,2546.4
49,2546.7
54,2548.0
26,2549.1
55,2549.1
30,2550.1
53,2550.9
45,2552.1
57,2552.6
39,2553.4
6,2556.9
18,2557.4
51,2557.8
25,2560.0
46,2560.3
8,2561.8
58,2561.9
60,2563.3
20,2565.3
1,2566.2
3,2567.5
15,2567.5
34,2571.7
44,2573.5
62,2573.5
11,2573.9
40,2574.0
14,2576.3
2,2577.1
51,2587.1
38,2587.6
29,2589.5
49,2591.9
26,2594.3
8,2595.1
6,2596.1
47,2597.6
11,2598.4
48,2598.8
39,2606.3
34,2606.9
30,2609.4
55,2609.5
22,2609.7
50,2609.7
17,2610.6
14,2612.0
46,2613.3
15,2613.4
40,2614.4
16,2615.6
44,2617.2
51,2618.0
60,2618.7
20,2619.6
61,2620.6
36,2621.0
59,2623.0
58,2626.4
3,2630.1
29,2633.3
18,2633.3
11,2633.7
7,2634.2
14,2636.5
34,2636.7
15,2638.2
62,2638.4
19,2638.4
6,2638.5
12,2639.4
57,2639.5
55,2639.6
26,2641.3
8,2641.7
53,2641.9
52,2642.2
39,2643.3
10,2643.9
38,2644.7
17,2645.0
40,2645.8
20,2646.0
36,2647.1
41,2647.1
32,2647.3
47,2648.3
21,2648.4
60,2648.7
61,2649.1
35,2649.8
46,2650.0
51,2650.0
50,2650.0
0,2651.0
16,2652.1
45,2652.5
25,2653.2
34,2656.4
11,2657.1
59,2658.5
29,2658.9
23,2659.3
3,2660.3
55,2660.4
58,2662.8
49,2663.0
5,2663.0
62,2663.1
18,2663.3
15,2663.4
44,2665.1
1,2665.4
30,2665.6
9,2665.7
6,2667.6
14,2667.9
51,2670.1
27,2670.8
39,2671.7
8,2676.1
48,2676.2
4,2676.6
42,2677.5
26,2679.2
11,2681.2
31,2681.6
40,2683.2
52,2684.7
7,2685.9
2,2685.9
29,2687.3
22,2688.0
55,2689.4
50,2689.9
25,2690.3
36,2691.6
62,2692.3
34,2693.1
61,2693.2
20,2698.3
47,2698.5
60,2698.6
15,2698.7
57,2699.3
46,2706.3
11,2708.3
44,2708.6
58,2710.0
30,2711.0
16,2711.3
14,2713.2
8,2713.5
49,2714.8
38,2716.7
6,2718.0
41,2718.3
51,2718.4
0,2719.0
12,2719.2
40,2719.9
34,2721.8
62,2721.9
36,2723.2
29,2723.2
59,2723.2
55,2723.9
60,2724.0
18,2724.7
50,2725.3
10,2725.6
11,2726.3
26,2727.0
1,2727.1
15,2727.6
32,2729.6
7,2730.3
53,2730.4
3,2730.8
52,2731.0
27,2732.1
8,2732.9
33,2733.4
48,2733.7
14,2735.8
20,2736.0
2,2736.8
25,2737.1
51,2737.7
45,2739.2
34,2739.9
46,2742.7
21,2744.1
47,2744.5
6,2745.1
30,2745.3
22,2747.2
55,2749.5
23,2749.8
49,2751.9
11,2753.9
26,2754.0
29,2755.5
44,2755.7
50,2761.9
51,2762.2
0,2764.4
8,2764.9
3,2765.4
25,2767.1
56,2768.5
34,2768.5
5,2770.9
58,2771.1
36,2771.2
42,2772.2
14,2772.6
1,2773.3
45,2773.5
57,2773.5
6,2773.9
43,2775.5
11,2778.6
2,2778.8
59,2779.7
22,2779.9
49,2780.5
27,2780.7
4,2780.8
47,2781.2
51,2781.9
46,2782.2
55,2782.3
29,2782.5
48,2782.7
26,2783.0
32,2783.0
20,2786.5
15,2788.8
30,2788.8
12,2792.3
60,2793.6
38,2793.7
40,2794.6
34,2796.2
44,2797.6
14,2798.0
11,2803.8
62,2804.3
31,2804.5
61,2810.6
3,2812.4
8,2812.5
36,2815.2
50,2816.9
51,2817.0
29,2819.3
49,2821.8
53,2821.9
57,2823.3
60,2823.3
52,2823.4
6,2823.7
41,2824.9
11,2828.2
23,2828.2
55,2831.2
62,2832.1
1,2832.3
17,2833.1
25,2833.4
39,2833.5
14,2833.9
46,2836.0
40,2836.2
34,2837.2
20,2839.7
36,2842.2
51,2842.7
44,2847.3
58,2848.9
15,2849.1
3,2854.5
30,2855.1
11,2857.0
55,2859.5
34,2863.6
57,2864.3
51,2868.8
12,2874.7
2,2882.0
8,2883.6
16,2884.0
40,2884.2
62,2884.4
14,2885.5
49,2886.6
20,2893.4
59,2893.7
39,2894.4
11,2896.5
51,2896.7
36,2896.7
15,2898.1
57,2898.4
60,2898.8
17,2898.8
29,2903.9
61,2904.0
38,2905.7
58,2906.2
27,2906.4
47,2907.1
48,2910.4
55,2911.8
34,2913.4
6,2914.1
26,2918.9
11,2922.0
30,2925.1
8,2926.0
32,2927.0
14,2928.1
51,2929.1
36,2930.5
10,2933.5
59,2933.6
49,2933.7
46,2935.1
50,2938.5
35,2939.4
57,2939.6
29,2940.9
52,2941.0
34,2941.8
12,2941.8
5,2941.9
16,2942.3
11,2947.2
55,2948.3
7,2948.5
26,2950.4
17,2950.5
53,2953.3
58,2954.6
51,2954.8
3,2954.9
2,2955.0
60,2955.0
8,2957.6
9,2960.2
25,2960.2
27,2960.7
0,2961.9
14,2964.3
20,2964.3
47,2966.3
32,2966.9
15,2967.2
30,2968.8
45,2970.2
36,2970.8
52,2971.3
49,2971.3
6,2973.6
1,2974.4
56,2975.3
55,2976.9
40,2977.9
54,2978.7
34,2979.9
11,2982.2
51,2985.3
26,2985.3
62,2987.5
60,2990.1
46,2990.2
59,2991.0
24,2992.7
7,2993.3
53,2994.4
41,2995.2
17,2997.1
58,2999.0
23,2999.0
