4,20.6
5,21.3
1,24.5
6,29.5
5,30.5
3,31.2
0,34.0
5,37.7
2,38.0
6,40.0
7,41.7
4,41.8
1,42.1
3,43.7
5,44.2
0,44.6
2,46.5
6,49.0
5,50.4
1,50.4
3,52.9
4,53.0
7,53.1
2,53.4
0,55.2
6,56.3
5,56.4
1,57.3
2,59.7
5,62.3
6,63.4
1,64.3
3,65.6
2,65.8
0,66.7
5,68.2
4,68.4
2,71.9
6,72.2
1,72.3
5,74.1
2,78.2
4,80.1
5,80.1
3,81.3
1,81.6
0,82.3
6,83.3
2,85.2
5,86.4
7,88.0
1,91.3
2,92.0
5,93.7
0,97.6
3,97.7
6,98.2
2,99.3
7,99.7
4,101.1
1,101.7
5,102.3
2,107.1
6,108.5
5,110.2
1,112.5
4,112.5
2,115.9
3,116.0
6,117.0
5,117.3
0,120.3
7,120.5
4,122.3
1,122.3
5,123.8
2,125.2
6,125.5
3,129.2
5,130.1
1,130.5
0,131.5
6,133.1
4,133.2
2,134.3
5,136.5
7,137.7
1,138.5
3,138.6
0,141.7
6,142.2
5,143.2
2,145.3
1,145.9
5,150.2
3,150.3
6,151.0
4,151.1
0,152.8
1,153.8
7,154.5
2,154.7
5,156.7
6,159.5
1,162.6
5,162.8
2,163.1
0,163.6
4,166.1
5,168.8
6,171.3
2,172.1
1,174.1
5,174.5
0,176.0
4,179.4
5,180.1
7,180.5
2,180.8
6,182.1
3,183.1
1,184.3
0,187.5
2,188.1
6,189.6
4,190.4
7,191.1
2,195.6
3,195.8
6,196.3
1,196.4
0,196.4
4,201.8
2,202.3
6,202.9
0,204.7
3,207.0
1,207.4
2,208.7
6,209.8
2,215.0
0,216.6
6,217.3
3,217.5
4,218.4
1,220.4
2,221.4
6,225.4
2,227.6
0,227.8
3,228.6
1,229.2
7,230.9
2,233.4
6,233.8
4,236.0
0,238.0
1,238.2
2,239.1
3,240.1
6,242.3
7,245.0
4,247.4
1,247.4
3,248.4
0,248.6
6,249.4
4,255.5
6,256.0
7,256.1
3,256.1
1,257.1
0,259.4
4,262.4
6,262.4
3,264.0
1,265.0
6,268.8
0,269.0
4,269.3
7,272.5
1,273.4
3,273.9
6,275.3
4,276.6
0,280.2
6,282.6
1,284.0
4,284.7
3,290.5
7,290.7
1,291.5
6,292.0
4,294.8
1,298.9
7,301.1
6,301.3
4,306.3
1,309.2
3,309.3
6,309.9
7,315.1
4,316.3
6,317.9
1,321.1
0,322.5
3,324.9
6,325.6
4,326.8
6,333.0
1,335.3
3,336.1
4,336.9
0,339.6
6,341.7
1,346.2
7,351.3
6,351.7
0,352.5
4,354.9
3,355.4
6,360.6
7,362.2
1,364.6
4,369.4
6,369.7
3,369.9
0,372.2
1,374.2
7,374.6
6,377.5
4,381.3
3,382.0
1,384.0
6,385.9
0,387.5
6,395.3
4,396.3
1,396.8
3,399.2
0,401.0
7,406.8
6,407.0
4,407.1
2,412.5
3,412.6
4,414.9
6,415.9
0,416.5
1,416.8
7,422.1
4,422.5
6,424.5
3,425.1
0,425.8
4,429.8
1,430.2
6,433.2
0,434.8
4,437.9
7,438.6
3,442.1
1,442.5
0,447.1
6,448.1
7,455.7
3,457.6
6,460.4
4,460.5
7,467.3
2,469.5
6,470.4
4,470.8
2,474.8
1,475.3
3,476.7
4,479.3
2,480.1
6,480.5
0,483.7
7,485.4
2,485.5
1,486.3
3,487.2
4,488.4
6,490.2
2,491.0
0,494.2
1,496.1
2,496.7
3,497.9
4,498.4
7,501.7
5,501.8
2,502.6
0,506.1
6,506.6
5,507.1
1,507.8
2,509.1
4,509.3
5,512.5
0,514.8
2,515.9
1,516.1
3,516.8
4,517.8
5,518.0
7,518.1
6,518.9
2,523.1
5,523.6
0,524.4
1,525.8
4,528.3
5,529.2
7,530.4
2,531.6
0,533.3
6,534.9
5,535.0
1,539.4
2,539.7
3,540.5
5,541.2
0,543.4
6,543.9
4,546.3
7,547.1
5,548.4
2,550.8
3,551.6
6,552.8
1,554.3
0,555.4
5,558.0
4,558.4
6,560.9
2,560.9
7,562.2
0,565.6
3,565.9
1,566.0
5,568.1
4,568.7
6,570.0
2,571.6
1,577.6
0,577.9
7,580.9
5,581.9
6,582.7
2,583.3
4,584.0
0,591.9
5,594.9
1,595.7
6,596.7
2,598.3
4,599.7
0,600.7
5,604.4
3,604.4
6,606.5
2,606.5
0,608.3
4,610.2
5,611.9
1,612.3
2,614.4
7,615.0
0,615.3
3,617.2
6,618.4
4,618.5
5,618.7
1,621.1
2,621.2
0,622.9
5,625.4
7,626.2
4,626.6
2,627.6
6,628.3
3,629.0
1,630.1
5,632.1
2,634.3
0,635.2
4,635.8
5,638.9
7,641.1
1,641.2
2,642.2
6,643.5
3,643.6
0,645.6
5,645.8
4,647.2
1,649.7
2,650.1
5,652.9
3,653.4
6,655.2
0,655.3
1,657.4
2,657.6
4,658.6
5,659.7
7,660.7
6,663.6
2,664.8
1,665.3
3,666.4
5,666.7
4,667.4
0,668.2
6,671.7
2,673.3
5,674.2
1,675.4
4,676.3
6,680.9
2,681.5
5,682.9
3,684.3
4,684.6
1,686.3
0,688.1
2,689.4
5,692.0
7,692.9
4,693.2
6,694.1
2,696.3
1,697.9
5,699.1
3,699.3
4,700.7
6,702.4
2,703.2
7,704.8
5,705.7
0,706.2
4,708.4
2,709.9
6,710.3
5,712.6
3,715.0
2,716.6
1,717.2
4,717.4
5,719.3
7,719.7
6,719.8
0,722.6
2,723.3
5,725.7
1,726.0
6,729.3
3,729.7
2,729.7
7,730.6
5,732.4
0,735.1
2,735.9
1,736.2
6,738.7
5,739.6
3,742.1
2,742.1
7,743.1
5,747.1
2,748.3
6,748.4
4,749.4
1,750.6
3,753.6
2,754.6
0,755.4
7,756.5
5,757.1
2,761.1
1,764.8
6,764.9
2,768.7
4,769.4
0,769.9
5,772.0
6,776.2
1,777.5
2,777.9
0,778.5
5,780.1
3,782.7
6,785.8
4,786.4
1,786.8
2,787.3
5,787.3
0,787.5
7,788.2
3,791.0
5,794.1
1,795.0
2,795.1
0,795.2
6,795.4
4,796.9
3,798.5
7,799.8
5,800.8
2,802.1
6,803.0
0,803.0
1,804.0
3,805.8
4,805.8
5,807.2
2,808.9
6,810.7
0,810.8
5,813.4
4,813.5
1,814.7
3,814.8
2,815.9
7,818.5
5,819.5
0,820.3
4,820.4
6,820.8
2,823.3
5,825.5
1,826.9
4,826.9
3,828.1
0,829.5
2,830.3
5,831.2
4,833.2
6,833.6
7,836.3
5,836.9
2,837.4
0,838.6
4,839.5
5,842.3
6,842.4
1,843.1
2,844.0
3,844.3
4,846.1
7,847.3
0,847.4
5,847.6
2,850.3
6,850.3
5,853.1
4,853.4
1,854.0
3,855.1
2,856.2
0,856.7
6,858.5
7,858.6
5,858.8
4,860.3
2,862.0
5,864.6
1,865.9
0,866.9
2,867.7
4,867.9
6,869.0
7,869.5
5,870.8
3,871.5
2,873.5
6,876.2
0,876.3
5,877.0
4,878.8
2,879.3
7,881.6
6,882.6
5,883.2
2,885.2
3,886.1
1,886.1
0,889.3
6,889.4
5,889.8
2,891.1
3,895.4
4,895.8
7,896.2
5,896.4
6,896.6
2,896.8
0,900.6
2,902.3
1,902.9
5,903.8
6,903.9
3,904.8
7,907.3
2,907.9
4,910.2
5,912.2
6,912.6
1,913.3
2,913.6
3,919.1
2,919.4
4,920.2
5,920.2
6,921.1
7,922.6
2,925.6
0,926.2
1,929.1
5,929.4
6,929.7
3,931.0
2,931.9
4,932.0
0,936.3
5,936.6
2,938.1
1,938.4
7,939.0
6,940.0
3,940.5
4,942.3
5,943.2
2,944.2
1,948.9
5,949.6
2,950.4
4,951.8
6,952.7
3,953.0
0,953.5
5,956.3
2,957.4
6,963.1
5,963.2
2,965.5
1,967.8
4,968.7
5,970.2
3,972.0
0,972.3
6,974.1
2,975.7
5,977.2
7,982.0
6,983.4
2,983.9
5,984.4
1,985.8
5,991.5
6,991.8
2,992.7
7,997.1
5,1000.1
4,1001.9
0,1002.0
6,1002.8
1,1004.0
2,1004.5
3,1006.3
5,1014.1
2,1015.2
0,1017.6
4,1018.4
3,1019.9
6,1021.0
5,1022.0
1,1024.8
2,1025.8
7,1028.2
0,1028.2
6,1029.0
5,1029.2
4,1029.9
3,1031.0
2,1033.3
6,1036.3
5,1036.5
0,1038.4
4,1038.9
2,1039.9
7,1040.5
1,1042.2
3,1042.8
5,1043.5
6,1044.2
2,1046.2
4,1047.6
0,1047.9
5,1050.6
1,1052.6
2,1052.6
6,1053.5
4,1057.8
5,1059.2
2,1059.5
1,1064.7
2,1067.2
5,1068.4
4,1068.5
0,1073.0
6,1074.1
2,1077.6
1,1077.8
4,1077.9
5,1079.0
7,1081.2
0,1082.9
6,1084.9
2,1087.0
5,1087.1
4,1090.7
0,1093.0
5,1094.0
1,1094.6
2,1094.9
6,1095.3
3,1095.7
7,1098.6
5,1100.6
2,1101.9
0,1102.5
6,1103.9
3,1104.6
4,1105.0
1,1105.8
5,1106.9
2,1108.4
5,1113.0
4,1113.2
6,1113.4
0,1113.5
3,1113.5
2,1114.6
7,1115.9
5,1119.1
1,1120.4
2,1120.6
4,1120.7
6,1121.3
3,1122.8
0,1124.1
5,1125.5
2,1126.4
4,1129.1
6,1129.7
2,1132.1
5,1132.4
7,1133.9
0,1136.7
2,1137.9
4,1138.4
5,1142.0
6,1143.0
2,1144.0
0,1147.3
4,1147.4
2,1150.3
7,1151.3
5,1152.2
1,1155.8
2,1157.2
0,1157.3
4,1159.2
6,1160.2
5,1160.8
2,1164.1
3,1164.9
0,1167.4
5,1168.5
6,1170.3
2,1170.8
4,1171.9
1,1172.3
5,1175.1
0,1176.2
7,1176.4
2,1177.2
3,1177.6
6,1177.9
4,1181.0
5,1181.3
1,1182.6
2,1183.3
6,1185.2
0,1186.7
5,1187.1
2,1189.2
4,1190.6
1,1191.6
5,1192.9
6,1193.8
2,1194.9
0,1197.4
1,1199.5
7,1200.0
3,1201.1
4,1202.4
6,1206.5
1,1208.0
3,1210.3
4,1213.7
0,1214.3
7,1216.7
3,1217.7
6,1218.6
1,1220.5
4,1222.6
0,1223.9
3,1225.1
1,1231.6
4,1231.6
0,1232.4
6,1233.9
3,1234.9
2,1235.5
2,1240.9
0,1241.5
1,1241.9
4,1242.6
2,1246.4
1,1251.9
6,1252.0
2,1252.1
3,1254.2
4,1255.4
2,1257.9
7,1258.7
0,1258.9
6,1261.2
1,1262.6
2,1263.9
3,1265.2
2,1270.3
6,1272.0
3,1275.4
1,1275.7
2,1277.2
4,1278.9
0,1279.1
7,1279.5
2,1284.2
6,1284.5
3,1285.6
1,1290.6
2,1291.1
0,1295.0
6,1295.6
3,1295.8
7,1296.7
2,1298.5
4,1302.8
3,1304.4
6,1305.2
2,1305.3
1,1306.7
0,1307.2
7,1309.5
2,1311.9
3,1312.7
6,1313.0
2,1318.4
4,1318.6
3,1321.0
6,1321.1
0,1324.0
2,1324.7
1,1324.8
7,1326.0
3,1329.3
6,1329.6
4,1330.7
2,1330.8
0,1334.1
1,1335.6
2,1337.0
6,1337.6
3,1339.4
7,1342.4
2,1343.1
0,1343.2
6,1345.9
1,1346.5
2,1349.7
3,1350.6
6,1355.3
0,1356.0
2,1357.0
7,1359.1
4,1361.6
1,1363.7
2,1364.6
6,1365.0
0,1365.6
3,1365.6
2,1371.9
6,1373.8
3,1374.8
1,1375.3
0,1376.1
4,1378.2
7,1378.4
2,1378.5
6,1382.1
3,1384.7
2,1384.8
1,1388.8
4,1389.4
6,1389.7
2,1390.9
0,1391.7
7,1395.4
2,1396.9
6,1397.2
1,1398.9
3,1401.7
2,1402.6
0,1405.8
6,1406.4
4,1406.6
1,1408.7
7,1409.1
6,1414.5
0,1415.1
4,1415.5
3,1415.8
1,1417.9
7,1420.4
6,1422.1
4,1425.4
0,1425.8
1,1426.4
3,1426.6
6,1430.5
4,1434.8
3,1437.9
7,1438.3
1,1438.3
6,1439.4
0,1440.0
4,1446.7
6,1446.9
3,1449.0
1,1449.4
0,1451.4
6,1454.2
4,1458.0
7,1458.0
1,1460.3
3,1460.6
6,1461.2
0,1461.6
6,1468.9
4,1469.9
0,1471.2
3,1472.1
1,1472.5
7,1476.4
6,1477.8
0,1482.2
3,1482.5
1,1485.2
6,1487.4
7,1487.7
4,1489.2
6,1495.0
3,1495.4
1,1495.8
0,1497.9
7,1499.6
6,1502.0
3,1504.0
4,1505.8
1,1507.8
6,1508.8
0,1509.9
7,1511.1
3,1512.0
4,1515.3
6,1515.6
1,1517.2
0,1519.9
3,1522.5
7,1522.5
6,1522.9
4,1524.6
1,1525.3
6,1532.0
0,1532.1
4,1533.7
1,1536.6
3,1538.0
6,1540.6
7,1541.3
0,1543.2
4,1543.2
6,1551.4
7,1552.7
4,1554.6
3,1555.6
6,1560.0
1,1561.4
0,1562.5
7,1565.3
4,1565.7
6,1567.2
3,1572.0
1,1573.4
6,1573.8
6,1580.5
3,1581.7
0,1583.8
4,1586.3
6,1587.7
1,1592.2
3,1594.3
6,1595.4
0,1595.6
7,1596.5
4,1601.2
6,1603.1
1,1603.5
3,1603.9
0,1605.6
7,1607.1
6,1611.4
3,1612.9
4,1615.3
7,1619.3
6,1619.6
3,1622.1
1,1622.5
4,1626.8
0,1627.6
6,1629.9
3,1635.5
6,1638.1
4,1642.5
7,1643.9
6,1647.7
0,1647.9
1,1650.7
0,1658.0
6,1658.2
4,1659.6
7,1661.3
3,1661.7
1,1663.7
6,1666.8
3,1671.9
0,1673.0
7,1673.8
6,1674.7
1,1674.9
4,1675.9
6,1682.3
7,1683.2
3,1683.7
6,1691.0
4,1691.3
7,1692.5
0,1692.5
3,1695.0
1,1695.7
6,1703.6
0,1704.7
7,1709.8
4,1713.9
6,1714.5
3,1714.5
1,1715.4
0,1719.0
7,1719.1
6,1723.1
4,1723.5
1,1724.3
7,1727.2
0,1728.4
3,1728.7
4,1731.0
6,1731.2
1,1732.6
7,1736.0
0,1736.5
4,1738.4
6,1738.5
3,1740.2
1,1740.9
0,1743.6
6,1745.6
7,1746.1
4,1748.2
1,1750.1
3,1750.2
0,1751.0
6,1753.5
3,1759.1
7,1759.1
0,1759.8
1,1761.2
4,1761.8
6,1762.3
3,1770.2
0,1770.4
4,1771.4
6,1773.8
7,1778.8
3,1779.9
4,1782.0
0,1783.0
6,1786.1
3,1790.0
2,1790.5
4,1791.6
7,1792.3
0,1794.3
6,1796.3
1,1796.9
3,1802.6
4,1803.9
0,1805.8
2,1806.1
7,1807.7
6,1807.9
1,1808.6
2,1811.5
3,1812.1
4,1813.8
2,1817.2
0,1819.3
1,1819.7
3,1821.9
6,1822.6
2,1823.1
7,1828.1
2,1829.0
0,1829.1
4,1830.9
3,1831.8
6,1833.0
2,1835.0
1,1836.5
0,1839.8
2,1841.1
3,1842.1
6,1843.1
4,1844.4
7,1845.9
2,1847.5
1,1848.6
0,1850.6
6,1851.4
3,1851.6
2,1854.2
7,1857.5
6,1859.4
2,1861.0
4,1861.8
1,1862.2
3,1862.5
0,1866.1
2,1868.2
6,1868.5
7,1868.8
3,1872.3
4,1874.5
2,1875.4
0,1879.0
6,1879.2
2,1882.9
5,1886.7
3,1889.0
2,1891.7
5,1892.1
1,1894.4
4,1894.9
7,1897.5
5,1897.6
0,1899.9
2,1901.2
5,1903.1
1,1903.6
6,1904.0
3,1908.0
5,1908.5
0,1911.4
7,1912.3
2,1912.5
1,1914.2
6,1915.4
4,1916.7
3,1918.2
2,1921.6
0,1922.3
6,1923.5
1,1923.9
7,1924.5
4,1925.1
3,1925.7
2,1928.5
6,1931.1
1,1931.4
4,1932.5
0,1933.1
7,1933.1
3,1933.2
2,1934.5
6,1938.1
1,1938.1
2,1940.4
3,1941.2
4,1941.3
0,1942.4
7,1944.3
1,1945.3
6,1945.6
2,1946.0
3,1950.9
2,1951.6
0,1952.4
6,1953.3
4,1953.8
1,1956.4
2,1957.3
6,1960.7
7,1962.8
2,1963.1
0,1965.1
4,1967.2
6,1968.1
2,1969.3
1,1972.0
6,1975.5
2,1976.5
0,1976.9
7,1981.4
4,1982.5
6,1983.5
2,1987.4
1,1988.4
3,1991.5
0,1991.5
7,1991.7
6,1992.2
4,1994.1
2,1996.1
1,1997.2
3,2000.7
6,2000.7
0,2002.3
7,2003.1
2,2004.4
1,2006.7
6,2008.7
4,2009.3
2,2012.5
3,2012.7
0,2013.0
7,2015.1
6,2017.4
2,2020.9
4,2022.6
3,2025.5
6,2025.5
1,2027.1
2,2028.8
7,2033.6
6,2034.0
4,2034.5
2,2036.2
1,2041.4
4,2043.2
6,2044.0
0,2044.8
2,2044.9
7,2050.2
4,2051.8
2,2054.3
0,2056.2
1,2056.5
6,2059.9
4,2059.9
3,2060.8
2,2061.8
0,2066.0
7,2066.2
1,2066.9
4,2067.5
6,2068.2
2,2068.8
1,2075.1
2,2075.2
4,2075.2
6,2076.2
3,2077.7
2,2081.2
0,2081.2
4,2082.8
1,2083.3
7,2083.7
6,2084.0
2,2087.2
4,2089.9
0,2091.1
1,2091.2
6,2091.5
2,2092.9
3,2095.2
4,2097.8
6,2098.8
7,2098.9
1,2099.0
0,2099.6
3,2105.4
6,2106.0
4,2106.3
1,2107.7
0,2109.2
6,2113.8
3,2114.0
4,2115.1
6,2122.4
4,2122.7
1,2123.9
3,2124.4
7,2125.5
0,2125.9
6,2129.6
4,2130.9
0,2135.1
6,2136.8
1,2137.6
3,2140.1
4,2141.9
7,2143.7
0,2145.8
6,2146.1
4,2152.3
1,2153.1
0,2156.1
6,2157.1
7,2159.6
3,2162.0
2,2164.8
0,2166.6
6,2166.9
4,2167.9
1,2168.0
2,2170.1
2,2175.4
6,2177.2
7,2177.5
4,2178.7
1,2178.8
2,2180.8
0,2185.4
3,2185.6
2,2186.5
6,2187.1
4,2189.9
2,2192.2
0,2195.2
4,2197.6
6,2197.8
7,2197.9
2,2198.2
3,2201.0
2,2204.8
4,2204.8
1,2208.9
6,2208.9
0,2211.4
2,2212.3
4,2212.3
7,2214.3
3,2215.0
6,2217.9
4,2219.0
2,2219.1
1,2220.2
0,2222.7
3,2223.5
7,2223.9
4,2225.4
2,2225.6
6,2226.5
1,2231.4
2,2231.8
4,2232.1
3,2232.7
6,2233.6
7,2234.3
2,2237.7
5,2237.8
0,2239.6
6,2240.6
4,2240.8
5,2242.9
3,2243.4
2,2243.5
6,2248.2
0,2249.1
2,2249.2
7,2250.5
4,2251.6
3,2254.2
2,2254.8
6,2255.0
1,2255.1
0,2260.9
4,2261.0
7,2261.1
6,2261.3
3,2264.1
1,2264.8
6,2267.6
4,2270.8
0,2271.5
3,2272.7
7,2272.8
1,2274.2
6,2274.3
6,2281.3
3,2283.4
1,2283.7
0,2284.1
4,2286.6
6,2289.1
7,2290.7
1,2292.3
0,2293.3
4,2295.7
6,2299.4
0,2301.4
1,2302.6
4,2306.9
7,2307.0
0,2309.3
6,2309.4
1,2314.9
4,2317.5
6,2317.9
0,2318.6
3,2325.0
7,2327.2
6,2327.3
4,2327.5
0,2329.3
1,2330.2
3,2337.2
4,2338.6
6,2339.5
0,2342.5
1,2342.6
7,2344.8
4,2350.8
6,2351.5
3,2354.3
7,2355.6
1,2356.5
0,2359.1
6,2360.8
4,2361.8
3,2363.8
7,2365.7
1,2368.9
0,2369.2
6,2369.6
3,2372.4
6,2377.4
4,2377.9
0,2380.7
1,2380.9
3,2382.9
6,2386.8
7,2387.7
6,2396.1
4,2396.6
3,2397.6
5,2398.7
1,2402.6
5,2404.2
7,2404.8
6,2407.8
4,2409.0
5,2410.0
1,2411.9
5,2415.9
7,2416.5
4,2420.3
6,2420.5
5,2422.0
1,2424.5
3,2424.8
7,2424.9
5,2428.0
6,2429.3
0,2430.4
4,2430.6
7,2433.4
5,2434.0
3,2435.2
1,2435.9
6,2437.6
5,2440.0
0,2441.8
4,2442.6
3,2445.0
6,2445.9
7,2446.1
5,2446.3
1,2446.9
4,2452.0
0,2452.4
5,2452.8
6,2454.8
3,2456.9
1,2457.4
5,2460.0
4,2461.1
0,2466.6
7,2467.6
6,2467.7
5,2468.5
4,2469.1
3,2471.8
1,2472.8
0,2476.1
4,2477.8
5,2480.2
1,2481.1
6,2482.3
3,2482.4
0,2486.0
4,2486.5
1,2488.7
5,2491.4
6,2493.5
4,2495.8
3,2496.7
1,2497.7
0,2497.8
5,2499.7
5,2507.1
1,2509.6
0,2510.4
3,2513.6
5,2514.4
6,2515.7
7,2516.2
5,2523.2
6,2524.8
1,2526.1
4,2527.1
0,2527.6
7,2527.8
3,2528.1
5,2531.6
6,2532.0
1,2537.1
7,2537.8
3,2538.1
5,2538.5
6,2538.7
4,2542.7
5,2544.8
6,2545.1
1,2545.9
0,2548.2
7,2548.3
3,2549.5
5,2550.8
6,2551.5
4,2552.2
1,2553.3
5,2556.7
6,2558.0
0,2558.2
1,2560.1
4,2561.7
5,2562.7
7,2563.5
3,2563.7
6,2564.8
1,2567.0
0,2568.1
5,2568.5
4,2570.8
6,2571.4
5,2574.3
1,2576.6
6,2578.1
5,2579.9
3,2581.9
0,2583.6
7,2584.9
5,2585.4
6,2585.5
4,2586.2
1,2587.4
6,2593.3
7,2597.1
6,2601.1
0,2601.5
3,2605.4
1,2606.6
4,2607.1
6,2609.5
7,2610.2
3,2615.7
6,2618.5
0,2621.9
4,2623.5
3,2624.4
7,2624.5
6,2627.7
1,2632.5
3,2633.4
4,2634.3
6,2635.1
7,2635.4
0,2639.0
1,2640.6
6,2642.7
4,2642.9
3,2643.0
7,2644.8
1,2648.2
0,2650.1
6,2650.3
4,2651.7
3,2652.5
1,2656.2
7,2656.2
6,2658.1
0,2659.5
4,2661.0
3,2663.6
6,2665.7
1,2666.4
7,2668.8
0,2669.5
4,2670.8
6,2674.3
0,2678.8
4,2680.1
7,2680.4
3,2683.4
1,2683.7
6,2684.1
0,2689.2
4,2693.1
6,2695.3
3,2697.5
7,2699.4
5,2699.5
1,2700.9
5,2704.8
4,2705.1
6,2705.3
3,2709.4
5,2710.3
7,2710.8
6,2713.7
0,2715.9
4,2716.8
3,2720.3
6,2721.0
1,2721.1
7,2725.8
6,2727.7
4,2728.3
3,2728.8
1,2730.6
0,2731.5
6,2734.3
7,2737.2
1,2738.1
4,2738.6
3,2739.3
0,2740.2
6,2741.0
1,2745.1
4,2747.5
6,2748.2
0,2750.0
1,2752.7
7,2755.3
4,2755.7
3,2756.0
0,2757.8
6,2758.1
1,2760.1
4,2764.1
0,2764.6
6,2766.5
1,2767.2
0,2771.6
7,2772.9
6,2774.2
4,2774.5
1,2775.1
3,2777.6
0,2778.7
6,2781.0
4,2784.3
1,2786.2
7,2787.3
0,2787.4
6,2787.8
3,2791.8
6,2795.1
4,2798.4
0,2798.8
7,2799.2
1,2800.2
6,2804.9
0,2809.1
4,2809.3
3,2811.2
7,2814.6
6,2815.6
1,2817.1
4,2820.6
0,2823.2
6,2824.4
3,2829.2
1,2830.8
0,2832.7
6,2832.9
7,2834.7
4,2835.8
1,2839.8
6,2840.7
0,2846.6
3,2849.2
6,2849.4
1,2849.7
4,2852.4
6,2862.4
1,2862.4
0,2863.5
4,2867.4
1,2873.4
6,2873.8
4,2880.8
6,2882.0
7,2882.4
3,2886.4
1,2889.9
6,2890.6
7,2891.7
3,2896.5
4,2897.7
6,2899.0
7,2900.3
0,2903.5
3,2904.9
6,2906.9
7,2913.8
3,2914.7
4,2915.3
6,2915.6
0,2923.3
1,2924.8
4,2930.9
6,2932.7
3,2934.7
0,2937.8
4,2939.2
1,2941.6
4,2947.5
6,2948.7
0,2949.0
1,2952.7
4,2955.9
0,2961.0
3,2961.1
7,2963.4
6,2965.2
1,2965.4
4,2967.8
3,2976.9
6,2977.0
1,2977.2
0,2980.1
7,2981.7
3,2988.8
6,2990.5
7,2992.5
1,2996.3
5,2996.9
