29,12.6
23,12.7
4,12.8
7,12.9
6,13.0
28,13.9
0,17.4
5,17.6
13,17.7
11,18.0
3,18.3
25,18.4
27,18.6
29,20.2
4,20.5
20,20.9
2,20.9
19,21.3
26,21.6
23,21.8
28,21.9
7,23.6
11,25.1
5,25.9
3,26.3
18,26.4
0,26.5
29,26.9
4,26.9
1,27.1
22,27.6
27,27.9
2,28.3
12,28.3
13,28.6
28,28.8
19,28.8
20,30.6
25,31.2
11,31.4
7,31.8
5,32.6
4,33.2
3,34.0
29,34.4
18,34.5
26,34.9
27,35.0
22,35.3
2,35.3
24,35.4
28,35.5
12,36.0
13,36.0
30,36.2
19,36.3
15,36.3
0,36.3
1,36.8
11,37.4
17,38.0
25,38.5
9,38.6
5,39.4
4,39.9
7,40.2
18,41.3
27,41.7
28,41.8
2,42.1
3,42.1
12,42.4
22,42.7
13,43.0
0,43.1
11,43.4
24,43.8
10,44.2
26,44.4
15,44.7
30,45.0
14,45.5
17,45.5
9,45.6
19,45.6
8,46.2
25,46.2
1,46.3
4,46.6
18,47.5
28,47.6
7,47.6
2,48.1
20,48.2
27,48.2
29,48.2
12,48.3
6,49.2
13,49.2
22,49.4
3,49.5
5,50.3
24,50.4
26,51.1
9,51.8
19,52.2
17,52.3
10,52.4
25,52.9
18,53.5
4,53.8
14,53.8
1,54.0
12,54.2
8,54.3
31,54.5
27,54.5
15,55.7
30,55.9
22,55.9
24,56.4
29,56.5
20,56.9
3,57.0
7,57.1
26,57.2
9,57.6
23,57.9
25,59.0
18,59.9
12,59.9
27,60.3
17,60.6
1,60.6
8,60.9
22,62.1
24,62.2
5,62.2
16,62.2
9,63.3
29,63.5
14,63.6
26,63.6
21,63.7
20,64.0
30,64.3
25,64.7
23,65.2
6,65.3
12,65.5
4,65.5
7,65.9
27,66.1
1,66.7
8,66.9
3,67.2
22,68.2
24,68.3
29,69.5
18,69.5
5,69.9
26,69.9
20,70.3
12,70.8
23,71.5
27,71.7
1,72.8
4,73.2
30,73.3
8,73.5
22,74.1
3,74.2
7,74.2
24,74.5
31,75.2
6,75.9
5,76.2
12,76.3
26,76.3
20,76.3
21,76.6
23,77.6
15,78.3
1,78.6
22,79.8
4,79.8
30,80.3
3,80.7
24,81.4
7,81.5
8,81.9
12,81.9
20,82.0
14,83.2
23,83.6
26,83.9
17,84.0
31,84.1
1,84.6
6,86.1
21,86.2
4,86.9
30,87.2
12,87.6
20,87.9
24,88.5
2,88.9
3,88.9
23,89.7
1,91.6
7,92.0
27,93.0
12,93.4
30,94.3
2,94.7
20,94.8
15,95.0
10,95.0
13,95.2
24,95.3
22,95.5
23,96.3
17,96.3
27,98.5
7,98.6
12,99.2
4,99.4
8,100.2
31,100.3
13,100.6
22,100.8
30,100.8
24,101.4
2,102.0
15,102.2
23,102.8
17,103.0
26,103.4
10,103.9
27,104.2
1,104.2
12,105.2
18,105.4
13,106.2
22,106.5
30,106.7
24,107.2
8,108.0
15,108.4
17,108.9
2,109.0
23,109.8
27,109.9
31,110.2
26,110.9
12,111.0
13,111.7
1,112.2
24,112.6
30,112.7
22,113.4
20,113.6
10,113.7
3,114.3
17,114.9
15,115.4
27,115.4
8,115.4
2,115.4
18,116.5
12,117.3
13,117.5
24,117.8
31,118.0
23,118.3
26,118.7
30,119.2
10,120.6
27,120.7
20,120.8
17,120.8
4,120.9
2,121.8
3,122.0
1,122.6
8,122.7
13,123.7
31,125.3
26,125.6
12,125.9
21,126.1
27,126.4
17,126.5
10,127.0
20,127.4
15,128.6
30,128.7
2,129.0
7,129.1
4,129.3
3,129.3
13,130.3
18,131.5
8,131.8
17,131.9
27,132.5
31,132.6
26,133.0
10,133.3
20,133.5
6,133.5
7,134.5
22,135.0
2,135.2
3,136.0
30,136.2
21,136.5
15,136.6
17,137.4
23,138.1
27,138.7
31,139.0
10,140.1
7,140.2
13,140.4
2,141.0
6,141.2
18,141.9
4,142.2
3,142.6
25,143.1
30,143.3
16,143.7
26,144.4
15,144.4
5,144.5
1,145.0
31,145.2
7,145.5
8,145.9
27,146.0
14,146.0
2,146.5
10,147.8
6,148.4
25,148.6
3,149.6
5,150.0
7,150.7
31,151.5
30,151.6
26,151.7
2,151.9
1,152.5
17,153.2
12,154.0
8,154.6
25,154.7
18,155.0
4,155.1
5,155.8
15,155.8
7,156.3
21,156.6
6,157.1
22,157.1
31,157.5
2,157.6
30,158.5
1,158.9
17,158.9
26,159.1
23,160.4
10,161.1
5,161.8
8,162.3
7,162.4
3,162.7
9,162.8
2,163.2
25,163.4
31,163.5
13,164.1
12,164.5
21,164.8
27,164.8
30,164.9
1,165.0
17,165.3
4,165.8
22,166.3
26,166.7
18,167.4
5,167.6
9,168.0
10,168.5
2,169.1
31,169.7
24,170.1
3,170.1
7,170.7
1,170.9
25,171.2
30,171.7
13,172.3
27,172.6
8,173.7
4,173.8
12,174.0
9,174.0
2,174.9
14,175.0
18,175.0
26,175.4
21,175.8
24,175.9
10,176.1
31,176.8
3,177.6
17,177.9
6,178.1
25,178.4
27,180.0
9,180.2
30,180.4
2,180.5
8,180.6
15,180.9
23,181.1
7,181.6
12,181.7
4,182.2
18,182.4
13,182.5
31,183.1
22,183.1
24,183.3
3,184.1
14,184.3
25,184.8
26,184.9
21,185.4
6,185.8
2,186.1
27,186.5
9,186.7
8,186.9
30,187.7
15,187.9
12,188.5
7,188.7
31,189.0
10,189.3
13,189.3
3,190.2
17,191.2
25,191.2
22,191.5
2,191.9
14,192.1
27,192.7
18,192.9
15,194.1
6,194.2
8,194.3
9,194.4
31,194.6
21,194.8
12,195.0
13,195.0
29,195.2
7,195.4
30,195.6
3,196.3
2,197.9
25,198.6
27,199.9
18,200.3
31,200.5
17,200.6
13,200.8
14,201.1
15,201.3
9,201.4
12,201.5
22,203.4
3,203.6
7,204.3
13,206.6
31,206.8
8,207.5
9,207.7
30,208.3
12,208.4
18,208.5
26,208.6
23,209.3
4,209.6
6,209.8
1,209.8
25,210.0
27,210.5
5,211.2
3,211.2
7,211.9
13,212.5
31,213.2
9,213.8
24,213.9
2,214.0
1,215.0
12,215.0
22,216.7
5,216.8
25,216.8
23,216.9
4,217.4
10,217.5
27,217.6
3,217.7
17,217.9
13,218.3
6,218.7
7,219.2
2,219.4
31,219.5
24,220.9
12,221.3
14,221.7
25,222.9
5,223.0
3,223.5
13,223.7
27,224.4
26,224.4
8,224.6
23,224.9
4,225.0
18,225.1
2,225.4
30,225.9
10,226.0
31,226.1
15,226.6
17,226.9
24,227.1
12,227.5
7,227.8
22,228.0
6,228.5
25,229.1
13,229.2
5,229.3
27,231.2
23,231.5
4,231.6
8,231.6
26,231.9
31,232.4
30,232.8
21,232.8
2,232.9
24,233.2
12,233.5
10,234.4
7,234.5
15,234.8
13,235.0
18,235.1
25,235.1
17,235.4
5,235.4
22,235.5
27,237.3
16,237.6
8,237.6
4,238.1
31,238.3
30,238.8
12,239.2
24,239.8
26,240.2
7,240.3
2,240.7
13,240.9
25,241.0
21,241.0
22,242.0
15,242.2
17,242.7
8,243.6
6,244.3
10,244.6
16,246.2
25,246.5
13,246.6
14,246.7
24,246.7
4,246.8
22,248.0
2,248.6
17,249.0
8,249.5
15,250.1
21,250.4
18,251.4
6,251.8
13,252.5
24,253.3
22,253.9
17,254.9
2,255.3
8,255.5
26,256.3
4,256.8
16,258.3
6,258.9
22,259.4
12,259.5
24,260.2
21,260.5
17,260.7
15,261.2
8,261.4
18,261.4
2,261.8
26,263.3
22,264.9
4,265.6
14,266.3
17,266.5
6,266.6
10,267.0
8,267.2
15,268.7
2,269.1
26,269.5
22,270.6
24,270.7
23,271.5
21,272.0
17,272.8
8,273.0
26,276.1
22,276.4
23,276.8
15,277.4
4,278.3
8,279.0
21,279.5
6,279.8
2,281.4
22,282.1
23,282.2
17,282.6
26,283.0
12,284.7
4,286.2
8,286.3
21,286.5
14,288.4
6,288.5
2,288.9
7,289.0
26,290.0
12,290.1
23,292.6
4,293.3
8,293.5
6,295.3
21,295.6
14,295.8
12,296.1
26,296.3
2,297.1
15,299.1
4,299.8
8,300.6
10,301.1
17,301.2
6,301.4
26,302.7
14,302.8
12,303.7
4,306.4
8,306.9
6,307.4
17,309.4
26,310.1
14,312.0
8,313.0
6,313.7
7,314.5
27,314.8
2,316.0
4,316.2
10,317.0
18,318.6
8,319.5
7,320.0
27,320.4
17,321.0
22,321.4
6,322.5
2,322.8
12,322.9
26,323.0
15,323.7
10,325.0
7,325.9
8,326.0
23,326.6
22,327.0
2,328.5
18,328.8
30,329.2
24,330.5
12,330.6
14,331.6
7,331.8
23,331.9
8,332.1
15,332.1
17,332.9
22,333.4
30,334.9
26,335.1
10,335.5
4,335.8
6,336.6
23,337.6
7,337.9
8,338.2
24,338.6
2,338.9
12,339.1
30,341.4
4,342.8
22,342.9
26,342.9
7,343.8
18,343.9
2,344.3
15,344.4
17,344.4
6,346.0
12,346.7
24,348.6
30,348.9
4,349.0
7,349.6
2,350.1
26,352.3
17,352.4
18,352.4
6,353.2
14,353.5
4,355.4
12,355.8
30,355.9
2,356.0
24,358.2
22,358.7
6,359.9
18,360.8
2,362.1
17,362.7
12,363.1
30,363.3
8,363.5
4,364.2
16,365.5
22,365.7
24,365.9
26,367.6
6,367.8
2,368.2
8,369.1
12,369.5
21,370.6
17,371.0
15,371.3
30,371.5
22,371.6
24,372.8
16,374.0
2,374.4
26,375.0
12,375.6
23,376.8
22,377.4
30,378.6
21,378.7
15,379.9
17,380.5
2,380.9
24,381.0
12,381.1
18,381.7
23,382.0
26,382.8
22,382.9
4,384.2
14,384.9
6,385.3
16,385.8
30,386.0
12,386.5
23,387.7
21,388.3
22,388.5
2,389.8
3,389.9
12,391.9
15,393.5
23,393.9
24,394.5
22,394.5
17,395.1
3,395.5
13,395.9
10,397.2
2,397.5
30,397.5
18,397.6
3,401.3
13,401.6
15,401.9
22,402.3
23,402.3
24,402.7
2,404.2
10,405.3
30,405.5
17,405.5
16,407.1
18,407.1
3,407.5
13,408.5
15,408.6
24,409.0
21,409.3
22,409.4
2,410.4
30,412.1
17,412.5
3,413.6
14,413.8
13,414.8
24,414.9
15,415.1
26,415.3
16,415.4
22,415.7
4,415.8
10,416.4
2,416.5
18,416.9
21,417.3
30,418.0
17,418.9
23,419.1
3,420.3
24,420.5
13,420.5
22,421.6
14,421.8
26,422.7
2,423.1
30,423.8
15,424.0
4,424.7
17,425.9
13,426.1
21,426.1
24,426.1
18,427.2
16,427.4
30,429.4
23,429.4
3,429.9
26,430.6
14,430.6
2,431.8
13,431.8
24,432.0
7,432.8
30,435.1
10,436.4
13,438.1
7,438.3
17,439.1
24,440.0
23,440.5
30,441.1
22,442.3
7,444.5
3,444.7
13,445.9
30,447.2
17,448.5
23,449.0
6,449.2
8,449.4
15,449.7
7,451.1
30,453.4
3,453.5
13,453.8
23,455.8
17,457.0
6,457.1
7,457.4
15,458.4
30,459.5
2,459.5
16,459.8
10,461.7
21,462.0
3,462.1
23,462.1
22,462.8
7,463.2
17,464.4
13,464.6
30,465.6
14,466.3
6,467.2
18,467.3
2,467.9
22,468.2
16,468.4
23,468.5
7,468.9
3,469.2
15,471.1
30,471.6
13,472.1
17,472.5
21,472.5
22,474.0
23,474.8
8,475.2
4,475.3
3,475.3
6,475.5
26,476.5
30,477.6
15,478.9
13,479.2
2,479.8
21,479.8
22,480.0
8,480.4
23,480.8
16,481.3
4,482.2
6,483.0
30,483.4
26,485.3
10,486.2
8,486.2
22,486.3
23,486.6
21,487.8
4,488.2
13,488.6
15,489.0
30,489.1
17,490.3
24,490.3
2,491.0
23,492.3
6,492.7
8,492.9
16,493.7
4,494.2
22,494.6
30,494.9
10,495.1
26,495.7
13,496.2
12,497.4
17,497.4
23,498.1
2,498.1
24,498.2
8,499.5
6,500.2
4,500.3
14,501.3
30,501.6
12,502.9
23,503.6
16,503.8
17,504.2
2,504.3
13,504.4
10,505.7
8,505.7
4,506.2
6,506.6
24,506.6
12,509.3
15,509.6
2,510.9
17,511.2
13,511.5
30,511.6
8,512.0
4,512.2
26,512.4
6,512.6
16,515.3
24,516.3
10,517.0
22,517.4
2,517.7
17,518.1
8,518.3
30,518.6
4,518.8
13,518.9
6,519.0
26,519.8
21,521.9
12,522.4
30,524.7
8,524.9
22,525.1
2,525.6
6,525.7
18,525.9
17,527.3
26,527.5
21,530.1
12,530.3
4,531.1
13,531.3
22,532.0
8,533.4
2,533.5
6,534.9
18,534.9
25,535.9
10,536.6
24,537.0
21,537.1
12,537.4
15,538.4
17,539.2
22,540.2
3,540.8
25,541.2
4,543.8
6,544.0
12,544.1
13,544.7
21,544.7
2,544.9
24,545.0
10,545.4
3,546.2
17,546.4
15,547.0
25,547.2
26,549.7
12,550.7
4,551.9
3,552.3
21,552.9
17,553.0
6,553.1
13,553.2
24,554.1
25,555.1
10,555.2
22,558.6
12,559.0
3,559.1
14,559.3
17,559.6
15,560.5
24,563.0
21,563.1
4,563.3
13,564.0
3,565.8
12,566.0
10,566.6
17,566.9
15,568.5
24,570.7
19,571.1
21,571.1
22,571.1
3,573.0
12,573.3
17,576.4
19,576.6
10,577.5
2,578.6
15,579.1
21,579.4
3,580.0
24,581.6
19,583.0
22,583.4
27,584.3
10,585.0
12,585.1
1,585.9
18,586.9
2,586.9
3,587.5
27,589.7
1,591.5
12,591.9
10,592.5
8,592.6
19,593.0
15,593.0
17,593.3
25,593.3
13,593.8
24,594.4
2,594.7
27,595.6
18,596.4
1,597.3
12,597.8
22,598.4
4,598.7
19,599.9
3,600.0
8,600.3
10,600.6
25,600.6
17,601.0
24,601.3
27,601.5
15,602.2
2,602.2
13,602.6
1,603.1
18,603.3
6,603.5
22,605.6
4,605.8
19,606.1
26,606.8
25,606.9
3,607.1
27,607.3
24,607.3
17,608.3
8,608.7
10,609.6
18,609.8
2,609.8
13,609.8
22,611.8
4,612.1
19,612.5
6,612.9
27,613.0
25,613.0
24,613.3
3,613.5
17,615.0
8,616.3
13,616.4
18,616.9
22,617.4
4,618.3
3,619.6
15,620.8
19,621.1
2,621.9
17,622.2
22,623.1
6,623.2
13,623.3
27,623.7
4,625.2
14,625.2
3,626.1
8,626.3
10,626.9
26,628.2
22,628.5
24,628.7
27,629.1
18,629.5
6,630.6
13,631.4
30,631.7
4,631.8
3,632.3
1,632.7
24,633.8
22,634.1
2,634.8
27,634.9
19,635.0
17,635.1
6,637.2
30,637.2
26,637.7
4,638.0
3,638.2
1,638.4
18,638.5
13,638.7
24,639.4
27,640.7
2,642.0
30,642.3
6,643.7
4,643.9
1,644.1
19,644.1
10,644.5
8,644.8
26,644.9
21,645.8
27,646.4
13,646.7
17,646.9
18,647.6
30,647.8
15,648.4
2,648.7
4,649.8
6,650.5
19,651.0
26,651.5
27,652.1
10,652.9
8,653.1
30,653.8
4,655.8
17,656.3
14,656.6
2,657.1
19,657.7
26,658.2
27,658.4
6,658.5
16,659.3
18,660.9
30,660.9
4,662.2
10,663.0
2,663.9
17,664.3
19,664.4
27,665.0
8,665.3
13,666.9
16,667.6
26,667.9
25,669.4
1,669.9
2,670.1
31,670.7
17,671.2
4,671.2
19,671.8
27,672.1
6,672.5
21,673.1
24,674.3
25,675.0
1,675.4
13,675.6
22,675.9
2,676.3
31,676.5
17,677.7
4,679.0
19,679.3
16,679.4
12,679.5
27,679.9
3,680.1
24,680.3
6,681.1
25,681.3
22,681.4
1,681.6
2,682.6
21,683.7
31,684.0
17,684.2
26,684.3
8,684.6
12,685.4
3,685.6
19,685.8
13,686.6
4,687.5
1,688.1
24,689.1
27,689.2
2,689.8
30,690.2
25,690.6
16,690.9
14,690.9
17,691.2
19,691.7
3,691.8
26,691.8
8,692.5
6,692.5
12,693.4
10,693.6
13,694.1
1,694.7
24,696.0
2,696.8
18,697.0
19,697.5
17,697.6
27,697.6
25,697.6
14,698.8
8,699.9
26,700.0
16,700.3
13,700.7
1,702.7
30,702.8
24,703.0
3,703.2
2,703.4
17,703.7
4,704.4
25,704.6
27,704.8
6,705.7
13,707.1
18,708.3
14,708.7
17,709.5
1,709.8
2,710.0
8,710.0
3,710.6
30,711.7
22,711.9
4,712.1
24,712.7
27,712.9
16,713.3
13,714.2
17,715.2
25,715.4
6,715.8
21,716.3
31,716.5
2,716.5
1,716.9
22,717.3
3,717.7
30,718.7
18,719.2
26,720.5
27,720.8
17,721.0
4,721.1
10,721.6
13,722.3
24,722.8
2,722.9
31,724.5
21,724.5
30,724.9
15,726.1
1,726.6
17,727.0
3,727.8
22,727.9
27,729.6
2,729.7
13,729.7
10,730.0
14,730.1
24,730.3
30,730.8
18,731.1
17,733.0
22,733.1
15,734.9
31,735.0
25,735.2
21,735.9
3,735.9
30,736.3
13,738.2
17,738.8
22,738.9
24,739.0
2,739.9
30,741.5
10,742.3
3,743.7
17,744.9
22,745.5
13,747.7
20,750.5
3,751.3
17,751.7
15,752.7
20,756.0
3,758.7
15,760.9
19,762.6
20,762.7
10,763.4
17,763.6
24,763.8
21,764.5
14,765.3
25,766.0
8,766.4
19,767.8
3,768.0
1,768.4
4,768.9
18,769.2
12,769.5
24,770.7
17,770.7
2,771.9
10,772.5
15,773.3
19,773.4
21,773.8
25,774.1
27,774.1
13,775.1
3,775.6
18,776.1
24,776.6
1,776.6
12,776.9
17,777.3
8,777.6
4,778.7
2,779.1
19,779.2
22,780.1
31,780.3
21,781.0
25,781.0
27,781.6
18,782.2
3,782.3
24,782.4
6,782.6
26,783.1
13,783.2
17,783.9
12,784.2
19,784.9
4,785.5
2,785.8
8,786.6
22,787.2
15,787.2
1,787.2
25,787.3
21,787.4
16,787.4
18,788.1
24,788.2
3,788.6
10,788.9
31,789.0
27,789.4
17,790.2
19,791.0
12,791.3
4,791.4
6,791.6
20,792.0
26,792.4
2,792.4
21,793.5
25,793.5
22,793.5
24,794.0
13,794.0
18,794.1
14,794.2
15,794.8
3,794.9
31,795.4
17,796.3
27,796.7
4,797.0
10,797.1
12,797.5
19,798.4
8,798.6
6,798.7
2,799.1
25,799.9
21,800.0
18,800.0
20,800.0
22,800.1
1,801.0
15,801.5
3,802.1
17,802.6
4,802.9
12,803.3
27,803.9
19,805.0
8,805.8
18,805.8
26,805.9
6,806.3
25,806.4
22,806.6
2,807.0
1,808.0
10,808.1
21,808.2
15,808.4
4,808.7
12,809.0
24,809.5
17,810.1
20,810.6
3,810.7
19,811.6
16,811.7
27,811.8
18,811.8
8,812.5
22,812.8
13,812.9
25,812.9
1,814.2
26,814.2
2,814.4
4,814.5
12,814.5
24,814.7
31,816.7
3,817.3
17,817.3
10,818.0
18,818.4
27,818.4
20,818.9
19,819.3
25,819.4
22,819.6
16,819.7
12,819.8
15,820.1
1,820.2
2,820.7
24,820.7
13,821.0
8,821.8
31,821.9
14,823.0
26,823.6
27,824.3
4,825.0
17,825.3
12,825.3
25,825.7
10,825.8
1,826.0
22,826.5
2,826.8
19,827.1
20,827.2
21,827.2
30,827.3
6,827.5
31,827.5
13,828.3
24,828.3
16,829.8
18,830.1
27,830.1
4,830.3
12,831.1
25,832.1
30,832.6
10,832.8
2,832.9
31,833.2
20,833.9
13,835.5
21,835.5
19,835.6
6,835.8
22,835.8
4,835.9
27,836.2
17,836.7
12,837.2
30,838.4
31,838.9
2,839.1
18,839.2
25,839.3
20,840.2
8,840.7
10,841.0
15,841.8
19,842.2
6,842.4
27,842.8
21,843.4
12,843.6
13,844.2
30,844.3
14,844.3
31,844.3
24,845.0
22,845.1
2,845.7
17,845.9
25,846.2
16,846.6
20,846.6
8,848.1
19,848.2
6,848.9
10,849.0
27,849.5
21,849.9
31,849.9
15,850.0
30,850.1
13,851.8
14,851.9
24,852.1
22,852.1
2,852.3
17,852.5
25,852.7
12,853.7
19,853.9
8,854.5
16,854.9
20,855.9
21,856.1
27,856.1
10,856.9
6,857.3
24,858.3
17,858.4
22,858.8
25,859.0
2,859.2
19,859.5
14,859.9
31,860.4
13,860.9
8,861.0
15,861.3
27,862.5
21,862.9
16,863.0
24,864.2
19,865.3
25,865.3
4,865.7
22,865.8
2,866.4
8,868.3
27,869.5
10,869.8
21,869.9
26,870.4
6,870.7
24,870.8
14,871.3
13,871.9
19,872.0
22,872.4
25,872.8
2,873.7
16,873.9
18,874.3
31,876.1
27,876.3
21,876.5
19,878.4
12,878.4
14,878.9
22,879.0
13,879.2
6,879.4
2,880.7
31,881.4
24,882.4
21,882.7
27,883.6
19,884.7
20,884.8
18,884.9
22,885.7
13,885.8
15,886.3
14,887.0
2,887.1
21,888.8
25,889.7
17,890.1
19,890.8
27,891.3
4,891.5
20,891.8
2,893.1
13,893.3
22,893.5
15,894.4
21,894.9
18,895.2
17,895.2
12,896.0
10,896.3
4,897.0
20,897.8
27,898.2
24,899.2
14,900.0
25,900.0
22,900.5
17,900.8
21,901.5
26,902.1
15,902.3
18,902.7
4,902.8
12,902.9
6,903.5
20,903.5
13,904.5
27,904.8
22,906.9
17,907.0
21,908.0
24,908.0
4,908.5
25,908.7
12,909.1
18,909.7
27,911.3
6,911.3
26,912.0
22,913.1
15,913.9
4,914.3
16,914.8
21,915.0
12,915.2
24,915.3
17,915.4
25,915.5
1,915.8
13,916.4
27,917.5
22,919.3
6,919.4
18,919.7
4,920.1
10,921.0
12,921.1
1,921.5
25,921.6
24,922.1
14,923.1
27,923.5
13,924.8
21,925.5
22,926.0
4,926.1
6,926.8
12,927.1
1,927.3
25,927.7
27,929.8
26,929.9
24,930.2
18,930.5
8,930.5
4,931.8
12,933.2
1,933.3
25,934.2
22,934.3
13,935.5
17,936.5
6,936.7
4,937.2
8,937.3
26,937.3
24,937.3
15,937.4
27,937.8
12,939.5
25,940.4
22,941.3
4,942.4
18,943.1
8,943.2
21,944.0
24,944.2
13,944.3
17,945.0
26,945.3
14,945.4
27,945.7
12,947.8
22,947.9
4,947.9
21,951.8
24,951.8
13,952.4
4,954.1
22,954.5
27,954.9
12,955.4
15,955.9
17,957.2
8,958.9
13,959.6
21,960.2
23,961.6
27,962.4
12,962.4
22,962.7
4,963.9
8,964.3
15,964.4
6,964.5
17,966.2
13,966.5
23,967.3
12,969.9
8,970.1
27,970.2
4,971.1
1,972.5
13,972.8
6,974.2
30,976.1
15,977.2
17,977.5
1,977.7
27,978.1
13,978.9
4,979.0
2,979.9
18,980.6
8,981.0
30,981.5
14,981.9
22,982.2
1,982.9
21,983.2
12,983.5
27,984.7
13,984.8
8,986.2
23,987.6
30,987.6
17,988.3
1,988.5
14,989.5
22,990.9
27,990.9
8,991.8
20,992.0
18,992.1
23,993.2
1,994.5
6,994.8
2,995.7
30,996.0
27,997.4
14,997.6
20,997.7
8,998.4
23,999.4
15,1000.3
2,1001.1
1,1001.7
12,1001.7
18,1002.6
6,1003.1
22,1003.7
2,1006.7
27,1006.9
23,1008.2
25,1008.5
8,1010.4
3,1010.6
6,1010.7
12,1011.2
1,1011.6
18,1012.0
2,1012.2
4,1013.0
10,1013.0
13,1013.8
25,1013.9
14,1017.5
6,1017.6
23,1017.7
8,1017.8
2,1017.9
1,1018.3
22,1018.5
12,1018.9
25,1019.2
13,1019.3
18,1019.7
4,1020.1
10,1021.1
24,1022.9
27,1023.5
6,1024.4
13,1025.0
8,1025.1
12,1025.2
23,1025.3
22,1025.3
14,1026.0
18,1026.1
4,1026.5
16,1029.3
17,1029.4
21,1029.6
30,1029.9
27,1030.4
12,1030.9
13,1030.9
22,1031.2
6,1031.4
24,1031.6
10,1032.0
18,1032.1
23,1032.2
14,1032.8
8,1032.9
4,1032.9
27,1036.2
12,1036.4
13,1036.8
17,1037.3
20,1037.4
16,1037.5
30,1037.6
21,1037.7
18,1038.0
4,1039.3
14,1039.5
23,1039.8
26,1040.0
6,1041.0
15,1041.5
20,1042.6
13,1042.8
18,1043.8
8,1044.4
24,1044.5
4,1045.4
30,1046.4
21,1047.4
17,1047.7
14,1048.2
16,1048.3
20,1048.5
26,1049.0
15,1049.3
18,1049.7
13,1049.8
23,1051.2
4,1051.6
25,1053.5
20,1056.0
22,1056.1
18,1057.0
4,1057.5
26,1058.1
15,1058.3
10,1058.5
25,1058.9
22,1061.6
8,1062.3
20,1063.0
4,1063.5
25,1064.8
27,1066.3
26,1066.4
10,1066.5
22,1067.7
5,1068.0
4,1069.8
8,1069.9
25,1070.6
12,1070.9
20,1071.1
27,1071.7
7,1072.5
5,1073.6
23,1073.8
26,1073.8
31,1073.9
21,1074.3
12,1076.1
4,1076.4
10,1076.6
8,1076.6
25,1076.8
22,1077.2
27,1077.4
15,1077.6
7,1077.8
18,1078.0
30,1078.3
31,1079.5
5,1079.9
26,1080.2
29,1081.8
23,1082.4
4,1082.6
8,1082.9
25,1083.3
27,1083.4
21,1084.3
31,1085.0
18,1085.3
6,1085.3
15,1085.9
30,1086.2
26,1086.2
4,1088.5
8,1088.6
23,1089.1
27,1089.5
5,1090.4
31,1090.4
25,1090.6
18,1091.6
26,1092.2
13,1093.4
30,1094.0
8,1094.5
21,1094.5
22,1094.5
6,1095.0
23,1095.1
27,1095.5
15,1097.4
25,1097.5
18,1097.6
5,1098.1
26,1098.3
24,1099.0
17,1099.4
20,1099.5
8,1100.3
30,1100.3
23,1101.0
27,1101.3
22,1101.8
13,1102.0
21,1102.3
18,1103.5
25,1103.7
26,1104.2
15,1104.3
5,1104.6
10,1104.9
14,1105.0
30,1106.2
20,1106.4
27,1106.9
23,1107.1
24,1107.3
17,1107.8
16,1108.3
22,1109.0
4,1109.1
18,1109.7
13,1110.0
26,1110.2
15,1110.3
5,1111.2
21,1112.1
10,1112.5
23,1113.4
4,1114.7
17,1115.0
22,1116.2
15,1116.3
16,1116.7
26,1116.9
13,1117.0
14,1117.2
5,1117.6
18,1118.4
24,1119.3
23,1119.9
4,1121.0
10,1121.6
17,1121.8
15,1122.7
22,1122.9
13,1123.7
5,1124.7
14,1124.8
16,1124.8
23,1126.9
26,1128.7
17,1129.7
22,1129.8
13,1131.2
4,1131.2
5,1131.6
30,1132.0
6,1132.1
14,1133.3
15,1133.6
30,1137.3
23,1138.0
5,1138.1
6,1140.3
22,1140.5
7,1142.4
30,1143.1
16,1143.7
17,1144.2
5,1144.6
18,1145.1
4,1146.5
7,1147.8
30,1149.7
6,1151.8
5,1152.3
18,1152.4
17,1153.8
7,1153.9
16,1154.0
4,1154.5
25,1157.2
24,1158.1
13,1158.8
22,1158.9
18,1159.1
23,1159.3
7,1161.2
17,1161.3
30,1161.9
4,1162.0
6,1164.0
5,1165.4
18,1165.8
13,1165.8
23,1166.7
16,1166.9
24,1167.1
17,1168.2
7,1168.3
4,1168.7
22,1169.7
10,1172.1
13,1172.2
18,1173.2
31,1173.3
23,1173.8
24,1173.8
6,1174.2
17,1174.8
4,1175.4
7,1176.2
22,1178.1
13,1178.2
21,1178.4
31,1178.7
10,1179.1
30,1179.2
5,1179.2
14,1180.0
17,1180.9
26,1181.6
23,1182.2
13,1184.0
31,1184.4
10,1185.0
22,1185.2
4,1185.5
21,1186.2
17,1186.6
18,1186.7
5,1186.7
30,1186.9
31,1189.9
10,1191.3
17,1192.0
22,1192.7
5,1194.3
21,1194.9
23,1195.2
30,1195.3
31,1195.6
10,1197.4
17,1197.4
7,1198.5
26,1198.8
13,1199.6
22,1200.0
5,1201.0
31,1201.5
30,1202.9
17,1203.2
10,1203.6
23,1203.6
13,1204.7
7,1205.4
26,1206.5
22,1207.0
5,1207.3
31,1207.4
17,1209.7
10,1209.8
30,1209.8
13,1210.2
15,1210.4
16,1210.9
7,1211.1
23,1211.7
24,1213.0
31,1213.6
5,1213.9
26,1215.0
22,1215.1
13,1216.0
10,1216.1
17,1216.4
30,1216.4
18,1217.9
24,1218.5
15,1218.9
16,1219.4
31,1219.9
13,1221.7
17,1222.7
30,1223.1
5,1223.1
23,1224.1
10,1224.2
18,1226.6
31,1227.0
13,1227.5
17,1228.7
30,1231.2
16,1232.0
10,1232.2
15,1232.4
13,1233.6
21,1234.7
17,1234.7
26,1234.8
8,1235.3
7,1236.2
12,1236.2
31,1238.6
10,1240.5
8,1240.5
17,1240.6
7,1241.7
13,1241.9
12,1241.9
16,1242.1
26,1242.7
17,1246.4
10,1247.1
7,1248.0
12,1248.9
30,1249.4
26,1250.0
16,1250.1
18,1250.2
8,1251.0
17,1252.4
24,1252.8
10,1253.6
5,1254.5
21,1254.5
22,1255.0
31,1255.1
7,1255.6
15,1255.9
30,1256.3
8,1256.4
26,1257.1
24,1258.2
23,1258.3
17,1258.9
18,1260.8
8,1261.6
21,1261.7
5,1262.0
16,1262.1
10,1262.1
7,1262.1
31,1262.2
30,1262.4
15,1264.2
24,1264.3
22,1264.4
23,1266.3
26,1267.1
8,1267.2
7,1268.0
31,1268.3
21,1268.4
17,1268.8
5,1270.0
1,1270.6
18,1271.2
24,1273.5
8,1273.5
7,1273.6
31,1274.5
23,1275.8
1,1276.3
12,1276.7
10,1276.9
15,1276.9
14,1277.5
21,1277.7
22,1277.8
7,1279.0
25,1279.4
31,1281.5
18,1282.1
1,1283.1
10,1284.2
13,1284.2
15,1284.6
25,1284.8
14,1285.3
8,1285.8
17,1285.8
22,1286.1
24,1286.2
31,1288.4
10,1290.6
25,1291.1
27,1292.3
14,1292.5
13,1293.5
15,1293.9
24,1294.1
22,1294.8
17,1294.9
31,1296.5
10,1297.3
27,1298.3
1,1298.5
4,1298.6
18,1298.9
12,1299.0
25,1300.8
14,1300.8
26,1301.6
8,1301.6
15,1303.3
24,1304.0
13,1304.1
22,1304.6
27,1304.8
1,1305.5
18,1306.6
23,1306.7
10,1307.2
14,1307.7
21,1307.7
4,1308.7
25,1309.5
8,1309.5
5,1309.9
12,1310.2
15,1311.3
1,1311.5
22,1311.6
27,1311.9
13,1312.7
14,1314.4
23,1315.2
18,1315.2
16,1315.5
17,1315.9
8,1316.9
21,1317.2
5,1317.8
22,1317.9
31,1317.9
25,1318.6
15,1320.7
14,1322.0
27,1322.3
24,1323.6
8,1324.1
26,1324.2
22,1324.2
5,1324.7
23,1325.1
13,1325.2
25,1325.7
17,1326.4
12,1329.7
18,1330.1
3,1330.6
8,1330.6
22,1330.8
24,1331.6
26,1331.7
5,1332.0
25,1332.4
21,1335.0
3,1336.1
27,1336.4
12,1336.7
17,1336.8
8,1336.8
22,1337.1
18,1337.8
24,1338.2
25,1338.6
26,1338.8
10,1339.4
5,1339.6
3,1341.8
12,1342.7
8,1343.3
22,1343.4
21,1344.2
25,1344.7
24,1344.7
18,1346.2
14,1346.6
26,1346.7
30,1347.4
3,1347.5
31,1347.8
12,1348.6
27,1348.8
22,1350.7
6,1350.7
5,1350.9
8,1351.1
25,1351.7
13,1352.1
30,1353.1
3,1353.2
24,1353.3
21,1354.6
12,1355.1
31,1355.8
1,1356.9
23,1358.9
6,1358.9
30,1359.0
3,1359.2
22,1359.2
17,1359.5
11,1360.0
5,1360.5
13,1362.0
1,1362.5
31,1364.1
25,1364.9
21,1364.9
30,1365.2
11,1365.3
10,1365.3
3,1365.4
12,1365.5
24,1366.3
17,1366.7
1,1368.9
14,1369.3
22,1369.6
6,1369.9
13,1370.3
11,1370.7
23,1371.0
31,1371.2
5,1371.3
8,1371.4
7,1371.7
30,1371.7
3,1371.9
10,1373.0
17,1373.1
24,1373.8
18,1375.2
26,1375.5
1,1376.2
21,1376.8
27,1376.9
22,1376.9
7,1377.4
31,1377.5
3,1378.0
30,1378.0
5,1378.5
6,1379.6
10,1379.6
17,1379.7
23,1381.8
24,1382.3
1,1383.3
22,1383.4
31,1383.4
13,1383.6
30,1383.9
7,1384.6
18,1384.6
5,1384.7
21,1385.2
25,1385.4
10,1386.1
27,1386.7
6,1387.1
26,1387.2
8,1387.3
4,1388.0
12,1388.2
17,1389.1
1,1389.5
30,1389.6
22,1389.8
5,1390.5
23,1391.5
18,1392.3
10,1394.1
3,1394.1
8,1394.3
25,1394.4
24,1394.5
7,1394.9
26,1395.0
27,1395.3
12,1395.3
22,1395.8
4,1396.7
6,1396.7
21,1397.4
14,1398.1
23,1398.6
3,1399.3
18,1400.2
8,1400.5
25,1401.4
12,1401.5
7,1401.7
22,1401.8
24,1403.0
4,1403.6
23,1404.7
6,1404.9
26,1405.1
27,1405.4
8,1406.6
7,1407.6
17,1407.7
13,1407.7
18,1407.8
12,1407.8
22,1407.9
25,1408.2
4,1409.7
23,1410.4
24,1410.6
6,1411.9
27,1412.4
26,1412.4
7,1413.2
8,1413.5
12,1413.9
22,1414.1
25,1414.7
18,1414.9
23,1415.9
13,1416.1
17,1416.4
24,1417.7
16,1418.2
10,1418.5
6,1418.5
7,1418.8
27,1419.0
14,1419.4
12,1419.8
26,1419.9
22,1420.2
25,1420.8
15,1421.6
8,1422.1
18,1422.3
17,1423.6
24,1424.0
7,1424.5
27,1425.3
22,1426.5
6,1426.6
25,1427.0
13,1427.4
8,1429.8
30,1429.9
3,1429.9
24,1430.0
15,1430.2
17,1430.3
7,1430.3
27,1431.7
26,1432.7
25,1432.8
22,1433.2
18,1434.6
30,1435.0
4,1435.1
3,1435.5
24,1435.8
7,1436.1
23,1436.7
17,1437.9
10,1437.9
15,1438.2
25,1438.4
21,1438.5
27,1438.5
8,1439.3
22,1439.4
4,1440.5
18,1441.3
3,1441.7
24,1442.0
23,1442.0
25,1444.3
27,1444.9
22,1445.3
21,1445.5
26,1445.9
15,1447.0
18,1447.2
3,1447.6
23,1447.9
14,1448.5
24,1450.1
22,1450.9
25,1451.0
27,1451.4
21,1451.9
18,1452.7
13,1453.9
23,1454.4
26,1455.6
6,1455.9
17,1456.2
22,1456.4
21,1458.1
18,1458.3
27,1460.1
8,1461.1
7,1461.2
22,1462.1
25,1462.3
21,1464.0
18,1464.3
23,1465.3
7,1466.7
22,1468.1
10,1469.3
15,1469.8
21,1470.1
18,1470.5
27,1471.1
13,1471.8
7,1472.4
22,1474.0
25,1474.2
30,1475.5
21,1477.3
18,1477.4
7,1478.1
15,1478.2
27,1478.6
24,1480.0
22,1480.0
17,1480.3
4,1480.5
13,1480.7
30,1480.8
10,1481.9
14,1482.7
26,1484.4
8,1484.6
21,1484.8
23,1485.6
25,1485.6
22,1485.8
4,1486.1
27,1486.6
24,1487.6
13,1487.6
17,1488.0
16,1488.6
15,1489.4
14,1490.1
18,1490.7
3,1490.8
10,1491.0
26,1491.9
4,1492.0
21,1492.2
23,1492.9
8,1493.0
27,1493.2
13,1494.1
17,1494.7
24,1495.6
3,1496.1
14,1496.5
16,1496.9
25,1497.4
15,1497.9
4,1498.0
21,1498.9
6,1498.9
23,1498.9
27,1499.1
18,1500.1
26,1500.3
13,1500.7
17,1501.7
3,1502.1
24,1502.7
14,1502.8
4,1503.9
8,1504.5
15,1504.6
23,1504.7
25,1505.3
21,1506.2
26,1507.5
16,1507.6
6,1508.0
13,1508.4
3,1508.4
14,1509.7
15,1510.7
24,1510.8
17,1511.0
10,1512.0
18,1514.0
26,1515.0
3,1515.1
13,1516.1
25,1516.4
15,1516.7
21,1518.1
8,1518.2
17,1518.8
27,1520.0
23,1520.5
14,1521.4
26,1521.6
3,1522.0
10,1523.1
18,1523.3
15,1523.5
13,1524.2
25,1524.3
8,1525.0
27,1525.3
23,1525.7
6,1527.4
26,1527.6
17,1528.2
3,1528.3
8,1531.1
10,1531.3
23,1531.3
27,1531.3
18,1532.1
26,1533.3
25,1534.2
24,1535.5
15,1535.6
13,1536.3
23,1536.7
8,1537.4
27,1537.6
26,1539.1
21,1539.8
14,1541.0
25,1541.7
23,1542.4
10,1542.9
24,1544.1
3,1544.3
27,1544.5
26,1545.6
8,1545.8
18,1546.0
23,1547.8
25,1550.2
13,1550.8
17,1550.9
27,1552.0
14,1552.1
16,1552.4
26,1557.4
13,1557.9
17,1557.9
27,1558.9
14,1559.4
4,1559.6
21,1559.7
15,1560.2
16,1560.9
18,1561.7
13,1564.1
17,1564.4
27,1565.1
4,1565.1
14,1566.4
8,1568.2
15,1568.4
25,1568.5
21,1569.0
18,1569.1
3,1570.0
10,1570.1
13,1570.1
27,1570.8
4,1571.4
17,1571.9
16,1572.5
14,1573.1
3,1575.1
8,1575.5
6,1575.5
13,1576.1
27,1576.4
18,1576.5
25,1577.1
21,1577.3
23,1578.0
15,1579.8
14,1580.5
24,1580.8
3,1580.9
27,1581.9
4,1582.8
8,1583.0
13,1583.0
23,1583.6
25,1583.8
18,1584.0
21,1586.1
27,1587.4
3,1587.8
24,1589.5
23,1589.9
10,1590.2
25,1590.3
30,1590.3
8,1590.4
4,1592.0
18,1592.6
27,1592.8
13,1593.9
14,1594.2
3,1594.6
26,1595.0
30,1595.7
15,1596.7
25,1597.2
8,1597.3
23,1597.9
10,1598.2
27,1598.6
4,1600.0
18,1601.1
30,1601.3
13,1601.4
14,1601.4
3,1601.5
26,1602.6
17,1603.1
8,1604.0
25,1604.4
27,1604.7
23,1605.4
15,1605.5
10,1605.5
13,1607.6
4,1607.9
3,1608.1
14,1608.2
26,1610.4
18,1610.7
31,1610.7
17,1611.0
27,1611.1
25,1612.0
8,1612.0
10,1612.1
16,1612.5
23,1612.7
13,1613.3
3,1614.5
31,1616.1
14,1616.2
24,1616.6
21,1616.8
17,1618.0
15,1618.2
25,1618.6
13,1618.8
10,1619.4
27,1619.6
8,1619.6
4,1619.9
3,1621.5
23,1622.1
31,1622.2
13,1624.2
24,1624.9
25,1625.0
17,1625.2
15,1625.7
18,1626.7
26,1627.8
8,1628.9
14,1629.6
13,1629.9
27,1630.3
10,1630.8
25,1630.9
3,1631.0
6,1631.6
31,1631.6
24,1631.7
23,1632.0
4,1632.7
21,1633.9
15,1634.5
18,1635.4
17,1635.7
13,1635.8
25,1636.8
27,1637.9
3,1638.3
10,1638.4
24,1638.5
23,1639.4
4,1640.8
13,1641.4
6,1641.8
17,1645.0
21,1645.2
3,1645.3
10,1645.6
27,1646.0
23,1647.3
25,1647.3
24,1647.4
18,1648.6
30,1649.3
4,1651.5
25,1652.7
31,1652.8
6,1653.7
30,1654.6
23,1654.6
17,1655.3
3,1655.3
27,1656.0
24,1656.0
10,1656.5
18,1656.8
13,1657.0
25,1658.4
4,1659.6
30,1659.9
15,1659.9
31,1659.9
6,1661.0
26,1661.1
23,1661.4
8,1661.6
13,1662.4
3,1662.5
27,1663.2
25,1663.9
24,1664.7
18,1665.2
31,1666.3
15,1666.9
4,1667.1
23,1667.6
6,1667.7
13,1668.0
26,1668.5
8,1668.6
17,1668.6
27,1669.4
3,1669.8
14,1670.2
10,1672.1
31,1672.5
24,1672.6
15,1673.0
23,1673.5
13,1673.9
8,1674.8
27,1675.4
26,1676.1
6,1676.1
3,1676.6
4,1677.3
16,1677.9
15,1679.1
31,1679.3
10,1679.9
24,1680.2
13,1680.2
8,1680.7
17,1681.2
27,1681.6
18,1682.0
6,1682.8
3,1684.1
4,1684.9
15,1686.0
31,1686.1
8,1686.5
13,1687.3
5,1687.6
27,1688.8
6,1688.8
26,1689.0
10,1689.5
3,1690.7
4,1691.7
24,1692.0
8,1692.5
31,1692.6
15,1692.7
17,1693.3
5,1693.4
6,1694.6
18,1696.6
3,1697.2
4,1698.0
13,1698.2
21,1698.6
31,1699.0
5,1699.4
15,1699.7
8,1700.1
6,1700.7
4,1704.6
5,1705.2
31,1705.3
3,1705.4
27,1705.4
24,1706.4
21,1707.0
18,1707.7
6,1707.8
8,1710.7
5,1711.0
31,1712.1
4,1712.5
15,1712.6
3,1712.9
26,1713.1
21,1714.2
17,1715.0
27,1715.7
24,1716.3
14,1716.5
13,1716.6
16,1716.9
5,1717.1
18,1717.3
10,1717.4
8,1718.4
4,1719.2
3,1719.3
15,1720.3
31,1721.8
21,1721.8
26,1722.1
17,1722.2
27,1722.4
24,1723.0
14,1723.9
6,1723.9
13,1724.3
5,1724.4
8,1724.9
16,1725.2
10,1725.5
4,1725.5
18,1727.9
15,1728.3
17,1728.4
27,1728.5
31,1728.9
24,1729.0
14,1730.8
13,1730.8
6,1731.0
8,1731.3
4,1731.6
21,1732.6
26,1733.2
17,1734.2
27,1734.6
16,1735.8
10,1736.0
31,1736.0
13,1736.8
8,1737.2
14,1737.2
6,1737.3
4,1737.5
5,1737.6
17,1739.9
27,1740.9
21,1741.0
13,1742.5
8,1742.9
4,1743.7
14,1744.0
6,1744.5
10,1745.1
31,1745.3
2,1745.8
17,1745.9
13,1748.2
8,1748.8
27,1749.5
15,1750.5
2,1751.1
21,1751.1
5,1751.2
4,1751.4
6,1751.9
31,1752.1
17,1752.4
13,1754.3
8,1754.5
14,1754.8
27,1756.9
2,1757.1
21,1758.0
5,1758.1
26,1758.2
4,1758.6
15,1758.7
17,1758.8
10,1761.5
13,1762.3
2,1763.3
6,1763.4
5,1764.0
21,1764.3
4,1765.6
17,1765.8
27,1766.1
26,1767.2
18,1767.3
15,1769.3
10,1769.3
2,1769.3
5,1769.6
16,1769.9
21,1770.5
13,1772.1
4,1772.2
17,1772.7
27,1773.0
14,1773.8
5,1775.0
2,1775.2
23,1776.6
21,1777.9
16,1778.1
6,1778.5
24,1778.5
10,1778.6
4,1779.1
27,1779.2
18,1779.2
17,1779.6
13,1780.4
5,1780.6
2,1781.1
23,1782.2
15,1782.6
27,1785.5
4,1785.6
6,1785.7
26,1786.0
17,1786.1
5,1786.6
2,1787.4
23,1787.9
16,1789.6
10,1789.7
15,1791.0
4,1791.9
6,1792.2
13,1792.2
14,1792.6
17,1792.9
18,1793.5
2,1793.5
23,1793.5
27,1793.7
5,1794.0
8,1795.5
10,1797.4
4,1798.1
6,1798.2
23,1798.9
2,1799.2
24,1799.2
13,1800.1
14,1800.3
8,1800.9
17,1802.9
18,1803.0
15,1803.6
4,1804.2
6,1804.3
10,1804.4
24,1804.7
2,1804.8
26,1805.0
8,1806.8
19,1808.0
14,1808.8
23,1809.3
4,1810.2
2,1810.2
6,1810.5
13,1810.7
24,1811.1
10,1813.0
8,1813.5
19,1813.7
26,1814.5
23,1814.5
27,1814.5
5,1814.8
22,1814.9
2,1815.7
21,1815.7
15,1816.0
4,1816.3
6,1817.2
17,1817.4
24,1817.6
19,1819.7
8,1820.0
23,1820.1
10,1821.0
18,1821.2
2,1821.6
5,1821.9
4,1822.5
16,1823.3
27,1823.3
21,1823.7
24,1823.9
15,1824.5
17,1825.3
13,1825.5
19,1825.6
23,1825.7
8,1826.4
5,1828.0
6,1828.3
4,1828.6
2,1828.6
10,1829.8
24,1830.7
15,1831.2
23,1831.4
18,1832.0
19,1832.3
17,1832.4
13,1833.7
5,1834.0
21,1834.1
8,1834.2
14,1834.2
4,1835.5
23,1837.4
15,1837.7
24,1839.0
17,1839.1
10,1839.4
5,1840.0
27,1842.1
23,1843.3
13,1843.5
19,1843.9
24,1845.8
15,1846.7
17,1846.8
4,1848.0
14,1849.2
23,1849.3
28,1849.5
13,1850.7
21,1851.3
10,1852.2
24,1852.3
27,1852.7
17,1854.2
23,1855.5
2,1856.2
14,1857.2
13,1857.3
21,1859.5
28,1859.9
24,1860.2
23,1862.5
15,1862.7
17,1864.1
13,1864.2
8,1865.0
28,1865.2
3,1865.9
14,1867.1
24,1867.2
4,1868.6
18,1869.2
21,1870.4
28,1871.1
15,1871.3
3,1871.4
17,1872.4
29,1872.8
24,1874.0
23,1875.0
13,1875.3
8,1875.4
27,1877.5
4,1877.6
19,1877.6
3,1877.8
28,1878.1
29,1878.4
24,1880.3
31,1880.5
18,1882.1
8,1882.4
29,1883.7
17,1884.3
19,1885.3
23,1885.4
31,1886.3
24,1886.8
27,1889.1
8,1889.1
3,1889.6
4,1892.6
26,1893.0
31,1893.9
29,1894.3
19,1894.4
13,1894.5
23,1894.6
24,1895.0
8,1895.9
3,1896.7
27,1897.6
28,1899.3
29,1899.5
2,1899.6
26,1899.9
19,1901.0
12,1901.2
4,1901.5
23,1901.9
8,1902.7
10,1903.0
13,1903.1
18,1903.1
3,1903.4
17,1903.8
24,1904.2
15,1904.4
27,1904.9
26,1906.2
28,1906.4
2,1906.6
12,1907.1
23,1909.0
4,1909.5
3,1909.7
6,1909.8
8,1910.6
18,1910.9
10,1911.4
24,1911.5
28,1912.3
27,1912.4
2,1912.5
21,1912.5
17,1912.6
15,1913.0
31,1913.1
12,1913.2
26,1913.5
23,1915.6
13,1915.6
3,1915.7
4,1916.0
6,1917.3
24,1917.8
28,1918.0
2,1918.3
18,1919.1
12,1919.2
27,1919.6
31,1920.1
10,1920.1
14,1920.4
17,1920.5
26,1920.5
21,1920.5
8,1920.7
3,1921.5
23,1921.7
16,1922.0
13,1922.7
15,1923.2
6,1923.9
12,1925.0
31,1926.0
27,1926.2
10,1927.3
14,1927.7
23,1927.9
26,1928.2
17,1928.7
13,1929.1
21,1929.3
8,1929.6
12,1930.7
15,1930.9
6,1931.1
27,1933.5
23,1934.0
14,1934.4
10,1934.5
18,1934.6
13,1935.5
26,1935.5
8,1936.3
12,1936.5
15,1939.0
23,1940.3
27,1941.2
31,1941.4
13,1941.8
17,1942.1
12,1942.2
26,1942.2
8,1942.3
14,1942.6
28,1943.4
24,1944.0
18,1944.2
6,1944.3
10,1946.6
31,1946.8
23,1947.8
13,1947.9
8,1947.9
27,1947.9
12,1948.0
21,1948.4
26,1949.1
24,1949.5
18,1951.6
17,1952.4
31,1952.6
15,1952.8
13,1953.8
12,1954.0
27,1954.4
24,1955.3
9,1955.6
3,1957.7
31,1958.8
13,1959.5
17,1959.5
12,1959.9
26,1960.3
15,1960.6
27,1960.6
24,1960.9
14,1960.9
18,1961.0
9,1961.1
4,1961.5
23,1962.8
3,1963.2
21,1963.9
13,1965.1
31,1965.1
12,1965.6
17,1966.4
24,1966.6
27,1966.6
9,1967.0
4,1967.1
15,1967.4
2,1969.1
10,1969.2
3,1969.3
13,1970.8
12,1971.3
31,1971.7
24,1972.5
21,1972.6
9,1972.9
27,1972.9
17,1973.3
4,1973.7
2,1974.9
15,1975.0
6,1976.6
13,1976.9
12,1977.0
10,1977.6
31,1978.1
24,1978.2
30,1978.9
3,1979.2
17,1979.8
2,1980.9
27,1981.4
23,1982.1
12,1983.3
21,1983.5
6,1983.6
4,1983.6
24,1983.8
13,1983.9
31,1984.3
17,1986.3
2,1986.8
23,1988.9
26,1989.0
24,1989.5
10,1989.8
6,1989.9
12,1990.3
4,1990.4
31,1990.4
3,1990.7
8,1991.6
14,1992.7
2,1992.9
27,1993.1
13,1994.1
23,1994.7
17,1994.9
21,1995.3
24,1995.4
4,1996.5
6,1996.6
31,1996.7
12,1996.9
8,1997.1
18,1997.4
3,1997.9
26,1998.2
2,1999.1
27,2001.1
24,2001.3
13,2001.5
4,2002.8
31,2003.1
12,2003.1
8,2003.2
14,2003.8
3,2004.3
2,2005.4
18,2006.0
1,2006.9
6,2007.6
13,2007.8
24,2007.8
27,2008.1
15,2008.2
12,2009.0
31,2009.5
3,2010.8
4,2011.2
10,2011.5
14,2011.7
8,2012.0
1,2012.4
2,2013.1
13,2013.8
27,2014.8
31,2015.9
15,2016.4
28,2016.4
3,2018.0
9,2018.2
1,2018.5
10,2019.2
17,2019.4
16,2019.5
2,2019.6
24,2019.9
13,2020.0
21,2020.2
27,2021.1
14,2021.5
28,2022.0
31,2023.2
9,2023.6
3,2024.7
12,2025.0
2,2025.7
13,2026.3
10,2026.4
27,2027.1
19,2027.3
17,2027.5
16,2028.1
15,2028.4
28,2028.4
1,2028.9
21,2029.1
9,2029.1
12,2030.1
3,2030.8
2,2031.6
6,2032.4
4,2032.6
19,2032.7
13,2032.8
27,2032.8
9,2034.5
28,2035.3
26,2035.4
12,2035.9
10,2036.5
31,2036.6
3,2036.7
17,2037.6
2,2037.8
27,2038.5
8,2038.8
19,2039.0
13,2039.2
4,2039.5
21,2040.1
9,2040.2
6,2041.8
28,2042.0
16,2042.4
12,2042.5
30,2042.6
1,2043.8
18,2043.9
2,2044.1
27,2044.3
26,2044.5
17,2044.8
4,2045.4
13,2045.5
9,2046.2
31,2046.3
30,2047.9
22,2048.0
28,2048.6
6,2049.2
12,2049.3
27,2049.7
19,2050.6
1,2050.8
4,2051.0
17,2051.2
2,2051.3
13,2051.5
9,2052.0
22,2053.4
30,2053.9
15,2054.0
31,2054.3
28,2054.8
27,2055.1
16,2055.6
10,2055.9
18,2055.9
14,2056.2
24,2056.3
4,2056.4
6,2056.8
1,2056.9
13,2057.2
17,2057.4
12,2058.2
2,2059.0
21,2059.4
22,2059.6
8,2060.4
27,2060.6
30,2061.3
26,2061.7
4,2062.0
10,2062.7
1,2062.9
17,2063.5
24,2064.0
31,2065.1
27,2066.0
2,2066.5
4,2068.2
1,2068.6
10,2068.7
6,2068.9
22,2069.0
21,2069.5
8,2069.5
16,2069.5
19,2069.7
24,2070.4
26,2070.6
30,2071.4
27,2071.8
2,2073.9
10,2075.0
8,2076.1
19,2076.5
24,2076.6
22,2076.6
27,2077.4
12,2077.5
4,2077.6
26,2077.8
16,2078.1
14,2078.6
30,2080.6
6,2080.7
18,2080.8
2,2081.5
8,2081.8
19,2082.3
15,2082.4
24,2082.6
10,2082.7
27,2082.7
13,2082.8
21,2083.6
22,2083.8
31,2084.2
4,2084.3
12,2084.5
26,2085.2
2,2087.7
18,2088.0
13,2088.3
24,2088.7
10,2089.5
16,2089.6
4,2090.2
6,2090.3
12,2090.7
30,2090.8
22,2091.3
26,2092.6
21,2093.2
13,2094.4
18,2094.6
24,2094.9
4,2096.1
10,2096.1
12,2096.7
30,2098.4
14,2099.4
24,2101.0
22,2101.3
31,2101.4
26,2101.6
18,2102.1
4,2102.2
13,2102.8
12,2103.3
10,2105.4
6,2106.7
30,2106.7
24,2107.0
4,2108.5
22,2108.9
31,2110.0
13,2110.9
16,2111.2
24,2113.1
12,2114.2
4,2114.5
6,2115.5
22,2115.5
18,2115.6
30,2115.8
8,2117.4
10,2117.8
31,2118.5
13,2118.7
16,2119.4
14,2119.6
24,2120.4
21,2120.5
4,2120.6
22,2121.8
8,2122.8
30,2122.9
15,2122.9
12,2123.1
31,2125.2
10,2125.6
26,2126.1
21,2127.5
22,2127.6
4,2127.7
13,2128.2
6,2128.3
8,2128.7
30,2129.2
14,2129.4
16,2129.9
12,2130.5
31,2131.3
15,2131.4
10,2132.6
24,2133.1
21,2133.9
30,2135.2
8,2135.7
13,2136.0
18,2137.2
14,2137.5
31,2137.5
12,2138.8
10,2139.3
24,2140.5
21,2141.5
30,2141.6
8,2143.2
15,2144.4
31,2144.7
27,2145.6
13,2146.0
10,2146.7
24,2146.9
14,2147.6
30,2150.5
18,2151.7
8,2151.7
6,2152.3
24,2152.9
31,2152.9
22,2153.1
12,2154.3
8,2158.5
22,2158.7
18,2158.9
24,2159.6
31,2160.1
10,2160.2
6,2160.3
27,2161.3
12,2162.4
26,2164.3
22,2164.5
8,2165.0
18,2165.6
24,2166.0
13,2166.4
15,2167.1
7,2167.1
31,2167.9
14,2168.1
30,2168.6
17,2168.8
12,2169.1
6,2170.0
22,2170.5
8,2171.4
27,2171.9
26,2172.3
24,2172.4
7,2172.4
17,2174.2
12,2175.5
18,2175.8
22,2177.1
27,2177.1
31,2177.3
8,2177.9
7,2178.2
15,2178.8
23,2178.9
26,2180.0
17,2180.4
24,2180.6
12,2181.7
30,2183.5
22,2183.7
7,2184.0
8,2185.4
31,2185.6
18,2187.0
17,2187.4
12,2187.5
16,2187.5
15,2188.4
23,2189.4
7,2190.2
22,2191.3
26,2192.9
30,2193.2
10,2193.2
12,2193.3
6,2194.2
4,2194.4
18,2194.4
17,2194.5
31,2195.6
21,2195.6
15,2195.8
16,2196.2
24,2196.2
7,2196.3
8,2197.4
22,2198.2
12,2199.0
30,2200.0
10,2200.8
17,2201.1
18,2201.3
4,2202.0
6,2202.2
31,2202.6
15,2203.1
21,2203.8
24,2204.4
12,2204.9
22,2204.9
30,2205.9
8,2207.5
17,2207.6
10,2208.2
31,2208.7
6,2208.9
16,2209.2
18,2209.4
4,2210.4
26,2211.1
30,2211.7
12,2212.0
21,2212.4
22,2212.6
15,2213.5
14,2213.9
24,2214.0
31,2214.7
10,2214.8
6,2215.1
4,2217.2
17,2217.6
30,2217.6
18,2219.5
25,2220.0
1,2220.2
26,2220.2
31,2220.7
15,2220.9
21,2220.9
10,2221.1
16,2221.8
6,2221.9
4,2223.8
12,2224.8
25,2225.1
8,2225.1
22,2225.2
17,2225.2
24,2225.8
1,2226.0
31,2226.4
10,2227.6
15,2229.3
16,2229.9
13,2230.4
14,2230.7
17,2232.0
12,2232.2
4,2232.8
1,2232.8
22,2233.2
6,2233.2
24,2233.8
21,2234.0
8,2234.5
10,2235.7
15,2236.2
12,2238.7
14,2238.8
17,2239.1
18,2239.2
13,2239.3
1,2239.5
4,2240.8
22,2241.7
16,2242.3
15,2243.5
24,2244.3
12,2244.8
17,2245.9
1,2246.1
8,2246.4
18,2246.5
13,2246.8
30,2247.1
22,2248.6
14,2249.0
4,2249.3
12,2250.3
21,2251.2
24,2251.6
17,2252.3
18,2252.9
13,2253.1
1,2253.1
22,2254.7
8,2255.4
12,2255.7
16,2255.8
14,2256.1
15,2256.3
4,2256.9
31,2256.9
26,2257.4
10,2257.8
17,2258.5
18,2259.3
24,2259.7
1,2259.8
22,2260.6
21,2260.8
12,2261.2
31,2262.3
14,2262.5
4,2263.5
16,2264.0
17,2264.4
18,2265.3
1,2266.2
22,2266.5
26,2266.6
12,2266.6
8,2268.0
31,2268.1
14,2269.0
4,2269.6
17,2270.5
18,2271.5
12,2272.0
1,2272.3
22,2272.4
26,2273.6
31,2274.5
8,2274.9
16,2276.1
14,2276.6
4,2276.7
21,2277.2
17,2277.4
12,2277.6
1,2278.2
22,2278.4
18,2279.0
15,2279.3
26,2280.0
8,2280.9
24,2283.3
12,2283.9
17,2284.5
22,2284.6
31,2285.5
26,2286.4
21,2286.7
6,2287.5
10,2287.5
30,2288.2
24,2290.3
17,2291.1
22,2291.5
18,2292.1
12,2292.5
31,2293.1
26,2293.2
30,2293.3
6,2295.3
10,2295.7
24,2296.3
17,2297.5
30,2298.9
18,2299.2
12,2299.8
31,2300.9
23,2301.1
26,2301.9
24,2302.2
22,2303.6
16,2303.8
17,2304.5
6,2304.9
30,2305.0
18,2305.5
23,2306.5
21,2306.7
12,2306.7
10,2307.1
24,2308.5
14,2308.8
22,2310.8
17,2311.0
18,2311.4
23,2312.5
30,2312.8
12,2312.9
16,2313.0
31,2313.4
24,2314.8
14,2316.5
7,2316.8
17,2317.0
22,2317.3
18,2317.4
1,2317.5
12,2318.7
23,2319.9
8,2320.5
24,2321.2
16,2322.5
7,2322.7
17,2322.8
29,2323.2
1,2323.2
18,2324.0
22,2324.1
12,2324.3
31,2324.5
6,2324.6
14,2324.8
8,2326.2
17,2328.6
29,2328.7
1,2329.0
26,2329.6
24,2329.6
12,2330.2
7,2331.1
31,2331.5
8,2332.2
6,2332.7
5,2333.1
22,2333.9
29,2334.8
17,2335.2
18,2335.6
12,2336.9
26,2337.1
31,2337.6
5,2338.7
23,2338.7
4,2339.0
6,2339.7
7,2340.3
10,2340.4
29,2341.1
13,2342.4
18,2343.4
12,2343.6
31,2343.8
26,2344.5
5,2345.1
23,2346.2
6,2346.2
17,2346.5
4,2346.6
29,2347.0
21,2347.1
30,2347.4
14,2347.6
16,2347.9
13,2348.1
7,2348.2
10,2348.2
22,2348.5
31,2349.8
12,2350.4
5,2351.6
26,2351.6
18,2351.7
15,2351.7
29,2352.6
6,2353.0
4,2353.0
23,2353.6
13,2354.0
30,2354.3
7,2354.6
14,2354.9
21,2355.2
22,2355.5
12,2356.7
10,2357.3
5,2357.6
15,2358.6
26,2358.8
4,2359.5
24,2359.5
13,2359.8
6,2359.8
30,2360.2
14,2361.3
22,2361.6
12,2362.5
8,2362.9
21,2363.2
18,2364.2
23,2364.3
15,2364.7
17,2364.9
10,2365.2
13,2365.6
4,2365.9
30,2366.0
24,2366.6
14,2367.8
8,2368.1
6,2368.2
26,2369.2
15,2371.3
30,2371.4
13,2371.7
4,2371.9
21,2372.0
10,2372.5
23,2372.5
24,2372.6
17,2373.0
8,2373.8
16,2375.3
18,2375.4
6,2376.1
14,2376.4
4,2377.7
15,2377.9
24,2378.5
23,2379.6
13,2379.9
8,2380.4
10,2381.0
21,2381.4
4,2383.4
17,2384.1
15,2384.4
24,2385.0
6,2385.6
23,2386.1
2,2389.0
4,2389.1
3,2389.9
21,2390.3
25,2390.8
15,2391.3
14,2392.3
23,2392.7
13,2393.2
8,2393.2
24,2393.8
6,2394.0
2,2394.4
3,2395.4
25,2396.5
30,2397.6
23,2399.4
4,2400.0
14,2400.2
2,2400.6
3,2401.1
26,2401.4
24,2401.4
13,2402.3
30,2403.2
15,2404.3
6,2406.0
23,2407.2
14,2407.8
26,2408.4
13,2409.0
30,2409.3
8,2409.3
2,2410.0
24,2411.1
26,2414.5
14,2414.7
13,2414.8
20,2414.8
30,2416.4
23,2417.2
6,2417.3
8,2418.5
10,2419.3
4,2420.0
26,2420.6
13,2420.6
25,2421.7
2,2421.8
14,2421.8
30,2422.9
23,2424.1
8,2425.5
4,2425.6
18,2425.7
6,2425.7
13,2426.8
10,2427.2
26,2427.4
2,2428.9
24,2428.9
30,2429.1
17,2429.3
23,2430.1
12,2431.6
8,2431.8
4,2431.9
10,2433.9
14,2433.9
6,2434.8
2,2435.0
13,2435.0
30,2435.3
23,2435.9
24,2436.7
18,2437.1
12,2437.3
26,2437.5
17,2438.6
8,2438.6
10,2440.6
2,2440.8
30,2441.7
23,2441.8
27,2442.1
25,2442.6
21,2442.9
6,2442.9
4,2442.9
12,2444.0
15,2445.2
24,2445.4
2,2446.5
27,2447.6
23,2447.6
30,2448.1
25,2448.2
8,2449.3
10,2450.5
17,2451.6
2,2452.4
24,2452.5
23,2453.5
27,2453.6
25,2454.0
6,2455.1
30,2455.5
8,2457.9
2,2459.1
24,2459.2
25,2459.6
23,2459.6
3,2461.7
17,2461.8
27,2462.5
1,2463.1
18,2464.0
12,2464.1
16,2464.2
25,2465.1
2,2465.4
31,2465.6
6,2467.1
24,2467.3
23,2467.6
10,2468.3
17,2468.8
27,2470.0
25,2471.0
2,2471.4
16,2472.8
18,2473.2
12,2473.4
24,2474.3
17,2475.1
6,2475.3
30,2476.4
10,2476.6
25,2477.0
2,2477.1
27,2477.3
4,2479.5
26,2479.5
12,2479.9
15,2480.0
8,2480.5
24,2480.6
17,2481.6
2,2483.0
25,2483.3
27,2483.7
16,2485.6
12,2485.8
23,2486.2
26,2486.5
24,2486.7
6,2487.4
10,2488.1
4,2488.3
15,2488.5
8,2488.8
2,2489.5
27,2489.9
25,2490.1
17,2490.2
26,2492.6
3,2493.0
24,2493.1
18,2494.1
13,2495.3
14,2495.8
27,2496.0
25,2497.0
30,2498.2
26,2499.6
8,2500.3
2,2500.3
12,2501.4
24,2501.5
4,2501.5
27,2502.3
3,2503.5
13,2504.2
25,2504.2
18,2504.4
26,2507.5
7,2508.0
3,2508.9
8,2509.5
27,2509.7
4,2510.9
12,2511.9
23,2512.0
25,2512.3
13,2512.3
6,2512.4
30,2514.2
26,2514.5
3,2514.6
21,2515.0
15,2515.8
27,2516.4
8,2517.7
4,2517.8
23,2518.8
3,2520.6
30,2521.6
13,2521.9
26,2522.0
2,2522.2
6,2522.2
14,2522.3
27,2522.9
25,2523.9
15,2523.9
10,2524.2
24,2524.3
23,2524.5
4,2524.5
18,2524.8
21,2524.9
17,2525.1
3,2526.7
30,2527.9
27,2529.1
2,2529.2
13,2529.6
14,2530.1
8,2530.2
24,2531.8
10,2532.2
3,2532.6
18,2533.8
4,2533.8
17,2533.8
26,2533.9
30,2534.1
15,2534.5
27,2535.1
2,2535.1
16,2535.1
25,2536.6
8,2537.3
13,2537.8
31,2538.0
10,2538.9
14,2539.5
24,2539.9
30,2540.6
2,2540.9
17,2541.1
27,2541.3
26,2541.8
12,2542.0
31,2543.3
8,2543.5
13,2544.6
10,2544.9
25,2545.8
18,2546.2
14,2546.8
24,2547.1
17,2547.5
12,2547.7
27,2548.7
26,2549.0
31,2549.3
8,2549.3
30,2550.2
13,2550.8
10,2550.8
15,2551.8
25,2552.7
24,2553.5
17,2553.6
12,2553.7
14,2553.9
31,2555.4
27,2555.7
26,2555.8
10,2556.5
13,2556.8
21,2557.5
30,2558.5
16,2558.8
15,2559.0
17,2559.2
25,2559.4
24,2559.5
12,2559.5
31,2561.9
27,2562.2
10,2562.5
26,2563.1
13,2563.4
14,2564.9
15,2565.4
24,2565.5
30,2565.5
12,2565.6
25,2565.9
16,2567.2
21,2568.0
27,2568.1
18,2568.5
10,2569.8
13,2570.1
31,2570.5
3,2571.2
24,2571.3
25,2572.1
15,2572.3
12,2572.7
30,2572.7
23,2573.9
27,2573.9
26,2576.1
3,2576.9
24,2576.9
13,2577.8
16,2578.3
18,2578.6
25,2578.7
23,2579.5
27,2579.6
4,2581.2
24,2582.9
3,2583.0
30,2584.3
15,2584.4
8,2584.4
26,2584.5
27,2585.3
23,2585.6
25,2586.1
12,2586.6
18,2587.4
31,2588.1
6,2588.2
4,2588.5
24,2589.0
3,2589.3
8,2589.9
27,2591.0
14,2592.3
13,2592.6
23,2593.4
25,2593.4
12,2593.7
26,2594.4
18,2594.5
4,2595.1
24,2595.2
31,2595.8
6,2596.2
8,2596.2
3,2597.0
5,2597.9
12,2599.8
25,2600.0
14,2600.1
13,2601.2
24,2601.3
17,2602.0
18,2602.1
30,2602.5
4,2602.7
5,2603.2
23,2603.3
31,2604.0
12,2605.7
25,2606.5
24,2607.4
6,2607.4
8,2607.5
17,2607.6
10,2608.3
5,2608.5
3,2609.9
14,2610.3
31,2611.2
12,2611.7
25,2612.7
24,2613.7
13,2613.8
5,2613.9
17,2614.1
23,2614.4
8,2614.6
30,2615.4
10,2616.1
14,2617.8
12,2618.3
4,2618.5
25,2618.9
31,2618.9
5,2619.6
3,2620.0
6,2620.4
15,2620.5
27,2620.5
13,2620.8
17,2621.0
23,2621.6
8,2621.7
24,2621.9
30,2622.9
10,2622.9
1,2623.7
14,2624.7
5,2625.5
25,2625.8
27,2625.8
4,2626.3
31,2626.5
13,2626.9
3,2627.0
23,2627.8
17,2627.9
10,2629.1
15,2629.1
12,2629.3
30,2629.4
21,2630.3
6,2631.0
8,2631.4
27,2631.8
5,2632.0
26,2632.2
14,2632.4
3,2633.0
13,2633.0
23,2633.8
4,2633.9
30,2635.4
10,2635.9
25,2635.9
17,2636.0
15,2636.7
31,2636.8
24,2638.2
5,2638.3
8,2638.9
14,2639.0
13,2639.1
26,2639.2
21,2639.5
27,2639.5
23,2639.9
4,2641.1
30,2641.2
10,2642.8
17,2644.0
5,2644.3
13,2644.8
14,2645.0
26,2645.1
8,2645.3
18,2645.5
24,2645.6
23,2645.7
25,2646.3
2,2646.5
15,2646.6
30,2646.9
6,2649.0
4,2649.6
10,2650.2
5,2650.5
13,2650.6
17,2650.7
12,2651.0
26,2651.3
14,2651.3
8,2651.4
23,2651.5
2,2651.7
16,2652.1
27,2652.3
30,2652.5
24,2653.2
18,2653.7
25,2655.1
31,2655.3
13,2656.2
15,2656.4
17,2656.9
5,2657.4
8,2657.5
23,2657.8
12,2657.9
10,2658.2
30,2658.3
14,2658.6
26,2658.6
27,2659.2
16,2660.5
18,2661.8
13,2661.9
17,2663.1
12,2664.0
31,2664.1
8,2664.2
30,2664.4
15,2664.8
21,2665.0
27,2665.2
5,2665.2
10,2665.2
23,2665.5
14,2665.7
24,2665.8
4,2667.5
13,2667.7
25,2668.1
18,2669.5
17,2669.7
12,2670.0
30,2670.4
31,2671.1
27,2671.6
16,2672.2
5,2672.2
10,2672.2
14,2672.5
23,2672.7
13,2673.5
21,2673.5
8,2675.6
15,2675.7
12,2675.8
30,2676.1
26,2676.1
4,2676.4
18,2677.5
31,2677.6
6,2677.9
27,2678.0
23,2678.9
5,2679.2
13,2679.3
14,2679.9
17,2680.3
30,2681.8
4,2683.1
10,2683.7
25,2683.8
24,2683.9
27,2684.3
31,2684.4
23,2684.6
21,2684.7
13,2685.7
6,2687.2
30,2687.2
15,2687.5
18,2688.0
4,2689.4
5,2689.9
2,2690.0
27,2690.8
25,2692.3
24,2692.6
30,2692.8
31,2694.1
2,2695.5
8,2696.3
4,2696.9
13,2697.0
27,2697.4
5,2698.3
30,2698.6
25,2699.1
24,2700.2
6,2700.6
31,2701.0
2,2701.6
27,2703.6
8,2704.0
30,2704.4
18,2704.7
15,2705.0
25,2705.2
5,2705.4
21,2705.6
24,2706.6
17,2706.6
2,2707.8
6,2708.7
27,2709.7
8,2710.3
5,2711.6
24,2712.8
21,2713.5
15,2713.5
18,2713.5
4,2713.6
10,2713.7
13,2713.8
2,2713.9
6,2715.7
14,2715.8
17,2716.3
8,2716.3
24,2719.1
2,2719.7
26,2719.7
16,2720.3
18,2720.4
4,2720.6
13,2722.0
8,2722.3
21,2722.7
6,2722.8
24,2725.3
15,2725.4
2,2725.8
4,2726.5
18,2727.2
26,2727.3
8,2728.3
13,2729.3
10,2730.1
17,2730.2
24,2731.6
2,2731.9
6,2732.2
4,2732.9
14,2733.6
8,2734.5
26,2734.5
13,2736.3
10,2737.2
17,2737.5
18,2737.8
24,2737.8
2,2737.9
4,2739.4
8,2740.5
6,2741.4
26,2741.6
10,2743.2
17,2743.6
30,2743.6
2,2743.8
13,2744.7
4,2745.5
21,2746.4
16,2746.4
8,2746.6
18,2746.8
30,2748.8
31,2749.2
10,2749.3
17,2749.4
2,2749.7
5,2750.5
6,2750.5
26,2751.0
4,2751.5
8,2752.7
18,2754.1
15,2754.2
30,2754.3
31,2754.7
16,2755.0
5,2755.8
10,2756.2
4,2757.3
26,2758.4
8,2758.7
30,2760.0
31,2760.3
18,2760.5
15,2761.1
5,2761.6
16,2762.5
10,2763.5
8,2764.6
30,2765.3
31,2766.0
26,2766.1
18,2766.3
15,2767.2
13,2767.5
5,2768.2
14,2768.9
8,2770.3
30,2770.7
31,2771.6
18,2771.9
16,2772.0
10,2772.3
15,2773.0
13,2775.3
8,2776.1
30,2776.4
14,2776.6
6,2776.7
31,2777.2
21,2778.8
15,2779.0
26,2779.0
10,2779.5
5,2780.4
8,2782.1
18,2782.5
30,2782.9
13,2784.5
6,2784.6
17,2784.6
14,2784.8
15,2785.6
10,2786.9
21,2788.7
30,2789.1
8,2789.3
17,2790.4
5,2790.6
6,2794.0
30,2795.1
26,2795.6
8,2796.3
17,2797.3
15,2798.0
18,2798.0
14,2798.0
24,2798.3
10,2799.2
5,2799.5
30,2801.1
31,2802.2
8,2802.9
18,2803.2
24,2803.8
26,2804.8
21,2805.4
5,2806.3
10,2806.4
30,2806.9
13,2807.9
8,2809.6
24,2810.0
5,2812.6
21,2813.4
10,2813.4
26,2815.2
17,2817.9
6,2818.6
8,2818.7
5,2818.9
24,2819.2
13,2820.1
14,2822.1
10,2822.9
21,2823.2
26,2824.0
25,2824.1
5,2826.3
17,2826.4
31,2827.6
13,2829.1
25,2829.6
26,2830.8
8,2830.9
31,2832.8
21,2833.0
25,2835.6
23,2836.7
26,2836.9
30,2837.0
31,2838.5
27,2838.8
17,2838.9
8,2839.6
15,2839.9
23,2842.2
30,2842.5
26,2842.7
21,2843.3
18,2843.4
22,2844.1
25,2844.4
31,2844.4
27,2844.4
23,2848.2
15,2848.3
26,2848.5
30,2848.7
18,2849.0
22,2849.6
27,2850.0
31,2850.5
13,2851.0
8,2852.4
5,2853.5
18,2854.6
26,2854.7
21,2854.8
30,2854.9
22,2855.5
27,2855.8
23,2855.9
3,2856.6
31,2856.8
18,2860.6
26,2860.8
15,2861.0
30,2861.1
5,2861.1
22,2861.5
3,2862.4
8,2862.7
27,2862.8
31,2863.1
21,2863.2
17,2864.2
4,2864.9
16,2865.2
26,2867.0
30,2867.4
22,2867.9
6,2868.4
23,2869.0
5,2869.2
27,2869.5
18,2869.6
3,2870.1
31,2870.3
8,2871.7
17,2872.3
26,2873.3
16,2874.0
15,2874.9
30,2875.7
27,2875.8
21,2876.4
23,2876.8
31,2877.5
22,2878.1
6,2878.6
18,2879.0
14,2879.4
13,2879.6
27,2881.4
26,2881.6
20,2882.0
15,2883.3
17,2883.3
10,2884.2
31,2884.4
23,2885.4
3,2885.7
30,2885.9
22,2886.0
14,2887.1
6,2887.6
13,2888.8
1,2889.2
4,2889.9
15,2890.0
31,2890.8
27,2892.1
10,2892.3
5,2892.6
22,2893.2
14,2893.7
30,2893.9
1,2895.0
4,2895.5
6,2895.6
15,2896.1
24,2896.3
25,2896.3
3,2896.3
8,2896.7
13,2897.0
31,2897.1
27,2897.5
17,2897.9
22,2900.0
14,2900.0
18,2900.8
30,2901.2
4,2902.0
15,2902.1
1,2902.3
26,2902.6
27,2903.1
5,2903.3
10,2904.1
25,2904.2
31,2904.3
24,2904.5
23,2906.2
22,2906.3
14,2906.5
9,2906.5
13,2906.7
6,2906.9
8,2907.1
15,2908.2
17,2908.5
27,2908.7
30,2909.5
18,2910.5
3,2911.1
5,2911.5
9,2912.0
22,2912.7
27,2914.3
25,2914.4
31,2915.4
14,2915.7
15,2915.9
20,2916.0
24,2916.2
1,2918.0
4,2918.2
5,2918.3
18,2918.9
3,2919.8
27,2920.2
22,2920.3
9,2922.6
5,2924.6
1,2926.2
27,2927.1
4,2927.3
9,2927.9
18,2928.3
10,2928.7
3,2928.9
5,2931.1
12,2931.6
1,2932.9
23,2933.2
3,2935.8
6,2936.7
10,2936.8
12,2937.3
4,2937.4
17,2938.0
16,2938.1
27,2938.5
1,2939.1
5,2940.4
23,2941.0
3,2941.8
26,2942.3
8,2943.0
12,2943.7
4,2944.3
18,2944.7
31,2944.7
25,2945.6
17,2946.4
27,2946.5
6,2946.5
16,2946.8
10,2947.4
3,2947.7
23,2948.7
8,2949.8
26,2949.9
4,2950.5
12,2950.7
3,2953.3
13,2953.7
25,2953.8
27,2954.3
10,2954.7
18,2955.5
8,2955.8
23,2956.1
4,2956.4
6,2956.9
26,2958.0
5,2958.2
17,2958.4
16,2959.6
30,2959.9
12,2960.5
25,2961.3
8,2962.1
27,2962.3
13,2962.5
4,2962.5
10,2962.6
15,2962.7
23,2962.8
14,2967.2
31,2968.2
12,2968.4
30,2968.5
4,2969.1
23,2969.1
3,2969.2
27,2969.5
8,2970.1
15,2971.0
25,2971.1
26,2971.9
20,2974.0
3,2974.5
23,2975.6
12,2975.7
27,2976.7
30,2976.9
5,2977.6
22,2977.7
31,2977.8
8,2977.9
18,2979.3
26,2979.4
20,2979.7
15,2979.7
3,2980.4
4,2980.9
23,2982.0
12,2982.3
30,2983.7
20,2985.1
13,2986.5
14,2986.6
15,2986.8
22,2986.8
27,2987.0
26,2987.2
8,2987.4
5,2987.9
3,2988.0
23,2988.1
18,2988.2
12,2989.0
30,2989.7
20,2990.7
25,2991.4
15,2994.1
22,2994.3
23,2994.4
8,2994.7
14,2994.8
31,2995.0
12,2995.4
30,2995.6
13,2995.7
20,2995.9
27,2996.9
3,2997.9
