134,25.5
212,29.9
67,29.9
206,31.7
361,32.0
313,32.3
71,32.5
178,32.9
163,33.5
357,33.9
18,34.1
59,34.3
0,34.6
267,34.8
96,36.4
172,37.0
180,37.2
24,37.3
308,37.3
268,37.4
62,37.7
229,38.1
19,38.7
60,38.8
61,38.9
309,39.1
360,39.4
69,39.8
205,39.8
31,39.9
156,40.1
353,40.2
84,41.0
17,41.7
319,41.8
158,42.0
33,42.2
359,42.3
261,43.1
173,43.6
39,43.8
293,43.9
88,44.4
76,44.6
119,44.8
320,44.8
108,45.0
130,45.1
214,45.7
182,45.9
255,46.1
218,46.3
184,46.4
302,46.7
164,47.2
368,47.5
170,47.5
63,48.0
3,48.0
207,49.8
349,49.9
86,50.0
266,50.1
339,50.2
29,50.5
311,50.6
351,50.8
34,51.0
350,51.0
41,51.1
310,51.2
105,51.2
129,51.4
279,51.5
123,51.7
157,51.8
305,51.9
45,52.1
366,52.7
228,52.8
32,52.9
367,53.7
53,53.8
355,55.2
291,55.7
30,55.7
109,55.9
278,56.4
201,57.5
137,58.2
348,58.3
307,58.6
67,58.8
78,59.0
227,59.2
113,59.3
211,59.8
125,59.9
100,60.2
361,60.4
134,61.2
210,61.5
265,61.9
159,65.9
60,67.1
18,67.5
225,70.4
178,71.1
334,71.1
0,71.5
149,72.5
36,73.0
298,73.3
206,74.0
71,74.1
296,74.4
303,74.5
74,74.7
61,74.9
156,74.9
15,75.1
267,75.3
345,76.0
212,76.1
313,76.2
163,76.2
246,77.2
193,77.3
112,77.6
229,77.6
301,77.9
59,78.0
96,78.1
357,78.2
208,78.2
152,78.6
360,79.0
275,79.1
300,79.1
180,79.3
268,79.9
12,80.0
281,80.2
169,80.2
376,80.8
19,81.0
359,81.1
31,81.5
320,81.7
167,81.8
218,82.3
17,82.5
202,82.5
39,84.7
372,84.9
370,85.3
332,86.2
33,86.6
84,87.0
88,89.0
67,96.2
247,98.2
308,98.4
182,99.7
365,100.2
76,100.6
38,101.4
151,103.3
157,103.5
305,103.8
311,104.6
130,104.9
89,105.7
258,107.0
176,107.2
34,107.8
319,108.1
361,108.3
45,108.7
87,109.5
86,109.6
75,109.6
270,109.8
221,110.2
32,110.2
310,111.2
0,111.3
357,112.0
339,113.7
18,113.8
212,114.9
105,115.0
101,115.2
291,115.3
377,115.5
200,116.0
15,116.5
210,116.6
353,116.7
297,117.4
318,117.4
137,117.5
196,118.3
100,118.7
5,119.6
211,120.0
256,120.2
193,121.3
30,121.9
59,122.5
172,123.8
25,124.8
350,125.4
262,125.6
1,126.5
96,126.7
36,126.7
123,127.1
300,127.2
366,127.8
61,127.9
202,128.3
242,128.3
293,130.0
27,131.1
349,131.3
205,133.6
288,134.4
67,135.0
40,135.4
206,136.3
76,136.7
365,137.3
39,137.4
359,137.7
29,138.3
368,138.3
378,138.5
218,140.0
355,140.2
63,140.5
176,141.6
133,141.7
41,141.9
46,141.9
351,141.9
255,142.3
182,142.4
321,142.5
137,142.6
201,142.7
20,142.7
247,143.7
119,143.9
128,144.1
134,144.4
19,145.3
38,145.7
236,145.9
130,146.4
203,146.6
97,147.1
184,147.4
310,147.5
361,148.3
221,148.5
311,148.6
104,148.8
322,148.9
258,149.1
228,149.1
32,149.2
353,149.4
18,149.5
339,149.6
113,150.1
316,150.2
53,150.4
60,151.2
226,151.3
291,151.3
360,151.9
163,152.5
256,153.5
229,153.7
64,154.0
157,157.5
100,163.6
307,164.6
154,165.7
252,167.3
25,168.2
172,168.9
210,169.6
125,169.7
149,170.4
156,171.9
105,172.8
0,173.3
293,173.6
200,173.7
345,174.4
193,175.0
96,175.3
2,175.9
71,177.2
24,177.4
308,177.7
349,178.3
205,178.4
67,178.5
158,178.5
268,178.5
211,178.7
30,179.3
59,180.0
11,180.0
296,180.3
212,181.9
245,182.2
61,182.3
87,184.8
74,186.0
206,186.0
313,186.4
353,186.5
279,186.8
15,187.3
246,187.3
361,187.3
368,187.4
88,187.4
218,187.9
311,188.0
86,188.0
367,188.2
182,188.6
130,188.6
89,189.1
75,189.1
184,189.4
300,189.4
39,189.7
36,189.8
168,190.0
376,190.1
339,190.2
242,190.3
291,190.5
137,190.5
76,190.7
79,190.8
201,191.2
176,191.5
377,191.8
113,191.9
20,192.0
167,192.1
45,192.2
202,192.3
310,192.3
366,192.4
272,192.4
104,192.5
258,192.8
351,193.0
38,193.0
289,193.1
22,193.1
261,193.5
132,194.1
357,194.4
298,194.5
274,194.7
255,194.9
316,195.0
18,195.2
169,195.6
33,195.6
64,197.0
359,197.2
120,197.2
53,197.7
318,198.6
314,200.5
60,201.0
32,202.5
72,202.6
355,204.1
157,204.8
134,205.1
365,207.2
111,207.3
19,208.5
7,212.0
230,212.9
247,213.0
267,213.3
67,213.5
319,214.7
305,214.7
172,215.2
226,215.4
178,216.3
180,216.5
34,216.6
129,216.6
373,217.0
163,217.6
309,218.4
278,218.7
40,218.8
320,218.8
84,218.8
151,219.4
17,219.7
308,219.8
177,221.4
39,221.6
378,222.0
266,222.9
31,223.0
109,223.2
212,223.6
77,223.6
74,223.8
0,224.1
275,224.4
71,224.5
29,226.1
268,226.7
86,227.3
348,227.3
256,227.5
18,227.9
303,227.9
291,228.5
258,228.8
108,229.0
156,229.0
313,229.2
310,229.8
221,231.1
311,231.2
130,231.2
218,231.9
169,232.0
25,232.2
161,232.5
361,232.6
255,232.9
271,233.4
339,233.9
100,234.7
248,234.7
227,234.9
60,235.1
53,235.4
206,235.6
287,235.9
193,236.2
167,236.4
372,236.4
24,236.7
131,236.8
229,236.8
15,237.3
349,237.3
38,237.4
132,237.4
288,237.5
377,238.4
33,238.5
36,238.5
334,239.4
376,239.6
176,239.8
133,239.8
141,239.8
97,240.6
357,240.9
225,241.1
75,241.2
270,241.3
154,241.4
371,242.0
351,242.3
12,242.3
353,242.6
205,242.8
90,242.8
171,243.3
363,243.4
178,243.5
359,243.6
125,243.9
366,244.0
327,244.0
183,244.0
120,244.3
162,244.6
34,244.9
182,244.9
281,245.0
134,245.0
69,245.1
280,245.4
300,245.7
143,245.9
137,245.9
101,246.0
289,246.8
127,247.2
272,247.5
335,247.5
279,247.9
67,248.6
332,248.8
88,249.1
370,249.8
365,250.8
13,251.3
89,252.0
172,252.3
298,252.4
9,252.7
184,252.7
135,253.0
367,253.1
0,253.3
41,253.5
186,253.7
212,253.8
321,254.1
261,254.3
59,254.6
296,254.9
308,254.9
86,255.2
323,255.2
246,255.6
2,255.8
309,255.8
31,256.0
200,256.8
87,257.2
27,257.4
45,257.6
202,257.6
72,257.9
214,258.4
314,259.5
228,259.8
71,260.0
20,260.6
360,260.6
74,260.9
319,260.9
291,261.6
368,262.1
297,262.1
96,262.4
105,262.5
305,262.6
61,262.6
99,262.6
258,262.8
316,263.0
211,263.4
302,263.4
156,263.6
313,263.9
64,265.0
229,265.3
160,265.7
350,266.5
311,266.6
268,266.6
345,266.9
206,267.2
19,267.2
149,267.2
218,267.4
130,268.8
295,269.1
353,269.1
194,269.3
339,269.3
210,270.0
15,270.5
307,271.2
357,272.2
361,273.0
76,278.0
151,278.7
33,279.2
176,279.9
255,280.4
182,282.3
36,283.0
193,283.1
376,283.1
39,283.4
169,283.7
18,285.3
178,286.8
134,287.9
212,288.0
272,288.4
67,289.7
227,290.3
136,290.6
267,291.5
204,292.2
137,292.6
163,293.4
59,294.4
40,294.5
180,295.5
0,296.1
226,296.4
172,297.0
322,297.2
133,297.9
60,298.5
112,298.5
157,298.7
47,299.5
96,299.6
332,299.7
378,300.3
38,300.5
367,300.6
229,300.6
125,301.0
88,301.5
365,302.7
225,302.8
92,302.9
334,303.3
274,303.4
206,303.9
31,304.3
353,304.3
184,304.4
281,304.4
361,305.2
372,305.7
316,305.7
359,305.9
319,306.2
129,306.4
29,306.4
320,307.2
279,307.4
366,307.7
310,308.4
221,308.5
74,308.9
84,309.0
381,309.1
276,310.0
355,310.2
76,310.4
373,311.7
339,312.8
130,312.9
34,313.4
246,313.7
275,315.2
77,315.3
300,316.1
305,316.7
202,317.3
313,319.3
71,319.4
291,319.5
258,319.7
309,320.3
61,320.3
72,321.1
182,321.3
18,322.0
8,322.0
193,322.3
242,322.7
311,322.7
59,323.1
176,323.3
201,323.4
351,323.9
109,324.0
218,325.1
19,326.6
211,326.7
39,327.3
368,327.7
36,328.3
105,328.5
293,329.2
212,329.5
247,329.8
303,330.0
245,330.9
67,331.2
20,331.7
58,332.0
350,332.3
86,332.4
357,332.6
134,332.8
172,333.5
200,334.4
137,334.8
32,335.3
0,335.4
119,335.4
267,335.7
15,336.7
30,337.4
156,339.9
90,339.9
361,340.7
40,341.5
360,341.8
365,342.9
210,343.1
25,344.0
151,344.9
377,345.1
296,345.1
178,345.3
157,345.8
287,345.8
248,347.7
308,347.8
297,351.4
305,351.6
17,351.9
132,352.4
206,353.1
169,353.1
268,353.4
60,353.5
33,354.7
75,354.8
270,355.0
64,355.5
34,356.4
320,356.9
262,357.0
258,359.6
74,359.9
255,360.0
123,360.5
229,361.0
353,361.1
214,362.0
300,362.6
31,362.8
218,363.0
127,363.0
87,364.1
205,365.1
18,365.9
108,366.6
61,366.6
182,367.0
172,367.0
302,367.4
359,368.1
109,368.4
71,369.4
226,369.5
260,369.7
84,370.0
152,370.1
78,370.1
20,370.4
130,370.5
88,371.2
311,371.4
303,371.5
211,372.0
41,372.6
356,373.0
366,373.7
228,374.4
261,374.4
319,375.1
298,375.4
307,375.5
368,376.3
328,376.6
156,376.8
309,377.0
357,377.4
361,378.1
376,378.6
164,378.8
113,379.1
67,379.1
12,379.5
45,379.6
15,379.6
105,379.8
316,380.0
295,380.4
184,380.6
341,381.1
289,381.2
241,381.4
125,382.2
212,382.3
291,382.5
367,382.6
86,382.8
335,383.3
177,383.6
60,383.9
133,384.2
351,385.4
178,386.1
13,386.2
141,386.4
89,388.4
310,388.8
332,389.2
272,389.7
0,401.9
176,405.5
160,406.2
36,406.3
201,407.6
170,409.3
197,410.1
293,410.8
5,410.8
196,411.9
205,412.3
2,413.4
194,415.2
318,415.6
199,416.1
357,416.1
137,416.3
300,416.6
59,416.8
311,417.0
298,417.2
202,417.3
151,417.4
109,418.1
218,418.6
86,419.2
212,419.6
193,420.1
308,420.3
337,420.8
67,420.9
45,421.0
247,421.0
60,421.0
376,421.3
101,421.5
104,421.5
90,421.8
172,422.0
182,422.0
169,422.5
291,422.5
313,422.6
227,423.3
76,423.6
377,423.7
17,423.8
99,423.9
366,424.2
88,424.3
89,424.4
18,424.4
246,424.7
248,424.7
279,425.0
353,425.2
38,425.4
296,425.5
157,425.5
153,425.8
12,426.0
210,426.1
19,426.1
64,426.5
96,426.6
370,427.0
108,427.3
15,427.4
131,427.4
268,427.5
24,427.5
75,427.9
25,428.5
365,428.9
178,429.3
149,429.4
305,429.5
125,429.8
345,430.0
158,430.5
133,431.0
289,431.4
349,431.7
11,431.9
229,432.0
334,433.5
111,434.2
242,434.9
53,435.4
258,454.5
36,455.4
310,456.7
181,456.9
332,457.5
182,457.6
365,459.3
376,461.1
366,461.2
133,461.3
176,461.6
270,461.7
143,462.3
137,462.8
335,463.3
38,463.3
327,464.0
372,464.0
377,464.8
314,464.8
127,465.0
135,465.9
291,466.6
378,467.1
255,468.1
7,468.3
79,468.5
90,469.1
169,469.3
33,469.7
321,469.8
323,470.0
186,470.6
74,470.7
34,471.0
27,471.2
20,471.3
13,471.3
31,471.6
226,472.5
40,472.5
272,472.8
300,473.4
353,474.3
351,475.5
311,475.5
212,475.8
261,475.9
268,476.0
172,477.1
130,477.7
59,477.9
201,478.1
357,478.2
0,478.3
368,478.3
71,478.5
298,478.6
75,478.9
15,479.5
120,479.6
184,480.6
313,480.7
339,481.1
175,481.3
134,481.5
367,482.2
104,482.4
141,482.5
246,483.2
86,483.3
18,483.5
67,483.6
229,484.0
178,484.8
39,485.6
193,488.2
287,488.4
205,488.7
88,490.1
73,490.2
29,495.3
206,495.3
361,499.7
221,500.6
365,500.8
308,502.1
9,502.1
291,502.8
61,503.4
60,503.6
169,503.7
101,504.4
137,504.7
289,504.8
305,505.3
99,505.5
203,506.5
378,507.2
17,507.4
288,508.2
161,508.2
74,508.4
163,508.5
177,508.8
19,509.0
310,509.3
97,509.8
370,510.8
211,511.2
322,511.2
0,511.2
31,511.4
247,512.4
134,513.2
267,513.4
300,513.6
109,513.9
311,514.3
200,514.6
13,515.6
357,515.9
67,516.3
71,516.9
246,517.2
156,517.6
313,517.7
157,517.9
256,518.0
202,518.7
96,520.3
349,520.5
268,521.3
339,521.9
100,522.3
353,522.3
337,522.6
7,522.8
193,523.2
295,523.4
212,524.9
59,525.7
38,526.2
182,527.2
376,527.5
229,528.7
33,529.2
316,531.2
133,531.2
127,531.8
143,532.6
178,533.3
227,534.6
87,535.1
141,536.2
332,536.6
136,539.2
36,542.1
226,544.6
281,546.4
334,546.8
5,547.0
176,547.4
47,547.9
377,548.0
372,548.5
34,548.7
221,549.2
137,549.5
272,549.5
365,549.9
79,549.9
169,550.1
76,550.3
86,551.1
39,551.2
270,551.3
378,552.1
258,552.4
75,552.5
40,552.7
320,553.3
291,553.4
327,554.1
298,554.7
321,555.0
80,555.1
361,555.3
0,556.9
90,556.9
323,557.0
287,557.2
111,557.5
212,557.8
18,558.3
27,558.3
138,558.5
200,558.8
33,559.4
171,560.5
186,560.8
134,560.9
193,562.2
310,563.2
38,563.9
373,564.9
59,566.0
366,566.4
349,567.2
15,567.3
300,567.6
314,569.2
161,569.3
376,570.4
339,571.2
211,577.0
89,579.7
370,581.5
182,584.9
1,587.6
87,589.3
293,591.9
36,596.6
176,596.6
127,598.3
5,598.8
201,599.0
104,599.3
196,600.7
270,601.0
200,601.4
170,601.6
172,602.3
59,602.6
193,602.9
288,603.7
291,604.1
212,604.2
258,604.2
246,604.3
256,604.5
0,604.9
97,605.4
305,606.0
242,606.5
18,606.5
310,606.6
377,607.0
17,607.4
298,607.5
109,607.5
205,607.8
110,607.9
351,607.9
357,608.0
303,608.2
376,608.2
151,608.2
58,608.2
34,608.9
349,608.9
194,609.2
147,609.2
33,609.5
67,609.5
111,609.5
365,609.6
132,609.9
218,609.9
7,610.0
53,610.1
320,610.1
268,610.3
229,610.8
108,610.9
158,611.1
61,611.2
372,611.3
202,611.3
319,611.3
169,611.5
300,611.9
11,612.1
45,612.4
143,612.4
266,612.7
366,612.8
337,613.0
12,613.0
308,613.1
255,613.5
38,613.5
214,613.5
178,613.5
332,613.8
55,613.9
60,613.9
260,613.9
248,614.1
313,614.2
221,614.3
206,614.4
363,614.7
71,614.7
31,614.9
74,614.9
22,615.1
197,615.5
88,615.7
225,615.8
163,616.0
309,616.1
19,616.8
311,617.0
287,617.4
261,617.8
335,619.8
4,620.3
334,620.6
160,620.8
156,620.9
130,621.0
134,621.1
281,622.0
182,622.2
199,624.9
247,625.2
24,627.3
228,636.3
226,636.8
184,638.7
367,640.1
41,641.1
67,641.8
229,641.8
282,642.0
133,642.1
357,642.2
177,642.8
378,643.5
360,643.9
361,644.2
178,644.4
172,644.5
152,644.8
207,644.9
31,645.0
206,645.2
267,645.3
82,645.4
201,645.4
3,645.4
368,645.7
18,645.9
20,646.0
203,646.4
339,646.9
328,647.2
322,647.8
130,647.8
88,647.9
170,647.9
351,648.0
7,648.3
180,648.8
291,649.1
74,649.3
310,649.4
218,649.5
109,649.7
271,649.8
353,650.0
60,650.0
33,650.2
104,650.4
17,650.5
134,650.6
255,650.6
216,650.7
319,650.7
169,651.0
0,651.1
175,651.8
39,651.8
359,652.0
221,652.1
256,652.2
156,652.2
73,652.2
167,652.4
157,652.4
365,653.0
355,653.3
301,653.3
25,653.4
320,653.7
84,653.9
311,654.2
317,654.4
161,654.4
258,654.6
225,654.9
303,655.0
64,655.0
194,655.8
366,655.8
275,656.6
260,657.0
61,657.7
208,657.8
269,658.1
211,658.6
15,658.6
332,659.8
100,660.0
193,668.9
300,669.2
19,670.2
96,671.5
76,673.2
298,675.3
112,675.7
18,676.0
59,676.9
212,677.3
99,678.9
261,680.5
337,680.6
128,681.4
182,681.7
169,682.5
134,683.5
176,683.6
137,684.5
33,684.5
39,684.7
305,685.1
246,685.3
40,685.8
230,686.1
34,687.1
80,687.3
226,687.4
329,687.4
377,687.4
120,687.5
309,687.5
178,687.9
308,688.1
359,688.3
361,688.8
360,689.1
291,689.1
67,689.2
357,689.2
353,689.5
373,689.6
247,690.2
72,690.4
345,690.4
130,690.6
316,691.4
60,691.6
149,692.3
295,692.4
86,692.6
157,692.7
188,692.7
365,693.2
88,694.3
319,694.7
105,694.9
369,695.2
45,697.1
339,699.6
151,701.1
36,701.5
366,702.2
202,702.5
310,703.5
38,704.8
279,704.9
229,705.3
210,705.3
101,705.7
300,705.7
79,707.2
0,707.5
297,707.6
84,708.8
76,709.3
302,710.3
320,710.3
225,710.4
262,711.6
8,711.6
78,712.0
71,712.6
350,712.7
111,713.3
258,714.2
18,714.8
356,715.2
242,715.2
260,715.5
305,716.1
206,716.4
169,717.1
313,718.0
193,718.0
34,718.2
39,718.5
87,720.0
61,720.3
17,720.5
248,720.6
33,721.7
246,723.0
376,723.1
74,723.9
123,724.2
211,724.4
361,724.5
218,724.6
370,725.4
270,726.6
176,727.3
141,728.0
182,729.4
219,729.7
227,729.9
129,730.0
365,730.3
77,730.4
230,730.5
213,730.8
371,731.6
183,731.6
275,731.7
178,732.7
86,733.2
268,733.3
59,734.1
359,734.7
280,735.5
121,735.9
278,737.1
38,738.6
72,739.3
30,739.5
310,741.4
355,741.4
368,741.9
377,742.1
151,742.3
76,742.6
291,743.0
255,743.3
20,744.7
130,745.6
120,748.8
373,750.0
258,750.7
256,751.9
7,752.4
18,753.1
305,755.0
366,756.3
169,757.4
45,758.7
34,764.0
39,764.4
104,765.7
339,770.2
38,770.2
230,771.7
176,772.0
278,772.4
79,773.4
137,774.0
353,774.0
369,776.8
64,777.5
5,778.3
0,778.6
101,779.0
359,779.3
196,779.7
308,780.2
171,781.1
349,781.5
377,781.7
53,781.7
357,781.8
201,781.9
172,782.1
261,782.4
163,782.5
22,783.0
291,783.1
120,783.4
310,783.9
67,783.9
72,785.3
162,785.5
279,785.6
178,785.7
33,786.4
268,786.6
293,786.6
358,786.7
84,787.1
134,787.3
19,787.4
266,787.5
30,787.6
199,787.8
248,788.1
223,788.2
255,788.3
368,788.6
86,788.7
271,788.8
130,789.2
87,789.3
170,789.3
229,790.1
206,790.3
88,790.4
39,790.8
182,791.2
272,791.4
113,791.5
221,791.7
256,792.0
20,792.3
73,792.3
169,792.6
7,792.6
311,792.9
141,792.9
76,793.0
29,793.0
129,793.3
4,793.3
275,793.8
228,793.9
194,793.9
184,794.1
227,794.3
89,794.3
41,794.9
197,795.1
280,795.3
211,795.7
361,795.8
207,796.6
334,796.9
382,797.5
226,798.5
332,798.7
31,798.7
374,798.9
188,799.3
34,799.9
36,801.0
82,801.5
45,802.1
288,802.2
200,803.3
366,803.9
316,804.7
192,805.1
376,805.9
258,806.0
97,807.0
212,807.3
339,807.5
365,809.6
300,809.6
59,809.7
104,809.7
318,809.7
111,809.8
202,810.5
147,810.8
193,811.5
0,811.8
351,812.9
132,814.2
205,816.1
246,816.7
289,817.1
158,818.1
17,818.1
291,818.5
357,818.9
24,819.7
261,820.8
172,820.9
337,821.6
308,822.2
2,822.2
309,822.3
71,822.4
74,822.8
67,822.8
206,823.2
349,823.3
353,823.4
156,823.6
293,823.8
313,824.5
108,825.0
335,825.4
96,825.4
367,825.8
343,826.1
178,826.1
13,826.3
153,826.5
61,827.0
268,827.0
260,827.1
62,827.5
201,827.5
311,828.2
31,828.7
163,828.8
218,829.0
170,829.1
305,830.1
69,830.3
176,830.3
195,830.7
216,830.7
58,831.3
298,832.1
60,832.6
177,834.5
99,835.2
11,835.6
109,835.6
242,837.3
255,837.3
157,837.3
211,837.3
134,837.6
204,837.7
377,838.0
226,838.2
248,839.2
184,840.0
272,840.2
80,841.4
329,841.9
300,842.0
230,842.3
321,842.4
33,843.0
22,843.2
137,843.9
79,844.1
28,844.6
378,845.7
19,845.7
88,846.2
39,846.3
130,846.9
18,846.9
38,847.1
85,847.9
246,848.0
365,848.5
229,848.7
0,848.9
182,849.2
247,849.5
228,849.6
193,849.7
45,850.1
59,850.2
76,850.5
36,851.3
169,851.3
200,852.1
310,853.0
221,853.1
291,853.4
53,853.5
308,853.6
86,853.8
212,855.4
41,855.8
370,856.2
9,856.3
101,857.6
202,858.0
225,858.2
17,858.4
8,858.6
121,858.9
289,858.9
339,860.2
376,861.1
274,862.1
288,862.2
151,862.6
227,862.6
5,862.7
89,863.1
357,863.2
74,863.4
205,863.5
279,863.5
196,864.2
161,864.7
311,864.9
13,866.4
7,866.5
296,866.6
305,866.7
141,868.4
194,869.4
20,869.6
31,871.1
368,872.8
300,873.3
87,873.4
268,875.1
258,876.1
34,876.8
248,877.5
33,877.9
366,878.4
353,879.1
39,880.0
169,880.0
61,880.4
38,880.4
71,880.6
79,881.1
88,881.2
218,881.4
361,881.6
255,881.9
320,882.6
76,882.8
84,884.3
377,884.4
176,884.7
310,884.8
120,886.2
211,886.2
229,886.4
206,888.2
359,888.3
30,888.9
365,889.1
182,889.8
370,890.7
223,890.9
378,893.3
137,895.0
67,895.9
40,896.0
86,896.3
303,897.1
134,897.2
109,897.4
19,897.8
18,898.4
356,898.8
260,899.0
226,900.8
78,903.2
247,903.2
302,904.0
201,904.1
45,904.3
119,904.5
32,904.6
46,904.8
17,905.0
55,905.1
157,905.7
350,906.7
311,907.9
305,908.0
60,908.2
236,909.2
368,909.3
41,911.0
327,911.3
130,911.4
12,913.8
376,914.3
87,914.5
218,915.4
29,915.5
351,915.5
279,916.9
3,917.3
186,917.5
152,917.7
63,918.2
141,918.7
205,919.6
38,920.6
74,920.9
266,921.0
178,921.7
184,921.8
127,922.2
20,922.2
34,922.7
291,922.7
359,923.0
278,923.0
203,923.6
230,923.9
322,924.3
39,924.5
7,924.5
31,924.7
353,925.0
104,925.1
72,925.2
267,925.7
367,925.9
298,926.1
348,926.1
228,926.4
339,926.7
313,927.2
177,927.2
172,928.2
365,928.3
33,928.5
59,928.5
88,928.5
361,928.8
316,929.0
67,929.2
18,929.2
169,929.3
180,929.8
275,930.0
268,930.0
120,930.2
84,930.6
175,931.1
371,931.3
229,931.4
134,931.5
357,932.7
71,932.7
206,934.9
320,935.2
163,935.9
355,937.3
255,937.3
96,937.7
60,937.8
308,938.6
360,939.2
108,939.7
157,941.2
293,941.2
62,941.3
19,942.2
64,942.4
156,942.8
0,944.1
300,945.3
210,946.2
130,947.4
246,947.6
202,947.6
261,949.3
296,949.3
158,949.4
212,949.8
86,950.0
112,950.3
160,950.6
182,950.7
11,951.4
349,951.5
24,952.2
310,952.9
345,953.3
105,954.6
125,954.7
61,955.4
201,956.2
247,956.4
309,956.4
332,957.3
178,957.5
319,962.2
76,962.9
357,964.2
366,966.0
32,966.6
18,967.1
33,968.8
89,969.1
258,970.2
134,970.7
376,970.9
176,971.2
169,972.4
172,974.9
59,975.0
287,975.2
270,976.3
151,976.3
320,976.5
67,976.6
365,976.7
137,977.7
267,978.8
272,980.5
372,981.7
40,984.3
355,984.4
212,985.7
310,988.6
361,990.3
39,990.8
71,991.7
291,992.5
367,993.0
368,994.3
279,994.4
0,995.1
350,995.5
184,1001.6
20,1002.3
88,1002.9
229,1003.7
31,1004.2
74,1004.5
274,1009.4
178,1011.9
84,1012.0
72,1012.0
359,1013.9
201,1018.5
311,1020.0
170,1020.5
172,1021.4
218,1021.5
293,1021.8
34,1022.5
61,1022.9
7,1024.2
36,1024.2
130,1024.3
206,1024.6
211,1024.9
268,1025.2
351,1025.5
86,1026.0
104,1026.1
266,1027.1
147,1027.2
109,1027.3
194,1027.8
205,1027.9
303,1027.9
275,1028.6
132,1029.0
17,1029.1
39,1029.2
58,1029.3
225,1029.3
228,1029.6
248,1029.7
289,1030.5
378,1031.1
348,1031.7
255,1031.9
30,1032.2
2,1032.3
193,1032.5
55,1032.5
33,1032.7
88,1033.0
366,1033.0
197,1033.2
300,1033.4
310,1033.5
156,1033.6
41,1033.6
19,1033.9
370,1034.0
60,1034.3
302,1034.4
261,1034.4
258,1034.6
229,1034.6
346,1034.8
108,1034.9
227,1035.0
182,1035.1
279,1035.6
169,1035.7
260,1036.1
31,1036.7
320,1036.8
71,1037.0
164,1038.2
45,1038.3
353,1039.2
79,1040.2
291,1041.1
376,1041.7
20,1041.7
12,1041.7
87,1042.6
308,1043.5
13,1044.0
361,1044.3
131,1046.5
153,1046.7
271,1051.1
22,1051.6
67,1052.9
377,1058.1
206,1063.3
205,1064.8
59,1065.5
176,1067.5
351,1067.9
25,1069.3
73,1069.9
201,1069.9
106,1070.0
36,1070.9
256,1072.6
339,1073.2
255,1074.0
104,1077.4
353,1079.0
7,1079.1
61,1079.8
258,1080.8
310,1081.4
343,1081.6
211,1082.2
15,1082.2
167,1082.3
38,1083.2
109,1083.3
17,1083.4
303,1083.6
120,1083.7
293,1084.2
207,1085.0
64,1086.3
75,1087.0
79,1087.5
268,1087.8
272,1088.1
291,1088.1
366,1088.5
311,1089.0
248,1089.4
218,1089.6
194,1089.8
34,1089.9
296,1090.0
300,1090.3
130,1090.6
132,1090.8
323,1091.6
289,1091.7
377,1092.4
361,1092.5
154,1092.5
270,1092.7
127,1092.8
53,1092.8
157,1092.9
171,1093.1
261,1093.4
287,1093.6
363,1093.9
147,1094.5
33,1094.6
372,1095.0
19,1095.2
39,1095.4
376,1095.7
172,1097.9
55,1098.4
252,1098.7
134,1099.0
156,1099.7
169,1100.4
60,1100.5
357,1101.0
170,1101.1
206,1102.2
71,1102.2
137,1103.7
125,1103.7
87,1104.1
113,1104.4
192,1104.6
89,1104.6
307,1104.8
67,1104.9
197,1105.2
178,1105.3
229,1105.5
84,1105.5
105,1105.6
86,1105.8
24,1106.0
0,1106.3
30,1106.7
210,1108.5
96,1108.5
368,1108.9
76,1109.1
212,1109.1
318,1109.4
201,1109.8
90,1110.0
32,1110.1
163,1110.2
334,1110.3
370,1110.3
88,1110.5
182,1110.5
4,1110.9
353,1111.2
133,1111.2
360,1111.3
359,1111.4
36,1111.4
61,1111.5
5,1111.8
45,1112.0
40,1112.8
247,1113.6
199,1113.7
335,1114.1
2,1114.3
25,1114.3
58,1114.5
202,1115.4
295,1115.5
176,1116.0
308,1116.1
196,1116.6
205,1116.7
227,1116.8
13,1117.0
332,1117.3
351,1118.1
365,1119.8
46,1120.3
59,1120.8
305,1121.3
246,1121.6
378,1122.0
160,1122.2
279,1123.0
135,1123.0
38,1123.4
181,1127.8
35,1128.3
92,1129.7
376,1130.1
291,1138.4
289,1140.3
300,1141.0
18,1141.2
253,1149.7
298,1150.5
337,1151.3
98,1151.6
99,1152.3
74,1152.6
293,1152.7
226,1152.7
28,1154.9
157,1155.2
177,1155.6
308,1155.9
153,1156.0
67,1157.3
246,1158.0
274,1158.1
85,1158.1
17,1158.4
172,1159.0
201,1159.3
60,1159.8
7,1160.0
104,1161.4
310,1161.5
377,1161.7
365,1162.9
108,1163.0
205,1163.8
169,1164.7
255,1166.0
20,1166.4
151,1166.7
130,1167.4
218,1167.6
2,1167.7
368,1167.8
351,1168.0
258,1168.2
230,1168.4
72,1168.5
302,1169.1
266,1169.7
39,1169.9
320,1170.0
367,1170.3
24,1170.7
178,1170.7
353,1171.2
359,1171.3
18,1171.3
182,1171.6
132,1171.6
366,1171.7
64,1171.8
176,1171.9
184,1172.0
22,1172.1
120,1172.1
268,1172.2
229,1172.4
84,1172.7
291,1172.8
212,1174.1
163,1174.1
34,1174.5
0,1174.8
129,1174.9
134,1175.4
309,1177.0
348,1178.0
71,1178.4
59,1178.4
350,1178.6
275,1178.7
355,1179.5
123,1179.7
30,1180.1
256,1181.2
61,1181.2
77,1181.4
211,1181.9
305,1182.1
109,1182.5
221,1183.1
58,1183.4
288,1183.7
152,1183.9
12,1184.0
349,1184.1
303,1184.3
200,1184.8
279,1185.0
33,1185.0
357,1185.2
97,1185.5
5,1185.9
160,1186.8
76,1186.9
311,1186.9
107,1187.7
196,1188.3
193,1188.3
247,1188.6
172,1189.0
1,1190.2
356,1190.3
101,1190.4
297,1190.7
67,1191.0
308,1192.8
262,1193.2
202,1195.0
74,1198.6
121,1199.6
151,1200.4
69,1200.9
177,1201.7
25,1203.1
246,1203.3
17,1203.8
157,1204.6
170,1206.3
156,1206.7
38,1206.7
165,1206.7
78,1207.2
361,1207.4
86,1207.6
125,1207.7
260,1207.9
87,1208.1
365,1208.5
226,1209.0
31,1209.0
176,1209.8
106,1210.3
201,1211.0
330,1211.2
377,1211.4
108,1211.7
36,1212.2
310,1213.0
130,1213.2
45,1213.8
88,1214.3
41,1215.4
205,1215.9
328,1216.0
351,1216.1
256,1216.1
327,1216.2
293,1217.0
339,1217.3
104,1217.8
155,1218.1
182,1218.4
353,1218.7
357,1218.8
178,1219.0
30,1219.6
360,1220.5
169,1220.7
268,1221.1
137,1221.2
311,1222.4
2,1222.5
184,1223.0
67,1223.2
291,1223.5
46,1224.2
186,1224.6
321,1225.0
7,1226.0
0,1227.6
199,1231.6
300,1232.0
5,1232.6
64,1233.6
196,1235.6
101,1236.5
247,1243.6
368,1244.5
60,1244.9
9,1245.2
18,1245.6
210,1247.1
25,1247.9
100,1248.2
200,1249.4
295,1249.5
201,1249.5
19,1250.6
256,1250.8
361,1251.8
61,1253.1
1,1254.2
211,1254.4
157,1254.6
353,1255.1
267,1255.3
203,1255.3
76,1256.3
360,1256.6
109,1257.2
113,1257.3
134,1258.0
40,1260.0
206,1260.4
32,1260.6
307,1260.9
105,1261.7
30,1262.5
359,1263.6
130,1263.9
137,1264.0
38,1264.6
128,1264.6
39,1264.7
75,1264.9
176,1266.0
87,1266.3
33,1267.4
67,1268.7
79,1269.1
86,1269.6
119,1269.9
89,1270.6
377,1271.0
376,1271.9
230,1273.9
236,1274.0
327,1275.6
182,1275.7
356,1276.1
229,1276.2
34,1276.3
279,1278.8
223,1280.2
302,1280.5
46,1285.1
368,1285.5
20,1285.7
106,1285.8
358,1285.9
311,1286.1
278,1287.8
218,1288.6
45,1289.0
25,1289.0
58,1289.7
41,1289.8
104,1289.9
36,1290.0
256,1291.1
310,1292.7
120,1293.3
88,1293.5
30,1294.8
211,1294.9
76,1295.0
193,1295.0
291,1295.1
39,1296.1
200,1296.2
227,1296.3
35,1297.4
339,1297.7
72,1299.0
155,1299.2
29,1300.1
5,1300.4
86,1300.6
365,1302.8
137,1302.9
129,1304.5
131,1304.9
38,1305.1
334,1309.0
79,1311.2
359,1311.6
366,1311.9
279,1313.1
61,1313.5
84,1313.9
371,1314.2
130,1314.7
261,1315.8
206,1315.8
369,1316.1
353,1316.1
374,1316.3
80,1316.3
351,1316.4
176,1316.4
183,1316.7
361,1316.8
141,1317.1
268,1317.2
34,1317.2
228,1317.4
40,1317.6
67,1317.6
201,1317.6
376,1317.7
321,1318.1
370,1319.0
170,1319.2
171,1319.3
258,1319.3
32,1319.6
19,1320.4
178,1320.6
76,1320.7
87,1320.8
182,1321.7
328,1321.8
22,1321.9
216,1322.1
33,1322.2
311,1322.5
329,1322.7
230,1322.9
78,1323.4
164,1323.5
39,1323.7
368,1324.4
45,1324.6
109,1324.8
71,1325.5
267,1325.6
373,1326.0
31,1326.3
289,1326.5
360,1326.7
128,1327.9
188,1328.3
180,1328.8
60,1329.3
248,1330.4
157,1330.8
357,1330.8
247,1332.3
156,1333.2
296,1333.4
316,1334.3
210,1334.9
0,1335.3
300,1335.6
319,1335.8
260,1336.2
317,1338.1
41,1339.3
194,1339.4
134,1340.6
197,1341.2
18,1342.0
266,1342.4
160,1343.0
64,1343.1
359,1345.0
7,1346.4
120,1347.3
199,1347.7
226,1348.2
310,1348.4
353,1349.0
167,1349.2
105,1349.3
25,1349.7
130,1349.8
307,1350.6
113,1350.8
377,1351.3
291,1353.2
261,1353.3
137,1353.5
38,1355.4
201,1355.6
80,1356.2
203,1356.5
88,1358.7
361,1359.9
76,1360.3
218,1361.0
355,1361.1
322,1361.4
229,1363.8
36,1364.3
40,1364.4
72,1364.9
368,1364.9
360,1365.3
82,1365.9
182,1366.1
366,1366.9
176,1367.0
20,1367.3
278,1368.5
256,1369.0
255,1369.0
129,1369.6
104,1370.2
369,1370.9
365,1370.9
319,1371.0
86,1371.4
175,1371.4
258,1371.7
67,1372.0
227,1372.2
339,1372.5
321,1373.0
178,1373.3
378,1373.3
332,1373.7
133,1374.3
77,1374.4
373,1375.6
39,1376.5
316,1376.9
29,1377.6
221,1377.8
348,1379.0
162,1380.6
172,1381.1
170,1381.6
169,1381.7
61,1382.3
211,1382.8
106,1383.5
141,1383.9
109,1384.5
31,1384.5
5,1384.6
206,1385.3
30,1385.4
311,1385.5
279,1386.0
155,1386.0
200,1386.4
193,1386.4
303,1386.5
359,1386.7
74,1386.9
196,1387.7
181,1389.4
161,1389.6
218,1389.7
1,1390.0
376,1390.6
280,1391.7
33,1392.6
229,1392.7
136,1393.1
25,1393.5
293,1393.9
353,1394.2
370,1395.7
87,1396.1
105,1396.2
59,1396.3
53,1396.5
71,1396.5
300,1397.0
100,1397.4
19,1397.5
60,1397.9
17,1398.8
205,1398.8
157,1399.1
18,1399.4
349,1399.5
291,1400.5
361,1400.5
143,1400.6
351,1401.2
96,1401.4
12,1401.7
38,1402.7
152,1402.7
246,1403.1
108,1403.2
67,1403.6
154,1403.7
34,1403.9
302,1403.9
268,1404.0
149,1404.9
252,1405.0
327,1405.9
158,1405.9
248,1406.1
281,1406.1
64,1406.1
2,1406.4
22,1406.5
308,1406.5
130,1406.7
334,1406.7
79,1407.1
379,1407.6
182,1407.8
310,1408.4
58,1409.0
201,1409.0
84,1409.3
365,1410.1
320,1411.4
0,1411.6
255,1411.6
305,1412.0
20,1412.0
226,1412.2
377,1412.7
368,1412.7
151,1412.8
113,1412.9
132,1413.0
289,1413.8
296,1414.2
28,1414.5
127,1414.6
258,1414.9
169,1415.0
172,1416.0
339,1416.2
356,1417.5
276,1417.7
358,1417.7
350,1417.8
3,1418.1
214,1420.2
123,1420.6
206,1420.6
298,1421.2
131,1422.4
62,1423.0
218,1423.3
21,1423.5
378,1424.7
63,1424.8
133,1425.7
36,1428.0
137,1428.4
372,1430.5
160,1432.0
90,1432.9
176,1433.4
29,1433.5
357,1433.9
366,1437.0
202,1437.8
212,1438.1
247,1439.2
335,1439.8
18,1440.5
376,1440.7
319,1440.9
270,1441.0
86,1441.2
67,1441.4
19,1443.0
229,1443.6
41,1444.6
332,1444.6
40,1444.7
300,1445.3
60,1445.8
45,1446.1
359,1446.2
33,1446.3
360,1446.4
261,1446.5
76,1446.5
11,1446.7
293,1447.2
88,1447.2
61,1447.5
32,1448.0
206,1448.7
80,1449.2
321,1449.2
112,1449.5
353,1449.9
163,1450.1
361,1450.1
134,1450.2
128,1450.7
182,1451.3
104,1452.0
59,1452.3
272,1452.3
377,1452.3
119,1452.4
157,1452.5
111,1452.6
355,1452.7
17,1452.7
89,1452.8
39,1453.2
201,1453.2
205,1453.8
258,1454.2
7,1454.2
203,1454.9
255,1455.1
22,1455.2
368,1455.2
87,1455.4
207,1455.6
248,1455.6
194,1456.5
216,1457.3
109,1457.6
31,1457.6
135,1457.7
291,1458.1
73,1458.1
164,1458.1
71,1458.4
20,1458.5
120,1459.0
329,1459.2
137,1459.4
223,1459.5
211,1460.5
339,1461.4
279,1461.5
79,1461.9
38,1462.8
370,1463.3
91,1467.6
264,1468.9
378,1471.1
67,1475.9
62,1477.7
268,1478.2
131,1479.1
357,1479.5
24,1479.6
132,1480.1
172,1480.3
206,1480.9
308,1481.0
178,1481.6
267,1481.8
19,1481.8
36,1482.8
86,1483.0
163,1483.6
261,1483.8
134,1484.2
366,1484.9
176,1485.7
40,1485.7
335,1486.3
180,1486.3
156,1486.3
15,1486.8
317,1487.0
349,1487.5
360,1487.5
33,1487.9
60,1487.9
212,1488.0
376,1488.1
76,1488.6
53,1489.0
310,1489.5
0,1490.7
227,1491.1
332,1491.1
309,1491.1
361,1491.4
319,1491.5
45,1491.5
229,1492.1
88,1492.1
130,1492.2
157,1492.3
32,1492.9
75,1493.7
328,1494.0
273,1494.7
125,1495.6
182,1495.8
79,1496.2
225,1496.6
34,1497.8
38,1497.9
353,1498.4
272,1499.3
133,1499.4
154,1499.5
323,1499.9
92,1500.4
2,1500.5
143,1501.2
377,1501.6
289,1501.8
127,1502.1
205,1502.2
39,1502.4
12,1502.5
153,1502.6
359,1503.1
137,1503.1
252,1503.1
108,1503.1
128,1503.3
22,1503.4
47,1503.6
169,1503.7
80,1503.8
18,1504.0
298,1504.2
372,1504.8
56,1506.6
17,1506.9
171,1507.0
291,1508.0
287,1508.1
270,1508.2
89,1509.0
363,1509.1
334,1509.1
329,1509.1
318,1509.4
67,1509.7
41,1509.9
228,1512.3
206,1512.9
357,1513.0
261,1513.6
374,1514.9
364,1515.1
226,1515.1
282,1515.1
320,1516.3
214,1516.5
76,1516.5
366,1517.5
3,1518.6
258,1520.3
255,1520.4
33,1521.7
132,1521.8
172,1523.2
62,1523.9
224,1524.3
59,1524.6
351,1524.9
60,1525.2
339,1527.5
148,1527.7
96,1527.8
343,1528.1
296,1528.4
293,1528.6
64,1529.3
305,1529.5
176,1530.0
300,1530.9
21,1531.3
109,1531.4
36,1531.4
61,1531.7
19,1531.8
205,1532.1
53,1532.4
311,1532.4
157,1532.5
354,1532.6
248,1532.6
310,1533.1
25,1533.5
303,1533.8
31,1534.5
268,1534.5
182,1534.7
201,1534.8
319,1535.5
15,1536.4
218,1537.8
211,1538.2
129,1538.4
156,1538.9
276,1539.0
193,1539.5
365,1541.4
17,1543.0
67,1546.9
29,1547.0
348,1549.0
86,1549.8
227,1552.2
178,1552.2
359,1554.1
181,1554.2
38,1554.5
72,1554.6
376,1554.9
18,1556.3
143,1556.9
291,1557.5
327,1559.1
120,1559.3
151,1559.8
355,1559.8
79,1559.8
169,1559.8
77,1560.2
353,1560.2
366,1560.8
7,1561.0
258,1561.6
310,1561.9
76,1562.1
373,1562.3
39,1562.8
230,1562.9
255,1562.9
92,1563.2
377,1563.8
308,1563.8
279,1563.9
176,1564.4
36,1565.1
34,1565.4
270,1565.9
45,1567.2
302,1570.5
137,1570.9
104,1571.6
27,1572.9
171,1573.5
283,1577.0
13,1577.4
189,1577.4
289,1578.1
272,1578.2
30,1578.9
20,1578.9
201,1579.2
350,1580.9
261,1582.4
369,1583.9
223,1584.4
40,1585.0
35,1585.6
80,1586.5
22,1587.3
351,1587.4
90,1587.4
131,1589.4
359,1589.5
246,1589.9
378,1590.3
60,1590.5
67,1590.5
298,1591.6
205,1591.7
108,1594.3
17,1594.7
321,1595.6
218,1596.5
217,1597.0
2,1597.4
293,1597.5
58,1600.5
79,1600.8
172,1601.7
86,1602.0
59,1602.8
88,1603.4
76,1603.8
36,1604.0
170,1604.0
109,1604.4
39,1604.7
157,1605.0
130,1605.1
41,1605.5
25,1605.5
38,1605.6
206,1605.6
366,1605.8
45,1606.3
33,1606.7
310,1606.7
182,1607.1
176,1607.3
154,1607.5
303,1608.6
107,1608.6
214,1609.4
225,1609.5
361,1609.6
311,1610.1
376,1610.1
357,1610.2
53,1610.2
268,1610.8
309,1610.9
252,1611.1
156,1611.4
328,1612.7
75,1612.9
360,1613.0
24,1613.7
308,1614.3
367,1615.8
365,1616.2
212,1616.6
319,1619.9
31,1621.9
0,1623.3
193,1624.1
374,1624.8
224,1625.1
18,1626.0
300,1627.3
151,1628.2
184,1628.8
297,1629.7
305,1630.8
202,1631.0
228,1632.0
262,1632.6
320,1637.2
134,1638.6
76,1640.0
178,1640.3
137,1640.5
5,1641.6
39,1641.8
172,1642.0
293,1642.6
334,1643.8
176,1644.1
33,1644.4
169,1644.6
104,1645.3
196,1645.4
313,1645.4
110,1645.9
59,1646.6
205,1646.6
272,1648.0
201,1648.1
373,1650.2
109,1650.4
200,1650.6
170,1650.7
359,1650.9
309,1651.0
67,1651.1
247,1652.4
36,1654.5
355,1656.2
182,1656.6
129,1656.7
60,1656.9
267,1657.6
348,1658.7
266,1659.6
218,1660.3
229,1660.4
180,1660.8
61,1661.3
311,1661.6
303,1661.9
365,1662.1
319,1662.3
275,1662.5
34,1662.6
18,1662.6
84,1662.9
361,1663.3
19,1663.7
88,1664.3
152,1664.7
194,1665.0
130,1665.0
378,1665.2
372,1665.6
351,1665.8
32,1666.1
74,1666.1
281,1666.1
227,1666.2
316,1667.3
258,1667.4
357,1668.0
287,1668.1
382,1668.5
368,1668.5
31,1668.9
7,1669.2
15,1670.1
278,1670.2
133,1670.3
17,1670.3
298,1670.6
38,1670.6
228,1670.9
322,1671.2
86,1671.5
314,1672.5
221,1672.5
238,1672.6
184,1673.0
137,1673.0
320,1673.1
318,1673.9
39,1674.3
76,1674.4
270,1675.3
276,1675.3
212,1675.4
45,1676.3
376,1677.1
77,1677.2
366,1678.0
41,1678.0
176,1678.2
127,1678.9
75,1679.2
211,1679.8
107,1681.6
27,1681.7
172,1682.0
25,1682.1
30,1682.2
59,1683.1
109,1684.0
58,1685.1
291,1685.6
310,1686.3
201,1686.4
155,1686.8
205,1688.3
33,1691.8
193,1692.0
334,1694.2
311,1694.7
218,1694.9
182,1696.1
303,1699.3
268,1700.6
248,1703.6
206,1704.6
300,1706.8
89,1707.7
132,1707.8
293,1708.2
88,1708.2
60,1708.9
12,1710.1
19,1710.4
17,1711.5
370,1711.5
61,1711.8
67,1712.2
18,1715.0
22,1715.4
359,1716.6
76,1717.3
134,1717.3
157,1718.3
137,1718.6
351,1718.8
108,1718.9
109,1719.0
32,1719.1
79,1719.9
255,1720.0
3,1720.6
289,1720.9
361,1720.9
38,1721.2
169,1721.3
205,1721.6
62,1721.7
39,1721.8
163,1722.1
130,1722.2
368,1722.8
261,1723.0
291,1723.1
2,1723.2
353,1723.3
128,1723.4
86,1723.8
376,1724.0
7,1724.2
217,1724.3
20,1724.6
310,1725.2
201,1725.8
141,1725.8
161,1726.0
258,1726.1
341,1726.1
53,1727.9
31,1728.1
152,1728.2
218,1728.3
241,1728.4
311,1728.4
302,1728.5
13,1728.7
203,1728.7
160,1728.8
339,1728.8
349,1729.1
153,1729.5
74,1729.6
308,1729.6
256,1729.9
288,1730.0
0,1731.0
87,1731.1
274,1731.4
167,1731.4
227,1731.5
305,1731.6
45,1731.7
268,1731.8
298,1732.1
211,1732.1
228,1732.1
221,1732.5
377,1732.5
33,1732.5
296,1732.6
303,1733.0
172,1733.2
36,1733.3
64,1733.4
97,1733.5
101,1733.6
194,1733.6
34,1733.7
279,1734.1
184,1734.4
367,1735.4
300,1735.7
248,1735.7
366,1736.3
71,1736.7
320,1737.0
127,1737.3
24,1738.0
206,1738.1
378,1739.0
229,1739.2
225,1739.5
313,1739.6
381,1741.0
88,1741.1
81,1741.5
357,1741.6
178,1741.8
196,1745.8
202,1746.1
272,1746.6
9,1747.4
5,1751.4
226,1752.8
365,1753.5
321,1756.5
137,1757.0
80,1757.3
40,1757.3
41,1757.6
182,1758.4
86,1760.7
329,1760.8
133,1760.9
176,1761.2
67,1761.6
216,1762.7
261,1763.6
335,1764.3
310,1764.4
33,1765.2
59,1766.3
376,1766.6
171,1767.3
332,1767.7
90,1768.3
36,1768.5
264,1768.9
351,1769.1
0,1769.1
79,1769.2
357,1769.8
31,1770.1
328,1770.1
369,1770.1
353,1771.2
377,1771.5
29,1771.8
130,1772.0
205,1772.2
89,1772.3
200,1772.3
247,1772.9
366,1773.0
170,1774.1
206,1775.4
22,1775.8
19,1775.9
172,1777.0
2,1777.6
1,1777.6
289,1778.9
293,1779.1
134,1780.1
308,1780.5
163,1782.3
300,1783.4
156,1783.9
311,1785.2
343,1785.9
60,1786.3
184,1787.7
153,1788.6
88,1788.7
248,1789.4
169,1789.4
101,1789.8
228,1790.6
39,1791.1
229,1791.2
178,1793.2
45,1794.4
196,1795.5
378,1795.5
76,1795.7
182,1796.4
132,1796.6
221,1796.9
74,1797.2
367,1797.6
199,1799.3
365,1800.7
5,1800.8
30,1801.1
274,1801.2
201,1801.4
382,1802.4
197,1804.1
225,1804.9
330,1809.9
137,1812.3
36,1812.8
218,1813.1
41,1813.3
381,1813.8
205,1814.5
67,1816.4
193,1817.5
211,1817.7
59,1818.4
133,1819.4
207,1820.1
194,1820.6
86,1820.7
109,1820.9
31,1821.3
303,1821.9
351,1821.9
61,1823.1
305,1823.2
376,1823.3
311,1823.5
370,1823.8
227,1825.3
29,1826.7
206,1827.0
176,1827.3
17,1827.6
200,1827.7
90,1828.0
131,1828.2
35,1828.3
372,1828.4
0,1828.9
161,1829.3
258,1829.5
172,1829.6
310,1829.9
255,1829.9
182,1830.1
89,1831.2
334,1831.2
229,1831.6
366,1832.0
288,1832.3
46,1832.9
293,1833.2
291,1833.6
33,1833.6
38,1834.4
181,1835.1
318,1835.5
97,1836.2
332,1837.0
256,1837.0
169,1837.3
130,1837.6
7,1837.6
314,1837.8
129,1839.1
236,1839.1
76,1839.2
339,1839.9
368,1840.5
20,1843.1
88,1843.3
53,1844.0
349,1844.5
45,1845.6
319,1848.7
18,1848.8
214,1849.2
212,1849.5
104,1851.8
270,1851.8
309,1852.2
298,1854.3
320,1854.4
300,1854.9
79,1855.1
261,1856.2
328,1856.9
224,1857.7
365,1857.8
108,1858.1
41,1858.5
310,1858.5
357,1858.6
80,1858.9
39,1860.5
151,1860.9
59,1861.3
321,1861.4
366,1862.3
22,1863.0
329,1863.4
216,1863.4
377,1863.8
33,1864.3
376,1865.2
76,1866.2
36,1866.3
182,1866.4
176,1866.9
137,1867.3
86,1867.3
373,1867.4
226,1868.5
38,1868.6
374,1869.6
228,1872.3
297,1874.8
262,1876.4
130,1879.2
248,1880.4
19,1882.4
172,1882.8
60,1883.7
160,1885.2
205,1886.2
17,1886.9
0,1888.2
12,1889.5
202,1890.1
351,1892.9
334,1894.0
67,1900.1
296,1903.0
143,1903.6
268,1904.4
206,1904.7
3,1905.1
353,1905.6
361,1906.3
156,1906.8
360,1908.9
163,1909.0
75,1909.6
157,1909.9
291,1910.2
339,1910.3
359,1910.7
134,1911.0
210,1911.5
38,1911.5
96,1911.6
18,1911.8
100,1912.9
310,1913.0
357,1913.3
130,1913.4
256,1913.5
61,1913.6
368,1913.8
53,1913.8
64,1913.9
32,1914.0
201,1914.1
255,1914.3
76,1914.8
178,1915.0
229,1915.5
113,1915.7
30,1915.7
25,1915.8
34,1915.9
184,1916.2
88,1916.7
60,1917.2
62,1917.2
311,1917.2
182,1917.3
39,1917.5
87,1917.7
33,1917.9
319,1918.1
105,1918.3
307,1919.8
154,1919.9
355,1920.2
267,1920.2
332,1920.2
41,1920.3
137,1920.5
24,1920.5
45,1920.5
169,1920.6
308,1920.6
218,1921.0
119,1921.1
302,1921.1
252,1921.1
228,1921.6
108,1921.6
261,1921.9
328,1922.0
31,1922.0
273,1922.1
203,1922.2
86,1922.3
221,1922.3
19,1922.5
349,1922.6
225,1922.9
84,1923.3
205,1923.4
164,1923.5
109,1923.6
73,1923.8
63,1924.3
132,1924.4
67,1924.5
317,1924.6
17,1925.0
20,1925.5
40,1925.6
172,1926.2
376,1926.4
247,1926.4
152,1927.1
320,1927.3
59,1927.5
211,1927.5
366,1927.6
351,1927.8
365,1928.3
279,1928.4
12,1928.4
227,1928.7
378,1928.7
196,1929.2
321,1929.6
22,1929.7
82,1930.2
29,1930.3
79,1930.4
293,1930.8
131,1931.0
5,1931.0
170,1931.3
89,1931.5
374,1931.6
303,1931.6
46,1931.7
200,1931.8
36,1932.2
0,1932.9
334,1933.0
322,1933.4
133,1933.4
238,1933.4
193,1934.3
236,1935.1
300,1935.2
2,1935.2
367,1935.5
305,1935.5
382,1935.7
274,1936.0
282,1936.1
92,1937.5
107,1938.8
298,1939.0
136,1939.5
104,1939.7
281,1939.7
204,1940.1
206,1940.9
158,1941.6
202,1943.3
248,1943.5
11,1944.4
149,1945.0
125,1946.0
345,1946.6
289,1946.9
296,1948.3
71,1948.7
353,1949.2
96,1949.6
156,1950.5
74,1951.2
69,1951.3
268,1952.0
163,1952.1
212,1952.2
313,1953.4
157,1954.0
309,1956.0
172,1956.1
24,1956.2
246,1956.4
308,1956.6
361,1958.2
53,1958.6
357,1958.7
160,1959.4
151,1960.7
310,1960.8
214,1961.1
64,1961.8
258,1962.3
61,1963.8
297,1963.9
350,1964.6
123,1964.7
262,1967.2
176,1967.6
76,1967.9
272,1970.2
0,1971.7
39,1975.6
377,1976.1
36,1977.4
137,1977.8
359,1978.2
288,1979.4
291,1980.3
59,1980.9
97,1981.4
366,1981.8
101,1982.4
270,1983.1
314,1983.6
182,1984.0
171,1985.0
18,1985.4
134,1985.6
365,1986.3
33,1987.0
212,1987.9
221,1988.3
349,1988.7
79,1988.8
319,1989.0
128,1989.3
34,1989.5
27,1989.9
127,1990.5
368,1991.2
320,1991.3
355,1991.4
361,1993.2
19,1993.3
32,1993.5
38,1993.8
372,1993.8
229,1994.1
378,1994.2
376,1994.6
339,1994.7
287,1994.9
226,1994.9
67,1995.2
169,1995.4
133,1995.6
322,1995.6
40,1996.6
130,1997.6
60,1998.4
203,1998.7
298,1999.2
351,1999.4
206,1999.7
255,1999.9
201,2000.3
218,2000.4
353,2001.6
152,2001.8
143,2003.4
20,2004.7
3,2005.4
205,2006.1
327,2006.3
104,2007.5
310,2008.3
178,2009.6
172,2009.6
184,2010.2
367,2010.6
88,2012.1
357,2014.7
90,2014.7
36,2016.4
86,2018.1
227,2018.6
366,2019.1
258,2021.2
323,2021.3
75,2022.1
268,2024.7
176,2025.7
79,2026.3
377,2026.4
272,2026.4
76,2027.3
376,2027.6
137,2028.7
38,2030.7
293,2032.8
7,2033.9
25,2034.1
106,2034.8
120,2035.1
291,2035.8
39,2035.9
256,2036.8
353,2037.1
134,2037.4
47,2037.5
261,2038.0
169,2038.5
34,2041.5
281,2042.0
334,2042.5
33,2042.5
225,2043.1
205,2043.7
212,2045.3
308,2045.5
59,2046.1
73,2046.2
372,2046.2
2,2048.3
67,2048.5
343,2049.0
178,2049.0
172,2049.0
255,2049.2
195,2049.4
339,2050.7
300,2050.9
99,2051.5
309,2051.6
182,2051.7
365,2051.8
313,2052.8
18,2053.3
0,2053.4
153,2053.7
229,2054.2
311,2054.2
71,2054.3
320,2054.7
74,2054.8
193,2055.0
337,2055.2
289,2055.2
31,2055.3
96,2055.4
24,2055.4
305,2056.5
163,2056.6
206,2056.9
17,2057.2
298,2058.3
69,2058.4
132,2058.9
268,2059.3
60,2060.3
367,2060.5
184,2061.1
72,2063.5
349,2063.7
200,2063.8
211,2064.6
36,2065.3
176,2065.7
373,2066.1
109,2066.2
129,2066.3
359,2067.2
303,2067.2
369,2067.7
218,2067.8
258,2067.8
248,2068.4
22,2068.4
221,2068.5
267,2068.5
161,2068.8
1,2069.7
230,2069.9
316,2070.1
61,2070.5
171,2070.6
310,2070.7
155,2071.0
156,2071.2
5,2071.5
77,2072.6
76,2072.6
196,2072.8
39,2073.3
29,2073.4
9,2073.6
101,2073.7
120,2074.2
170,2074.8
348,2075.4
19,2076.0
353,2076.7
276,2076.9
126,2077.3
256,2077.5
291,2077.8
351,2078.9
53,2079.0
201,2079.0
227,2079.0
25,2079.1
7,2079.5
167,2080.0
64,2080.2
297,2080.5
319,2080.5
151,2080.9
104,2081.0
169,2081.1
194,2081.2
20,2082.3
130,2082.6
38,2082.7
295,2082.9
355,2083.4
262,2083.5
377,2085.2
59,2085.6
357,2085.7
202,2086.1
275,2086.3
300,2086.5
246,2087.1
247,2087.2
157,2087.4
84,2087.4
58,2087.8
296,2088.0
15,2088.1
361,2088.5
134,2088.6
0,2088.6
339,2088.7
205,2088.7
18,2088.7
293,2088.8
13,2089.2
100,2089.8
149,2089.8
255,2089.8
242,2090.0
305,2090.0
210,2090.0
178,2090.2
226,2090.2
30,2090.5
105,2090.5
245,2090.5
261,2090.6
345,2090.7
106,2090.8
193,2091.0
60,2091.0
308,2091.1
378,2091.2
17,2091.3
67,2091.4
33,2091.6
172,2092.3
79,2092.4
113,2092.6
160,2093.0
2,2093.3
154,2093.3
109,2093.4
206,2093.7
128,2093.8
108,2094.1
252,2094.3
176,2094.4
359,2094.4
158,2094.4
11,2094.5
61,2094.6
218,2094.7
107,2094.8
34,2094.9
96,2095.0
368,2095.1
365,2095.2
302,2095.5
71,2095.5
320,2095.6
223,2095.6
211,2095.7
47,2095.8
303,2096.0
360,2096.4
137,2096.4
40,2096.4
307,2096.7
229,2098.2
289,2099.0
268,2099.1
311,2100.0
75,2100.7
36,2101.5
143,2103.5
87,2105.3
248,2109.7
260,2112.2
80,2113.2
258,2115.1
88,2115.4
19,2115.9
182,2116.2
366,2116.2
31,2116.8
310,2116.9
39,2117.1
169,2117.2
214,2117.6
130,2117.7
225,2118.2
328,2118.7
321,2118.9
76,2119.0
319,2121.1
353,2121.3
291,2121.8
271,2121.9
332,2123.4
300,2124.6
72,2125.4
33,2125.9
104,2126.1
25,2126.2
18,2126.5
298,2126.6
59,2126.6
99,2126.7
86,2126.8
201,2127.0
376,2127.7
334,2127.8
281,2127.8
200,2128.0
38,2128.2
256,2128.9
212,2129.0
372,2129.1
7,2129.3
205,2129.3
176,2130.0
196,2130.1
36,2130.3
377,2131.0
106,2131.0
357,2131.3
193,2131.6
133,2132.5
120,2133.8
261,2133.8
229,2133.8
227,2133.9
178,2134.3
272,2136.4
45,2137.7
339,2137.8
329,2137.9
136,2138.5
279,2139.0
351,2139.2
335,2140.2
137,2140.8
79,2141.2
101,2143.6
5,2144.2
0,2146.3
247,2152.5
355,2154.0
61,2155.7
203,2155.7
368,2155.8
20,2156.1
258,2156.9
19,2157.0
211,2157.0
255,2157.5
310,2158.1
206,2158.8
30,2159.0
370,2159.1
64,2159.7
361,2160.9
291,2161.0
201,2161.0
194,2161.0
218,2161.7
7,2161.9
109,2162.0
359,2163.0
358,2163.1
248,2163.9
119,2164.7
76,2166.0
322,2166.3
18,2167.1
199,2167.3
353,2167.4
197,2167.4
60,2169.5
71,2170.1
175,2171.1
74,2171.3
31,2171.7
67,2172.1
202,2172.2
302,2173.0
311,2173.3
160,2173.3
303,2174.6
152,2175.2
130,2176.7
210,2177.4
351,2177.5
113,2177.6
360,2178.0
105,2178.1
167,2178.4
300,2179.6
246,2180.9
15,2182.6
298,2185.3
96,2187.1
229,2193.4
36,2193.4
133,2194.5
337,2197.1
258,2197.9
193,2198.3
376,2198.3
293,2198.7
61,2199.0
182,2199.7
55,2199.8
111,2199.8
7,2199.9
218,2200.0
211,2200.4
34,2200.6
104,2200.8
39,2201.1
334,2202.2
169,2202.3
194,2202.4
84,2202.6
205,2202.7
372,2203.3
109,2203.6
311,2203.9
30,2203.9
89,2203.9
32,2205.0
87,2205.1
88,2205.3
20,2205.5
353,2205.9
170,2206.5
137,2206.6
228,2207.9
357,2208.2
361,2208.2
4,2208.4
5,2208.6
368,2208.8
248,2208.9
370,2208.9
86,2209.5
300,2210.8
196,2211.2
279,2212.0
71,2212.1
2,2212.2
201,2212.7
303,2212.8
19,2213.1
176,2213.8
33,2214.0
206,2216.3
130,2216.6
287,2216.7
178,2217.1
59,2218.3
365,2218.5
302,2218.5
378,2218.7
38,2219.0
184,2219.3
221,2219.7
382,2219.8
305,2220.2
359,2220.8
134,2220.9
74,2220.9
247,2221.0
200,2221.2
226,2221.6
63,2221.6
41,2221.7
141,2222.0
245,2222.4
31,2222.4
316,2223.0
76,2223.1
45,2223.4
242,2223.6
58,2223.6
275,2223.6
377,2223.8
172,2224.1
356,2224.1
25,2224.9
230,2225.1
17,2225.1
127,2225.1
39,2225.2
155,2226.1
278,2226.1
67,2226.2
227,2226.9
29,2227.1
36,2227.4
99,2227.7
28,2227.8
129,2228.7
46,2229.1
236,2229.8
79,2230.0
321,2230.3
34,2232.3
246,2233.8
40,2234.2
327,2234.5
171,2236.8
202,2237.1
151,2237.2
0,2237.6
376,2240.8
120,2242.5
366,2242.5
291,2243.6
90,2244.7
318,2245.1
357,2245.4
86,2246.3
339,2247.1
199,2247.8
293,2248.9
258,2248.9
104,2248.9
255,2249.0
64,2249.9
310,2250.0
7,2250.5
261,2250.5
308,2250.6
72,2250.7
169,2252.3
212,2252.3
132,2252.5
270,2252.5
335,2252.8
88,2253.2
297,2253.4
18,2253.5
176,2254.0
268,2254.1
170,2254.4
182,2254.4
38,2254.5
248,2255.2
272,2255.6
130,2255.8
197,2255.9
172,2256.0
33,2256.1
300,2256.4
225,2256.5
262,2256.6
328,2256.8
76,2257.2
367,2257.4
80,2257.4
309,2257.5
79,2257.9
131,2258.1
353,2258.1
279,2258.4
373,2258.6
183,2258.7
39,2258.7
178,2258.7
371,2258.7
323,2259.2
377,2259.5
369,2259.7
214,2259.8
137,2260.3
274,2260.4
27,2260.7
45,2260.7
329,2260.9
205,2261.1
266,2261.4
36,2261.4
359,2261.8
206,2262.1
22,2262.1
24,2262.2
229,2262.5
75,2262.7
77,2263.1
289,2264.0
67,2264.5
163,2264.6
34,2265.2
19,2265.3
153,2265.4
227,2265.5
2,2265.6
283,2265.7
305,2265.8
84,2266.0
189,2266.1
87,2266.3
188,2267.4
71,2267.7
223,2267.8
134,2268.4
60,2268.8
126,2270.8
350,2270.9
343,2272.1
29,2272.3
230,2273.0
195,2273.2
20,2274.9
73,2275.0
30,2275.4
368,2275.4
267,2275.9
129,2277.1
361,2277.8
56,2278.8
120,2279.3
156,2279.7
113,2279.8
157,2279.9
351,2280.5
278,2281.7
69,2281.8
53,2281.9
201,2282.1
25,2282.3
154,2283.4
92,2283.7
296,2283.7
291,2284.3
256,2284.5
59,2285.7
316,2286.2
0,2286.5
353,2287.4
252,2288.1
47,2288.1
13,2288.6
310,2289.9
295,2290.1
64,2290.2
125,2290.8
308,2291.2
339,2291.7
38,2292.4
210,2293.6
105,2294.1
96,2295.0
101,2295.2
100,2295.8
357,2295.9
307,2296.6
31,2297.2
202,2298.4
149,2299.2
349,2299.3
5,2302.4
345,2302.7
300,2303.2
196,2303.7
293,2308.9
111,2309.7
221,2310.0
4,2310.6
337,2311.1
218,2315.1
39,2315.7
172,2315.8
302,2316.0
359,2316.3
365,2316.6
182,2316.7
7,2317.7
279,2317.9
194,2318.4
76,2318.6
266,2318.6
18,2319.8
192,2320.4
298,2320.7
274,2320.9
60,2321.7
123,2322.7
367,2323.0
151,2323.5
205,2324.0
152,2324.1
227,2324.2
366,2324.6
170,2324.9
72,2325.3
169,2325.5
241,2328.7
258,2330.4
176,2331.7
86,2333.7
74,2333.9
20,2334.2
353,2335.4
77,2335.9
381,2337.0
311,2337.3
316,2339.3
61,2340.2
211,2340.4
378,2340.8
109,2341.4
310,2341.8
31,2341.9
305,2342.1
303,2342.1
15,2343.0
71,2345.2
320,2345.7
130,2346.2
133,2346.4
59,2347.4
88,2347.7
229,2347.7
55,2347.8
361,2348.2
201,2348.4
365,2349.4
147,2349.4
193,2349.5
351,2350.7
218,2352.2
36,2356.3
370,2356.4
293,2357.2
33,2358.3
137,2359.1
376,2359.6
228,2359.9
182,2359.9
58,2360.1
39,2360.1
67,2361.1
41,2361.3
45,2361.5
81,2362.0
226,2362.0
184,2362.4
207,2362.5
17,2362.6
86,2362.7
89,2363.4
206,2364.1
274,2364.2
366,2364.3
28,2364.8
76,2365.0
368,2365.4
225,2365.4
227,2366.1
205,2366.1
178,2366.2
279,2366.3
141,2366.4
176,2366.6
357,2366.9
177,2367.4
260,2367.9
377,2368.2
38,2368.4
170,2368.4
85,2368.5
108,2369.0
3,2370.2
221,2370.6
12,2370.7
172,2371.0
157,2371.8
332,2372.7
152,2373.7
335,2373.9
291,2374.4
60,2375.3
308,2375.4
261,2375.9
88,2376.9
132,2377.1
53,2378.7
169,2379.4
310,2380.0
130,2380.5
287,2381.0
229,2381.1
34,2382.5
372,2383.7
363,2385.1
275,2388.2
84,2388.3
364,2390.6
33,2391.4
280,2392.0
39,2393.5
86,2396.2
320,2398.7
269,2399.8
178,2400.7
359,2401.7
376,2402.3
348,2402.7
227,2405.0
109,2405.1
370,2405.6
303,2406.1
279,2407.5
218,2407.9
17,2408.2
31,2409.2
134,2411.5
67,2412.4
156,2414.3
74,2415.2
311,2415.4
367,2415.6
206,2416.1
225,2416.3
268,2418.0
29,2418.1
15,2418.6
283,2418.7
189,2418.9
339,2419.2
313,2419.2
96,2419.5
366,2419.6
71,2419.8
36,2419.9
353,2420.0
212,2422.1
274,2423.6
88,2423.6
59,2425.3
205,2425.7
316,2425.8
193,2426.0
300,2426.0
298,2426.1
92,2427.5
351,2428.6
381,2428.9
182,2429.0
0,2429.4
81,2429.4
229,2429.6
38,2430.3
361,2430.5
141,2430.9
155,2430.9
172,2430.9
129,2431.3
211,2431.5
176,2432.0
79,2432.1
230,2432.1
246,2432.2
371,2432.2
365,2432.4
61,2432.5
170,2432.6
200,2432.8
39,2433.0
34,2433.2
226,2433.4
357,2433.6
45,2433.6
130,2433.8
260,2434.6
178,2434.7
20,2435.1
310,2435.4
305,2435.5
105,2436.1
328,2436.6
177,2436.6
58,2436.8
332,2436.9
218,2437.1
221,2437.3
31,2437.4
291,2437.5
127,2437.9
161,2438.0
228,2438.3
78,2438.3
41,2438.4
143,2439.2
360,2439.2
183,2439.2
184,2439.3
28,2439.3
18,2439.5
188,2440.1
87,2440.6
368,2440.8
258,2441.7
256,2441.7
109,2442.3
157,2442.3
133,2442.4
376,2442.4
288,2442.5
1,2442.6
247,2442.7
322,2443.0
201,2443.1
359,2443.6
356,2444.4
319,2444.4
97,2445.9
19,2446.3
267,2446.3
206,2446.5
242,2452.1
202,2452.2
281,2453.1
112,2454.8
300,2467.4
111,2470.2
0,2470.3
193,2471.1
194,2471.2
248,2471.4
8,2471.5
99,2472.1
293,2472.9
337,2473.1
5,2473.6
101,2474.0
7,2474.2
31,2475.2
313,2475.3
196,2475.4
71,2475.7
74,2476.3
349,2476.6
291,2478.0
311,2478.8
216,2480.4
9,2480.9
261,2481.3
161,2483.0
170,2483.0
298,2483.5
182,2484.2
357,2484.6
260,2484.6
60,2484.7
41,2485.0
218,2485.2
339,2485.3
156,2485.4
321,2485.5
229,2485.8
67,2486.2
303,2486.5
17,2486.7
205,2487.2
88,2487.3
86,2487.5
130,2487.8
353,2487.9
96,2488.1
226,2488.3
335,2488.7
108,2489.2
360,2489.5
206,2489.6
15,2489.9
305,2490.2
365,2490.5
45,2490.6
137,2491.4
366,2491.8
100,2492.1
18,2492.2
109,2493.1
133,2494.7
377,2494.8
3,2496.1
90,2497.2
157,2501.2
308,2501.3
212,2505.7
53,2513.6
268,2514.0
172,2516.1
163,2516.3
154,2518.0
75,2518.7
361,2519.6
33,2519.7
252,2519.8
357,2520.4
178,2520.8
176,2521.2
328,2521.7
132,2521.9
261,2522.1
177,2522.3
156,2522.5
67,2522.7
38,2522.9
134,2522.9
80,2523.1
272,2523.6
36,2523.8
34,2523.9
79,2524.0
230,2524.4
130,2524.6
226,2524.9
332,2525.2
225,2525.4
376,2525.4
372,2525.6
329,2526.4
377,2526.5
229,2526.9
260,2527.1
45,2527.6
39,2528.2
287,2528.3
88,2528.6
360,2528.7
323,2529.0
366,2529.1
78,2529.2
127,2529.3
270,2529.5
206,2530.2
31,2530.2
143,2530.7
319,2530.7
15,2531.1
363,2531.2
76,2531.6
282,2531.8
60,2532.0
353,2532.2
216,2532.3
258,2532.7
86,2533.1
247,2533.2
310,2533.3
19,2533.3
359,2533.4
61,2534.0
17,2534.3
137,2534.4
317,2534.9
335,2535.6
211,2535.7
182,2536.1
227,2536.2
164,2536.7
40,2536.7
87,2538.3
74,2538.4
256,2538.7
128,2538.9
71,2539.0
20,2539.6
368,2540.7
18,2541.5
167,2541.6
113,2541.8
25,2542.3
105,2542.6
291,2542.6
255,2542.8
201,2542.9
339,2543.3
161,2544.2
218,2544.4
109,2544.9
307,2545.3
193,2546.1
157,2546.1
100,2546.6
30,2547.0
200,2547.2
7,2547.2
351,2548.8
279,2548.8
355,2549.0
59,2549.6
169,2549.8
119,2551.5
58,2551.7
1,2552.3
0,2552.4
64,2552.4
356,2552.7
350,2552.8
106,2552.9
305,2552.9
210,2553.0
361,2553.3
196,2553.3
5,2553.4
288,2554.1
296,2555.1
123,2555.6
176,2555.8
97,2556.0
36,2556.7
151,2558.8
101,2559.3
92,2560.4
376,2562.5
75,2562.6
53,2562.7
357,2562.9
366,2563.5
168,2563.9
38,2564.8
295,2564.9
353,2565.5
76,2565.7
39,2566.7
334,2567.2
15,2567.5
318,2567.7
300,2567.8
377,2567.8
32,2568.0
45,2568.0
311,2569.0
137,2569.8
47,2570.0
297,2571.9
182,2572.5
129,2572.7
272,2572.7
130,2574.4
262,2574.5
258,2574.9
9,2575.2
205,2575.3
276,2575.7
302,2576.0
310,2576.4
223,2578.0
219,2588.1
63,2592.3
359,2592.9
206,2594.6
60,2595.3
218,2595.9
172,2596.8
67,2598.3
17,2599.1
229,2599.4
368,2601.3
22,2601.9
353,2603.2
3,2604.2
279,2604.4
79,2604.5
152,2605.8
274,2606.4
227,2608.4
205,2608.5
351,2608.5
39,2609.3
365,2609.8
36,2612.0
133,2612.3
108,2612.8
348,2613.0
29,2613.9
86,2614.4
109,2615.7
303,2616.0
131,2617.0
59,2619.4
211,2621.0
376,2621.0
2,2621.2
61,2622.2
176,2622.7
88,2622.7
35,2622.7
182,2622.9
92,2623.0
107,2623.1
378,2623.8
84,2624.3
178,2624.3
81,2624.4
320,2624.5
76,2624.5
129,2624.7
225,2624.8
155,2625.3
310,2625.6
381,2626.5
137,2626.7
30,2626.7
293,2627.0
38,2627.1
41,2627.5
334,2627.6
58,2627.9
181,2628.1
34,2628.1
366,2628.3
311,2628.4
18,2628.5
201,2629.1
281,2629.6
46,2630.4
45,2630.7
228,2630.8
305,2631.5
151,2631.8
238,2633.1
169,2635.3
230,2635.3
130,2635.8
319,2636.1
67,2636.3
236,2636.3
246,2636.4
74,2637.2
226,2638.1
39,2638.1
193,2638.2
33,2640.4
17,2640.4
40,2640.7
370,2640.7
218,2641.1
258,2641.3
79,2641.8
157,2642.0
382,2642.0
361,2642.5
291,2643.1
300,2643.4
283,2643.6
316,2643.9
278,2644.0
200,2644.1
189,2644.2
96,2644.2
373,2644.2
255,2644.3
353,2644.4
36,2644.5
339,2645.0
25,2645.7
359,2645.9
227,2647.4
0,2647.9
369,2648.0
206,2648.3
120,2648.7
256,2648.8
161,2649.2
279,2649.4
72,2649.8
59,2649.9
377,2650.7
143,2650.9
86,2651.1
371,2651.2
77,2651.2
380,2651.4
76,2651.5
43,2651.5
310,2652.0
351,2652.2
167,2652.5
275,2653.2
29,2653.7
365,2654.1
288,2654.4
100,2654.5
104,2655.8
7,2655.8
183,2656.0
38,2656.4
97,2657.2
149,2657.4
355,2658.0
270,2658.1
75,2658.2
15,2658.2
176,2659.6
276,2659.9
212,2660.9
366,2661.3
170,2663.5
376,2663.6
201,2664.4
5,2664.4
172,2664.9
205,2664.9
298,2667.5
13,2668.1
295,2670.4
293,2670.8
106,2671.4
169,2672.0
289,2673.3
2,2673.8
89,2674.6
60,2675.1
36,2675.3
182,2678.2
79,2679.1
141,2679.1
268,2680.1
88,2680.8
34,2681.5
211,2682.0
308,2682.0
127,2682.4
258,2682.4
370,2682.5
87,2682.9
33,2683.0
255,2684.1
248,2684.4
132,2684.5
64,2684.5
300,2685.0
109,2685.1
20,2685.8
53,2685.8
303,2686.8
19,2687.4
17,2687.7
39,2687.9
130,2690.2
291,2690.3
261,2690.3
12,2690.5
271,2691.1
7,2693.6
218,2693.9
320,2693.9
18,2694.4
38,2699.0
351,2700.6
310,2702.2
25,2702.3
67,2703.7
229,2706.1
61,2706.9
311,2706.9
31,2707.5
206,2709.1
133,2709.2
152,2709.2
368,2709.7
167,2709.8
376,2710.3
365,2711.2
194,2711.3
74,2711.6
302,2711.7
377,2711.9
327,2712.0
227,2712.1
86,2712.6
201,2712.7
378,2713.5
372,2714.1
332,2714.1
143,2714.2
359,2714.3
258,2714.4
160,2714.7
366,2714.7
361,2714.8
71,2715.1
137,2715.2
182,2715.8
178,2716.0
90,2716.4
357,2716.7
323,2717.0
87,2717.5
353,2717.5
34,2717.5
335,2717.5
33,2718.5
30,2718.8
36,2718.8
328,2719.0
20,2719.2
127,2719.3
88,2719.5
41,2719.6
108,2719.6
15,2719.7
268,2719.7
225,2719.8
169,2720.3
248,2720.4
84,2720.7
287,2720.8
138,2720.9
321,2720.9
279,2721.0
82,2721.5
186,2721.5
270,2721.6
260,2721.8
228,2721.9
0,2721.9
156,2721.9
300,2721.9
172,2722.3
130,2722.3
45,2723.1
358,2723.1
211,2723.3
313,2723.3
370,2723.3
175,2723.5
141,2723.6
218,2724.0
363,2724.2
19,2724.2
17,2724.7
305,2725.0
226,2725.3
134,2725.5
296,2725.5
151,2725.8
78,2725.9
255,2726.1
367,2726.1
221,2726.4
24,2726.5
308,2726.6
113,2726.6
205,2726.7
164,2726.7
132,2727.0
184,2727.0
60,2727.2
75,2727.3
64,2727.5
22,2727.9
216,2727.9
157,2728.2
177,2729.1
109,2729.2
356,2729.4
203,2730.0
163,2730.1
12,2730.8
303,2730.8
256,2731.2
261,2731.8
291,2731.9
67,2732.3
360,2732.3
309,2732.8
105,2732.8
298,2732.9
7,2733.2
18,2733.3
125,2733.5
154,2735.3
176,2735.5
72,2735.7
212,2735.9
320,2736.2
214,2736.5
247,2736.8
307,2737.4
339,2737.4
25,2737.4
310,2738.9
252,2739.1
193,2739.1
319,2740.3
53,2741.3
351,2742.6
106,2743.0
59,2743.5
350,2743.8
196,2743.8
208,2743.8
100,2744.4
39,2744.5
58,2744.8
159,2745.1
365,2745.3
5,2746.9
293,2747.2
200,2747.3
210,2747.6
297,2747.8
161,2749.2
229,2749.3
361,2749.6
123,2750.6
101,2750.6
61,2751.8
262,2752.8
258,2753.3
1,2753.5
2,2754.0
353,2755.2
300,2755.9
206,2756.5
248,2756.5
211,2756.7
311,2757.7
169,2757.9
289,2759.4
19,2760.1
194,2760.2
31,2760.5
205,2760.6
275,2760.7
153,2761.1
349,2762.2
170,2762.4
17,2763.1
295,2763.1
84,2763.3
129,2764.6
9,2765.0
0,2765.0
34,2765.4
305,2765.6
278,2766.3
55,2766.6
60,2767.6
255,2768.1
288,2768.5
86,2768.9
359,2768.9
308,2769.8
266,2770.4
302,2770.4
97,2770.4
29,2770.7
197,2770.7
172,2771.3
30,2771.4
132,2771.8
36,2772.5
7,2772.7
291,2772.8
63,2773.3
15,2773.3
357,2773.5
318,2774.8
76,2775.0
201,2775.4
279,2775.4
45,2775.6
366,2777.3
218,2777.4
13,2777.7
39,2778.0
310,2779.1
176,2781.0
351,2781.8
67,2781.9
368,2782.2
59,2782.3
79,2783.0
293,2783.3
88,2784.4
109,2785.5
137,2785.8
22,2786.1
348,2786.2
376,2786.5
261,2786.7
61,2787.0
303,2787.4
20,2788.1
163,2788.2
62,2788.9
38,2789.3
377,2791.5
205,2791.7
206,2793.3
361,2793.6
157,2793.6
32,2793.8
268,2794.6
108,2795.4
18,2795.9
152,2797.8
127,2798.0
182,2798.0
322,2798.1
128,2799.2
274,2801.2
229,2802.7
3,2806.1
143,2806.4
133,2806.5
353,2808.5
58,2811.1
201,2811.9
227,2812.4
36,2812.7
87,2813.0
351,2813.7
17,2814.0
207,2814.3
59,2814.3
147,2814.9
2,2815.0
247,2815.0
211,2815.3
141,2816.4
246,2817.0
33,2817.1
226,2817.5
376,2819.0
293,2819.3
170,2819.5
34,2819.6
332,2819.8
67,2820.1
5,2820.4
136,2821.0
305,2821.7
356,2821.8
176,2821.8
218,2823.1
38,2823.2
365,2823.4
230,2824.2
172,2824.7
78,2825.5
359,2825.7
279,2825.8
61,2826.5
178,2826.6
63,2826.7
30,2827.9
270,2829.1
28,2829.2
121,2829.2
151,2829.3
129,2829.8
29,2831.9
254,2832.7
183,2832.8
350,2832.9
371,2833.0
266,2833.7
39,2835.2
373,2838.0
192,2838.2
157,2838.5
76,2838.8
110,2839.2
361,2839.8
316,2840.5
353,2840.6
77,2840.9
377,2842.6
369,2843.4
258,2847.0
171,2848.8
206,2849.6
75,2850.2
96,2851.4
339,2851.8
255,2852.0
357,2853.2
36,2853.8
67,2854.4
60,2854.4
205,2854.6
319,2854.9
272,2855.2
18,2855.5
137,2856.0
62,2856.6
19,2859.8
128,2863.3
360,2864.0
355,2864.2
32,2865.5
267,2865.5
86,2866.0
15,2866.6
134,2867.1
89,2869.4
154,2871.5
53,2872.5
210,2873.0
169,2873.2
33,2875.0
361,2875.1
125,2875.4
353,2877.1
84,2878.9
34,2879.1
229,2879.6
376,2879.6
295,2879.6
359,2879.8
39,2880.4
178,2880.9
132,2881.1
279,2882.0
280,2882.7
176,2883.3
275,2883.8
287,2884.4
227,2884.6
372,2885.5
105,2885.5
307,2886.2
363,2886.7
366,2886.8
302,2887.1
87,2888.7
36,2889.2
88,2889.7
45,2890.4
61,2891.5
368,2892.5
76,2892.8
318,2893.5
130,2894.5
30,2895.4
182,2895.4
2,2897.1
311,2898.2
228,2900.2
137,2900.8
278,2901.1
274,2901.4
218,2901.7
211,2903.3
81,2904.3
184,2904.4
86,2905.9
41,2906.4
38,2906.7
381,2906.7
367,2908.7
357,2910.0
334,2911.4
225,2913.2
20,2913.6
164,2915.2
247,2915.4
229,2915.5
226,2915.6
78,2915.7
374,2915.8
170,2915.9
310,2917.1
356,2918.2
31,2918.7
258,2920.6
377,2920.8
39,2921.0
365,2923.8
206,2924.2
358,2924.6
260,2924.9
230,2925.3
18,2925.8
300,2925.9
157,2926.7
104,2926.9
72,2927.0
120,2927.2
359,2928.3
67,2928.3
291,2928.4
308,2928.6
19,2929.3
293,2929.8
201,2929.9
203,2930.3
279,2930.6
246,2931.5
64,2931.6
261,2931.9
108,2932.0
368,2932.0
60,2934.3
17,2935.2
172,2935.4
61,2935.5
193,2935.9
267,2937.3
248,2937.8
109,2938.2
176,2938.4
155,2938.9
25,2939.2
205,2940.0
303,2943.9
7,2944.5
361,2944.5
211,2944.7
2,2945.3
71,2945.8
84,2946.2
311,2946.2
74,2946.9
169,2949.0
353,2950.2
255,2951.4
289,2951.6
218,2952.1
130,2952.3
360,2953.4
153,2953.9
167,2954.4
132,2954.8
58,2954.9
268,2955.3
59,2956.0
156,2956.6
154,2957.4
53,2957.5
252,2958.1
300,2958.2
15,2958.7
157,2959.0
308,2959.2
134,2959.4
305,2959.7
163,2960.2
296,2960.4
313,2961.1
351,2961.3
56,2961.7
24,2962.3
178,2962.5
13,2963.3
200,2963.6
256,2963.9
67,2963.9
31,2964.9
275,2965.2
247,2965.4
330,2965.5
0,2966.2
34,2967.4
36,2967.4
172,2968.1
357,2968.6
293,2971.4
33,2973.1
75,2976.8
287,2978.2
79,2980.3
361,2980.7
38,2982.2
127,2982.6
376,2982.8
323,2983.2
372,2983.3
176,2984.5
270,2986.0
143,2989.4
334,2990.1
45,2990.2
39,2993.4
88,2997.1
227,2998.0
76,2999.0
366,2999.9
