19,29.1
130,29.8
227,30.3
313,31.0
82,31.6
173,31.9
217,33.0
20,33.1
355,33.2
75,33.3
119,33.4
117,34.6
206,35.0
134,35.0
166,38.4
352,38.6
309,38.6
178,39.7
77,39.9
68,40.3
253,40.5
157,40.6
257,40.6
182,40.8
314,40.9
347,41.3
126,41.8
76,42.0
26,42.1
136,42.1
248,42.6
254,43.1
162,43.2
212,43.3
299,43.5
258,44.1
198,44.1
357,44.7
66,46.1
118,46.2
122,46.5
195,47.1
69,47.4
356,48.1
87,48.3
207,48.8
171,48.9
25,48.9
164,49.3
250,49.4
199,49.4
15,50.0
12,50.1
344,50.1
322,50.2
125,50.2
296,50.6
53,50.6
276,50.6
362,50.8
246,50.8
300,50.9
57,50.9
359,51.0
351,51.0
284,51.3
342,51.6
274,51.9
1,51.9
263,52.2
5,52.4
364,53.0
105,53.0
24,53.2
109,53.5
366,53.8
10,53.9
204,54.0
59,54.1
110,54.1
158,54.2
339,54.4
63,54.4
143,54.4
350,55.1
58,55.3
176,55.4
61,55.6
156,56.4
19,56.5
65,56.7
79,56.9
67,57.4
305,57.5
221,57.7
218,57.9
220,58.4
311,58.9
227,59.4
373,59.4
62,59.5
8,59.6
346,59.6
236,59.7
55,59.8
360,59.8
345,59.9
211,60.2
20,60.3
83,60.4
71,60.5
123,60.6
186,62.0
28,62.5
82,62.9
179,63.1
37,65.3
280,66.7
217,66.8
35,67.5
372,69.0
119,69.1
336,70.0
293,70.4
56,71.1
173,71.8
130,72.1
185,72.4
281,72.5
18,73.2
163,73.9
120,74.3
180,74.6
117,74.8
86,75.6
115,75.6
157,75.9
309,76.3
166,76.8
294,77.0
195,77.0
100,77.2
317,77.4
134,77.5
212,78.0
64,78.1
313,78.2
168,78.3
75,78.5
151,79.2
378,79.7
76,80.0
210,80.5
243,80.5
182,81.2
283,81.6
97,81.8
95,81.9
365,84.3
314,86.8
267,86.9
51,88.2
19,89.2
254,96.6
316,99.0
136,102.7
268,102.7
199,103.7
374,103.7
377,104.7
217,105.2
311,105.6
190,106.4
28,106.8
356,106.9
233,107.7
50,107.9
234,108.2
322,108.7
339,108.7
348,108.9
363,109.2
303,109.6
326,109.6
232,109.7
207,109.7
218,111.2
79,111.9
299,111.9
61,112.0
376,112.4
347,112.4
164,112.8
296,112.9
309,113.0
284,113.4
228,113.7
331,114.0
130,114.3
359,114.8
1,114.8
105,115.0
276,115.2
342,115.3
291,115.5
357,115.7
206,116.0
87,118.1
25,118.8
59,119.1
149,119.6
198,120.3
246,120.4
8,121.0
293,122.0
212,122.8
252,123.1
68,123.1
253,123.4
350,125.1
5,125.2
195,125.9
71,126.1
202,126.2
83,126.5
172,127.1
107,127.5
157,127.9
58,128.4
53,128.4
122,128.4
144,129.2
18,129.5
258,129.5
66,129.7
162,130.1
57,130.4
254,131.0
156,131.2
166,133.0
351,133.7
19,134.3
352,135.5
278,135.7
355,135.9
26,136.5
129,136.7
225,136.9
75,137.8
20,138.5
227,138.6
274,139.1
281,139.6
236,139.7
176,140.9
82,141.1
134,141.9
276,142.6
199,142.7
366,143.5
117,143.8
265,143.8
132,144.1
110,144.2
87,144.4
380,144.5
226,144.9
146,145.2
119,145.6
69,146.5
311,147.2
39,147.6
216,148.0
29,148.4
32,148.6
123,149.6
217,149.7
309,150.0
374,150.6
137,150.7
339,151.0
111,152.0
233,152.1
345,154.4
245,154.4
356,155.0
13,155.6
318,156.9
100,160.3
212,160.5
296,162.7
164,163.5
12,164.8
182,165.2
249,168.5
23,168.7
350,168.8
61,169.6
71,170.2
68,172.0
195,172.3
19,174.1
105,174.8
293,175.3
253,175.4
120,175.9
20,176.5
157,176.9
268,177.5
259,177.7
151,177.9
162,178.4
8,178.6
66,178.9
198,179.3
347,179.4
218,179.6
1,179.7
313,179.8
342,179.9
18,180.0
207,180.2
248,180.6
246,181.1
126,181.4
291,182.2
130,183.0
5,183.0
149,183.3
250,183.4
326,183.7
299,183.8
77,184.7
220,185.3
79,186.8
55,187.7
276,187.7
349,188.1
134,188.3
322,188.3
258,189.1
51,189.5
24,189.8
361,189.9
87,189.9
26,190.1
3,190.3
374,190.5
359,190.9
199,191.2
206,191.4
356,191.4
265,191.4
339,192.0
379,192.2
236,193.4
226,193.8
281,193.8
212,194.0
136,194.2
373,194.6
366,195.2
273,195.7
83,196.0
164,196.0
176,196.3
166,196.6
271,196.7
172,197.2
217,198.2
37,198.4
227,198.8
29,199.2
285,199.5
75,200.2
284,201.5
309,201.9
140,202.0
138,202.5
169,203.0
311,204.9
132,205.4
32,206.1
324,206.1
82,206.2
173,207.7
251,208.3
267,208.4
314,208.5
270,208.8
143,209.2
20,209.7
123,209.7
264,210.2
25,210.5
67,211.2
365,214.7
19,214.8
117,215.2
182,215.3
317,216.3
63,218.0
377,218.7
120,218.8
35,219.3
171,220.5
28,220.8
76,221.0
372,221.0
278,221.7
283,221.9
163,222.1
157,222.3
167,224.3
268,225.3
62,225.4
269,225.8
254,225.9
24,226.3
58,226.5
294,226.6
356,227.4
110,227.7
234,227.9
79,228.2
100,228.2
109,228.2
250,228.4
195,228.6
70,229.0
134,229.2
87,229.3
380,229.4
216,229.5
236,230.1
218,230.2
213,230.3
40,230.5
313,230.9
212,231.1
345,231.4
360,231.4
97,231.5
115,232.3
306,232.8
281,233.0
245,233.0
249,233.3
12,233.4
130,233.5
348,234.4
339,234.6
176,234.6
190,235.2
265,235.2
202,235.4
350,236.0
296,236.5
185,237.6
207,237.7
172,237.9
68,238.6
164,239.2
230,239.2
240,239.4
75,239.6
374,239.9
55,239.9
149,239.9
322,240.3
61,240.8
37,240.8
235,241.2
293,241.4
376,241.6
126,241.7
57,242.0
378,242.0
349,242.3
13,242.4
286,242.7
326,242.8
273,242.8
338,242.8
199,243.0
233,243.4
20,243.4
182,243.5
333,243.5
38,243.7
196,244.1
280,245.0
248,245.0
137,245.1
237,245.5
3,246.3
152,246.7
39,246.8
103,247.4
217,247.4
264,248.9
36,249.6
270,249.7
123,250.8
271,250.9
366,252.7
363,253.0
285,253.4
379,253.5
184,253.6
28,254.0
162,254.4
19,254.5
166,254.7
50,254.7
359,255.2
347,255.8
267,256.9
59,257.5
178,257.9
1,258.1
79,258.7
206,258.8
8,259.1
112,259.2
342,259.5
275,259.6
318,260.0
303,260.0
105,260.0
309,260.1
220,260.8
299,261.6
32,261.8
212,261.8
352,261.9
88,262.7
305,263.1
122,263.2
274,263.4
157,263.5
361,263.5
291,263.6
357,263.8
82,264.2
254,264.4
77,264.5
53,265.0
51,265.2
380,265.6
18,266.4
218,266.8
239,266.9
94,267.0
170,267.1
195,267.4
120,267.4
35,267.5
294,268.3
246,269.1
356,269.7
25,270.1
164,270.3
351,270.4
115,271.4
258,271.5
158,272.6
263,274.6
326,278.8
29,280.2
374,280.3
225,281.2
87,282.5
136,283.0
293,283.3
182,285.3
372,286.0
271,286.4
283,287.5
38,288.3
317,289.2
355,291.0
119,291.0
134,291.5
19,291.7
217,292.1
20,292.4
314,294.2
366,294.9
221,295.4
311,296.4
61,296.8
309,297.3
345,298.6
37,298.7
156,298.8
227,298.9
339,300.5
75,301.2
236,301.3
24,302.1
117,302.4
173,302.9
212,303.2
267,304.8
276,306.2
125,306.2
324,306.6
95,306.8
207,306.9
143,306.9
237,307.3
206,308.2
296,308.9
180,309.0
199,310.4
195,310.8
28,310.8
280,311.0
274,311.1
83,312.5
299,312.8
105,313.5
359,314.1
151,314.3
122,315.8
35,315.9
79,316.2
167,316.6
213,317.2
264,317.2
179,317.6
8,318.3
166,318.7
218,319.1
115,320.6
284,321.3
120,322.8
198,322.9
25,322.9
253,323.3
123,323.6
18,324.0
26,325.9
294,326.5
149,327.9
71,327.9
65,328.2
82,328.7
291,329.0
5,329.3
145,329.5
87,330.1
130,330.3
164,330.4
19,331.1
20,331.8
250,332.0
273,333.4
346,333.6
227,333.8
119,333.8
366,337.4
61,337.8
0,338.3
303,338.8
182,339.0
268,339.3
39,339.4
259,339.8
76,341.4
212,341.8
190,341.8
356,342.0
377,342.1
75,342.3
309,343.0
207,343.2
317,343.3
217,343.5
117,343.7
40,343.7
372,344.6
254,345.2
293,345.5
349,345.6
163,346.8
24,347.3
313,347.4
248,347.6
296,348.2
278,348.9
66,350.4
311,350.8
162,351.1
236,351.2
126,351.2
347,352.5
67,352.7
234,352.8
322,354.5
68,356.1
363,356.5
218,358.4
166,359.8
79,360.1
353,361.2
357,361.4
120,361.7
157,361.8
361,362.1
20,362.1
267,362.2
299,362.2
130,362.4
97,362.6
58,362.7
326,363.0
195,363.0
301,363.5
86,363.5
64,364.0
176,364.1
28,365.5
25,366.4
115,366.5
171,366.6
359,367.4
122,367.6
170,369.2
141,371.8
55,372.0
257,372.7
110,372.7
352,373.8
100,375.1
32,375.2
243,375.4
374,375.5
350,375.7
345,376.0
380,377.3
212,377.5
12,377.5
379,378.2
61,378.3
182,378.4
366,378.6
137,378.9
164,379.2
250,379.9
376,380.2
13,380.3
152,380.6
293,380.8
39,381.8
207,382.3
184,382.9
217,383.7
105,384.0
309,384.2
178,385.4
149,385.4
8,389.2
338,389.7
248,406.7
69,407.1
195,408.6
65,408.7
356,409.5
298,411.3
5,411.5
68,411.9
61,412.0
322,412.6
10,412.6
291,412.7
296,412.8
254,413.1
153,413.5
294,415.4
157,415.9
347,416.0
198,416.5
374,416.6
163,416.7
107,417.2
243,417.8
11,418.4
149,418.6
202,418.8
164,419.7
3,420.5
19,420.5
285,420.9
246,421.5
281,421.5
268,421.6
250,421.7
55,421.8
42,422.0
252,422.0
20,422.2
350,422.7
0,422.8
293,422.8
276,423.3
97,423.4
233,423.5
182,423.8
364,424.0
236,424.1
38,424.2
217,424.5
58,424.6
373,424.7
23,425.1
317,426.3
172,426.3
120,426.3
87,426.4
12,426.5
40,426.6
78,426.9
134,427.1
221,427.8
231,428.0
66,428.3
234,428.4
309,428.8
126,428.8
185,429.6
278,430.3
138,430.9
171,431.2
235,431.3
313,431.6
123,431.9
339,432.5
162,433.1
151,436.6
353,436.9
35,453.4
206,453.7
216,454.1
89,454.5
281,454.6
75,456.0
230,456.2
359,457.3
237,458.2
372,458.2
270,458.6
271,459.3
79,460.1
286,460.4
207,460.6
199,460.7
380,461.1
39,462.1
363,462.5
32,462.6
333,462.7
228,463.5
20,463.7
366,464.2
172,464.7
226,465.1
264,465.3
37,465.4
137,465.8
190,466.1
28,467.2
326,467.3
311,467.4
236,468.4
361,468.8
233,468.9
374,469.2
376,469.6
379,470.5
218,470.6
234,470.7
141,471.5
149,471.7
170,472.0
40,473.3
29,475.4
166,475.9
120,476.0
235,476.1
338,476.1
51,476.3
97,476.8
269,477.1
134,477.6
250,477.7
294,477.9
273,477.9
175,478.0
293,478.4
182,479.4
267,479.4
276,480.6
19,480.7
100,481.0
265,481.0
176,481.1
130,481.5
195,482.1
306,482.3
377,483.1
61,483.1
268,483.6
164,483.6
317,483.8
122,484.0
38,484.7
206,485.1
158,485.7
274,486.0
322,486.4
76,486.6
283,487.6
217,488.1
107,489.8
352,489.9
198,495.2
244,496.2
75,496.3
119,496.3
309,496.5
202,498.7
58,498.8
253,499.0
157,500.0
123,500.6
117,501.4
196,501.8
254,502.1
350,502.2
278,502.8
13,503.0
227,503.3
50,503.7
173,503.8
63,503.8
149,503.9
132,504.6
362,504.8
199,505.7
311,506.1
236,506.3
152,506.4
245,506.5
256,506.6
20,507.0
57,507.2
318,507.4
380,507.5
250,507.7
338,507.8
348,508.0
340,508.1
120,508.2
240,508.4
349,508.5
366,508.7
163,509.1
109,509.2
218,509.2
249,509.9
365,510.3
313,510.6
55,510.6
8,510.7
79,511.2
316,512.2
361,513.0
339,514.5
82,515.7
134,516.6
1,516.7
293,517.0
294,517.9
207,518.3
314,518.9
61,519.4
97,519.5
345,519.6
356,520.0
212,520.3
67,520.5
166,521.0
18,521.2
342,521.3
105,522.3
40,523.0
168,524.7
234,525.1
19,525.3
182,525.8
130,526.1
32,526.9
230,527.9
246,528.6
137,528.7
107,530.8
151,530.9
309,531.7
374,531.8
184,534.0
185,534.4
141,534.5
237,537.3
28,537.8
5,538.1
326,539.2
37,540.4
333,541.0
35,541.5
12,542.5
204,542.5
286,543.1
271,543.1
372,543.4
157,544.8
376,547.8
4,547.9
190,548.0
281,549.1
38,550.1
235,550.8
58,551.0
267,551.3
228,552.0
199,552.1
363,552.2
283,552.3
317,552.5
75,552.5
136,553.1
225,553.3
87,553.3
377,554.0
170,554.3
268,554.9
50,555.4
233,555.8
177,556.3
206,557.2
172,557.2
236,557.2
39,558.3
339,559.1
57,559.5
81,559.9
95,559.9
140,561.2
278,562.1
1,563.4
202,563.7
350,564.6
146,565.4
294,565.9
342,565.9
51,566.1
245,567.2
59,567.3
198,567.6
348,570.9
249,572.0
293,572.3
111,573.1
326,574.9
322,576.6
164,584.6
28,588.2
120,589.0
376,591.3
184,591.8
298,593.9
5,594.4
149,596.7
190,599.2
157,599.4
195,600.2
10,600.3
204,600.3
199,601.1
65,601.3
363,602.0
8,602.2
288,602.8
252,602.8
240,604.0
250,604.3
350,605.3
246,605.5
198,605.6
286,605.9
83,606.1
4,606.2
163,606.3
56,606.3
207,606.4
58,606.5
271,606.7
75,606.9
79,607.2
19,607.2
57,607.3
299,607.4
268,607.4
356,607.9
235,608.0
230,608.0
234,608.2
294,608.5
68,608.5
228,608.6
97,608.6
162,608.8
347,608.8
218,608.8
50,608.9
377,609.2
296,609.3
264,609.5
254,609.5
66,609.7
349,609.8
372,609.9
126,610.2
64,610.5
221,610.5
38,610.8
253,610.9
106,611.0
237,611.7
117,612.0
185,612.2
130,612.3
122,612.4
37,613.1
166,613.2
12,613.3
177,613.4
170,613.5
7,614.5
270,614.6
69,614.8
217,614.9
303,615.0
171,615.2
248,615.2
115,615.6
313,615.9
249,615.9
202,617.0
53,617.0
20,617.1
120,617.3
76,618.1
336,618.6
15,618.8
322,618.9
348,619.0
40,619.3
182,621.4
35,621.7
61,621.8
317,621.9
136,623.2
95,623.3
382,623.5
366,637.8
236,638.9
281,639.3
267,639.6
134,640.3
206,640.6
311,640.6
361,641.8
19,642.3
257,642.3
178,642.6
309,642.8
39,642.8
32,643.2
20,643.4
119,644.3
226,644.7
173,644.7
359,644.7
227,644.8
251,645.3
75,645.8
157,646.7
29,646.7
131,646.8
269,646.9
195,648.0
274,648.1
70,648.8
158,648.9
69,649.0
120,649.0
344,649.2
356,649.5
82,649.6
110,650.8
100,651.0
18,651.2
51,651.5
112,652.0
143,652.1
117,652.3
24,652.5
254,652.6
306,652.8
163,652.9
345,653.1
212,653.2
123,653.8
57,654.3
204,654.4
245,654.5
339,654.9
26,654.9
298,655.1
217,655.2
265,655.4
132,655.6
109,655.8
250,655.9
164,657.3
12,657.4
293,658.7
97,663.6
294,666.6
13,669.3
202,669.6
58,672.3
253,674.0
246,675.0
309,675.7
199,676.2
25,677.1
168,677.5
107,678.5
136,678.5
19,679.1
314,679.6
75,679.8
206,681.8
283,681.9
382,683.6
372,683.8
35,684.3
311,685.4
365,686.5
198,687.2
377,687.6
61,688.0
317,688.4
63,688.7
338,688.9
316,689.0
359,689.3
149,689.9
79,690.6
217,690.9
24,691.5
356,692.1
293,692.1
151,692.7
29,693.2
123,693.4
55,693.5
152,695.5
296,695.6
265,696.4
105,696.5
218,697.4
37,697.4
347,698.3
87,699.6
254,700.6
140,700.7
227,701.8
212,702.3
28,702.6
276,703.1
352,703.2
68,703.7
299,704.5
342,705.9
173,706.3
1,706.4
83,706.6
176,706.6
179,706.6
130,707.1
126,707.5
225,707.6
303,708.1
180,709.0
234,709.3
340,709.9
207,710.0
294,710.2
117,710.9
357,711.3
309,711.4
177,711.7
166,712.2
236,712.3
3,712.9
8,713.0
361,713.1
291,713.4
268,713.4
190,713.9
262,714.0
120,714.0
213,714.2
326,714.8
58,714.8
170,715.4
75,715.9
115,716.1
51,717.4
97,717.6
86,717.8
163,718.3
122,718.8
157,720.3
78,722.4
76,722.6
267,722.9
128,723.2
25,724.3
363,725.6
184,725.9
348,727.0
228,727.0
199,727.2
280,727.9
181,728.9
28,729.0
202,729.3
59,729.3
123,729.5
284,729.8
79,729.9
129,730.0
185,730.2
64,730.7
30,731.3
217,731.5
264,731.9
283,732.8
374,733.4
233,733.6
182,734.2
339,734.6
376,735.2
87,735.2
206,735.3
172,738.1
331,738.5
277,739.0
270,739.3
276,739.5
91,739.5
311,739.6
171,739.8
356,740.1
176,740.8
169,740.9
359,741.6
20,743.1
19,744.8
281,745.8
110,745.9
218,748.7
312,749.2
35,749.7
75,749.7
32,751.2
216,752.7
37,753.5
120,753.8
131,753.9
226,754.3
234,754.6
265,757.8
287,758.7
134,761.4
29,771.8
136,771.9
58,776.2
276,776.6
87,776.9
350,777.7
356,778.2
326,778.8
225,780.0
251,780.4
204,780.5
3,780.7
57,781.1
157,781.5
248,781.9
20,782.5
53,783.1
149,783.5
176,783.6
59,783.7
182,784.7
258,785.1
130,785.2
212,785.5
19,785.7
249,785.8
268,785.9
68,786.0
300,786.1
4,786.2
123,786.9
217,787.0
61,788.0
28,788.3
283,788.6
109,788.6
313,788.6
35,788.9
69,788.9
126,789.0
110,789.1
291,789.3
348,789.8
317,789.9
347,790.0
299,790.5
252,790.5
166,790.5
296,790.6
254,790.6
374,790.6
281,790.8
206,791.2
158,791.6
322,791.6
12,791.9
172,792.1
120,792.3
144,792.8
42,793.3
10,793.6
351,793.6
288,794.0
62,794.1
76,794.3
226,794.5
250,794.7
24,794.8
15,794.9
284,794.9
112,795.2
66,795.4
79,795.5
364,795.6
185,795.6
352,795.8
1,796.4
232,796.5
85,797.0
136,797.6
236,797.6
372,798.0
325,798.0
134,798.6
382,799.2
118,799.3
88,799.3
227,799.6
231,800.2
267,801.5
239,801.8
366,803.7
5,804.7
273,804.8
137,805.1
379,805.7
198,805.8
50,806.0
264,806.1
39,806.2
190,806.3
164,806.7
380,806.8
342,807.8
246,807.9
376,808.1
199,808.4
65,808.7
294,809.7
56,810.1
377,810.4
240,810.5
318,811.1
8,812.3
97,813.1
157,814.1
195,816.4
119,816.5
349,816.6
19,817.1
338,819.8
58,820.7
182,821.0
149,821.6
350,822.3
178,822.8
217,822.9
202,823.6
244,824.0
107,824.0
68,824.4
196,824.5
257,824.7
20,824.9
61,825.0
162,825.5
293,825.9
248,826.5
298,826.8
18,826.9
122,827.6
259,828.1
66,828.7
120,828.9
356,829.6
296,830.6
313,831.2
268,831.8
218,832.0
3,832.2
163,832.4
253,833.1
51,833.2
309,833.5
126,833.8
166,834.1
361,834.6
145,836.0
170,836.2
29,836.4
317,838.0
67,839.4
308,839.6
254,839.9
347,841.2
79,842.2
311,843.4
198,843.8
117,844.4
136,845.1
75,845.7
278,845.8
177,846.6
175,846.8
250,847.8
315,847.9
326,848.1
81,848.2
76,848.3
236,848.9
276,849.4
374,849.4
78,849.6
87,849.9
283,850.7
322,850.8
140,851.6
58,851.6
103,851.7
134,852.1
349,852.1
267,852.6
249,852.7
199,852.7
123,852.8
171,853.6
149,854.0
157,854.1
377,854.7
182,855.2
265,855.6
366,856.0
63,856.3
294,856.4
373,856.4
262,856.6
285,857.2
324,857.6
350,857.9
37,857.9
338,858.0
339,858.1
8,858.5
234,858.7
256,858.9
152,859.4
180,859.9
173,860.0
353,860.0
13,860.9
202,861.6
348,861.7
97,861.8
116,862.0
61,863.0
0,864.4
196,864.9
245,864.9
120,865.2
303,865.5
293,866.3
130,867.1
185,867.6
280,869.6
356,869.8
184,870.1
32,870.5
28,871.2
131,873.9
172,874.0
226,874.7
269,875.4
218,875.5
306,876.4
291,876.8
270,877.6
227,878.8
100,879.0
163,879.2
20,880.4
166,880.5
276,880.9
216,881.0
170,881.5
117,881.5
206,881.8
176,881.9
190,882.0
51,882.3
225,882.5
326,882.8
115,882.8
25,884.4
122,884.7
83,885.2
29,885.6
352,885.6
75,886.2
88,886.4
283,887.6
136,888.0
64,888.8
87,889.0
86,890.4
247,891.1
380,892.1
236,892.2
137,892.4
47,893.2
110,893.4
285,893.6
267,895.3
309,895.9
123,896.1
357,896.4
317,896.5
78,897.5
26,897.6
278,897.8
281,897.9
311,898.8
42,898.9
173,899.9
138,900.1
234,900.1
233,900.7
365,901.3
76,901.4
82,901.4
217,901.5
316,902.2
120,902.3
126,902.6
143,902.7
299,903.1
374,903.3
132,903.8
68,904.1
79,904.1
373,904.1
210,904.7
300,904.7
355,905.3
157,905.9
19,906.4
298,906.9
258,907.0
195,907.4
63,907.8
254,908.0
69,908.2
134,908.6
97,908.9
20,910.4
221,910.9
318,911.0
366,911.8
7,912.3
172,912.5
18,912.6
294,912.7
163,913.5
344,914.7
119,914.8
130,915.0
376,915.2
28,915.7
40,916.9
182,917.2
37,918.8
230,919.0
212,919.7
379,920.5
361,920.8
141,921.1
32,921.3
356,922.4
171,922.5
167,922.6
176,922.8
70,923.2
184,923.5
39,923.8
360,924.4
264,924.9
206,925.5
269,925.7
226,926.7
125,926.8
268,926.8
35,927.5
198,928.5
276,928.7
236,930.0
123,930.5
51,931.0
24,931.0
216,931.4
227,931.6
253,931.9
75,932.3
270,932.4
19,932.6
372,933.2
313,933.8
347,934.5
283,934.6
120,935.3
117,937.0
257,939.8
246,940.1
296,940.2
20,940.3
67,940.9
309,941.0
345,941.5
293,942.5
12,942.8
248,942.9
61,943.7
105,944.2
359,945.1
3,945.6
207,948.2
8,948.4
157,948.4
250,948.9
55,949.7
349,951.7
217,952.0
195,952.1
199,952.5
182,953.6
382,954.2
69,954.3
218,954.4
254,955.5
0,955.8
136,956.0
178,956.3
366,956.5
239,956.8
82,957.0
134,957.7
143,957.8
103,957.9
314,958.8
168,959.2
119,960.7
329,967.2
164,968.3
311,968.9
75,969.1
166,972.1
162,972.2
190,973.2
173,974.1
267,974.7
377,975.3
322,975.6
363,977.6
28,978.4
76,978.8
130,979.0
317,979.2
305,979.3
207,979.9
149,982.5
313,983.3
227,986.7
206,987.8
20,988.2
120,988.2
236,988.9
281,989.6
40,990.3
276,992.5
26,993.3
285,993.8
110,994.4
77,995.0
87,995.3
176,997.0
212,1001.7
79,1006.7
134,1006.9
182,1008.8
380,1011.5
374,1013.8
356,1017.6
56,1019.0
8,1020.9
65,1021.5
195,1022.6
10,1023.0
298,1023.7
5,1023.9
19,1024.0
218,1024.5
167,1024.9
157,1024.9
97,1025.4
68,1025.9
120,1026.4
24,1026.4
106,1027.4
372,1027.7
291,1027.9
248,1027.9
366,1028.0
349,1028.2
163,1028.4
12,1028.5
117,1028.6
35,1028.7
145,1028.9
300,1029.2
350,1029.6
20,1029.7
103,1029.8
294,1029.8
171,1030.5
18,1030.6
149,1031.0
250,1031.2
198,1031.4
251,1031.4
306,1031.5
166,1031.6
7,1031.9
126,1032.3
69,1032.6
313,1032.7
180,1032.9
227,1033.0
66,1033.1
83,1033.5
130,1034.0
136,1034.0
236,1034.1
179,1034.1
153,1034.5
280,1034.6
382,1034.6
257,1034.6
55,1034.7
283,1034.8
118,1034.8
269,1035.0
173,1035.0
86,1035.1
357,1035.2
217,1035.3
258,1035.4
243,1036.6
299,1036.7
131,1036.8
76,1036.8
128,1036.9
202,1037.2
296,1037.7
276,1038.3
140,1038.4
369,1039.1
352,1039.1
267,1039.1
249,1039.6
338,1040.6
110,1040.7
176,1041.1
37,1041.7
58,1041.9
25,1042.4
285,1042.4
3,1043.3
152,1043.3
29,1044.3
256,1044.4
123,1044.6
87,1045.1
293,1046.3
100,1046.4
70,1046.6
226,1046.9
216,1047.2
359,1047.6
26,1047.8
51,1048.3
326,1050.3
164,1052.2
79,1053.3
322,1055.1
122,1055.9
19,1056.7
270,1058.5
119,1061.6
206,1062.3
195,1062.8
355,1067.4
65,1067.9
156,1070.1
362,1070.6
66,1071.2
18,1072.0
8,1072.5
258,1072.9
120,1073.0
158,1075.9
253,1076.6
149,1076.6
263,1077.3
198,1077.5
306,1077.6
218,1080.2
145,1082.3
356,1083.0
298,1083.3
164,1083.7
265,1083.9
269,1084.2
163,1084.4
297,1085.1
97,1085.2
100,1085.4
170,1086.0
354,1086.2
309,1086.4
56,1086.8
190,1086.9
115,1087.1
157,1087.2
53,1087.3
299,1087.4
271,1087.5
12,1088.2
207,1088.5
10,1089.1
326,1089.2
345,1089.3
349,1089.5
32,1089.6
296,1090.1
29,1090.1
195,1090.1
268,1090.4
106,1090.5
251,1090.6
376,1090.9
103,1092.0
5,1092.3
294,1092.8
377,1094.6
19,1094.8
225,1094.9
55,1095.0
20,1095.2
75,1096.3
7,1096.5
117,1096.5
68,1096.8
293,1097.0
130,1097.2
322,1097.3
247,1097.8
216,1098.2
350,1098.4
24,1098.5
105,1098.8
166,1098.9
313,1099.0
246,1099.6
291,1100.2
276,1100.4
249,1101.1
248,1101.1
182,1101.1
212,1101.2
300,1101.3
76,1101.7
61,1101.9
136,1102.2
283,1103.6
87,1103.7
15,1103.8
176,1104.6
374,1104.9
185,1105.2
352,1106.0
250,1106.1
172,1106.2
281,1106.4
23,1106.6
69,1107.2
0,1107.2
227,1107.4
71,1107.6
372,1107.6
217,1107.6
317,1107.7
233,1108.2
40,1108.4
38,1109.2
82,1109.3
134,1109.4
126,1109.6
303,1109.6
236,1109.9
152,1110.5
348,1110.6
120,1110.9
218,1111.3
8,1111.3
26,1111.7
65,1112.0
286,1112.4
119,1112.5
149,1112.9
235,1113.0
164,1113.5
230,1113.5
79,1113.7
366,1114.4
18,1115.2
3,1115.5
309,1117.8
202,1118.0
13,1118.1
356,1118.5
338,1118.9
58,1119.7
123,1120.1
329,1120.4
196,1120.8
195,1121.0
256,1121.1
254,1121.7
234,1122.4
346,1122.8
66,1122.8
278,1122.8
67,1124.0
285,1125.3
89,1126.9
221,1127.1
237,1127.4
37,1127.7
63,1127.9
173,1128.6
365,1129.6
333,1131.5
373,1136.0
107,1137.0
349,1137.7
380,1140.6
311,1142.9
199,1144.1
198,1145.0
361,1145.7
293,1147.4
56,1148.0
294,1148.1
55,1148.7
8,1149.6
250,1151.3
149,1151.4
97,1152.5
103,1153.1
68,1153.8
157,1154.3
5,1154.5
20,1154.7
58,1155.4
241,1156.4
262,1156.8
350,1156.9
356,1156.9
347,1157.0
19,1157.2
340,1157.7
315,1157.7
296,1159.0
116,1160.3
12,1160.5
308,1161.7
10,1162.0
75,1162.5
270,1163.2
182,1163.3
3,1163.5
126,1164.7
171,1164.9
309,1165.0
79,1165.6
120,1166.4
264,1166.5
206,1166.6
218,1167.0
207,1167.0
32,1167.1
110,1168.0
134,1168.0
251,1168.2
163,1168.3
123,1168.5
216,1168.6
176,1169.1
217,1169.1
276,1169.4
70,1170.0
162,1170.1
357,1170.6
212,1170.8
313,1171.0
265,1171.1
35,1171.7
267,1171.9
236,1172.0
130,1172.1
166,1172.5
268,1172.9
359,1173.2
61,1173.3
299,1173.5
317,1173.7
226,1174.4
243,1174.5
254,1174.5
248,1174.5
169,1174.6
269,1174.9
227,1175.3
117,1176.5
87,1176.6
195,1177.2
28,1177.7
24,1178.3
372,1178.4
360,1179.6
258,1179.6
250,1180.7
199,1181.0
338,1181.6
83,1182.1
153,1182.3
65,1182.9
149,1182.9
8,1183.5
240,1183.8
284,1184.1
26,1185.3
349,1186.0
196,1186.4
0,1186.5
68,1187.2
66,1187.2
202,1187.3
109,1187.5
291,1187.7
62,1187.7
259,1187.8
252,1188.5
305,1188.9
78,1189.5
314,1190.5
283,1190.5
374,1190.5
377,1192.2
356,1192.6
311,1194.5
303,1196.0
221,1199.4
120,1200.7
198,1201.4
350,1201.8
75,1203.3
58,1203.3
268,1203.9
177,1204.1
234,1205.2
309,1205.6
163,1205.8
278,1206.4
217,1206.5
296,1206.6
164,1206.6
71,1207.2
40,1207.2
61,1207.3
18,1211.8
172,1212.7
281,1213.2
265,1213.3
359,1213.5
253,1213.7
131,1214.5
195,1214.8
306,1214.9
233,1215.5
230,1215.6
270,1216.0
123,1216.1
20,1216.8
184,1217.1
216,1218.4
134,1220.1
29,1220.5
317,1221.4
226,1221.7
149,1223.1
178,1223.5
5,1224.0
364,1224.4
248,1226.1
298,1226.9
136,1227.6
276,1227.7
69,1228.1
15,1228.1
356,1228.5
87,1229.1
3,1229.8
251,1232.3
10,1232.3
250,1234.3
204,1239.5
53,1241.8
202,1243.0
13,1243.8
339,1245.8
19,1245.9
26,1246.0
61,1246.5
350,1247.5
293,1247.5
100,1248.0
58,1248.4
309,1248.4
338,1248.9
132,1250.1
12,1250.6
71,1250.7
68,1251.3
252,1251.5
346,1252.2
152,1253.0
345,1253.4
107,1253.7
82,1253.8
253,1254.6
164,1255.0
296,1255.0
120,1255.4
212,1256.7
156,1257.3
20,1258.0
258,1259.0
352,1259.2
195,1259.9
291,1260.0
227,1260.3
176,1262.1
326,1263.5
276,1263.7
87,1264.6
265,1264.7
268,1264.8
218,1265.1
123,1265.6
134,1266.1
130,1266.2
225,1266.6
172,1267.2
233,1267.8
42,1268.8
281,1269.0
75,1269.0
117,1269.5
331,1269.8
234,1270.3
278,1270.5
177,1270.7
365,1270.8
185,1271.9
374,1272.0
28,1274.1
78,1274.7
316,1276.8
285,1280.9
110,1281.7
380,1281.9
126,1282.1
8,1283.2
216,1284.7
356,1284.8
79,1285.3
226,1287.4
26,1287.8
66,1289.2
136,1289.5
236,1289.5
59,1290.1
373,1290.5
276,1291.2
149,1294.0
306,1294.3
284,1294.9
37,1295.3
270,1295.7
350,1295.9
217,1297.0
87,1297.2
138,1298.4
83,1298.4
231,1299.2
280,1303.5
179,1304.2
35,1305.0
176,1305.6
281,1305.9
322,1307.1
68,1307.1
172,1307.6
19,1308.0
20,1309.8
233,1311.0
227,1311.8
182,1311.8
125,1312.5
58,1312.9
140,1313.0
191,1313.9
218,1313.9
212,1314.0
374,1314.4
131,1314.9
349,1315.1
287,1315.3
232,1315.4
171,1315.5
331,1315.9
291,1315.9
276,1316.1
225,1316.2
195,1316.2
170,1316.6
381,1316.6
326,1316.7
29,1317.5
234,1317.6
130,1317.9
325,1318.0
28,1318.2
249,1318.3
157,1318.3
8,1319.1
103,1319.3
181,1319.6
185,1319.7
166,1319.9
366,1320.1
143,1320.3
230,1320.7
117,1320.9
81,1321.1
136,1321.5
123,1322.3
173,1322.7
126,1322.8
257,1323.0
184,1323.2
105,1323.3
369,1323.3
119,1323.5
25,1323.6
235,1324.1
37,1324.4
118,1324.4
97,1324.9
237,1325.4
82,1325.9
134,1326.7
79,1328.9
167,1329.0
356,1329.8
87,1330.2
24,1331.2
132,1331.8
69,1332.0
296,1332.2
345,1333.3
309,1334.1
0,1334.2
67,1334.3
355,1334.9
217,1336.7
12,1337.7
359,1338.2
61,1339.4
71,1341.3
56,1342.1
55,1342.1
33,1342.5
265,1344.6
248,1344.7
344,1345.6
35,1346.9
100,1347.1
19,1348.1
254,1348.3
246,1348.5
299,1349.4
226,1349.4
20,1349.5
251,1350.5
29,1350.6
164,1351.6
110,1352.6
70,1352.7
269,1353.3
276,1353.7
281,1354.6
26,1355.0
84,1355.8
75,1360.9
346,1361.2
134,1361.6
32,1361.7
311,1362.1
366,1362.4
212,1365.5
123,1366.9
176,1367.0
175,1367.9
206,1369.4
22,1369.4
37,1370.0
271,1371.2
378,1371.4
356,1371.5
372,1371.7
270,1371.8
182,1372.1
264,1372.3
374,1372.3
169,1372.5
28,1373.6
216,1374.0
284,1374.5
172,1374.6
132,1375.3
87,1375.4
236,1375.8
35,1375.9
39,1378.8
359,1379.0
339,1379.8
380,1380.4
120,1380.9
253,1381.0
137,1382.2
306,1382.7
213,1382.9
79,1383.9
167,1384.5
195,1384.7
258,1384.8
20,1384.9
318,1385.0
202,1385.7
267,1385.7
350,1386.7
18,1386.7
166,1387.1
291,1387.1
89,1387.1
25,1387.5
163,1387.7
68,1388.0
51,1388.5
145,1389.3
218,1389.6
298,1389.6
230,1390.0
115,1390.4
117,1390.6
281,1390.7
59,1390.7
126,1391.1
326,1391.1
245,1392.0
357,1392.5
285,1392.6
157,1392.9
293,1394.5
296,1395.0
100,1395.5
19,1396.4
8,1397.6
105,1398.2
164,1398.3
345,1398.8
333,1399.0
199,1399.3
5,1399.8
71,1399.8
1,1400.2
361,1400.6
198,1401.0
347,1401.8
237,1402.3
342,1402.4
149,1402.5
309,1402.6
221,1402.6
171,1402.8
356,1402.9
66,1402.9
234,1403.0
58,1403.4
278,1403.9
228,1404.0
268,1404.4
349,1405.2
286,1405.4
265,1405.6
110,1406.2
207,1406.3
254,1406.6
55,1407.1
130,1407.7
153,1407.8
34,1407.9
233,1408.1
43,1408.1
353,1408.2
269,1408.7
185,1408.8
32,1409.8
24,1409.9
216,1410.5
70,1410.5
75,1410.6
176,1411.3
20,1411.9
206,1412.3
120,1412.9
95,1413.0
311,1413.0
141,1413.7
227,1414.3
276,1414.7
3,1414.8
299,1415.0
212,1415.0
67,1415.6
313,1416.0
162,1416.5
122,1416.5
274,1416.7
195,1417.0
217,1418.0
68,1418.2
26,1418.6
352,1418.6
64,1418.7
236,1418.9
86,1419.4
301,1419.4
258,1421.0
182,1421.8
243,1422.1
355,1422.5
172,1422.7
372,1426.1
79,1429.0
281,1430.9
190,1431.0
87,1431.3
377,1432.9
363,1433.4
303,1436.5
39,1438.5
19,1438.7
366,1438.8
322,1438.9
271,1439.8
347,1440.4
69,1442.4
38,1442.5
35,1443.7
257,1444.0
157,1444.4
126,1444.5
296,1445.2
254,1445.3
326,1445.4
164,1445.7
376,1446.6
248,1446.6
374,1446.6
356,1447.4
246,1447.6
329,1447.9
123,1448.1
119,1448.2
82,1448.3
20,1448.6
294,1448.7
379,1448.8
253,1449.0
75,1449.0
225,1450.0
168,1450.0
380,1450.2
344,1450.3
29,1450.5
300,1450.6
53,1450.7
81,1450.8
117,1450.9
291,1451.0
12,1451.2
198,1451.4
309,1451.4
143,1451.6
132,1451.7
134,1451.8
136,1452.4
227,1452.5
25,1453.2
359,1453.3
118,1453.5
137,1453.8
206,1453.8
63,1453.8
97,1454.1
51,1454.3
5,1454.6
276,1454.9
230,1455.0
355,1455.6
26,1455.9
270,1456.4
170,1456.5
88,1456.5
251,1456.7
131,1457.2
166,1458.3
258,1458.5
110,1458.6
216,1458.8
226,1458.9
218,1459.1
285,1459.6
299,1460.0
176,1460.7
239,1461.2
68,1461.6
33,1461.7
278,1461.9
354,1462.0
87,1462.4
283,1462.7
3,1464.2
120,1466.6
281,1467.4
182,1467.7
19,1477.7
366,1481.3
67,1481.4
20,1484.9
217,1485.1
326,1486.2
313,1486.7
79,1487.6
317,1488.2
314,1488.2
257,1488.9
82,1489.0
350,1489.4
249,1489.6
140,1490.6
178,1490.8
58,1490.8
318,1491.0
164,1491.4
143,1491.8
134,1492.2
184,1492.3
37,1492.4
123,1492.9
173,1493.2
61,1493.3
271,1493.4
28,1493.5
309,1493.5
376,1493.5
345,1493.7
235,1494.1
40,1495.3
38,1495.4
339,1495.7
112,1495.9
227,1496.2
250,1496.6
286,1496.7
237,1497.1
186,1497.1
190,1497.3
293,1497.9
280,1497.9
285,1498.2
13,1498.3
126,1498.4
75,1498.6
230,1498.7
35,1498.8
234,1500.8
296,1501.8
202,1502.0
322,1502.1
157,1502.5
356,1502.6
131,1502.6
276,1502.7
225,1503.1
68,1503.4
372,1503.6
268,1503.8
170,1504.2
130,1504.3
29,1504.5
92,1504.6
329,1504.8
374,1505.0
136,1505.3
344,1507.1
236,1508.0
132,1508.1
377,1508.1
185,1508.4
382,1509.5
195,1509.9
180,1510.3
373,1510.5
281,1511.0
19,1511.1
346,1511.2
231,1511.4
366,1511.9
119,1514.1
69,1515.2
283,1515.9
363,1516.1
211,1516.3
221,1516.3
76,1516.7
355,1516.9
352,1517.1
359,1518.3
217,1518.5
122,1520.9
66,1521.5
254,1521.6
311,1521.7
206,1521.8
362,1522.7
263,1522.9
20,1523.2
299,1523.6
164,1523.8
162,1524.2
309,1524.4
55,1524.6
207,1525.0
301,1525.7
156,1526.6
12,1527.0
63,1527.4
18,1527.8
118,1527.9
24,1528.3
71,1528.4
149,1528.7
83,1529.6
65,1529.6
244,1530.0
349,1530.5
274,1530.6
302,1531.0
97,1531.0
218,1531.7
115,1532.2
103,1532.3
350,1532.6
195,1533.0
296,1533.6
163,1533.7
120,1535.3
117,1536.6
100,1537.3
23,1537.9
145,1539.7
68,1540.3
157,1542.5
153,1542.9
171,1545.1
243,1545.3
19,1547.3
89,1550.6
35,1551.4
281,1552.0
378,1552.3
230,1552.5
360,1552.6
356,1552.7
216,1553.0
333,1554.3
87,1554.4
172,1554.8
37,1554.9
372,1555.0
269,1555.6
228,1555.9
28,1556.2
237,1556.6
233,1557.1
126,1557.9
70,1558.1
176,1558.1
234,1558.7
235,1559.6
270,1559.8
213,1560.2
123,1560.4
182,1560.7
58,1560.9
64,1561.2
125,1561.4
75,1561.5
169,1562.2
221,1562.2
3,1562.4
206,1562.5
217,1562.9
110,1563.1
265,1563.2
284,1563.3
276,1563.7
309,1564.0
179,1564.3
20,1564.6
278,1564.7
264,1564.7
32,1564.8
131,1565.0
359,1565.3
268,1565.4
177,1565.9
79,1565.9
286,1566.5
140,1567.2
357,1567.5
271,1567.7
326,1568.2
363,1568.6
29,1569.3
251,1572.0
258,1572.9
299,1573.9
225,1574.1
227,1576.9
352,1577.7
218,1577.8
8,1577.8
250,1581.8
56,1582.5
285,1583.7
68,1588.7
87,1589.1
81,1590.0
55,1590.1
349,1590.2
195,1590.8
149,1591.5
157,1592.5
103,1596.8
19,1597.2
65,1598.2
163,1598.9
164,1599.1
350,1600.1
10,1600.4
207,1600.6
66,1600.8
236,1600.8
83,1601.5
153,1602.2
296,1602.2
356,1602.5
276,1603.7
12,1603.7
136,1603.8
373,1604.3
257,1604.9
281,1605.4
243,1605.9
138,1606.2
37,1606.6
162,1607.3
322,1607.5
231,1607.6
61,1607.7
71,1608.0
140,1608.5
233,1608.9
20,1609.3
268,1610.1
172,1610.5
217,1610.5
118,1610.6
234,1610.7
366,1611.1
359,1611.7
216,1612.5
40,1613.1
301,1613.1
170,1613.8
131,1614.2
313,1615.5
230,1616.2
199,1616.9
130,1617.4
126,1618.9
182,1619.0
5,1620.1
166,1620.1
248,1621.6
347,1622.4
178,1622.5
198,1623.5
331,1626.3
254,1627.6
325,1628.6
284,1629.0
364,1629.0
185,1631.3
246,1634.0
157,1635.1
69,1635.2
76,1640.2
294,1640.4
15,1641.2
136,1641.3
317,1642.5
120,1642.6
298,1643.7
68,1644.0
195,1644.3
299,1646.6
259,1646.8
153,1647.4
357,1647.4
305,1647.5
206,1647.5
61,1647.5
268,1647.8
253,1648.4
83,1649.2
217,1649.6
162,1649.6
314,1649.8
346,1650.6
207,1651.4
75,1652.0
250,1652.4
19,1652.8
134,1653.8
20,1655.4
82,1656.3
309,1656.8
173,1657.0
344,1657.9
227,1658.9
35,1659.4
372,1660.2
10,1661.0
283,1661.1
24,1661.5
163,1661.5
311,1661.5
236,1661.6
267,1661.7
87,1661.8
28,1662.1
37,1662.7
26,1662.8
360,1663.3
182,1663.4
374,1664.6
336,1664.7
171,1664.8
212,1665.0
243,1665.1
356,1665.3
117,1665.4
5,1665.5
64,1665.6
95,1665.9
366,1666.5
273,1666.9
106,1667.3
97,1667.5
79,1667.8
157,1667.9
271,1667.9
18,1668.0
12,1668.4
167,1668.7
264,1668.7
190,1668.7
322,1668.9
164,1669.5
213,1669.5
378,1669.6
281,1669.7
85,1670.3
345,1670.5
115,1670.6
232,1671.0
166,1671.0
377,1671.1
185,1671.6
303,1672.5
284,1672.5
25,1673.9
55,1674.1
293,1674.5
195,1674.6
363,1675.2
122,1675.6
218,1675.8
359,1676.3
130,1677.2
71,1677.9
145,1678.4
65,1678.9
76,1679.7
286,1680.1
228,1680.1
8,1681.4
296,1681.5
149,1681.6
56,1682.3
235,1682.5
199,1682.8
120,1682.9
326,1683.2
207,1683.3
153,1687.3
141,1689.5
136,1691.6
233,1694.2
331,1696.8
298,1696.9
236,1698.8
374,1704.6
42,1707.1
20,1708.7
68,1709.7
182,1710.9
19,1711.5
313,1711.7
157,1712.9
75,1713.9
257,1715.2
322,1715.3
318,1715.8
117,1715.9
134,1716.0
163,1716.0
195,1717.0
119,1717.4
344,1717.5
349,1718.9
227,1718.9
346,1719.3
97,1719.8
173,1720.0
276,1720.0
269,1720.2
103,1720.8
250,1721.0
283,1721.1
350,1721.1
185,1721.5
249,1721.7
172,1721.9
170,1722.2
66,1722.3
309,1722.6
254,1723.0
210,1723.2
58,1723.2
373,1723.3
123,1723.3
120,1723.6
55,1723.6
218,1723.7
202,1723.7
226,1723.9
149,1724.3
18,1724.6
70,1724.6
132,1724.8
245,1724.8
87,1724.8
281,1724.9
216,1725.0
136,1725.0
122,1725.1
326,1725.4
3,1725.4
338,1725.5
37,1725.5
217,1725.6
64,1725.7
76,1725.7
100,1725.8
348,1725.9
196,1726.0
306,1726.0
243,1726.1
32,1726.3
232,1726.4
294,1726.8
171,1726.8
356,1727.0
85,1727.3
110,1727.3
287,1727.5
140,1727.5
67,1727.8
206,1727.8
247,1728.5
240,1729.0
366,1729.1
152,1729.6
51,1729.7
138,1729.8
29,1730.0
347,1730.1
231,1730.6
131,1731.5
293,1732.0
381,1732.1
184,1732.2
28,1732.2
233,1732.5
236,1732.7
234,1732.7
180,1733.1
190,1733.1
130,1733.5
303,1734.1
0,1734.3
61,1734.8
352,1734.8
267,1735.9
20,1736.9
324,1740.9
248,1741.0
40,1741.3
11,1741.4
166,1741.4
268,1741.5
317,1742.8
141,1743.2
175,1743.3
225,1744.5
109,1745.8
207,1745.9
237,1746.0
199,1747.3
235,1748.7
250,1752.9
57,1753.6
380,1755.7
182,1755.8
39,1756.9
285,1757.0
374,1757.5
137,1758.1
379,1758.2
79,1759.2
376,1760.1
271,1760.4
81,1760.8
326,1761.1
230,1761.2
366,1761.8
149,1763.3
112,1763.5
136,1764.5
53,1764.6
382,1764.9
195,1765.1
35,1765.9
164,1766.0
354,1766.3
252,1766.4
65,1766.9
140,1766.9
29,1767.2
87,1767.3
8,1767.6
170,1767.8
278,1768.0
119,1768.1
144,1768.4
84,1769.4
254,1769.4
56,1770.8
69,1771.2
296,1773.4
350,1773.5
217,1773.6
61,1774.4
66,1775.3
68,1775.4
19,1775.6
291,1775.6
349,1775.9
259,1778.6
58,1779.5
338,1779.8
256,1781.9
3,1782.1
202,1782.2
313,1782.6
244,1782.7
162,1782.9
20,1783.9
268,1784.3
103,1784.3
248,1786.1
182,1788.3
236,1789.5
322,1789.6
347,1790.7
356,1791.1
134,1791.2
120,1794.5
76,1795.3
267,1797.0
374,1797.8
276,1799.1
10,1799.8
5,1800.9
198,1802.0
298,1803.5
83,1804.3
373,1806.0
97,1806.3
173,1807.5
324,1807.8
180,1808.5
65,1811.1
18,1811.4
195,1811.7
366,1813.2
164,1814.9
274,1815.5
156,1815.6
380,1816.2
145,1817.6
106,1817.9
137,1819.6
39,1819.7
149,1819.8
285,1820.3
157,1821.5
281,1822.2
53,1824.2
348,1824.5
122,1824.6
379,1824.7
163,1825.0
350,1825.3
57,1825.8
250,1828.1
249,1828.5
372,1828.6
38,1828.6
66,1829.0
202,1829.8
89,1831.6
79,1832.3
245,1833.0
199,1833.0
236,1833.5
374,1834.0
172,1834.1
233,1834.6
322,1834.7
206,1835.4
216,1836.5
19,1836.7
185,1837.1
217,1837.3
182,1837.5
226,1838.3
207,1838.3
20,1838.5
42,1839.4
58,1839.7
87,1840.0
284,1842.6
162,1843.9
356,1844.0
126,1844.4
359,1844.5
35,1846.5
276,1846.6
230,1847.7
240,1848.9
50,1849.6
112,1851.0
131,1851.5
28,1851.9
339,1852.4
157,1852.5
68,1852.7
51,1853.0
32,1853.6
136,1853.7
347,1854.7
257,1854.9
363,1855.3
29,1855.5
269,1855.9
140,1856.6
37,1857.1
170,1857.3
118,1857.4
1,1857.7
234,1858.0
228,1858.6
254,1858.6
184,1858.8
326,1859.0
169,1860.0
225,1860.9
83,1861.2
235,1861.4
81,1861.5
64,1861.6
237,1863.6
357,1864.1
231,1866.7
373,1868.1
366,1870.3
325,1870.6
271,1870.8
138,1871.5
281,1872.0
296,1877.3
217,1877.4
303,1878.4
3,1883.5
19,1885.7
195,1888.7
126,1889.5
349,1889.7
20,1890.9
68,1891.9
103,1892.4
171,1892.4
157,1893.2
55,1894.4
221,1898.5
250,1902.1
164,1905.1
207,1905.4
119,1905.6
254,1905.8
61,1906.8
356,1906.9
309,1907.2
130,1908.7
40,1909.1
134,1909.9
212,1910.3
230,1910.6
218,1910.7
299,1910.9
82,1911.1
185,1911.1
355,1911.4
263,1911.7
276,1911.9
172,1912.3
233,1912.4
217,1912.6
339,1913.1
176,1913.5
110,1913.8
227,1914.1
281,1914.4
258,1914.6
359,1914.6
331,1914.8
206,1915.0
226,1915.2
105,1915.2
109,1915.5
26,1915.6
87,1915.7
257,1916.0
20,1916.1
313,1916.1
136,1916.4
364,1916.5
19,1916.5
166,1916.8
216,1916.9
59,1916.9
265,1917.1
351,1917.3
131,1917.5
350,1917.7
75,1917.8
322,1917.9
35,1918.0
182,1918.4
345,1918.6
344,1918.6
143,1918.9
120,1919.0
132,1919.0
352,1919.7
76,1919.9
12,1920.1
117,1920.1
123,1920.4
58,1920.6
70,1920.7
71,1921.1
158,1921.3
173,1921.3
24,1921.4
236,1921.6
366,1921.6
69,1922.1
29,1923.0
382,1923.1
178,1923.3
374,1923.4
118,1923.6
67,1923.8
66,1923.8
68,1924.0
296,1924.7
195,1924.7
184,1924.8
346,1924.9
32,1925.0
112,1925.0
357,1925.1
362,1925.3
347,1925.8
248,1925.9
156,1926.1
126,1926.3
53,1927.0
326,1927.4
211,1927.5
23,1927.7
149,1928.4
39,1928.5
157,1928.5
18,1929.2
253,1929.2
380,1929.3
153,1929.5
267,1929.8
285,1930.0
291,1930.1
137,1930.6
3,1930.8
243,1930.8
42,1931.4
252,1931.5
318,1931.5
163,1932.4
231,1932.6
85,1933.2
198,1933.4
373,1933.5
8,1934.1
232,1934.1
237,1934.4
311,1934.6
254,1934.8
79,1934.9
325,1935.4
372,1935.5
89,1936.4
37,1936.9
140,1937.3
11,1939.0
221,1939.1
138,1939.3
324,1939.6
164,1942.1
293,1943.8
61,1944.3
356,1945.3
55,1945.7
162,1946.3
199,1946.5
65,1946.7
259,1947.1
246,1947.8
151,1948.7
20,1949.0
250,1949.1
19,1950.1
212,1950.6
207,1951.5
349,1951.6
105,1953.0
182,1954.5
218,1954.6
276,1955.1
103,1957.4
220,1957.9
1,1958.1
77,1958.8
68,1959.2
217,1959.6
166,1960.0
0,1960.9
130,1961.0
296,1962.3
299,1962.7
303,1966.9
87,1972.5
271,1972.8
326,1973.7
149,1975.1
322,1977.1
240,1980.8
199,1982.4
363,1983.8
366,1985.6
8,1985.8
206,1986.2
342,1986.7
75,1986.8
50,1987.2
225,1987.5
339,1988.0
309,1988.1
190,1989.3
311,1989.3
25,1989.8
314,1991.1
267,1991.4
28,1991.8
227,1992.0
134,1992.1
347,1992.1
274,1992.7
119,1993.2
79,1993.6
175,1993.9
19,1994.0
20,1994.0
236,1994.3
361,1994.9
136,1995.8
228,1996.0
37,1996.0
157,1996.2
32,1996.3
359,1996.4
141,1996.4
122,1997.1
195,1998.0
254,1998.1
132,1999.4
185,2000.2
173,2000.2
230,2000.4
281,2000.7
372,2000.8
253,2000.8
355,2000.9
172,2002.0
286,2002.0
35,2002.1
51,2002.3
235,2002.6
216,2004.0
39,2004.4
344,2004.7
333,2004.8
110,2005.2
130,2006.0
40,2006.1
221,2006.2
70,2006.6
120,2007.2
380,2007.5
317,2008.9
198,2009.4
251,2010.4
237,2011.4
234,2012.2
248,2016.1
276,2017.5
15,2021.2
376,2022.4
140,2022.7
164,2023.1
233,2023.3
131,2023.6
268,2023.9
5,2025.6
61,2026.9
326,2027.5
83,2028.4
250,2028.5
271,2028.7
68,2029.2
37,2031.6
29,2032.3
350,2033.0
170,2037.4
176,2039.0
35,2039.4
190,2040.3
265,2040.5
258,2041.0
281,2041.1
120,2041.4
158,2042.3
95,2043.7
206,2043.8
352,2044.4
313,2045.0
217,2045.1
19,2045.9
244,2046.1
354,2046.1
372,2046.6
283,2046.8
75,2046.9
259,2047.3
107,2047.5
136,2047.6
76,2047.7
20,2047.9
149,2048.0
130,2048.1
162,2049.7
362,2049.8
134,2050.3
66,2050.5
294,2050.5
309,2050.5
317,2051.3
58,2051.4
182,2051.4
293,2051.9
3,2052.7
166,2052.7
202,2053.0
236,2053.9
97,2054.0
207,2055.0
122,2055.1
169,2055.4
195,2055.9
340,2056.4
274,2057.0
267,2057.0
51,2057.1
157,2057.9
299,2058.1
305,2059.0
198,2059.3
199,2060.1
296,2060.5
356,2061.7
273,2061.8
18,2061.9
109,2062.7
212,2063.0
350,2064.3
338,2064.3
249,2065.0
167,2065.0
253,2065.8
145,2066.4
306,2066.8
61,2066.9
213,2067.2
68,2067.2
163,2067.4
374,2067.6
87,2068.2
62,2068.3
245,2068.4
298,2068.5
175,2068.7
268,2069.2
28,2069.4
115,2070.6
348,2071.3
264,2071.3
303,2071.3
64,2072.1
291,2072.9
250,2073.5
13,2073.7
164,2074.3
120,2074.5
252,2074.9
37,2075.4
24,2075.5
347,2075.5
83,2075.6
100,2075.8
359,2075.9
106,2076.1
35,2076.6
339,2076.8
378,2076.9
301,2076.9
25,2077.0
149,2077.0
196,2077.1
218,2077.3
269,2078.6
152,2078.7
55,2080.2
243,2080.3
248,2080.7
8,2080.9
71,2082.7
293,2083.2
345,2083.3
206,2083.4
265,2083.9
256,2084.0
309,2085.1
32,2085.1
270,2085.4
254,2085.8
126,2086.1
29,2086.5
117,2086.6
195,2087.2
281,2087.2
19,2087.2
75,2087.8
123,2087.9
105,2088.1
276,2088.2
356,2088.8
20,2088.8
311,2088.8
372,2088.8
271,2088.9
349,2088.9
207,2089.6
58,2089.6
79,2089.8
26,2089.9
65,2089.9
361,2090.1
171,2090.3
221,2090.7
5,2090.8
294,2090.8
156,2091.1
296,2091.3
176,2091.5
110,2091.8
12,2091.8
132,2091.9
157,2091.9
23,2092.2
107,2092.3
153,2092.5
66,2092.5
227,2092.7
163,2092.8
68,2092.8
97,2093.0
51,2093.0
166,2093.0
151,2093.1
353,2093.1
246,2093.1
3,2093.4
67,2093.5
225,2093.6
357,2093.8
346,2093.8
326,2093.9
258,2093.9
377,2094.1
1,2094.1
278,2094.3
177,2094.3
18,2094.4
342,2094.5
202,2094.6
247,2094.6
33,2094.8
198,2094.9
283,2094.9
136,2095.0
130,2095.1
216,2095.4
253,2095.9
84,2096.1
170,2096.1
317,2096.6
82,2097.6
70,2097.7
268,2099.1
313,2099.3
350,2099.4
162,2099.6
185,2099.9
365,2100.0
173,2100.1
212,2100.6
210,2100.7
10,2101.2
257,2101.7
86,2101.8
344,2102.3
316,2102.5
352,2104.1
87,2104.6
228,2104.8
291,2106.1
61,2108.4
69,2112.1
347,2112.1
230,2112.7
234,2113.5
303,2116.7
359,2116.9
172,2117.4
382,2117.7
120,2118.3
236,2120.0
190,2120.4
299,2120.5
281,2120.5
131,2121.3
169,2122.2
206,2122.3
35,2122.9
95,2123.3
149,2124.0
81,2124.4
75,2124.4
128,2124.5
217,2125.4
199,2126.2
226,2127.2
306,2127.2
29,2127.3
267,2127.7
89,2127.8
19,2128.1
126,2128.4
333,2129.0
28,2129.2
293,2129.4
107,2129.5
253,2130.4
372,2130.5
83,2130.7
366,2130.7
164,2130.9
39,2131.5
51,2132.0
136,2133.0
271,2133.4
326,2133.4
140,2133.6
276,2133.9
38,2134.0
37,2134.2
8,2136.1
285,2136.1
286,2136.5
235,2137.8
270,2138.4
5,2138.9
237,2139.6
350,2140.8
50,2141.0
202,2147.6
252,2150.7
143,2151.1
227,2151.7
26,2152.1
20,2152.7
132,2153.3
348,2154.3
134,2154.6
173,2155.6
123,2155.7
117,2157.7
356,2157.8
269,2157.9
110,2157.9
291,2158.0
176,2158.1
69,2160.6
218,2160.8
251,2160.9
258,2161.0
120,2161.1
25,2161.2
157,2161.5
100,2161.8
32,2162.0
79,2162.6
294,2163.0
82,2164.4
311,2165.9
166,2166.2
119,2166.5
195,2166.5
355,2166.5
300,2167.2
97,2167.6
298,2167.7
366,2168.3
19,2169.4
318,2171.7
68,2173.1
309,2173.7
344,2174.0
212,2175.1
254,2175.4
345,2176.0
105,2176.8
55,2176.9
163,2177.7
70,2178.5
246,2178.7
339,2182.1
296,2182.3
293,2183.0
347,2183.5
8,2191.8
1,2192.7
51,2194.4
342,2194.6
12,2195.9
5,2196.0
294,2196.3
352,2197.6
157,2198.1
61,2198.8
198,2199.2
164,2199.4
374,2199.6
218,2200.0
97,2200.0
18,2200.0
299,2200.1
107,2200.2
149,2200.6
7,2200.7
291,2200.7
276,2200.8
281,2201.4
117,2201.7
106,2202.1
145,2202.2
87,2202.6
202,2202.9
372,2203.1
298,2203.1
120,2203.4
126,2203.6
10,2203.9
322,2204.1
303,2204.1
326,2204.4
68,2204.7
130,2204.8
185,2205.1
76,2205.7
236,2206.2
227,2206.4
166,2207.1
195,2207.2
86,2207.5
20,2208.3
300,2208.9
88,2209.4
348,2209.7
253,2210.1
267,2210.3
136,2210.6
306,2210.8
26,2211.2
379,2211.4
79,2211.5
243,2211.9
350,2212.5
258,2213.0
65,2216.5
283,2218.7
128,2219.2
232,2219.3
85,2219.4
190,2219.6
137,2220.0
42,2220.4
268,2220.5
66,2220.7
361,2221.2
380,2221.3
377,2221.6
182,2221.9
254,2222.2
233,2222.7
75,2222.8
217,2222.8
24,2223.0
163,2223.4
356,2223.9
37,2224.1
225,2224.3
172,2224.4
331,2224.6
264,2224.7
226,2224.8
19,2225.2
141,2226.3
317,2226.4
28,2226.5
177,2227.2
309,2227.4
175,2227.5
284,2227.6
234,2227.8
278,2227.9
58,2228.0
167,2228.0
123,2228.5
311,2228.7
198,2228.9
176,2229.8
206,2230.1
293,2230.4
244,2230.7
170,2230.7
87,2231.2
221,2232.1
296,2232.1
35,2233.6
347,2233.9
39,2234.5
61,2234.8
374,2236.0
125,2238.2
270,2239.0
373,2240.5
276,2241.5
285,2242.4
366,2242.9
236,2244.6
3,2244.8
271,2244.8
280,2245.1
235,2245.1
273,2245.8
281,2245.9
179,2246.6
216,2247.1
164,2248.3
32,2248.7
69,2250.3
131,2250.3
248,2250.3
140,2250.3
294,2250.7
29,2251.1
251,2251.2
356,2251.6
5,2252.4
20,2252.6
157,2252.9
120,2254.3
134,2254.5
83,2254.9
359,2255.0
53,2255.3
363,2255.3
79,2255.8
40,2256.5
97,2256.7
326,2256.9
217,2257.0
19,2257.1
162,2257.2
230,2257.2
37,2257.7
376,2257.8
68,2257.9
171,2257.9
303,2258.0
182,2258.3
265,2258.7
130,2258.9
212,2259.6
28,2259.6
313,2260.2
176,2260.8
237,2260.8
299,2260.9
126,2261.5
225,2261.6
352,2261.6
184,2261.8
169,2261.8
110,2261.8
149,2261.9
166,2262.2
87,2263.0
291,2263.5
62,2263.6
268,2264.0
227,2264.0
61,2264.3
81,2264.4
206,2264.8
258,2265.2
350,2265.6
122,2266.8
58,2267.2
158,2267.8
118,2269.0
276,2269.6
136,2269.7
355,2270.1
35,2270.3
369,2270.9
66,2271.7
300,2272.2
77,2272.3
357,2272.3
254,2273.1
372,2274.6
125,2274.8
309,2277.6
378,2279.2
12,2279.7
281,2280.6
207,2280.9
250,2281.4
296,2281.5
218,2282.2
195,2282.3
356,2283.2
226,2284.2
100,2284.8
8,2285.1
24,2285.2
105,2286.0
29,2286.4
55,2288.5
152,2288.8
0,2290.9
349,2291.3
23,2292.5
271,2294.3
339,2295.0
20,2295.1
13,2295.5
265,2295.5
293,2296.1
212,2297.0
149,2297.0
338,2297.1
61,2297.4
199,2297.6
246,2300.9
347,2301.5
1,2304.3
157,2304.4
248,2304.9
342,2305.6
57,2305.9
204,2306.9
151,2307.1
56,2307.8
50,2307.9
59,2308.0
5,2310.1
294,2310.3
69,2310.5
299,2311.4
79,2311.9
198,2312.5
300,2313.7
19,2316.6
68,2316.9
87,2317.2
276,2319.7
352,2319.9
4,2319.9
357,2320.3
241,2320.7
15,2321.6
97,2324.0
37,2324.1
359,2324.4
179,2326.3
83,2327.4
280,2328.8
182,2329.1
360,2329.1
28,2329.4
236,2329.4
324,2332.0
167,2332.6
213,2332.6
374,2333.6
264,2333.8
166,2334.3
366,2334.4
356,2336.6
115,2336.8
218,2337.2
195,2337.3
380,2337.9
212,2338.0
163,2339.3
293,2339.3
64,2340.1
39,2340.7
55,2340.7
20,2340.8
137,2340.9
345,2342.0
24,2342.2
18,2342.8
207,2342.8
12,2344.3
298,2345.8
267,2346.2
100,2346.5
120,2346.6
303,2347.0
65,2348.0
7,2348.2
117,2348.4
8,2348.8
149,2349.1
250,2349.1
106,2349.4
157,2349.6
145,2349.8
202,2350.1
10,2351.0
291,2351.0
56,2352.8
5,2354.4
164,2354.5
294,2355.7
285,2355.9
379,2356.1
361,2356.8
122,2357.0
318,2358.9
198,2359.4
79,2360.1
274,2360.1
76,2360.5
236,2360.7
180,2361.2
283,2361.3
309,2361.6
227,2361.6
311,2361.7
217,2361.7
156,2361.8
374,2362.2
173,2362.6
75,2362.8
66,2362.9
377,2363.0
136,2363.3
373,2363.6
322,2363.9
123,2364.9
94,2365.3
125,2365.3
366,2365.3
254,2365.4
119,2365.5
78,2365.7
138,2366.6
234,2366.8
315,2367.0
226,2367.1
273,2367.4
231,2367.9
276,2368.0
221,2368.3
182,2369.0
42,2370.1
326,2370.2
19,2370.4
171,2371.2
264,2371.4
350,2371.5
58,2371.7
68,2371.9
239,2374.0
349,2374.4
126,2374.5
195,2375.0
376,2375.1
140,2375.4
257,2375.4
281,2375.8
20,2376.0
163,2376.6
382,2377.3
112,2378.3
249,2378.5
57,2379.4
356,2379.9
47,2380.3
118,2380.4
190,2381.1
313,2382.2
157,2383.2
372,2383.5
38,2385.0
280,2387.5
28,2388.4
267,2392.8
24,2393.8
270,2393.9
283,2400.0
374,2402.7
120,2403.5
179,2403.7
236,2404.1
360,2404.4
180,2404.8
173,2405.7
285,2407.0
227,2408.3
125,2408.3
19,2408.7
37,2410.1
362,2410.3
167,2410.8
195,2411.1
76,2411.2
217,2412.8
164,2414.0
18,2415.3
182,2417.4
212,2417.6
254,2418.5
263,2421.3
62,2422.6
293,2423.5
35,2424.1
61,2425.5
296,2426.0
20,2426.2
273,2426.8
79,2427.2
324,2427.3
366,2428.4
198,2428.7
237,2428.9
235,2429.2
378,2429.4
372,2429.6
339,2429.7
130,2429.8
218,2430.0
163,2430.3
268,2430.5
264,2430.5
259,2431.2
361,2431.6
8,2431.9
105,2431.9
221,2432.4
157,2432.8
250,2432.8
166,2432.8
126,2433.4
66,2433.6
117,2433.6
356,2434.2
230,2434.2
234,2434.4
68,2434.5
145,2434.5
291,2434.9
176,2435.3
199,2435.3
149,2435.4
153,2435.8
120,2436.4
170,2436.5
207,2436.6
202,2436.6
294,2436.9
141,2437.0
131,2437.1
1,2437.3
65,2437.3
342,2437.4
245,2437.5
311,2437.5
258,2437.6
39,2438.4
32,2438.5
140,2438.8
309,2439.2
123,2439.7
348,2440.1
350,2440.6
253,2440.8
59,2441.6
345,2442.0
50,2442.1
134,2442.3
298,2442.8
75,2443.7
26,2443.8
82,2443.9
315,2444.2
63,2445.0
119,2445.8
143,2446.7
286,2446.8
58,2448.6
355,2449.1
365,2449.3
347,2460.1
19,2463.0
51,2466.0
5,2470.3
107,2470.6
69,2471.0
254,2471.4
246,2471.5
294,2471.9
293,2472.0
97,2472.1
157,2472.2
303,2472.8
204,2475.5
366,2476.4
149,2476.4
338,2476.4
202,2476.4
57,2476.5
249,2476.5
112,2476.9
53,2477.8
4,2478.1
348,2479.0
361,2479.3
61,2480.0
13,2480.9
288,2480.9
339,2481.3
167,2481.6
245,2484.1
39,2484.8
79,2484.8
195,2486.0
198,2486.2
20,2487.9
163,2488.0
356,2489.2
58,2489.4
309,2489.4
164,2489.8
217,2489.9
18,2489.9
380,2490.4
218,2490.4
352,2490.6
221,2492.4
55,2493.1
236,2493.3
278,2493.7
264,2495.7
359,2496.0
377,2499.9
317,2512.4
296,2513.7
12,2513.9
182,2514.4
212,2514.9
126,2515.7
19,2515.8
66,2516.1
353,2516.4
120,2518.1
268,2518.2
313,2518.2
178,2518.3
265,2518.6
67,2519.1
171,2519.3
234,2519.7
118,2519.8
356,2519.9
68,2520.0
75,2520.0
177,2520.9
24,2521.1
40,2521.3
190,2521.7
308,2522.0
136,2522.2
230,2522.4
130,2522.6
322,2523.2
257,2524.0
271,2524.5
382,2524.7
170,2524.8
164,2524.8
326,2524.8
270,2525.1
225,2525.3
79,2525.4
35,2525.5
372,2525.7
29,2525.9
140,2526.1
81,2526.4
37,2526.9
235,2527.5
281,2527.5
286,2527.8
117,2527.9
366,2528.0
131,2528.0
185,2529.0
63,2529.1
184,2529.7
376,2529.8
311,2529.8
237,2530.1
309,2530.1
58,2530.6
227,2530.6
316,2531.2
345,2531.7
218,2532.1
173,2532.4
365,2532.4
377,2532.4
333,2532.6
143,2532.9
20,2533.1
350,2533.6
276,2533.8
157,2534.1
87,2534.3
82,2535.0
166,2535.4
228,2536.0
123,2536.5
112,2537.1
100,2537.5
249,2537.7
176,2537.9
59,2537.9
216,2539.0
26,2539.7
132,2540.4
134,2541.2
110,2542.1
339,2542.1
291,2542.3
195,2542.6
172,2542.6
25,2543.0
181,2543.1
359,2543.5
258,2543.6
105,2544.0
71,2544.5
8,2544.6
32,2544.7
163,2544.9
18,2545.4
363,2545.4
115,2545.9
149,2546.1
355,2546.1
207,2546.1
293,2546.5
299,2546.6
306,2547.0
202,2547.2
83,2547.5
349,2548.0
250,2548.2
199,2548.8
61,2549.3
253,2549.4
28,2550.6
145,2551.0
206,2551.2
296,2553.8
252,2553.9
120,2554.1
156,2554.8
348,2554.8
162,2555.0
240,2556.0
164,2556.6
303,2556.8
13,2557.9
356,2558.0
1,2558.7
245,2560.2
265,2564.8
271,2565.6
55,2566.1
338,2566.7
152,2566.7
37,2566.8
38,2567.1
276,2568.6
281,2568.7
326,2568.8
373,2569.6
196,2570.4
144,2572.3
35,2572.8
309,2573.2
68,2573.4
87,2574.1
322,2574.6
3,2575.2
136,2576.1
352,2577.1
217,2578.1
212,2578.5
357,2578.7
284,2578.7
126,2581.4
129,2583.7
291,2586.4
299,2588.8
254,2589.3
122,2589.8
20,2593.5
258,2594.5
19,2595.9
195,2596.5
79,2598.5
347,2600.4
274,2602.2
68,2604.4
157,2604.5
236,2605.3
227,2605.6
221,2608.4
182,2608.7
171,2609.1
366,2609.3
324,2609.5
374,2610.3
125,2612.1
360,2614.3
37,2614.4
243,2614.7
237,2615.3
153,2616.2
350,2616.2
66,2616.3
83,2618.7
378,2619.2
89,2620.0
372,2620.4
8,2620.6
285,2620.9
149,2622.2
65,2623.8
281,2624.1
380,2624.4
179,2624.5
276,2626.1
87,2626.8
163,2627.3
164,2627.6
162,2627.7
185,2628.4
138,2628.7
180,2628.9
373,2629.0
195,2629.4
173,2629.4
230,2629.9
234,2629.9
207,2630.1
267,2630.1
35,2630.7
217,2630.8
120,2630.8
233,2631.5
75,2631.7
218,2632.2
95,2632.6
278,2632.6
198,2632.6
126,2632.9
268,2632.9
349,2633.2
311,2633.2
284,2633.4
236,2633.7
18,2633.7
136,2634.6
145,2634.9
117,2634.9
172,2634.9
64,2635.3
317,2635.3
76,2635.9
232,2636.6
166,2636.9
356,2637.2
85,2637.8
115,2638.2
309,2638.3
322,2638.8
122,2639.1
24,2639.3
231,2639.4
296,2639.7
298,2640.7
206,2641.3
140,2641.3
235,2641.7
199,2642.4
156,2642.9
303,2643.7
293,2643.7
331,2644.0
37,2644.4
177,2644.6
28,2644.8
333,2645.4
254,2645.7
19,2645.8
280,2646.0
202,2646.1
213,2646.1
265,2646.2
339,2646.7
58,2646.8
228,2647.0
170,2647.4
299,2648.0
157,2648.4
283,2649.6
105,2650.0
359,2650.1
100,2650.2
263,2651.1
51,2651.3
125,2652.1
119,2652.4
245,2652.8
294,2653.1
176,2654.3
50,2654.5
131,2655.1
250,2655.3
226,2655.5
216,2655.5
169,2655.9
363,2656.0
55,2656.8
5,2656.9
270,2657.6
253,2657.9
149,2658.6
57,2659.2
97,2659.3
338,2659.6
246,2659.7
83,2660.6
107,2660.6
196,2661.0
56,2661.3
152,2661.7
61,2663.3
13,2663.6
251,2665.4
350,2665.8
65,2666.2
8,2667.0
190,2667.6
306,2667.6
164,2668.3
10,2668.9
195,2668.9
326,2669.5
374,2670.6
68,2672.8
376,2675.7
285,2676.3
66,2677.2
276,2679.1
120,2680.8
123,2680.9
184,2681.2
28,2681.6
356,2681.9
182,2682.0
32,2682.1
12,2682.7
3,2683.0
20,2683.2
269,2683.7
237,2684.2
234,2684.4
249,2685.8
19,2686.8
130,2687.2
172,2687.6
75,2688.0
157,2689.4
180,2689.7
227,2689.7
163,2689.7
173,2690.6
313,2691.3
236,2693.2
70,2693.5
110,2694.2
216,2696.8
281,2698.6
51,2703.6
100,2704.4
195,2704.9
372,2705.0
35,2705.8
218,2705.8
64,2706.3
243,2707.6
117,2709.1
230,2709.2
380,2710.6
235,2711.1
137,2711.2
176,2711.4
291,2711.7
166,2711.7
286,2711.8
55,2712.8
357,2712.8
38,2713.1
333,2713.2
79,2713.3
326,2714.2
126,2714.4
233,2714.4
20,2714.6
37,2714.7
39,2714.7
303,2714.9
366,2715.1
379,2715.2
348,2715.2
170,2715.2
68,2715.4
190,2715.6
349,2715.7
267,2715.8
8,2715.8
254,2716.2
185,2716.5
40,2716.5
131,2716.6
374,2716.9
0,2717.0
376,2717.2
88,2718.1
347,2718.3
271,2718.6
130,2718.8
87,2718.9
141,2719.0
377,2719.4
250,2719.4
258,2719.8
225,2720.0
97,2720.3
322,2720.4
167,2720.4
182,2720.6
212,2720.8
149,2720.8
120,2720.9
76,2721.4
32,2721.8
184,2722.0
226,2722.3
134,2722.7
29,2723.4
318,2723.4
86,2723.6
382,2723.9
136,2724.0
247,2724.2
181,2724.3
257,2724.6
356,2725.0
25,2725.3
248,2725.3
270,2725.4
317,2725.7
108,2725.8
306,2725.9
264,2726.0
269,2726.3
128,2726.5
220,2726.6
273,2726.6
276,2726.6
283,2726.6
359,2726.7
239,2726.8
217,2727.1
75,2727.1
313,2727.3
61,2727.7
268,2727.7
145,2727.7
163,2727.7
18,2727.9
296,2728.0
118,2728.0
115,2728.0
26,2728.1
19,2728.5
207,2728.5
78,2728.5
77,2728.6
171,2728.8
110,2728.8
157,2729.2
227,2729.3
164,2729.4
123,2729.4
234,2729.6
361,2729.6
3,2729.8
221,2729.9
265,2729.9
82,2730.0
236,2730.5
172,2730.7
178,2731.4
105,2731.5
24,2731.8
311,2732.3
58,2732.7
293,2733.4
218,2733.5
216,2733.5
345,2734.3
353,2734.3
67,2734.9
162,2735.3
308,2735.7
195,2736.2
309,2736.3
70,2736.3
23,2736.4
206,2736.9
66,2737.1
299,2737.3
153,2737.9
350,2739.5
28,2741.8
12,2743.1
122,2743.3
71,2743.4
169,2743.5
249,2743.7
339,2744.4
202,2744.7
59,2745.7
199,2745.7
83,2745.9
252,2746.6
100,2747.4
363,2747.8
291,2749.7
68,2750.0
166,2751.7
13,2752.0
357,2752.5
303,2753.0
352,2753.3
245,2753.5
117,2753.6
149,2754.0
348,2754.5
1,2755.2
20,2756.0
129,2756.9
64,2757.1
61,2757.3
213,2757.9
97,2758.5
356,2759.2
120,2759.3
294,2759.9
212,2760.2
298,2761.1
338,2761.8
301,2762.5
87,2762.5
58,2762.7
157,2762.9
176,2763.1
53,2763.5
19,2764.0
250,2764.2
152,2764.2
254,2764.5
284,2764.9
10,2765.1
196,2765.1
217,2765.1
57,2765.2
300,2765.4
351,2765.5
164,2766.1
322,2766.2
126,2766.2
65,2766.3
79,2766.4
55,2766.5
204,2766.9
8,2767.7
195,2768.3
218,2768.8
3,2768.8
240,2769.1
276,2769.6
258,2769.7
374,2770.0
355,2770.5
4,2770.5
182,2770.7
350,2771.0
372,2771.5
244,2771.9
103,2772.0
349,2772.6
342,2773.4
296,2774.2
154,2774.4
56,2774.5
125,2776.0
264,2776.2
66,2780.5
227,2780.8
68,2781.8
326,2783.0
198,2783.2
5,2783.8
171,2784.7
366,2784.9
26,2785.8
20,2786.0
37,2786.8
236,2787.7
243,2787.9
18,2788.2
163,2788.3
358,2788.3
110,2789.5
130,2789.6
346,2790.4
225,2790.8
271,2791.6
153,2791.7
82,2792.0
140,2792.7
190,2792.7
235,2794.2
344,2794.2
119,2794.4
134,2795.0
268,2795.0
257,2795.9
173,2797.0
19,2797.0
35,2797.1
311,2797.7
237,2799.4
286,2801.8
309,2804.2
195,2804.3
221,2804.5
65,2809.6
149,2810.9
230,2811.0
8,2811.5
164,2811.5
126,2811.6
352,2812.3
299,2814.3
228,2814.7
10,2815.1
258,2815.4
291,2815.4
28,2815.7
66,2816.0
376,2816.0
234,2816.1
218,2816.6
198,2816.8
123,2816.9
356,2817.2
177,2817.2
298,2817.4
63,2817.6
184,2817.9
355,2817.9
79,2817.9
181,2818.1
300,2819.2
326,2819.4
156,2819.6
333,2819.8
254,2819.8
117,2820.8
68,2820.9
176,2820.9
78,2821.8
75,2822.1
88,2822.2
217,2823.5
349,2823.9
67,2824.2
206,2824.6
357,2824.8
122,2824.9
274,2825.1
87,2826.8
263,2828.0
83,2828.1
5,2829.7
182,2832.4
12,2834.6
212,2835.7
53,2837.2
125,2837.5
37,2837.6
309,2839.7
19,2841.4
24,2841.8
265,2842.4
246,2842.7
354,2843.2
18,2843.6
195,2844.6
57,2845.0
264,2845.1
164,2847.1
271,2852.8
119,2853.3
374,2860.8
20,2861.0
356,2862.1
366,2862.9
329,2863.4
123,2863.5
365,2864.3
296,2864.7
326,2865.7
132,2868.0
71,2868.6
345,2868.8
58,2873.8
293,2874.8
309,2875.3
227,2875.7
68,2876.1
61,2877.0
283,2877.3
75,2877.7
372,2879.0
13,2879.1
24,2879.1
352,2879.2
79,2880.2
212,2880.6
322,2881.2
190,2881.5
377,2882.1
130,2883.4
182,2883.9
117,2883.9
173,2886.3
87,2887.0
164,2889.3
276,2889.3
264,2889.6
28,2890.1
280,2890.3
273,2890.7
236,2892.1
179,2892.5
374,2893.1
270,2893.8
176,2894.6
136,2894.9
350,2895.0
26,2895.1
373,2896.8
284,2897.1
366,2900.1
138,2901.3
83,2902.7
180,2903.1
379,2903.6
231,2904.0
285,2904.7
324,2904.7
134,2905.0
232,2905.2
185,2905.3
291,2905.8
37,2906.4
42,2906.7
217,2907.3
85,2907.3
226,2908.6
20,2909.6
39,2910.3
281,2912.0
367,2913.7
325,2914.1
79,2915.6
258,2915.7
126,2916.6
276,2918.1
356,2918.4
110,2919.6
8,2919.9
218,2920.1
361,2920.7
227,2920.8
120,2921.0
311,2921.3
172,2922.6
19,2922.9
123,2923.1
35,2923.5
87,2925.5
254,2925.5
75,2926.3
253,2926.4
212,2927.2
68,2927.3
347,2927.9
67,2928.4
176,2928.7
296,2929.3
270,2929.4
198,2929.8
82,2929.8
117,2930.2
171,2930.6
316,2931.9
3,2931.9
66,2931.9
51,2932.5
143,2933.2
182,2934.2
26,2934.5
365,2934.6
157,2935.4
309,2935.9
163,2937.8
5,2939.9
167,2940.0
306,2940.3
145,2941.7
350,2941.7
97,2942.0
58,2942.5
107,2942.5
294,2942.9
18,2943.8
195,2944.5
293,2945.2
202,2945.6
61,2946.7
149,2947.1
298,2947.7
24,2947.7
100,2948.9
76,2949.4
164,2949.9
71,2950.4
345,2950.4
120,2951.2
313,2951.8
218,2953.1
115,2953.5
166,2953.5
249,2953.6
291,2954.4
349,2954.7
356,2955.8
105,2956.4
268,2956.9
152,2957.3
353,2957.9
55,2959.0
65,2961.0
308,2961.2
10,2961.2
162,2961.3
377,2962.0
12,2962.1
8,2962.1
106,2963.8
250,2964.2
317,2964.3
265,2964.5
130,2964.9
259,2966.4
207,2966.7
66,2967.2
75,2968.3
190,2973.0
234,2974.7
40,2977.5
177,2980.4
296,2982.6
372,2983.2
185,2985.9
164,2985.9
322,2986.0
235,2987.4
286,2987.6
230,2990.5
233,2990.7
237,2992.6
37,2994.5
281,2995.4
