52,33.2
12,34.1
11,34.5
29,35.1
14,35.5
8,35.7
54,36.0
33,36.9
10,37.2
56,37.8
58,38.4
31,40.1
35,41.1
34,42.6
26,42.8
9,43.8
55,43.9
15,44.0
53,47.3
24,47.5
48,48.0
3,48.4
27,48.8
45,49.6
5,50.1
25,52.3
44,53.6
21,55.6
29,59.2
8,59.8
2,60.0
51,60.2
60,60.8
56,61.9
38,62.4
28,62.4
54,63.0
18,63.5
42,64.2
31,64.2
39,65.4
33,65.8
12,66.0
0,66.3
14,66.4
62,66.8
13,67.2
4,67.4
35,67.5
11,67.5
10,67.8
7,68.8
43,70.7
52,70.9
46,72.5
50,72.6
40,74.5
34,74.6
6,74.7
57,74.9
30,76.5
55,76.6
59,76.7
19,76.8
58,76.9
9,76.9
48,77.4
3,77.7
20,78.3
27,79.1
15,79.5
61,80.1
17,80.3
44,82.2
1,82.7
45,83.0
5,83.0
26,83.3
24,84.5
47,85.2
8,85.6
22,86.5
49,86.9
23,87.0
29,87.5
16,87.5
56,89.7
60,90.7
54,92.5
12,93.1
25,93.7
35,96.3
10,98.8
31,101.1
33,101.1
32,101.8
14,103.5
18,104.9
38,107.0
39,109.2
55,110.9
27,113.5
2,114.7
28,115.6
45,118.8
3,118.9
21,119.0
43,121.2
52,122.1
8,123.8
57,123.9
24,124.0
56,124.5
9,124.9
11,127.3
10,128.7
35,130.2
51,130.2
0,130.9
29,132.6
31,132.7
4,134.0
59,136.9
58,137.6
48,138.1
33,138.6
54,139.5
37,140.6
50,142.9
12,143.3
53,143.9
27,145.4
34,145.4
55,146.5
8,149.1
45,149.2
14,149.3
28,149.5
15,151.8
61,152.7
2,153.1
3,154.5
21,156.2
5,156.6
56,156.6
40,157.1
17,157.8
24,157.8
35,159.2
7,160.0
41,161.0
23,161.3
38,161.4
9,162.4
18,166.7
60,168.5
6,170.8
16,172.1
44,172.4
43,172.8
26,174.1
10,177.4
11,178.4
54,179.0
29,180.0
58,180.5
49,182.3
27,182.8
52,183.6
31,184.1
12,186.1
4,187.2
9,188.7
45,189.4
55,189.5
51,189.8
5,190.9
3,191.1
56,192.1
33,192.7
42,194.5
24,194.8
35,195.3
28,197.6
59,198.1
34,198.6
38,199.0
48,200.8
8,201.2
14,202.5
57,204.6
13,207.7
54,208.2
10,208.7
0,209.5
11,212.9
29,215.4
12,215.5
15,216.5
17,216.6
55,216.9
32,217.2
46,217.4
27,217.8
58,218.7
33,219.5
60,219.6
9,220.6
40,220.7
3,220.9
35,222.0
31,222.5
39,223.3
51,223.3
44,223.8
56,225.6
53,226.0
37,226.2
18,226.2
26,226.3
8,226.8
50,227.7
34,228.7
14,229.0
21,229.4
6,230.9
62,231.0
48,231.1
2,232.8
5,233.6
4,233.8
24,234.5
16,234.7
43,234.8
25,235.6
28,236.0
22,236.3
7,237.0
47,237.7
59,237.8
52,237.9
30,238.2
54,238.4
10,238.5
19,240.2
57,241.1
61,241.5
27,241.8
45,242.0
1,243.1
49,244.8
41,244.8
58,244.9
29,246.2
38,246.2
20,246.9
55,247.9
9,248.4
15,248.4
42,248.5
12,249.1
60,249.7
0,251.1
39,252.1
23,252.8
33,253.0
3,253.4
35,253.8
8,253.9
11,254.2
17,254.2
26,255.6
31,255.9
14,256.7
51,259.0
16,261.1
24,261.2
59,263.6
56,263.8
37,263.8
18,264.2
34,265.1
44,265.7
13,265.9
10,266.4
21,267.1
45,268.1
2,268.8
27,269.4
54,270.8
52,271.3
55,273.9
28,274.5
58,276.0
4,276.5
29,277.6
43,278.1
50,280.2
57,280.5
11,282.4
8,282.8
12,285.2
61,285.8
38,286.1
5,286.7
15,286.8
33,289.0
17,290.8
60,292.8
59,294.7
19,295.1
41,295.2
14,297.0
35,297.3
56,301.0
24,303.3
39,304.1
54,306.1
34,307.0
55,307.1
9,308.8
58,312.4
3,314.6
53,314.6
31,315.2
45,315.3
16,315.9
57,318.4
12,319.0
26,319.4
20,320.4
62,322.5
11,324.0
8,324.2
10,324.5
33,327.9
22,328.7
4,330.7
35,332.0
29,333.7
27,334.2
44,334.5
60,335.4
9,340.8
14,341.5
56,341.5
55,341.7
42,344.3
54,346.2
15,347.9
24,348.8
58,348.8
51,348.9
38,349.3
59,350.4
43,350.4
3,350.4
2,351.4
45,351.8
5,351.9
34,352.3
28,354.1
31,354.7
10,355.6
26,355.8
57,356.0
39,356.3
17,356.7
50,357.9
35,358.0
52,358.2
11,358.4
12,358.8
8,359.0
33,359.5
32,360.3
27,363.4
48,364.8
18,365.9
13,365.9
55,366.1
29,366.8
44,369.4
4,369.5
21,371.3
54,374.3
37,374.6
24,377.9
9,378.3
23,379.8
16,379.8
46,382.6
22,384.4
8,387.4
59,388.8
42,389.7
26,389.9
5,390.4
11,390.7
45,397.5
15,398.4
25,401.0
50,404.8
28,404.8
3,405.8
34,406.4
10,409.0
60,409.1
55,411.2
1,412.8
56,414.6
0,414.7
4,416.9
24,417.2
44,417.4
29,421.5
31,421.7
27,422.0
22,422.3
12,423.2
58,423.2
8,423.3
45,424.3
54,424.7
9,424.7
23,424.8
38,425.2
59,425.3
49,425.6
21,426.0
6,426.1
61,427.0
18,427.1
48,427.5
43,428.3
46,428.3
26,429.7
33,430.3
5,431.8
35,432.0
57,432.0
52,432.6
40,433.4
19,433.9
39,434.1
3,434.5
17,435.6
15,436.2
51,436.8
41,438.3
42,438.7
14,440.0
24,442.0
28,444.3
32,450.7
59,453.6
37,460.1
2,461.2
55,463.2
54,464.9
27,466.5
57,466.8
60,469.5
16,470.9
58,471.7
12,472.4
39,472.5
38,473.3
9,474.0
10,474.5
4,475.6
8,475.7
35,476.5
34,477.1
14,478.0
11,478.6
51,478.9
26,480.2
44,480.2
3,480.6
5,481.1
33,481.2
29,482.9
24,483.2
59,483.6
45,483.6
15,483.7
17,484.1
41,484.5
18,486.5
61,486.7
56,486.7
53,487.8
55,490.1
52,490.6
54,491.7
57,491.8
6,492.7
31,493.3
28,493.6
22,494.7
58,497.4
7,498.6
8,499.5
42,500.1
27,500.2
12,500.5
32,502.4
10,502.8
0,504.5
35,505.6
24,506.2
33,506.4
60,507.1
37,507.6
11,510.2
38,510.4
59,511.2
48,511.4
14,511.9
3,512.2
9,512.3
29,512.5
13,513.3
39,513.6
19,513.7
15,514.7
26,515.0
54,517.1
51,517.4
34,517.4
56,517.4
50,517.5
55,518.1
23,518.5
45,521.0
43,521.9
21,525.2
4,525.5
16,525.8
44,525.8
8,528.5
27,528.6
24,529.3
52,531.8
25,533.2
5,534.1
1,535.4
17,539.0
57,539.1
59,539.6
2,541.1
42,543.4
28,545.5
12,547.1
0,548.2
33,549.8
22,551.9
39,552.5
58,554.5
10,554.6
14,557.2
54,557.9
35,559.7
55,560.5
24,560.8
51,561.1
15,561.2
61,561.5
37,563.2
29,563.5
41,565.5
38,565.8
57,566.1
60,566.9
18,567.6
3,568.0
27,570.6
4,572.4
8,574.9
45,575.7
16,576.3
11,586.1
44,589.8
10,595.7
21,601.9
29,605.8
33,606.8
24,608.0
3,608.4
6,608.5
27,608.8
0,609.5
42,609.8
5,609.9
26,610.0
4,610.6
8,611.1
12,611.1
48,611.5
52,611.7
54,612.1
39,612.2
55,612.8
57,614.7
45,614.7
34,615.2
14,615.9
56,616.0
35,616.6
44,617.7
51,617.8
9,618.1
38,618.5
28,618.6
17,618.8
22,619.5
11,621.2
10,622.8
59,623.6
46,624.2
15,624.8
58,625.0
32,626.4
53,627.2
13,629.0
43,629.3
31,629.4
29,631.8
2,633.7
33,636.3
54,636.5
12,637.5
49,637.9
24,638.0
8,641.2
55,641.4
27,642.6
16,643.3
35,643.5
14,643.8
26,645.1
7,646.2
56,646.2
34,646.6
3,647.1
57,647.7
11,649.3
6,650.0
44,650.5
60,650.7
30,651.5
59,651.7
9,652.1
52,652.7
4,653.2
48,653.4
5,653.8
10,653.9
29,654.4
50,654.7
21,655.2
28,655.2
53,655.6
32,655.9
51,656.2
31,656.6
0,657.7
12,657.9
58,658.2
42,660.1
39,660.5
17,660.5
45,660.5
54,660.8
38,663.3
22,664.3
24,665.6
8,666.9
55,667.5
33,668.6
15,670.5
37,670.8
35,678.6
43,679.2
56,685.3
14,686.6
12,688.2
3,688.5
27,690.6
57,691.5
24,691.5
2,692.0
17,692.4
11,694.6
23,696.2
54,696.4
7,696.6
55,697.3
4,698.0
45,698.3
59,699.2
33,699.5
29,701.9
60,704.7
52,705.4
42,705.7
26,706.6
62,707.2
8,708.4
35,708.7
44,708.8
38,710.4
39,710.7
31,711.4
10,713.4
13,715.8
34,716.1
56,717.4
18,717.8
24,717.9
16,718.3
58,721.8
19,723.0
54,723.6
55,724.1
15,724.3
27,724.5
14,726.5
3,726.9
17,727.3
28,727.9
21,729.3
33,731.5
4,732.5
29,732.6
57,732.7
48,733.8
43,733.9
45,734.6
23,736.7
60,739.1
2,739.4
59,741.4
52,742.6
51,744.2
10,745.3
8,746.4
5,746.5
35,746.6
7,747.5
24,748.0
55,748.4
61,748.7
9,749.2
41,755.0
54,755.7
40,755.8
27,756.2
32,756.3
12,757.4
16,758.1
18,758.7
26,760.4
14,760.8
13,761.2
3,761.3
39,761.5
0,762.5
4,764.5
6,766.6
56,767.0
17,770.0
28,774.9
21,782.7
8,785.9
29,786.7
27,787.1
55,788.2
31,789.2
9,790.0
11,790.5
24,790.6
26,790.9
2,791.1
44,792.2
60,792.5
33,792.9
50,793.2
59,793.3
45,795.7
54,796.4
51,796.4
58,796.6
4,797.0
15,797.2
12,797.3
52,797.5
5,797.8
23,797.8
3,798.7
48,799.2
16,799.5
10,800.5
17,801.3
56,801.8
35,801.9
0,802.6
61,802.7
28,803.1
53,804.4
57,804.7
18,808.1
6,809.5
22,810.0
41,810.6
38,811.1
19,812.2
25,813.6
46,814.0
8,814.0
21,814.1
55,814.8
42,815.7
24,816.2
37,816.5
29,817.0
49,819.1
26,819.4
27,819.5
59,821.1
11,822.0
40,823.5
7,825.3
4,825.5
45,826.1
34,826.2
52,826.5
44,827.5
54,828.4
43,829.6
9,830.0
14,831.1
23,833.0
5,833.0
3,833.7
32,834.4
10,834.5
58,835.1
12,835.5
24,836.6
48,836.6
15,837.0
29,837.8
33,837.9
51,837.9
17,838.7
55,839.9
47,841.2
56,841.8
35,842.0
26,842.3
6,842.4
8,844.6
27,844.6
16,844.6
57,845.4
38,845.6
59,847.0
54,847.9
60,848.8
39,854.6
11,855.0
13,859.4
61,859.8
0,862.5
18,863.2
24,864.6
4,865.0
45,866.4
42,866.8
23,867.1
40,868.7
27,869.9
15,873.0
21,873.1
26,873.9
17,874.2
55,874.6
41,875.2
44,875.3
28,876.6
29,877.1
12,877.3
59,877.7
3,877.8
34,879.5
19,880.7
8,881.2
10,881.4
2,881.6
56,884.0
51,884.1
60,884.9
57,886.0
54,886.7
33,886.9
16,886.9
52,887.2
5,887.3
14,888.2
58,889.0
39,890.6
9,892.3
11,892.9
38,894.3
35,894.6
37,896.3
55,896.8
4,898.0
18,898.5
24,901.4
61,901.6
13,902.1
27,902.7
7,904.6
17,906.5
56,906.5
8,907.5
59,908.3
41,908.5
12,908.8
31,909.4
29,909.8
54,910.3
10,911.3
48,912.4
15,913.7
58,914.7
44,914.8
16,915.3
34,915.7
40,917.9
33,918.2
51,919.3
42,920.0
53,920.3
62,921.6
3,921.8
32,922.1
60,923.1
45,923.1
55,923.9
9,926.3
26,927.1
52,927.8
14,930.3
19,930.5
11,932.9
5,934.8
35,935.8
43,936.1
28,936.4
54,937.4
4,937.7
12,937.9
24,938.3
56,940.0
29,940.1
17,940.6
39,941.4
27,943.3
57,943.9
8,944.2
6,945.6
59,953.7
45,954.0
16,954.7
3,956.7
55,958.2
26,959.3
42,960.2
15,961.9
44,961.9
24,966.3
11,967.4
10,968.5
34,968.6
33,969.9
22,969.9
0,971.0
29,971.9
12,975.5
9,976.0
8,976.7
35,977.6
54,978.0
48,979.5
60,979.8
58,981.5
51,982.1
57,984.7
31,986.8
59,989.7
5,990.7
27,991.8
14,992.7
55,992.7
7,993.1
26,998.5
4,1001.2
24,1003.1
39,1006.8
34,1010.5
3,1012.1
19,1013.1
54,1020.1
28,1021.2
59,1021.7
9,1023.6
40,1023.6
60,1024.4
11,1024.4
52,1024.7
56,1025.7
12,1026.0
58,1027.1
55,1027.3
45,1027.7
4,1028.8
44,1029.2
10,1029.8
8,1030.3
35,1030.7
29,1030.7
15,1032.0
27,1033.2
16,1034.8
42,1034.8
21,1034.9
48,1035.6
17,1035.7
31,1035.7
62,1035.9
49,1036.5
51,1036.7
57,1037.0
5,1037.1
33,1037.5
22,1038.2
6,1038.4
26,1039.3
38,1040.3
13,1040.4
24,1040.9
34,1041.2
46,1041.5
18,1041.9
0,1042.6
54,1044.2
50,1044.3
14,1044.9
3,1045.7
32,1046.0
53,1046.3
39,1046.4
11,1046.5
19,1048.4
7,1048.5
55,1049.6
61,1049.6
59,1050.2
9,1051.1
56,1051.8
30,1051.9
52,1052.1
60,1052.3
1,1053.2
8,1055.4
2,1055.8
23,1056.0
41,1056.1
29,1057.7
36,1057.8
25,1058.4
43,1059.5
44,1061.6
4,1061.8
28,1062.8
45,1062.8
37,1064.1
20,1064.2
27,1066.0
12,1066.8
10,1066.8
24,1070.2
5,1072.5
42,1076.0
22,1081.0
6,1082.5
29,1083.6
11,1084.5
3,1084.6
26,1085.2
31,1089.6
51,1089.7
53,1090.2
4,1090.6
8,1091.4
24,1092.9
54,1094.1
35,1094.3
56,1095.1
27,1095.2
55,1095.8
28,1096.2
44,1096.2
46,1096.8
57,1097.1
52,1097.3
9,1098.2
39,1098.8
33,1100.2
17,1100.2
16,1100.9
38,1101.0
21,1101.2
10,1103.1
14,1103.2
49,1103.5
15,1103.7
45,1103.8
0,1103.8
58,1104.9
43,1105.9
29,1106.0
42,1106.1
60,1106.5
18,1106.6
12,1106.8
61,1107.6
59,1108.2
48,1108.9
7,1110.0
11,1110.4
26,1112.2
5,1112.5
3,1112.8
22,1113.4
54,1114.5
19,1115.3
23,1115.3
56,1115.7
8,1117.6
41,1117.9
6,1118.1
24,1118.2
35,1118.9
51,1119.2
40,1120.0
32,1120.9
55,1121.8
13,1121.9
57,1122.1
50,1124.6
34,1126.1
33,1126.7
27,1126.7
9,1130.0
4,1130.3
37,1132.4
39,1133.9
59,1136.3
38,1138.4
45,1155.1
3,1156.7
42,1159.2
24,1159.9
5,1160.2
26,1162.4
27,1163.2
55,1165.7
23,1166.1
29,1166.7
0,1167.4
9,1167.9
11,1168.8
17,1169.5
54,1169.8
12,1170.0
22,1170.4
35,1171.9
4,1172.2
14,1172.9
44,1173.0
51,1173.6
52,1173.8
7,1174.2
21,1174.2
15,1174.5
32,1175.3
8,1175.4
34,1175.6
48,1176.0
58,1176.0
31,1176.2
60,1176.4
33,1176.6
13,1176.8
56,1177.0
10,1177.4
53,1178.0
59,1178.6
24,1179.7
28,1180.1
57,1180.5
6,1181.6
50,1183.1
49,1183.2
43,1183.7
55,1185.7
45,1186.4
16,1187.4
27,1187.6
29,1189.9
26,1190.7
42,1191.0
46,1191.3
3,1191.8
2,1192.0
11,1192.3
5,1192.6
61,1193.2
41,1195.2
54,1195.3
0,1197.0
19,1197.7
9,1199.3
35,1200.5
1,1201.1
17,1202.0
38,1202.5
4,1202.5
14,1203.1
8,1203.6
51,1205.1
15,1205.1
10,1206.3
23,1208.0
24,1208.6
18,1208.8
55,1209.5
12,1209.7
58,1210.1
56,1210.6
59,1210.9
6,1211.2
27,1213.8
29,1213.9
7,1216.6
39,1216.7
54,1217.4
21,1218.7
11,1218.9
33,1219.5
52,1220.8
45,1221.5
22,1222.3
16,1223.1
28,1225.7
3,1226.3
9,1227.2
44,1227.3
40,1228.3
37,1228.3
26,1230.2
24,1231.8
60,1237.4
8,1238.0
59,1240.7
0,1245.5
35,1245.6
56,1250.3
41,1250.8
4,1254.7
27,1255.2
24,1255.6
61,1256.2
11,1258.9
7,1260.7
3,1261.5
6,1262.5
55,1262.8
23,1263.2
10,1264.0
21,1264.1
45,1265.2
29,1265.5
9,1266.1
51,1269.8
31,1269.9
12,1270.0
54,1270.1
18,1270.4
28,1272.6
33,1273.0
13,1274.3
15,1275.1
59,1275.2
17,1275.6
16,1276.1
56,1278.1
60,1281.1
39,1282.5
14,1282.7
41,1283.3
22,1284.3
40,1286.6
58,1289.4
61,1290.1
2,1292.3
19,1293.6
54,1296.8
55,1296.9
27,1297.0
9,1299.1
24,1299.5
38,1303.6
59,1303.7
62,1303.8
8,1304.9
35,1305.0
37,1307.4
18,1308.6
13,1311.8
60,1311.9
56,1312.2
20,1312.3
52,1313.5
10,1313.9
33,1315.0
11,1316.1
16,1316.9
26,1318.0
51,1318.1
21,1318.6
4,1318.7
5,1318.8
14,1318.9
12,1322.7
39,1322.8
54,1323.5
55,1323.9
31,1324.2
3,1324.6
61,1324.6
44,1324.8
57,1325.0
27,1325.3
29,1325.5
48,1325.8
17,1326.9
7,1327.1
59,1328.2
36,1330.7
9,1330.7
23,1331.1
34,1331.4
56,1331.7
28,1331.9
35,1333.2
8,1334.7
42,1335.0
32,1336.0
50,1336.4
40,1336.9
45,1338.0
24,1339.5
41,1342.7
43,1343.8
22,1343.8
46,1345.0
38,1346.6
13,1350.0
21,1350.2
11,1350.6
33,1350.8
59,1351.9
55,1352.8
3,1353.1
0,1353.4
52,1354.0
12,1354.7
60,1354.9
30,1355.7
31,1355.8
44,1357.4
54,1357.4
28,1359.0
29,1359.3
51,1359.9
37,1360.3
6,1361.2
8,1361.8
4,1361.9
5,1362.4
16,1363.4
56,1364.5
61,1365.0
35,1365.1
14,1369.6
10,1371.1
9,1371.8
24,1373.5
27,1373.9
59,1377.0
48,1377.9
55,1379.4
58,1379.7
17,1379.7
50,1381.3
20,1383.5
11,1384.4
34,1385.1
13,1386.7
41,1387.3
45,1390.1
18,1390.4
2,1390.4
57,1390.7
4,1391.3
26,1393.9
7,1394.0
54,1396.0
3,1396.3
52,1396.6
51,1398.1
9,1398.9
15,1399.1
29,1399.1
62,1399.3
16,1399.6
27,1399.9
39,1400.0
33,1400.6
56,1401.0
60,1401.6
5,1402.1
21,1402.9
24,1404.6
6,1405.2
8,1405.7
44,1405.9
42,1407.0
35,1407.7
28,1408.4
12,1409.0
55,1409.7
32,1409.9
43,1410.4
14,1411.6
31,1412.1
22,1413.7
53,1414.5
10,1415.8
45,1417.2
59,1418.5
17,1418.9
54,1419.0
4,1419.1
26,1419.2
23,1419.6
48,1420.0
11,1420.1
29,1422.4
51,1424.2
50,1426.3
61,1426.9
57,1427.2
34,1428.1
24,1428.2
9,1430.5
41,1431.8
8,1432.5
0,1433.6
46,1433.7
19,1434.0
33,1434.0
13,1434.9
37,1435.4
52,1438.7
3,1438.9
39,1441.4
16,1442.9
18,1443.2
27,1444.7
28,1445.4
59,1447.4
55,1447.5
54,1448.9
60,1449.9
12,1451.0
38,1451.7
45,1451.7
58,1451.7
11,1452.2
21,1452.8
5,1452.9
35,1453.3
10,1454.6
8,1454.6
56,1454.7
44,1455.0
7,1455.6
29,1456.3
24,1456.4
2,1458.3
4,1459.1
9,1461.2
26,1461.3
51,1461.8
15,1462.9
17,1463.2
61,1466.5
33,1469.1
41,1474.5
16,1475.1
57,1476.2
55,1477.1
6,1477.1
37,1478.2
59,1478.4
3,1483.0
8,1488.6
42,1489.1
54,1489.2
29,1491.1
24,1492.4
11,1492.5
27,1493.0
56,1494.6
60,1494.8
39,1494.8
12,1495.5
34,1499.5
14,1499.6
18,1500.1
26,1501.3
33,1501.3
10,1501.9
59,1501.9
38,1502.1
16,1502.2
9,1503.3
13,1503.5
40,1504.4
35,1505.2
52,1506.9
54,1507.2
17,1508.4
55,1508.8
61,1509.7
58,1510.2
19,1510.3
44,1511.2
57,1511.4
62,1512.1
51,1512.9
24,1513.6
43,1514.6
7,1514.6
15,1515.4
8,1515.5
28,1515.5
5,1515.9
21,1516.5
29,1518.5
4,1521.0
22,1521.5
23,1521.5
45,1522.0
56,1526.0
0,1528.5
59,1531.2
24,1533.0
26,1535.8
27,1538.1
11,1538.5
55,1538.8
6,1540.6
42,1541.4
9,1542.4
33,1544.9
12,1545.3
29,1547.1
8,1549.3
44,1550.7
46,1550.9
39,1551.3
51,1556.7
3,1557.3
14,1557.7
35,1559.2
48,1559.7
24,1561.4
5,1562.0
4,1562.1
16,1562.3
60,1563.6
54,1563.8
32,1564.6
13,1565.9
22,1566.4
55,1566.8
41,1567.3
18,1567.4
38,1567.8
57,1568.3
62,1568.4
59,1569.8
17,1570.0
10,1570.2
56,1571.5
33,1571.8
28,1572.2
21,1573.4
61,1575.6
27,1576.0
9,1577.3
31,1577.6
20,1577.8
7,1579.6
39,1585.3
52,1585.5
37,1587.1
11,1588.7
34,1590.9
26,1591.0
12,1591.9
0,1594.6
51,1594.8
24,1596.4
55,1596.8
5,1596.8
54,1596.9
8,1597.0
29,1597.6
44,1597.9
42,1598.0
56,1601.3
45,1601.4
3,1601.9
4,1604.6
46,1605.2
6,1606.7
48,1607.0
59,1607.2
9,1608.8
35,1609.9
27,1610.6
40,1610.8
43,1611.0
14,1611.2
49,1611.5
38,1611.5
18,1611.6
16,1612.5
60,1614.6
1,1615.0
23,1615.5
24,1616.4
57,1617.7
55,1617.7
26,1619.1
52,1620.1
61,1620.2
41,1620.2
15,1620.3
58,1620.3
11,1620.3
54,1620.5
34,1620.8
28,1621.5
22,1622.2
10,1623.2
21,1624.0
62,1625.2
17,1625.7
13,1625.8
39,1626.0
8,1626.2
25,1628.3
33,1629.6
53,1630.0
45,1631.6
19,1632.4
59,1635.9
12,1637.7
29,1637.9
5,1640.6
44,1641.7
3,1643.1
51,1644.3
4,1644.4
48,1646.5
31,1651.9
34,1653.1
35,1654.4
54,1654.5
46,1655.4
56,1655.7
27,1656.0
11,1656.3
24,1657.5
14,1659.3
8,1659.8
33,1660.0
55,1660.8
7,1661.0
0,1661.2
15,1662.7
28,1662.7
10,1662.9
59,1663.7
26,1663.8
29,1664.8
57,1665.0
12,1665.3
58,1665.6
22,1667.6
9,1668.4
45,1670.3
42,1670.9
44,1671.4
60,1672.3
17,1672.6
4,1673.1
38,1674.4
16,1675.6
48,1675.7
52,1677.5
39,1677.7
54,1677.7
34,1678.4
3,1679.0
35,1679.6
51,1680.9
50,1681.1
18,1681.2
55,1681.5
49,1681.6
20,1683.5
24,1684.4
56,1685.1
5,1685.6
6,1686.1
14,1686.4
62,1686.7
43,1686.8
8,1687.3
46,1688.5
31,1689.1
41,1691.1
29,1691.6
21,1694.9
11,1695.5
59,1696.0
27,1698.6
10,1699.6
26,1701.7
4,1704.7
61,1706.2
16,1711.2
57,1712.0
15,1712.2
44,1712.6
54,1715.2
35,1716.2
12,1716.7
29,1720.3
24,1720.9
60,1722.1
8,1722.5
5,1723.0
59,1725.0
40,1725.1
42,1725.4
51,1725.4
39,1725.4
18,1725.5
48,1725.5
22,1725.9
19,1726.5
53,1727.0
27,1727.5
56,1729.0
45,1729.6
28,1730.1
17,1730.2
34,1730.7
7,1731.2
11,1731.4
3,1731.4
26,1731.5
55,1732.1
14,1732.4
0,1732.6
16,1733.5
9,1734.9
32,1735.3
31,1736.3
6,1736.5
38,1736.9
33,1736.9
52,1737.4
4,1737.6
13,1737.8
12,1740.2
54,1740.3
10,1740.8
58,1741.0
24,1741.0
23,1741.9
44,1744.0
30,1744.3
41,1745.1
62,1745.8
36,1745.9
35,1746.7
57,1746.9
15,1746.9
8,1747.8
1,1748.0
29,1748.0
37,1754.0
2,1754.1
59,1754.8
51,1756.5
39,1757.8
21,1760.7
55,1760.7
61,1761.4
42,1762.8
16,1764.4
60,1765.7
17,1765.8
11,1766.0
34,1766.6
56,1766.7
26,1767.4
54,1769.5
43,1771.6
24,1772.2
12,1773.5
0,1774.0
27,1774.3
38,1774.6
45,1775.4
5,1775.5
58,1776.9
9,1777.1
22,1779.4
8,1779.7
4,1780.5
59,1781.6
35,1782.5
41,1787.4
15,1789.6
55,1789.6
44,1793.0
54,1793.3
23,1793.9
57,1797.4
26,1798.2
33,1799.7
18,1802.1
29,1802.7
24,1803.8
21,1804.2
59,1804.3
56,1804.5
28,1806.0
51,1807.0
40,1807.1
39,1807.6
45,1810.8
12,1811.5
34,1812.6
4,1812.7
6,1813.0
60,1819.2
8,1822.5
27,1824.3
55,1824.7
10,1828.0
24,1831.5
37,1831.8
22,1832.3
46,1832.3
58,1833.3
16,1834.6
9,1836.0
11,1836.3
26,1838.0
54,1838.0
29,1838.3
3,1838.5
0,1838.6
59,1838.6
42,1838.9
61,1839.6
52,1839.6
48,1840.4
5,1840.7
57,1843.2
51,1844.2
53,1844.9
14,1845.4
44,1846.3
4,1848.6
18,1849.1
27,1849.6
41,1850.1
8,1850.8
49,1851.8
12,1853.3
35,1853.5
55,1855.4
39,1860.5
28,1860.6
38,1860.9
34,1863.1
45,1864.3
56,1864.8
59,1866.4
60,1868.2
48,1868.9
50,1869.2
29,1869.4
17,1870.3
13,1870.8
16,1873.1
24,1873.2
33,1874.0
61,1875.7
37,1875.9
54,1878.0
11,1878.1
55,1881.6
51,1882.4
52,1882.8
40,1884.3
5,1884.8
8,1886.8
31,1891.2
27,1891.9
59,1893.7
57,1894.4
14,1899.5
26,1900.2
62,1901.7
32,1902.3
29,1902.9
45,1905.3
9,1905.5
35,1906.1
24,1907.3
12,1907.4
48,1908.6
54,1909.0
56,1909.5
7,1909.8
10,1911.4
11,1912.0
3,1912.0
8,1912.6
21,1913.7
39,1914.1
6,1914.2
33,1915.3
18,1916.0
43,1916.3
0,1916.8
28,1916.8
55,1917.7
4,1917.7
51,1917.9
31,1919.2
59,1919.6
49,1919.6
44,1919.9
16,1920.3
58,1920.6
34,1920.7
53,1922.1
15,1922.8
2,1924.0
27,1924.5
61,1924.5
42,1925.2
5,1925.2
60,1925.4
35,1927.0
50,1927.1
41,1927.1
52,1927.3
36,1928.1
12,1928.5
56,1929.6
24,1929.8
26,1930.1
54,1930.5
9,1930.9
19,1931.1
29,1931.2
14,1931.4
13,1931.8
23,1933.1
17,1933.3
57,1933.4
45,1933.6
37,1933.8
38,1933.9
40,1934.2
22,1934.8
20,1936.5
39,1938.6
8,1939.0
46,1939.2
59,1939.7
62,1941.2
25,1942.0
55,1942.6
48,1944.2
18,1945.1
16,1947.7
21,1949.3
3,1952.4
4,1953.7
24,1954.4
5,1955.2
11,1955.4
6,1955.5
26,1956.0
44,1956.8
27,1957.8
43,1958.3
45,1959.5
51,1961.4
54,1962.2
52,1962.3
9,1962.5
0,1963.6
34,1966.1
15,1966.6
28,1967.7
61,1968.2
57,1970.6
59,1970.9
60,1971.6
33,1972.9
29,1973.3
8,1974.9
24,1981.2
35,1986.5
12,1988.3
55,1988.4
39,1994.0
10,1995.5
54,1998.2
14,1999.7
16,2000.6
34,2001.7
26,2002.6
51,2003.7
59,2004.5
45,2004.7
8,2004.9
27,2006.1
5,2006.7
53,2006.8
3,2007.1
57,2007.1
58,2008.3
24,2009.7
29,2011.0
38,2012.2
48,2013.0
31,2013.6
11,2013.7
7,2014.3
32,2014.3
28,2014.4
33,2014.5
41,2016.3
52,2016.8
18,2017.0
9,2017.4
37,2019.0
35,2020.5
4,2020.7
56,2021.2
22,2024.0
36,2024.2
12,2024.8
19,2026.8
39,2027.5
60,2028.8
61,2030.0
54,2031.4
17,2033.8
14,2036.0
15,2036.6
40,2036.7
6,2037.0
16,2037.5
62,2038.2
51,2038.7
44,2040.6
57,2041.8
55,2042.1
11,2043.4
24,2044.4
0,2044.6
8,2044.7
38,2045.2
29,2046.4
27,2047.2
58,2047.7
59,2048.2
33,2048.7
34,2049.1
10,2050.2
35,2051.1
53,2052.2
56,2052.6
45,2053.6
26,2053.7
12,2053.8
9,2056.7
54,2057.7
4,2061.7
5,2064.5
24,2064.9
14,2067.2
49,2068.4
52,2069.1
29,2069.2
25,2070.8
57,2070.9
27,2071.3
51,2071.5
21,2073.2
48,2073.7
11,2074.0
8,2075.1
22,2075.1
28,2075.4
3,2075.7
55,2076.1
59,2076.6
17,2077.2
16,2077.4
23,2077.5
44,2078.0
41,2078.6
7,2078.9
6,2080.6
45,2081.5
35,2082.2
15,2082.4
39,2082.8
24,2084.2
42,2084.5
31,2084.6
0,2084.7
60,2085.2
43,2085.9
26,2086.6
10,2087.4
37,2088.6
33,2089.3
38,2089.3
56,2090.1
20,2090.5
4,2090.6
9,2090.9
58,2091.7
29,2092.2
2,2092.3
54,2092.3
14,2092.5
12,2092.5
5,2093.6
27,2094.1
55,2095.3
62,2096.0
61,2096.2
11,2096.3
30,2096.4
32,2096.9
52,2097.0
51,2097.5
8,2097.6
53,2098.6
57,2099.9
13,2101.1
24,2104.0
3,2107.3
49,2108.0
34,2109.4
45,2110.0
21,2111.4
16,2113.0
7,2114.9
35,2115.8
28,2119.0
27,2122.0
55,2122.7
54,2123.0
59,2123.4
39,2124.5
41,2126.6
17,2126.9
51,2128.8
44,2128.8
24,2129.5
14,2130.7
9,2131.2
56,2131.8
12,2132.5
4,2132.8
57,2134.3
6,2134.3
8,2135.4
33,2136.5
18,2137.4
60,2137.8
5,2138.3
29,2140.9
26,2142.1
61,2143.7
16,2146.9
37,2147.0
45,2147.6
38,2150.0
27,2151.6
10,2154.6
3,2159.6
55,2162.5
28,2163.4
21,2164.5
8,2167.1
2,2171.4
54,2171.9
12,2174.2
29,2175.2
34,2175.7
4,2176.2
5,2179.6
42,2180.8
22,2181.8
11,2182.6
44,2182.9
24,2185.8
56,2186.4
43,2186.9
7,2188.2
6,2188.4
52,2190.4
45,2191.1
31,2193.1
32,2194.7
33,2195.5
0,2197.2
3,2197.9
27,2198.7
55,2202.3
21,2202.8
10,2203.1
23,2205.3
59,2206.9
4,2207.0
29,2208.2
48,2208.5
8,2209.2
28,2209.7
54,2210.5
56,2211.1
60,2211.4
24,2211.7
51,2211.7
39,2211.8
16,2212.2
46,2213.5
11,2213.8
9,2214.0
61,2214.0
57,2214.2
41,2214.6
14,2215.3
35,2215.7
26,2216.0
6,2217.3
15,2217.7
58,2218.6
12,2219.0
17,2219.8
45,2220.3
13,2220.7
22,2221.1
44,2222.3
52,2223.8
18,2224.3
38,2225.2
33,2226.0
34,2226.8
27,2228.4
55,2229.0
19,2229.3
59,2229.6
3,2230.7
54,2230.8
62,2232.1
42,2232.1
53,2232.9
7,2234.0
2,2234.6
37,2236.4
24,2237.2
31,2238.1
10,2239.7
20,2241.6
4,2243.5
14,2243.8
45,2243.9
16,2244.3
40,2244.5
41,2244.6
21,2244.8
28,2244.9
43,2245.5
56,2247.0
60,2247.1
8,2247.2
5,2248.1
57,2248.1
35,2248.3
39,2248.4
51,2249.6
9,2251.4
23,2251.7
11,2252.6
32,2253.0
29,2253.3
58,2253.3
50,2253.6
27,2253.7
48,2254.3
55,2254.5
38,2256.0
12,2256.2
52,2256.2
13,2256.3
61,2257.4
17,2258.3
44,2258.9
54,2259.1
18,2259.4
6,2260.3
34,2260.7
59,2261.3
15,2261.4
26,2261.6
24,2262.0
33,2262.2
16,2270.4
14,2270.5
31,2271.5
53,2271.5
8,2272.5
3,2273.3
62,2273.5
7,2277.1
55,2280.0
4,2280.1
51,2280.1
35,2281.5
27,2281.8
9,2282.1
28,2282.9
54,2283.0
24,2283.0
45,2283.4
60,2283.6
39,2284.9
57,2286.3
20,2286.8
52,2287.3
56,2287.6
29,2287.6
11,2287.9
42,2288.4
21,2290.7
61,2291.4
0,2294.0
5,2294.3
22,2296.5
23,2297.5
37,2298.8
43,2299.4
59,2302.3
2,2304.1
24,2304.4
26,2305.3
55,2309.0
41,2309.2
44,2310.2
3,2314.0
45,2315.1
46,2321.6
27,2322.2
4,2325.9
42,2329.3
34,2329.3
8,2329.8
29,2332.4
12,2332.9
60,2338.0
55,2339.3
0,2339.5
54,2339.6
13,2341.5
31,2343.1
24,2343.4
38,2343.7
14,2344.2
59,2344.9
58,2346.0
9,2346.4
35,2347.2
11,2347.9
22,2348.2
16,2348.8
51,2349.4
10,2349.7
43,2350.0
56,2350.2
44,2350.3
28,2352.5
4,2352.5
45,2353.3
15,2355.4
3,2355.8
39,2356.6
57,2356.7
26,2357.0
52,2357.0
17,2357.9
29,2358.6
27,2361.1
41,2361.4
46,2362.3
48,2362.8
33,2362.9
55,2363.4
18,2363.5
8,2365.8
34,2366.0
5,2366.2
21,2366.4
42,2366.4
6,2366.9
54,2367.0
24,2368.1
12,2368.4
7,2368.5
38,2369.1
59,2369.3
19,2370.5
61,2371.3
60,2372.3
11,2372.7
62,2373.3
16,2374.3
0,2376.6
56,2377.5
50,2377.5
35,2377.9
37,2377.9
40,2379.1
52,2381.4
32,2381.4
53,2381.7
58,2382.3
57,2383.5
13,2383.9
15,2385.2
23,2385.9
55,2386.0
51,2386.1
17,2387.4
26,2388.3
10,2388.7
27,2389.6
44,2389.6
45,2390.0
9,2390.9
14,2391.3
4,2393.1
39,2393.1
22,2394.0
31,2395.5
29,2396.8
54,2398.4
60,2400.8
48,2406.0
33,2406.6
62,2409.5
18,2409.6
8,2410.8
34,2411.9
41,2412.3
16,2413.9
24,2414.1
12,2417.5
59,2417.9
38,2419.7
56,2419.9
14,2420.6
58,2423.1
29,2423.4
15,2423.6
57,2424.3
6,2426.1
45,2427.5
35,2427.8
11,2430.1
55,2430.2
3,2431.4
39,2431.5
54,2433.3
9,2433.4
43,2434.6
17,2435.3
42,2435.4
10,2435.6
27,2435.8
52,2436.0
33,2438.5
44,2438.7
13,2439.3
4,2441.5
8,2441.7
26,2441.7
24,2442.3
21,2444.6
5,2445.0
29,2445.2
59,2445.4
56,2447.6
2,2448.3
16,2448.7
7,2448.8
31,2449.1
41,2450.4
14,2450.6
37,2452.0
0,2455.7
61,2456.0
55,2458.4
12,2458.5
54,2459.0
19,2464.9
27,2471.8
23,2473.4
3,2474.3
45,2477.2
11,2477.2
8,2478.0
24,2484.1
42,2484.9
28,2487.9
48,2488.5
44,2491.2
55,2492.2
29,2493.4
38,2493.9
59,2494.4
26,2495.0
10,2495.2
52,2496.5
22,2499.1
4,2502.8
34,2503.5
9,2504.2
30,2505.0
33,2508.6
43,2508.9
8,2511.2
54,2512.0
27,2512.6
35,2513.2
24,2513.5
12,2514.7
3,2514.7
56,2515.8
31,2516.8
57,2520.5
11,2520.5
55,2521.5
17,2522.2
5,2523.0
15,2523.3
14,2524.3
52,2525.4
29,2525.6
51,2526.1
39,2526.3
58,2526.4
32,2526.4
59,2527.3
38,2528.4
10,2528.7
6,2529.2
54,2529.4
33,2529.8
53,2530.3
13,2530.4
20,2530.6
16,2531.6
7,2533.1
45,2533.4
37,2533.9
8,2534.3
21,2535.6
35,2538.0
56,2538.2
23,2538.3
60,2538.5
50,2538.8
27,2539.1
55,2540.4
4,2540.6
28,2541.0
12,2541.0
24,2541.0
9,2541.1
18,2541.2
44,2541.8
34,2541.9
2,2542.1
26,2544.7
3,2544.8
11,2544.8
0,2545.9
48,2549.0
29,2551.2
49,2551.5
30,2552.4
46,2554.6
31,2554.7
14,2555.1
45,2555.7
52,2556.2
51,2556.4
10,2558.4
24,2559.6
5,2559.8
6,2560.1
42,2560.5
8,2560.5
61,2563.6
21,2564.1
22,2565.2
57,2566.9
43,2567.3
56,2568.7
33,2568.8
4,2568.8
23,2569.7
55,2571.2
59,2572.2
54,2573.0
39,2573.0
27,2573.5
28,2574.8
40,2575.4
38,2576.6
2,2582.2
24,2585.5
35,2588.1
45,2597.1
8,2601.3
3,2601.9
0,2602.8
11,2603.4
26,2605.3
44,2605.7
54,2607.5
29,2609.4
34,2612.6
9,2614.0
16,2615.0
59,2615.2
51,2616.7
31,2618.8
13,2618.9
60,2619.3
33,2619.4
14,2619.7
48,2619.9
5,2621.5
55,2621.9
39,2622.5
12,2622.6
52,2623.7
62,2624.7
27,2625.3
56,2626.2
38,2626.7
57,2626.7
7,2627.5
58,2629.0
35,2630.5
24,2630.7
18,2631.0
41,2632.7
10,2633.3
42,2633.4
4,2633.8
61,2634.2
37,2635.6
17,2636.1
54,2636.7
29,2637.6
45,2637.6
22,2638.2
59,2638.4
6,2639.0
8,2639.3
11,2640.1
15,2640.5
40,2641.9
51,2643.4
53,2644.7
46,2644.9
34,2645.2
33,2645.4
3,2645.8
14,2646.8
21,2647.1
55,2647.8
56,2648.8
13,2648.9
24,2649.3
16,2650.1
26,2650.3
9,2650.4
60,2650.7
27,2650.9
39,2651.0
48,2651.4
28,2651.5
31,2651.8
38,2652.7
20,2652.9
35,2653.5
57,2654.3
43,2655.3
32,2655.7
5,2656.9
12,2657.7
23,2657.7
30,2658.3
44,2658.5
52,2659.2
45,2659.4
0,2661.5
4,2661.6
29,2664.4
10,2665.5
49,2666.1
7,2669.1
8,2669.7
24,2671.1
3,2672.5
42,2675.0
27,2676.0
18,2676.1
22,2678.1
6,2679.8
46,2679.8
26,2680.4
51,2680.5
54,2682.4
55,2684.0
11,2684.7
60,2688.3
2,2689.1
39,2689.8
14,2690.9
61,2691.2
9,2691.3
4,2691.9
44,2692.2
5,2692.3
56,2692.4
48,2694.0
52,2694.4
50,2694.7
29,2696.4
12,2700.4
21,2700.7
53,2701.3
34,2702.1
8,2702.2
16,2702.2
57,2702.8
59,2704.5
32,2704.9
31,2706.6
17,2710.7
41,2712.7
58,2712.8
28,2713.7
27,2714.2
55,2714.6
10,2716.0
54,2716.3
35,2719.0
33,2719.4
42,2719.5
38,2720.8
39,2721.1
51,2722.1
15,2722.2
3,2722.4
14,2722.8
13,2723.3
9,2723.7
37,2723.8
16,2724.0
18,2724.5
52,2724.7
11,2724.7
22,2724.9
56,2725.2
26,2725.6
45,2726.2
12,2726.4
1,2726.6
5,2727.0
59,2727.9
8,2728.2
48,2728.2
24,2728.4
44,2728.5
29,2728.6
0,2728.8
57,2729.4
60,2729.9
19,2730.0
34,2731.4
4,2731.7
6,2731.9
43,2731.9
55,2731.9
23,2732.5
7,2732.8
31,2733.1
30,2734.9
27,2735.7
50,2735.9
61,2736.1
54,2736.8
53,2736.9
17,2737.6
49,2737.8
32,2738.1
62,2740.0
21,2740.3
2,2742.4
10,2742.7
35,2743.9
14,2746.1
24,2747.3
28,2747.7
46,2747.8
51,2749.2
52,2749.6
56,2749.6
45,2749.7
8,2750.9
11,2753.5
33,2754.0
20,2754.1
55,2754.8
9,2756.2
3,2757.0
4,2758.9
22,2759.7
26,2761.3
27,2762.0
44,2762.4
42,2763.4
29,2764.0
24,2764.2
31,2764.5
0,2764.8
5,2768.6
21,2769.2
48,2771.0
54,2771.5
23,2773.9
13,2774.9
59,2775.2
60,2778.8
55,2780.5
41,2780.6
57,2781.4
6,2782.2
33,2782.7
56,2783.9
8,2787.5
11,2787.7
12,2787.8
27,2789.5
18,2790.3
38,2790.5
16,2791.1
61,2791.9
39,2792.0
14,2792.4
52,2793.6
9,2793.7
10,2795.2
34,2796.9
54,2798.1
15,2798.3
35,2799.5
24,2800.8
17,2801.9
51,2803.9
26,2804.1
59,2804.3
57,2816.3
22,2816.9
55,2818.3
13,2819.4
33,2820.4
8,2821.5
58,2822.4
44,2823.1
14,2824.2
3,2824.8
19,2825.2
24,2825.5
54,2825.9
56,2826.9
45,2827.3
21,2827.6
11,2827.7
52,2827.8
4,2828.0
16,2828.7
0,2830.0
39,2830.1
29,2831.6
46,2833.2
10,2833.6
41,2834.4
60,2834.5
31,2835.3
32,2835.6
20,2835.8
27,2835.9
35,2837.3
17,2838.5
59,2844.1
28,2845.0
38,2847.0
9,2847.4
55,2847.9
26,2849.7
24,2850.3
33,2853.8
14,2858.5
8,2860.5
57,2861.6
22,2863.0
12,2864.0
56,2873.2
3,2874.8
55,2875.2
35,2877.7
11,2877.9
24,2878.3
54,2883.5
31,2885.9
33,2886.4
16,2886.5
10,2886.7
13,2887.0
6,2887.9
60,2888.0
7,2888.0
9,2889.6
52,2890.2
23,2890.4
39,2890.6
51,2892.1
4,2893.0
58,2893.7
45,2894.2
57,2894.8
14,2895.0
18,2896.5
59,2897.5
12,2898.4
29,2898.5
38,2898.5
56,2898.6
34,2899.0
15,2903.5
41,2905.1
55,2905.3
27,2907.4
21,2907.8
61,2909.5
62,2909.9
8,2910.2
40,2910.9
54,2911.9
2,2914.0
11,2914.9
50,2915.2
17,2916.2
31,2916.8
13,2919.8
33,2920.1
3,2920.8
10,2921.3
28,2921.5
52,2921.5
9,2922.7
59,2925.3
35,2925.6
48,2925.7
55,2926.2
26,2927.7
16,2928.7
14,2930.2
5,2930.3
56,2930.3
6,2932.1
38,2932.7
32,2932.8
54,2933.7
12,2934.0
27,2934.4
45,2935.0
44,2935.2
60,2935.5
4,2936.3
20,2936.6
24,2936.6
29,2937.9
11,2938.0
8,2938.2
51,2938.5
7,2938.6
49,2944.7
43,2946.8
52,2946.8
23,2952.6
10,2953.8
30,2954.5
42,2956.3
56,2957.2
35,2957.4
24,2957.7
9,2958.0
3,2958.5
22,2959.8
21,2960.1
55,2960.4
6,2961.0
58,2961.2
27,2961.3
29,2963.0
33,2964.2
45,2964.8
4,2965.7
14,2965.9
54,2966.1
57,2966.3
26,2967.3
15,2968.2
0,2974.9
31,2977.2
12,2977.5
39,2977.8
8,2979.8
24,2994.2
28,2995.3
44,2997.1
18,2997.3
56,2999.0
