6,16.5
7,16.8
0,21.1
1,21.6
5,27.3
6,28.4
3,31.6
7,35.9
2,37.7
6,38.2
5,42.6
1,43.9
0,44.6
6,46.4
3,47.9
2,48.0
5,51.9
7,52.9
6,53.6
1,54.9
0,55.6
2,57.2
5,59.8
6,61.4
1,64.1
2,64.5
7,65.3
0,65.8
5,67.0
4,67.9
3,68.3
6,68.3
2,71.1
1,71.4
5,73.7
6,74.5
0,75.8
7,76.2
2,77.5
4,78.0
1,78.1
5,80.3
6,80.6
2,84.4
1,84.9
6,86.8
7,87.5
3,87.7
5,88.1
0,89.6
4,89.7
1,91.8
2,93.0
6,93.8
1,98.8
6,100.7
5,100.8
2,100.9
7,102.6
0,103.6
3,105.1
4,105.8
1,107.6
6,107.9
2,108.8
0,112.8
5,113.5
6,115.6
2,118.2
7,118.3
0,120.8
3,122.7
1,123.3
6,124.8
5,128.1
2,128.2
7,129.2
0,130.6
3,131.8
6,134.8
4,137.5
2,139.1
7,139.7
3,141.0
1,142.3
6,143.3
5,146.3
0,147.9
2,150.3
3,151.6
6,154.1
4,156.2
1,158.2
0,159.8
5,161.8
2,162.0
6,166.5
0,167.9
1,168.8
6,176.1
0,176.4
4,176.6
7,177.0
1,178.8
3,179.3
2,182.5
5,183.4
6,184.3
0,185.1
3,188.9
2,190.7
1,191.3
6,193.3
7,194.7
5,195.1
0,195.5
2,198.8
3,200.6
6,203.8
1,204.7
2,206.8
7,210.3
6,212.2
5,212.5
0,213.5
4,213.6
1,213.7
2,215.7
3,215.9
6,219.7
7,220.3
1,221.5
5,222.9
2,223.6
6,227.2
7,229.0
0,229.2
1,230.8
2,231.4
3,232.5
4,232.8
6,234.2
5,234.8
7,237.2
1,239.0
2,239.4
0,239.8
6,241.0
7,245.0
3,246.4
2,246.7
6,247.4
1,248.1
5,248.4
0,249.9
7,252.2
2,253.6
6,253.6
3,254.3
4,254.9
1,257.8
0,258.5
5,259.1
6,259.7
7,259.8
2,260.5
3,261.6
6,265.6
1,265.8
2,267.4
0,267.7
5,267.8
7,269.1
3,271.2
6,271.5
1,273.8
2,274.5
6,277.6
5,277.8
7,279.1
0,279.5
2,281.8
3,282.2
1,283.5
6,283.8
5,288.9
2,289.2
6,290.4
0,293.0
3,294.2
1,294.4
7,294.9
6,297.4
2,298.3
3,305.1
0,305.4
7,306.0
6,306.6
2,306.8
5,307.0
1,309.2
4,313.2
3,315.8
2,316.3
0,316.3
7,318.8
6,319.0
1,320.5
2,325.3
0,325.9
5,327.0
6,327.2
3,328.7
7,328.8
1,329.8
0,334.3
2,335.1
6,335.3
7,338.0
1,340.8
0,343.5
6,344.1
5,345.9
3,348.2
2,348.5
7,349.6
1,353.0
6,355.5
4,357.7
2,359.0
3,359.3
5,361.1
6,363.8
1,364.1
7,364.3
0,365.3
3,368.5
2,368.7
6,371.1
5,372.1
1,374.4
0,376.5
2,376.8
6,377.9
3,380.5
5,382.3
1,384.1
6,385.2
2,385.6
4,386.1
0,389.4
6,395.4
7,395.5
2,395.8
1,396.3
5,398.4
0,399.7
6,404.1
2,406.8
5,409.1
0,409.5
6,411.2
1,411.3
7,414.9
0,417.3
2,417.6
6,418.3
1,421.3
5,422.3
0,425.0
6,426.3
4,426.7
1,431.1
2,432.5
3,433.6
7,433.6
0,436.1
6,437.4
2,444.7
4,446.2
1,447.1
3,447.4
7,448.2
6,449.4
5,450.1
2,452.3
0,455.9
3,456.5
1,457.7
7,459.1
2,459.8
6,461.1
3,464.6
1,466.2
4,466.9
5,467.1
7,467.7
2,468.4
0,468.8
3,473.7
6,474.2
1,474.8
2,476.0
7,476.3
5,479.0
0,481.3
6,483.2
3,483.9
1,484.1
2,484.2
7,486.0
6,493.1
2,493.2
0,493.2
5,494.1
1,495.2
7,496.6
3,501.4
6,502.0
4,502.3
1,502.8
2,503.7
0,504.0
7,508.7
1,509.7
6,510.5
5,511.7
0,514.0
1,516.5
2,519.9
3,520.6
6,521.4
4,522.1
1,523.5
7,523.8
0,524.7
5,526.9
1,533.0
3,535.5
2,538.5
6,539.2
7,539.3
5,542.9
4,544.1
1,544.2
3,546.0
2,547.4
0,547.5
7,547.5
6,548.2
7,554.8
3,555.4
6,557.7
2,560.0
1,560.8
5,561.9
7,562.8
0,563.4
4,565.4
3,566.2
6,569.2
2,571.2
1,573.6
7,580.3
0,581.5
6,583.2
5,587.7
3,590.9
2,592.3
1,594.0
0,596.0
4,597.1
6,599.1
2,600.9
5,601.0
1,604.7
7,604.8
6,606.9
3,607.1
2,610.8
0,611.9
1,612.7
6,613.6
5,613.6
7,615.0
4,615.7
3,619.6
6,620.3
1,621.6
0,624.7
6,628.3
2,629.0
5,629.5
4,629.5
3,629.8
1,631.0
7,632.5
6,635.1
3,639.2
2,639.8
1,639.8
5,640.8
6,641.3
7,641.6
0,644.9
4,645.5
6,647.3
2,647.7
1,648.4
7,650.6
3,650.9
5,652.3
6,653.2
2,655.2
6,659.0
1,660.4
0,660.5
7,660.5
2,662.9
6,665.0
3,665.9
5,667.0
2,670.4
6,671.1
0,671.5
1,672.5
7,672.5
3,675.1
6,677.5
2,678.2
7,680.5
1,681.3
0,683.3
3,683.9
6,684.0
7,688.2
2,688.9
1,690.0
6,691.2
0,692.4
3,696.3
5,696.7
7,699.9
0,700.5
2,701.2
1,701.5
6,702.6
3,707.8
0,709.3
1,710.0
7,710.4
4,710.7
6,712.4
1,718.3
5,718.9
2,720.3
0,722.1
3,723.3
6,724.2
7,724.3
1,729.8
2,731.6
6,733.6
7,736.9
3,738.7
2,740.6
5,740.7
0,741.5
1,742.8
6,743.7
7,748.2
2,749.1
6,753.1
3,754.5
2,758.7
6,762.9
7,765.2
3,767.3
0,768.0
2,772.0
1,777.7
6,777.9
3,778.9
7,780.8
2,784.3
6,785.8
0,786.4
5,787.3
3,788.2
7,788.8
1,789.8
4,792.1
6,792.9
3,797.6
2,798.3
7,798.8
6,799.9
5,800.9
0,801.1
1,804.0
6,806.5
2,807.1
7,809.1
3,809.7
0,812.2
5,812.3
1,812.5
4,812.5
6,812.9
2,816.7
6,819.0
1,819.6
0,820.6
7,820.7
3,820.8
5,822.6
6,824.9
1,826.1
4,828.1
2,828.7
0,828.8
6,830.7
3,831.1
7,831.8
1,832.7
5,833.9
6,836.5
0,839.1
3,839.4
1,839.5
7,841.3
6,842.2
2,845.9
1,846.1
0,846.8
6,847.8
3,849.8
5,851.5
1,853.0
6,853.3
7,853.8
0,854.6
4,857.9
6,858.9
1,859.6
2,861.9
0,863.6
6,864.7
1,866.3
7,866.3
5,868.6
3,870.6
6,870.9
2,872.6
1,873.4
7,875.5
4,875.7
6,877.5
3,880.0
1,881.7
2,882.5
7,885.7
6,885.9
1,890.8
4,892.1
6,894.1
7,897.0
2,899.4
3,899.7
1,900.6
5,900.8
6,901.6
7,907.4
2,908.8
6,909.4
1,911.4
3,911.4
5,912.5
7,916.1
2,917.0
6,917.1
0,918.7
1,922.0
7,924.0
3,924.1
5,924.1
6,924.5
2,925.0
6,932.3
7,933.1
2,933.6
0,933.8
3,938.2
1,939.4
6,939.8
5,940.5
0,941.7
7,942.9
2,943.8
6,947.2
1,948.6
0,950.2
6,955.0
5,957.6
2,958.1
3,960.1
1,962.0
0,962.4
6,963.1
7,964.9
2,967.4
6,971.0
1,973.1
7,974.5
4,977.2
2,978.8
3,979.2
0,979.7
6,980.2
7,985.5
1,988.3
2,990.3
6,990.6
3,995.9
6,1003.1
7,1004.3
1,1005.8
2,1005.9
3,1007.0
0,1012.9
1,1016.5
6,1016.8
7,1018.8
4,1019.4
3,1021.5
2,1022.1
6,1024.4
5,1024.4
0,1025.4
1,1025.4
7,1029.2
6,1031.5
1,1033.3
2,1033.9
0,1036.7
4,1037.7
6,1039.6
3,1040.1
1,1042.1
5,1042.7
2,1044.8
6,1048.0
7,1049.8
1,1050.5
5,1051.3
4,1052.0
2,1053.2
0,1055.3
6,1058.4
1,1060.9
3,1061.1
5,1061.7
2,1063.0
0,1065.3
6,1068.3
1,1069.7
4,1072.8
2,1073.5
7,1075.8
5,1077.6
1,1077.6
3,1078.0
0,1079.6
6,1080.4
2,1083.4
1,1085.4
7,1087.2
6,1090.1
5,1090.3
4,1090.8
1,1094.0
2,1094.4
0,1095.9
6,1098.3
7,1101.3
1,1102.3
0,1104.2
2,1104.9
6,1105.2
5,1106.6
1,1110.2
0,1111.4
6,1111.8
7,1112.7
2,1116.5
1,1117.6
0,1118.8
6,1119.0
3,1121.2
5,1121.5
7,1123.8
1,1124.7
2,1126.6
6,1127.6
0,1127.7
1,1132.2
3,1134.7
2,1135.7
7,1135.9
0,1137.1
6,1138.1
4,1138.5
1,1139.9
3,1147.1
0,1147.1
1,1147.5
2,1147.8
7,1154.9
1,1156.5
6,1158.1
0,1159.2
2,1159.2
5,1160.2
3,1164.0
1,1165.2
7,1165.9
6,1166.0
2,1168.3
1,1174.2
6,1174.3
0,1174.5
5,1175.9
4,1176.1
2,1176.9
3,1180.3
6,1181.6
1,1182.4
0,1182.7
2,1185.7
7,1186.7
6,1189.0
1,1190.8
5,1191.8
0,1191.9
4,1196.2
6,1196.6
2,1196.7
3,1198.6
0,1200.0
1,1200.5
7,1202.2
6,1204.1
2,1207.9
0,1208.3
3,1209.6
5,1210.7
6,1210.9
1,1211.3
7,1212.0
6,1217.5
0,1217.6
1,1222.3
7,1222.8
6,1224.3
2,1224.6
0,1227.2
3,1228.2
6,1233.0
2,1234.7
5,1234.9
7,1236.2
1,1238.4
0,1241.1
6,1242.2
3,1247.1
4,1247.8
0,1249.4
6,1250.9
1,1256.6
7,1257.1
6,1259.0
0,1260.0
3,1261.9
7,1267.0
6,1269.1
1,1271.4
2,1277.8
7,1278.2
0,1279.1
6,1279.5
7,1289.2
6,1289.5
6,1300.0
7,1300.5
2,1301.3
1,1302.5
0,1302.8
3,1305.7
7,1309.2
4,1310.5
6,1310.7
1,1311.9
3,1315.4
7,1317.1
2,1319.3
6,1319.5
0,1321.3
1,1323.9
7,1325.1
6,1328.0
3,1330.2
0,1331.0
7,1333.3
2,1335.3
6,1335.7
5,1336.3
3,1339.2
7,1341.2
0,1342.6
6,1343.1
2,1345.2
3,1349.1
7,1350.2
6,1350.3
5,1352.2
6,1358.4
3,1359.1
2,1359.9
4,1360.0
7,1360.8
1,1361.0
0,1362.8
2,1369.7
6,1370.4
3,1370.5
7,1370.6
5,1375.7
0,1379.0
4,1379.7
1,1380.0
6,1380.8
7,1381.2
3,1383.0
2,1384.4
0,1389.8
7,1392.0
6,1395.5
5,1395.5
1,1396.4
2,1398.5
0,1400.7
7,1401.5
3,1403.6
6,1404.2
1,1406.6
2,1407.5
5,1409.9
7,1412.2
3,1412.3
6,1413.0
2,1415.7
1,1416.2
7,1421.9
5,1422.3
0,1422.6
6,1422.9
2,1423.2
3,1423.2
4,1426.3
1,1426.9
2,1430.6
5,1431.8
6,1432.3
7,1432.3
0,1433.7
3,1436.7
2,1437.5
6,1440.0
7,1442.3
5,1443.5
2,1444.9
3,1445.2
1,1446.1
6,1448.4
0,1449.2
4,1449.6
7,1451.7
2,1452.4
5,1454.6
3,1455.1
1,1456.0
6,1458.4
7,1459.8
2,1460.9
3,1464.9
5,1467.1
0,1467.5
7,1468.6
2,1469.6
6,1470.2
1,1472.7
3,1476.5
2,1477.6
6,1477.7
5,1478.4
7,1478.7
6,1484.8
0,1486.5
2,1488.4
1,1489.7
7,1490.0
6,1492.7
3,1494.0
5,1494.3
2,1498.1
7,1499.0
6,1499.5
5,1503.4
3,1504.4
6,1505.6
2,1506.3
1,1507.0
7,1507.6
6,1511.5
5,1511.6
3,1512.5
2,1513.6
7,1516.0
6,1517.3
0,1519.4
1,1520.3
3,1521.2
2,1521.3
5,1521.6
6,1522.9
4,1526.1
7,1526.6
0,1527.9
6,1528.5
1,1530.0
2,1530.0
3,1532.1
5,1533.7
6,1534.1
2,1539.0
0,1539.6
6,1539.7
7,1540.3
1,1542.2
5,1542.5
4,1544.0
6,1545.4
2,1549.2
7,1549.2
6,1551.4
3,1551.8
1,1553.5
5,1554.2
0,1555.7
2,1557.4
6,1558.3
7,1558.9
3,1563.2
1,1563.9
2,1565.6
5,1566.5
6,1567.3
7,1570.6
0,1573.0
1,1573.6
2,1573.9
3,1574.3
6,1578.1
7,1579.3
4,1581.3
2,1582.3
5,1582.9
3,1583.4
6,1587.5
7,1587.7
1,1589.0
0,1590.2
2,1590.3
3,1594.0
6,1595.3
5,1595.5
7,1597.0
2,1599.6
0,1599.9
6,1602.1
3,1604.2
1,1605.1
7,1606.6
4,1608.1
6,1608.5
2,1609.1
0,1611.4
6,1614.9
3,1615.9
1,1616.3
7,1617.1
5,1618.4
0,1619.9
2,1621.1
6,1621.4
1,1628.0
6,1628.1
3,1628.2
0,1630.4
2,1631.5
5,1632.3
7,1632.4
6,1634.5
3,1637.3
1,1637.8
2,1639.6
6,1640.8
0,1640.8
7,1644.3
5,1644.9
6,1647.0
3,1648.6
2,1649.3
6,1653.7
1,1655.7
7,1657.9
2,1659.1
3,1659.6
6,1660.2
5,1660.5
4,1661.0
0,1661.9
6,1666.5
2,1667.1
1,1668.3
7,1671.2
5,1671.4
3,1672.4
6,1672.5
0,1673.2
2,1674.3
6,1678.5
1,1680.0
5,1680.4
2,1682.3
7,1682.9
0,1683.2
6,1684.4
4,1684.4
3,1687.3
1,1689.8
6,1690.1
5,1691.8
2,1694.0
4,1695.7
6,1695.7
7,1696.3
0,1696.6
1,1701.3
6,1701.3
6,1706.8
3,1708.0
5,1708.4
2,1708.8
6,1712.3
1,1714.0
7,1714.3
0,1714.3
4,1714.9
6,1717.8
3,1718.8
5,1719.1
2,1719.9
1,1721.9
6,1723.3
0,1726.0
7,1726.4
6,1728.6
3,1729.5
1,1730.4
5,1731.0
2,1731.5
7,1736.0
4,1736.2
0,1737.2
1,1738.0
3,1739.8
2,1741.0
1,1745.6
7,1746.3
5,1746.8
6,1749.1
3,1749.2
2,1750.6
6,1754.6
0,1754.6
7,1754.9
1,1755.1
4,1755.6
3,1757.2
5,1758.0
2,1759.3
7,1762.6
0,1763.9
1,1764.6
3,1765.1
5,1769.1
7,1771.9
2,1772.1
0,1772.7
1,1773.5
3,1777.3
2,1784.3
7,1784.3
0,1784.4
1,1785.0
5,1788.0
3,1789.2
0,1793.8
7,1796.2
2,1801.0
0,1804.0
1,1805.7
3,1806.1
5,1807.4
7,1811.5
1,1815.2
4,1815.4
0,1815.7
2,1817.1
5,1822.2
6,1824.7
1,1825.3
3,1825.4
2,1828.1
7,1828.8
6,1835.1
2,1836.5
3,1837.8
7,1839.5
1,1842.9
0,1843.3
5,1843.5
2,1845.2
3,1847.1
7,1848.1
2,1853.6
3,1854.6
7,1856.1
0,1858.6
5,1859.7
3,1862.0
2,1863.5
7,1865.3
0,1869.5
3,1870.1
5,1878.4
1,1878.9
2,1879.1
0,1881.5
3,1882.4
5,1888.9
6,1890.7
2,1891.0
1,1895.1
6,1896.0
7,1896.7
0,1897.4
5,1900.9
6,1901.4
6,1906.9
1,1907.9
2,1909.0
3,1909.9
4,1910.9
7,1911.2
5,1917.0
7,1919.4
2,1919.6
0,1920.8
3,1921.2
1,1923.7
5,1926.1
7,1927.1
0,1929.4
2,1929.5
3,1934.5
5,1935.5
7,1936.6
2,1936.9
0,1937.2
1,1938.1
4,1941.2
2,1943.6
0,1944.6
3,1944.8
1,1946.2
7,1946.3
5,1947.7
2,1950.3
0,1953.5
3,1954.0
1,1954.3
2,1956.7
7,1957.0
5,1958.4
2,1963.1
0,1963.6
3,1964.4
1,1964.6
7,1968.9
5,1969.1
2,1969.7
3,1975.0
2,1976.9
0,1978.1
5,1981.7
7,1983.9
3,1984.0
2,1985.3
1,1991.0
0,1992.8
2,1993.0
7,1993.7
5,1994.2
3,1995.3
2,2000.8
7,2004.5
5,2004.8
1,2005.6
6,2007.5
2,2008.5
6,2012.8
3,2014.4
5,2015.1
2,2015.7
7,2016.8
0,2018.1
6,2018.2
2,2022.7
1,2023.2
6,2023.6
3,2025.2
5,2025.8
7,2027.6
6,2029.1
0,2029.4
2,2029.8
6,2034.7
3,2034.9
1,2036.8
2,2037.4
7,2037.9
5,2040.1
6,2040.3
0,2043.8
2,2045.4
3,2045.5
6,2045.8
1,2046.4
6,2051.4
4,2052.0
1,2054.3
2,2055.3
0,2056.1
3,2056.2
7,2056.4
6,2057.3
5,2059.2
1,2062.3
6,2063.3
0,2065.9
3,2066.4
7,2067.6
2,2068.6
6,2069.7
1,2070.3
0,2073.1
4,2074.3
6,2077.2
1,2077.8
2,2078.3
3,2078.8
0,2080.2
5,2082.6
7,2082.7
6,2084.2
1,2084.9
0,2087.1
2,2088.9
3,2090.2
6,2090.7
1,2092.3
7,2093.2
5,2093.5
0,2094.2
4,2095.5
6,2097.3
1,2099.5
3,2102.1
0,2102.2
6,2103.9
2,2104.2
7,2104.4
1,2106.2
5,2109.6
4,2110.2
6,2110.5
3,2111.2
0,2112.1
2,2112.6
7,2112.6
1,2113.0
6,2117.2
0,2120.0
1,2120.2
2,2121.4
7,2122.0
3,2123.6
6,2123.9
5,2124.4
2,2129.2
0,2129.4
1,2130.3
6,2131.1
7,2133.1
3,2134.6
2,2137.8
6,2140.9
5,2141.3
0,2144.0
2,2147.1
7,2149.2
1,2149.8
6,2151.2
4,2151.9
3,2153.0
2,2158.0
0,2158.8
1,2159.9
6,2163.5
5,2164.4
7,2167.3
2,2169.6
0,2172.2
3,2173.7
6,2175.3
5,2178.9
2,2179.4
0,2185.8
6,2186.5
1,2188.3
2,2190.6
4,2190.7
5,2191.3
6,2194.7
0,2195.5
7,2195.9
1,2199.3
6,2202.1
0,2203.7
3,2205.0
6,2210.4
2,2212.3
1,2212.9
7,2213.1
5,2213.2
0,2214.7
3,2215.6
6,2217.7
7,2221.1
1,2221.3
0,2222.8
6,2224.7
7,2228.5
1,2230.1
0,2230.6
3,2231.6
2,2231.6
6,2232.1
5,2232.3
7,2237.6
6,2239.4
2,2239.4
0,2241.2
1,2241.5
3,2244.1
5,2244.9
2,2246.4
6,2246.5
7,2246.7
0,2251.7
3,2251.9
4,2252.6
1,2252.9
6,2253.2
2,2253.5
7,2254.0
3,2259.6
6,2260.0
2,2260.9
7,2261.5
1,2261.8
5,2262.4
0,2263.0
6,2267.3
2,2268.1
3,2268.5
7,2270.8
1,2272.9
5,2273.4
6,2274.2
0,2274.5
2,2275.1
7,2279.4
3,2279.4
6,2280.8
1,2281.3
2,2282.1
0,2283.9
5,2284.3
6,2287.4
3,2289.2
2,2289.4
1,2289.6
7,2290.8
0,2292.1
6,2294.4
2,2298.8
0,2301.5
3,2301.8
1,2301.9
6,2303.2
0,2310.8
2,2311.9
5,2312.4
7,2312.6
1,2314.0
6,2314.2
3,2318.5
4,2320.8
0,2323.0
2,2323.2
7,2326.9
6,2327.7
1,2328.2
0,2334.2
3,2335.0
4,2336.3
1,2336.7
6,2341.2
7,2341.4
2,2342.6
0,2342.8
1,2346.8
6,2351.1
5,2352.1
0,2353.5
3,2355.5
1,2356.3
2,2356.5
7,2358.2
6,2358.3
5,2361.9
6,2364.9
3,2365.4
1,2366.5
2,2366.7
6,2371.2
7,2371.9
5,2372.9
3,2376.1
2,2376.4
6,2377.3
7,2381.1
5,2383.3
6,2383.3
1,2384.3
2,2384.9
0,2386.2
6,2389.2
7,2389.3
3,2390.5
5,2393.1
2,2394.2
6,2395.0
4,2398.0
7,2398.1
1,2399.6
6,2400.8
5,2402.1
2,2404.5
6,2406.6
7,2407.8
1,2408.4
0,2409.1
3,2410.1
5,2412.1
6,2412.2
6,2417.9
7,2419.3
1,2420.4
0,2420.5
6,2423.6
3,2424.7
2,2424.7
7,2427.7
1,2428.5
0,2428.9
4,2429.0
6,2429.5
6,2435.4
1,2436.2
3,2436.5
7,2437.5
0,2441.3
6,2441.4
2,2442.6
5,2442.6
1,2445.6
3,2447.1
6,2447.5
7,2447.6
0,2453.6
2,2453.8
6,2453.8
5,2458.0
7,2459.2
3,2459.7
6,2460.7
0,2462.9
1,2463.4
2,2464.8
4,2468.0
6,2468.2
3,2469.0
7,2469.3
1,2473.9
0,2474.0
6,2477.1
5,2478.6
7,2479.7
3,2479.8
2,2480.0
1,2484.1
6,2484.7
0,2485.8
5,2486.8
2,2489.4
4,2489.9
7,2490.1
6,2492.5
1,2492.5
5,2498.2
2,2500.9
1,2500.9
6,2501.0
0,2507.5
3,2510.2
7,2510.3
6,2510.9
2,2512.4
1,2512.8
4,2516.0
5,2516.5
7,2517.9
6,2518.6
3,2519.1
2,2523.1
7,2525.4
6,2525.5
1,2527.6
3,2528.8
5,2529.7
6,2533.2
2,2534.0
4,2534.6
7,2535.6
0,2536.8
1,2539.1
6,2540.0
3,2542.2
2,2542.2
7,2545.6
5,2545.7
0,2545.8
6,2546.5
2,2549.8
1,2549.9
6,2552.8
3,2554.1
0,2554.2
5,2555.9
7,2556.4
2,2556.9
6,2559.1
1,2560.9
4,2562.0
0,2562.6
3,2563.5
2,2564.0
6,2565.6
5,2566.9
7,2569.4
2,2571.5
0,2572.1
6,2572.7
3,2573.8
1,2577.1
2,2579.2
6,2582.0
5,2584.0
3,2586.9
2,2588.4
1,2588.8
4,2589.1
7,2590.2
6,2592.2
5,2594.7
2,2600.2
3,2600.4
6,2604.5
7,2606.6
5,2606.9
0,2610.1
1,2610.7
2,2612.6
6,2615.0
7,2617.0
3,2621.4
0,2622.0
6,2622.6
2,2623.6
1,2626.1
7,2627.2
6,2629.8
4,2630.1
3,2632.3
2,2634.4
1,2634.7
0,2635.5
7,2635.7
5,2637.4
6,2637.9
3,2642.0
7,2643.3
1,2643.6
0,2646.3
2,2646.6
6,2646.7
3,2650.4
7,2651.4
4,2652.6
1,2652.8
5,2654.0
2,2654.5
6,2655.7
0,2657.1
3,2658.8
2,2661.3
7,2661.6
1,2662.3
6,2663.0
5,2663.5
0,2667.2
2,2667.8
3,2668.4
6,2670.1
4,2671.2
1,2671.5
7,2673.8
2,2674.9
5,2675.1
6,2677.8
1,2679.9
2,2683.5
7,2683.5
6,2685.1
4,2688.6
3,2689.1
5,2689.5
0,2690.3
2,2691.5
1,2691.8
6,2692.4
7,2694.6
2,2700.0
6,2700.4
1,2701.1
5,2704.0
3,2704.9
4,2706.1
7,2706.2
0,2706.3
2,2708.3
6,2708.7
1,2711.7
7,2714.3
5,2715.5
6,2715.7
3,2715.9
2,2717.5
0,2718.8
1,2720.2
4,2721.8
6,2722.2
7,2722.7
2,2725.3
5,2725.6
3,2727.7
1,2728.2
6,2728.7
0,2728.7
2,2732.1
7,2732.3
5,2733.8
6,2735.0
1,2736.3
0,2737.3
3,2738.4
2,2738.4
6,2741.0
4,2741.1
7,2742.6
5,2743.0
2,2744.6
0,2745.1
1,2746.0
6,2747.2
3,2749.8
2,2750.8
4,2752.1
6,2753.5
0,2753.5
1,2754.3
5,2754.7
2,2757.4
7,2758.1
6,2760.1
1,2761.1
0,2763.0
5,2763.2
2,2764.0
6,2766.8
1,2767.7
2,2771.3
5,2772.4
6,2773.7
1,2774.6
3,2774.7
0,2774.9
4,2777.1
7,2778.8
2,2780.3
6,2780.5
5,2782.2
1,2782.9
3,2783.5
0,2786.8
6,2787.3
7,2790.6
2,2790.8
6,2794.7
5,2795.0
3,2795.8
1,2796.6
0,2802.1
6,2803.6
1,2805.6
5,2806.8
7,2808.2
2,2809.2
0,2813.6
1,2813.8
6,2814.5
3,2819.0
1,2822.4
7,2822.4
5,2823.5
2,2823.5
6,2830.6
0,2831.4
7,2831.9
3,2833.2
1,2833.5
4,2838.1
2,2839.1
5,2839.3
6,2841.9
7,2842.4
3,2845.3
2,2849.3
1,2850.3
5,2850.6
6,2851.3
0,2862.7
6,2862.9
1,2868.3
7,2869.8
6,2873.7
2,2874.7
5,2875.6
0,2880.9
7,2882.5
6,2884.5
3,2888.0
2,2890.1
5,2892.5
6,2892.5
0,2893.9
1,2897.9
6,2900.6
7,2901.5
3,2904.1
0,2906.3
2,2907.8
6,2908.1
5,2913.4
7,2913.4
1,2915.5
6,2915.7
3,2917.1
2,2920.3
0,2922.6
6,2924.1
7,2925.7
1,2931.7
6,2932.0
0,2932.3
2,2932.7
4,2933.3
5,2935.2
3,2939.4
6,2939.7
7,2941.0
0,2941.7
1,2942.0
6,2947.8
0,2949.4
1,2950.4
4,2952.1
2,2952.3
6,2955.1
5,2955.7
0,2957.5
1,2957.9
7,2958.3
6,2962.2
1,2965.1
3,2965.7
6,2969.8
2,2970.1
7,2971.5
5,2972.3
0,2972.9
1,2973.2
6,2979.1
1,2984.0
6,2987.2
2,2987.2
3,2987.6
0,2992.4
1,2995.8
5,2996.4
6,2996.8
2,2999.5
