3,15.0
6,18.0
2,18.6
1,20.5
5,21.7
4,23.0
0,23.1
5,32.4
3,34.0
6,36.2
1,36.2
7,40.7
0,42.0
5,42.2
4,43.9
1,44.1
6,45.1
3,48.1
1,50.8
7,51.2
5,52.2
6,52.3
0,52.4
2,55.8
3,56.2
4,56.6
1,57.2
6,59.6
7,60.9
5,61.1
3,63.4
0,63.9
1,64.1
6,66.9
5,68.9
4,69.6
3,70.4
1,71.1
2,71.5
7,71.9
6,73.9
0,74.4
5,76.4
3,77.3
1,78.0
4,80.2
6,80.3
2,83.6
3,84.0
5,84.5
1,85.4
6,86.6
7,90.9
3,91.2
6,93.0
1,94.0
4,97.0
5,97.0
3,98.3
6,99.4
7,101.0
0,101.8
1,103.6
2,104.2
6,105.6
3,106.0
4,110.9
6,111.8
3,113.8
7,114.2
1,114.3
0,114.5
5,114.9
6,118.3
2,121.3
3,121.8
1,124.1
4,125.1
6,125.4
5,126.0
0,126.2
7,129.8
3,130.3
6,132.3
1,132.8
0,134.7
5,136.2
4,136.7
7,138.6
3,138.7
2,139.4
6,139.6
1,140.2
0,143.6
5,145.3
1,146.7
6,146.7
7,146.9
3,147.0
4,149.5
2,150.4
1,153.2
6,154.0
0,154.8
5,155.3
3,157.0
7,157.6
1,160.2
6,161.4
2,162.5
5,164.1
1,167.4
6,168.3
3,168.6
4,169.7
5,172.2
1,175.3
6,175.3
7,178.0
0,179.9
5,180.3
2,182.1
6,182.5
1,183.0
3,186.2
5,187.3
4,187.6
7,189.0
6,189.1
1,190.7
2,192.1
5,194.0
6,195.3
3,195.4
0,195.6
1,197.6
7,200.0
5,201.1
2,201.5
6,201.5
3,203.8
1,204.2
4,205.1
6,207.6
0,207.6
5,210.1
1,210.5
7,210.7
3,211.5
2,213.0
6,213.4
1,216.6
5,218.4
3,218.6
4,219.5
7,219.7
1,222.6
2,223.7
5,225.3
3,225.5
0,227.1
1,228.4
7,228.7
4,229.6
5,231.6
3,232.1
2,232.9
1,234.1
7,236.2
5,237.7
3,238.2
4,238.8
1,239.7
2,242.7
7,243.0
5,243.6
3,244.2
0,247.9
4,248.9
7,249.4
5,249.4
3,250.1
2,251.9
5,255.2
3,255.9
7,256.0
4,258.5
5,260.9
3,261.5
2,262.6
0,262.7
7,263.1
3,267.2
4,267.4
7,270.7
3,273.0
2,276.2
4,278.3
7,278.8
3,279.1
0,282.7
3,285.6
7,286.9
3,292.9
2,294.5
7,295.0
3,300.3
7,302.6
4,304.2
5,305.5
3,309.7
5,310.9
7,311.7
0,312.5
4,315.8
5,316.6
2,316.7
3,321.9
5,322.5
0,323.5
7,326.8
5,328.6
4,331.1
2,332.9
0,333.6
3,333.7
5,334.9
7,338.8
3,342.1
5,342.2
2,344.1
5,349.9
3,350.5
4,350.5
7,352.2
5,357.3
0,359.3
3,359.7
4,362.4
7,364.9
5,365.8
2,367.0
3,368.1
4,373.2
5,374.8
3,376.7
2,380.2
7,382.3
1,384.7
5,385.5
3,386.3
4,386.4
1,390.1
1,395.8
0,396.1
1,401.7
5,401.8
4,404.7
7,405.2
3,406.7
1,407.8
0,409.9
2,412.1
5,413.6
1,414.0
4,414.1
3,415.6
7,415.9
1,420.2
0,421.4
5,422.0
4,422.8
3,423.3
7,425.0
1,426.5
2,426.5
5,429.4
3,430.6
0,431.9
1,433.4
4,433.8
7,434.3
5,437.6
3,439.5
1,442.1
2,445.2
7,446.2
5,446.6
3,450.6
1,450.7
7,455.0
3,458.6
5,459.5
2,461.3
1,461.5
4,461.5
7,462.3
3,466.1
5,467.9
7,469.4
1,471.4
4,472.5
3,474.4
2,474.6
5,475.1
7,477.9
1,479.4
3,481.8
5,482.5
2,483.1
4,483.7
7,485.6
1,487.8
3,488.6
5,490.2
0,491.6
4,493.9
7,493.9
2,494.7
3,495.5
1,495.8
5,499.9
4,502.6
1,503.0
3,503.3
7,503.6
5,508.3
0,509.7
1,509.9
4,510.7
3,513.7
7,517.0
1,517.2
5,517.4
4,518.3
3,523.0
2,524.0
1,524.8
7,526.2
4,528.5
5,529.2
0,530.1
3,532.2
1,533.7
2,536.5
7,538.6
4,540.1
5,540.1
3,542.3
1,546.9
7,548.0
3,549.9
4,549.9
5,552.4
2,552.5
7,556.4
3,556.7
4,559.5
0,560.6
5,563.0
1,563.1
3,564.0
2,568.7
7,569.1
4,569.6
3,571.4
3,579.3
5,580.4
2,581.7
4,582.3
7,584.2
3,588.5
1,588.9
5,593.2
0,594.0
4,594.0
7,601.5
1,603.0
4,603.1
3,603.8
5,604.1
2,604.5
4,610.3
0,610.6
1,610.8
3,611.4
5,611.5
2,617.0
4,617.2
7,617.2
1,617.7
3,618.1
5,618.3
0,621.0
1,624.1
4,624.5
3,624.7
5,625.3
7,629.6
1,630.7
3,632.4
5,633.8
0,635.3
2,635.4
4,635.6
1,637.0
3,640.2
5,642.1
7,643.2
1,643.3
2,645.2
4,645.7
0,646.9
3,647.6
5,649.0
1,649.6
4,653.7
3,654.7
5,655.4
2,655.6
1,656.2
0,657.8
4,661.4
5,662.0
1,663.1
3,663.1
0,667.4
5,669.3
4,669.7
1,671.2
3,674.3
2,674.6
5,676.8
7,678.4
4,678.6
1,679.0
3,684.2
5,686.4
0,686.8
1,687.0
4,689.1
3,692.0
2,692.7
1,694.9
0,699.2
3,700.0
7,702.4
4,703.1
5,703.4
1,704.3
3,706.9
2,710.2
5,712.5
4,713.2
1,713.8
3,714.0
0,718.1
7,720.7
3,721.1
1,722.5
2,723.3
5,724.1
4,724.8
3,728.2
7,729.0
1,731.5
3,735.6
7,736.9
2,737.5
5,738.8
1,739.9
4,742.2
7,744.8
3,745.0
1,747.4
2,748.1
5,750.1
7,752.8
3,754.7
1,755.7
2,760.2
7,761.2
4,765.6
5,765.8
3,767.5
0,768.6
1,768.8
7,773.5
5,774.7
1,777.2
2,778.6
4,780.5
0,781.6
5,782.0
3,782.4
1,784.1
7,786.2
5,788.8
2,788.9
3,789.9
0,790.5
1,790.7
4,792.0
7,795.6
5,795.8
1,797.1
3,797.3
0,800.3
4,800.6
2,801.8
5,803.2
1,803.4
3,804.3
7,804.4
4,809.2
1,809.9
5,810.7
3,811.4
0,812.8
7,815.7
1,816.4
2,816.8
5,817.5
4,817.5
3,820.2
1,823.3
5,823.9
4,825.4
1,830.0
5,830.1
3,831.4
4,833.2
7,833.8
5,836.2
1,836.5
2,839.3
3,841.4
5,842.2
1,842.9
4,843.2
0,844.3
7,845.7
5,848.4
1,849.4
3,849.5
2,851.4
4,851.7
5,854.5
1,855.8
3,856.8
7,857.5
0,858.0
4,859.3
5,860.7
1,862.3
3,863.7
2,863.8
5,866.9
7,867.1
4,867.7
1,869.3
3,870.6
2,872.7
5,873.2
4,877.0
3,877.4
1,878.4
5,879.6
2,884.0
3,884.2
7,886.1
5,886.3
4,887.1
0,887.6
1,890.8
3,891.3
5,893.5
7,896.4
4,898.2
0,899.5
1,899.9
3,900.3
5,901.9
2,904.4
7,904.9
1,907.8
3,908.2
4,909.9
7,912.6
5,913.0
1,914.9
0,915.4
3,915.5
2,918.6
5,920.6
7,920.7
4,921.0
1,921.6
3,922.5
1,927.8
5,928.0
0,929.9
3,930.0
2,930.9
7,931.1
1,933.9
5,934.9
3,937.3
4,939.6
1,940.1
5,941.6
0,941.8
2,944.1
3,944.5
1,946.4
5,948.1
0,951.7
3,952.3
1,952.5
5,954.9
7,955.2
4,956.7
1,958.7
2,959.6
5,962.7
3,963.1
1,965.6
2,971.0
3,971.8
5,972.8
1,973.3
7,974.0
3,981.8
1,982.2
5,982.4
2,984.3
7,987.0
0,991.1
3,991.1
5,991.8
1,992.1
1,1000.3
7,1001.8
3,1003.7
5,1003.9
4,1006.0
1,1007.8
2,1009.4
0,1011.0
7,1014.7
1,1016.3
5,1016.3
3,1018.5
4,1020.6
5,1024.0
2,1025.7
1,1026.9
3,1027.1
4,1029.2
0,1030.8
5,1031.2
3,1034.3
2,1036.2
4,1037.1
1,1037.4
5,1037.9
7,1038.7
3,1041.1
4,1044.3
5,1044.4
2,1046.4
1,1048.0
3,1048.6
0,1050.3
5,1051.4
4,1052.7
7,1054.5
5,1059.4
3,1060.4
2,1065.6
1,1065.7
4,1065.8
5,1067.2
6,1069.1
6,1074.5
5,1074.5
4,1078.5
7,1079.7
3,1079.7
6,1080.1
5,1081.4
1,1082.3
0,1083.2
2,1086.3
5,1087.9
4,1088.2
3,1088.7
1,1093.7
5,1094.0
3,1097.3
4,1098.2
7,1099.2
0,1099.6
5,1100.3
1,1101.7
2,1102.1
3,1105.8
5,1106.6
7,1108.2
0,1108.8
1,1109.0
4,1111.8
3,1113.2
5,1113.2
2,1115.9
7,1116.0
1,1116.5
0,1120.1
5,1120.4
3,1120.5
4,1123.3
7,1124.7
1,1125.2
3,1128.3
5,1129.9
7,1134.4
1,1134.8
4,1135.6
3,1140.8
1,1147.2
6,1147.2
5,1147.6
4,1149.0
0,1150.0
6,1152.4
2,1155.5
1,1156.3
5,1157.2
6,1157.7
4,1158.5
7,1161.0
3,1162.2
1,1163.3
5,1165.0
2,1165.6
0,1169.3
1,1170.1
4,1171.0
5,1172.3
3,1172.3
1,1177.1
7,1177.4
2,1178.2
5,1179.4
3,1181.1
4,1182.0
0,1182.8
1,1183.6
5,1186.5
3,1188.5
2,1189.4
1,1189.6
0,1192.0
4,1192.8
7,1194.0
5,1195.1
1,1195.6
3,1195.6
1,1201.6
3,1202.2
7,1203.9
0,1205.1
5,1205.3
2,1207.3
1,1207.9
3,1208.7
4,1211.5
7,1212.4
5,1213.1
1,1214.4
3,1215.4
7,1220.8
1,1220.9
0,1221.3
5,1221.7
3,1222.7
4,1223.2
1,1227.4
2,1228.4
5,1230.2
3,1231.2
7,1232.2
4,1232.3
0,1232.8
1,1234.1
1,1241.0
5,1241.0
4,1241.8
0,1242.8
1,1248.4
3,1249.3
5,1250.9
2,1253.2
0,1256.0
1,1256.9
7,1257.7
5,1260.7
3,1260.8
4,1261.3
7,1266.0
1,1266.1
3,1269.4
2,1269.6
5,1271.6
0,1273.6
7,1274.4
1,1277.0
3,1278.0
2,1279.9
5,1280.6
7,1284.2
3,1286.5
4,1286.8
1,1287.7
5,1292.6
7,1293.0
3,1295.1
2,1296.5
1,1299.0
7,1303.5
5,1305.0
3,1305.4
4,1309.6
1,1309.6
7,1311.7
0,1312.8
3,1313.0
5,1313.1
2,1317.3
1,1318.1
7,1319.5
3,1319.6
5,1320.7
1,1324.9
0,1325.6
3,1326.0
7,1328.4
5,1331.1
1,1331.2
4,1332.1
3,1332.6
2,1335.0
0,1335.6
1,1337.6
3,1340.4
5,1340.4
1,1344.3
2,1346.6
5,1348.7
4,1349.8
0,1350.8
1,1351.0
3,1351.9
7,1352.2
1,1357.4
5,1358.1
7,1362.0
2,1362.3
1,1363.7
3,1366.8
5,1368.1
0,1369.0
4,1369.7
1,1370.0
7,1370.0
2,1373.2
3,1375.5
1,1376.4
5,1377.0
7,1377.8
4,1381.4
1,1383.0
3,1383.6
2,1385.0
7,1385.3
5,1386.4
1,1390.1
3,1392.0
4,1392.1
7,1393.2
5,1395.8
0,1397.4
1,1397.6
2,1397.8
3,1399.6
7,1400.5
5,1403.7
1,1404.9
3,1406.7
4,1407.0
2,1407.0
7,1407.8
5,1411.3
1,1412.1
3,1414.4
0,1415.9
7,1416.6
5,1418.7
1,1419.2
4,1419.4
3,1424.0
7,1425.3
1,1426.3
0,1427.5
5,1427.9
2,1431.7
1,1433.1
3,1434.7
4,1435.4
7,1436.9
0,1437.2
1,1439.9
5,1441.7
3,1444.3
1,1446.8
2,1447.3
0,1448.0
4,1448.2
7,1448.6
5,1448.8
3,1451.9
1,1453.6
5,1455.0
2,1456.9
7,1458.4
3,1458.8
0,1459.5
4,1459.8
1,1460.7
5,1461.2
3,1466.1
2,1467.0
5,1467.4
1,1469.4
7,1469.7
0,1473.5
5,1473.8
3,1476.2
1,1477.0
5,1480.3
4,1481.4
2,1482.8
3,1483.9
1,1484.8
7,1485.1
5,1487.0
3,1490.7
4,1492.3
0,1492.8
1,1493.8
7,1493.9
5,1494.4
3,1497.3
2,1499.8
5,1501.8
7,1502.5
1,1503.2
3,1503.5
4,1504.5
0,1504.7
5,1509.1
3,1509.7
7,1511.1
1,1515.5
3,1516.0
5,1516.9
3,1522.8
7,1524.4
5,1524.8
4,1525.0
2,1525.6
3,1530.6
5,1531.9
1,1534.5
0,1536.9
7,1539.0
5,1539.2
3,1540.0
4,1542.2
1,1544.6
5,1547.7
7,1548.3
2,1548.8
3,1550.3
1,1554.6
5,1556.7
7,1558.3
3,1558.6
4,1559.0
2,1561.5
1,1564.8
5,1565.4
3,1566.9
0,1567.4
4,1570.7
7,1571.4
1,1574.7
3,1575.7
5,1576.6
2,1579.6
4,1582.6
3,1585.2
5,1585.3
7,1588.3
5,1593.3
3,1596.6
1,1597.7
4,1600.4
5,1602.1
7,1603.0
3,1604.8
1,1609.6
5,1609.8
3,1612.2
2,1612.5
7,1613.1
4,1617.9
0,1618.2
5,1618.4
1,1618.6
3,1619.4
7,1623.1
3,1628.4
1,1628.4
5,1628.6
2,1633.0
4,1635.6
0,1635.7
5,1636.4
1,1637.0
3,1637.1
5,1643.8
1,1645.4
3,1646.0
0,1649.5
7,1650.9
5,1652.4
1,1652.5
3,1654.9
2,1656.0
4,1656.7
1,1659.1
7,1660.1
5,1661.7
3,1664.0
1,1665.5
0,1666.3
4,1668.0
7,1669.0
3,1671.6
5,1671.7
1,1672.2
2,1673.4
7,1677.7
3,1678.4
1,1679.6
4,1680.3
5,1681.0
3,1684.9
2,1685.6
7,1687.2
1,1687.7
5,1690.5
3,1691.9
4,1695.3
7,1697.9
1,1699.1
5,1699.9
3,1700.6
2,1702.4
0,1703.7
1,1709.1
3,1712.0
5,1712.3
2,1715.2
4,1715.3
7,1715.8
1,1719.4
5,1719.6
3,1720.5
0,1723.3
4,1724.3
2,1725.5
7,1725.6
5,1726.2
1,1726.9
3,1727.5
4,1732.5
5,1732.5
0,1732.8
1,1733.5
3,1734.1
7,1735.5
2,1736.0
5,1738.7
1,1740.1
4,1740.8
3,1740.9
0,1741.5
5,1744.8
1,1746.8
3,1747.7
7,1749.7
4,1749.8
5,1751.4
2,1753.4
0,1754.2
3,1754.3
1,1754.3
5,1758.9
3,1760.8
7,1761.6
1,1762.2
2,1764.1
5,1766.7
4,1767.4
3,1767.5
1,1771.5
0,1772.3
5,1773.7
3,1775.3
7,1779.0
1,1779.5
5,1781.1
4,1781.1
2,1785.2
3,1785.5
1,1787.1
0,1788.7
7,1790.3
5,1791.5
3,1794.1
1,1794.8
4,1798.2
1,1802.8
5,1803.4
3,1803.4
0,1805.1
7,1805.6
6,1808.6
1,1812.7
5,1814.1
6,1814.1
3,1814.6
4,1814.9
7,1817.7
2,1818.0
6,1819.9
5,1824.7
3,1824.9
6,1825.7
4,1827.2
7,1827.9
1,1830.2
2,1831.0
6,1831.6
5,1833.0
3,1834.1
7,1837.0
6,1837.6
5,1842.1
4,1842.1
3,1842.7
6,1844.4
7,1845.8
1,1847.2
2,1847.5
3,1849.9
6,1851.7
5,1854.0
4,1854.3
7,1856.1
3,1856.9
6,1859.2
3,1863.8
5,1865.9
1,1866.4
0,1867.8
7,1868.0
6,1868.1
3,1871.6
5,1877.3
7,1879.9
3,1881.9
1,1887.6
6,1895.3
5,1895.9
3,1897.3
7,1897.4
1,1900.5
0,1900.9
6,1905.4
4,1905.8
2,1907.2
5,1907.9
7,1909.2
3,1910.3
1,1910.4
6,1914.6
2,1915.6
0,1915.6
5,1916.5
3,1917.7
7,1918.1
1,1918.1
6,1922.2
2,1923.7
5,1923.9
3,1924.0
1,1924.8
7,1925.7
0,1925.7
4,1926.7
6,1929.0
3,1930.2
5,1930.7
1,1931.2
7,1932.8
2,1933.0
6,1935.8
0,1936.1
3,1936.3
4,1936.7
5,1937.3
1,1937.8
7,1940.5
6,1942.3
3,1942.6
2,1943.2
5,1943.6
1,1944.6
0,1948.7
6,1948.7
3,1949.4
5,1949.9
1,1951.8
7,1953.5
6,1955.1
4,1955.7
5,1956.3
1,1959.4
3,1959.7
0,1960.8
6,1961.7
5,1963.5
6,1968.2
1,1969.7
5,1972.2
4,1973.2
6,1974.9
3,1977.3
7,1977.8
1,1979.7
0,1980.0
6,1982.1
2,1984.5
5,1984.8
4,1985.0
3,1985.8
7,1988.1
1,1989.2
6,1989.9
0,1992.5
3,1993.5
2,1994.8
5,1996.1
7,1997.1
1,1997.6
6,1999.4
3,2002.7
4,2002.8
1,2005.2
5,2005.2
2,2007.0
6,2007.6
0,2008.3
7,2010.1
3,2011.0
1,2013.8
6,2015.8
5,2016.3
3,2019.0
4,2021.4
7,2022.2
6,2024.2
5,2025.0
2,2028.1
1,2028.9
0,2030.6
3,2030.7
5,2032.5
6,2032.7
4,2037.9
1,2038.9
5,2040.2
6,2040.7
2,2041.0
3,2041.8
7,2045.3
6,2048.8
5,2048.9
1,2049.0
4,2049.3
6,2056.1
5,2056.3
1,2056.5
4,2058.3
7,2060.0
0,2060.2
3,2060.4
6,2062.7
5,2062.7
1,2063.1
2,2064.7
4,2066.3
6,2068.8
5,2068.9
1,2069.4
7,2071.2
4,2074.6
6,2074.9
5,2075.1
0,2075.3
1,2075.6
3,2077.6
2,2078.8
6,2080.7
5,2081.2
1,2081.8
7,2082.8
4,2083.5
0,2086.4
6,2086.5
5,2087.1
1,2087.8
3,2088.5
2,2090.5
4,2091.2
1,2093.7
7,2094.1
3,2095.9
0,2096.2
4,2098.4
1,2099.5
2,2101.7
3,2102.6
1,2105.1
0,2105.7
7,2106.4
4,2106.9
3,2109.2
1,2110.5
2,2112.2
4,2115.6
3,2116.1
7,2117.6
1,2121.1
2,2122.0
3,2123.0
4,2123.9
0,2124.8
1,2126.3
7,2128.3
3,2129.7
2,2130.1
1,2131.6
4,2133.8
3,2136.9
1,2136.9
2,2139.5
0,2142.0
1,2142.4
4,2145.3
3,2145.8
1,2147.9
0,2153.3
7,2154.1
2,2155.5
4,2156.2
0,2163.3
4,2167.2
5,2169.2
3,2172.8
5,2174.8
0,2175.0
4,2177.1
5,2181.2
7,2184.4
1,2188.0
4,2188.3
5,2189.1
6,2189.7
1,2193.6
0,2194.4
3,2194.7
2,2194.9
6,2194.9
4,2196.6
5,2197.0
1,2199.3
6,2200.4
7,2200.4
0,2203.6
4,2204.1
1,2205.0
6,2205.9
5,2205.9
3,2206.1
2,2206.9
1,2210.7
6,2211.2
4,2212.0
7,2213.0
0,2213.2
5,2214.2
3,2214.7
1,2216.2
4,2219.8
7,2220.4
3,2222.4
5,2222.4
2,2225.3
7,2227.3
0,2227.8
4,2228.4
3,2229.3
5,2231.9
3,2235.9
7,2236.2
2,2238.4
5,2240.3
4,2240.7
3,2242.6
0,2243.1
5,2247.6
3,2249.1
2,2249.4
7,2250.3
0,2254.0
5,2254.3
3,2255.4
4,2255.5
7,2259.4
5,2260.5
2,2260.9
3,2261.5
5,2266.5
3,2267.5
7,2267.7
0,2270.8
4,2271.3
2,2271.5
5,2272.5
3,2273.5
7,2277.0
5,2278.4
3,2279.7
5,2284.1
0,2287.0
3,2287.1
4,2288.6
5,2289.7
2,2291.7
7,2291.9
5,2295.3
4,2297.6
0,2299.9
3,2300.5
5,2301.2
4,2306.8
5,2307.4
7,2311.4
5,2314.6
0,2314.7
3,2314.9
4,2315.9
5,2324.0
3,2324.7
7,2325.7
4,2325.9
0,2332.9
5,2334.1
3,2336.1
7,2336.9
4,2337.2
2,2339.5
5,2342.5
3,2344.8
7,2349.3
4,2349.4
0,2350.8
5,2351.7
3,2353.1
2,2354.9
7,2359.4
3,2360.8
4,2365.3
5,2365.9
2,2367.0
3,2367.2
7,2368.9
3,2373.3
4,2374.9
5,2376.6
2,2376.9
1,2378.5
3,2379.3
7,2380.8
1,2383.8
3,2385.4
2,2387.4
1,2389.0
3,2391.4
1,2394.5
4,2395.5
5,2395.8
3,2397.5
1,2400.4
2,2400.6
3,2403.8
7,2404.8
1,2406.5
5,2407.4
3,2410.7
4,2412.2
1,2413.2
7,2418.2
5,2418.6
1,2419.9
3,2421.2
4,2425.6
7,2426.5
1,2426.8
5,2428.4
3,2429.1
1,2433.8
0,2434.6
7,2435.0
4,2435.4
3,2437.0
2,2438.2
5,2438.8
1,2440.2
7,2444.2
4,2445.4
1,2446.5
0,2446.6
3,2447.2
5,2451.2
1,2453.0
2,2456.5
0,2459.0
1,2459.9
4,2462.8
7,2466.3
3,2466.5
1,2467.1
5,2468.0
6,2470.3
4,2471.0
1,2474.2
0,2475.2
6,2476.0
4,2477.9
3,2480.3
7,2480.8
1,2481.8
6,2481.9
2,2483.1
4,2485.1
6,2487.8
5,2489.2
1,2490.6
3,2490.7
4,2493.4
6,2493.5
7,2493.5
0,2495.2
1,2498.6
6,2499.3
5,2500.5
3,2502.7
6,2505.0
4,2505.6
1,2508.0
5,2510.7
6,2510.9
3,2513.4
7,2513.7
2,2516.0
6,2516.7
1,2517.9
5,2520.1
3,2521.8
0,2523.8
7,2524.5
4,2525.5
1,2526.0
5,2528.5
3,2528.6
2,2532.3
1,2533.4
7,2534.3
4,2535.0
3,2535.2
5,2535.8
1,2540.6
3,2541.7
2,2541.9
5,2542.8
7,2547.1
4,2547.2
1,2547.7
0,2548.0
3,2548.3
5,2549.8
1,2555.3
3,2555.5
5,2557.2
4,2558.0
7,2559.5
2,2559.6
0,2562.8
1,2564.7
3,2564.7
5,2565.2
4,2569.1
7,2571.1
1,2575.1
3,2575.6
0,2575.9
5,2576.9
4,2585.0
7,2589.9
1,2590.1
5,2591.3
3,2593.3
1,2601.4
5,2602.9
7,2604.2
3,2608.4
1,2610.4
6,2611.0
5,2613.9
7,2614.0
6,2616.6
3,2617.8
2,2618.6
6,2622.4
7,2622.6
1,2623.2
3,2625.7
5,2627.6
4,2627.6
6,2628.3
0,2630.2
7,2630.9
6,2634.0
1,2634.3
3,2634.5
2,2635.1
5,2636.4
7,2638.1
4,2638.2
3,2641.6
1,2642.8
5,2645.2
7,2645.2
4,2648.3
3,2648.3
2,2648.6
0,2649.2
1,2650.7
7,2653.1
5,2653.5
3,2656.1
4,2658.3
1,2659.4
0,2661.4
5,2662.8
7,2663.5
2,2665.4
3,2666.5
4,2667.0
1,2669.2
5,2671.2
3,2674.3
7,2674.5
2,2676.1
4,2676.8
5,2678.1
0,2679.9
1,2680.6
3,2681.2
2,2684.7
5,2684.8
7,2685.4
3,2688.5
5,2691.6
1,2692.5
2,2693.9
4,2696.9
7,2698.3
3,2698.4
5,2698.9
1,2702.7
2,2705.4
5,2707.3
7,2707.5
3,2707.9
0,2709.0
4,2709.6
1,2711.2
2,2714.4
3,2715.0
5,2715.0
7,2716.7
1,2718.4
4,2720.6
3,2721.4
5,2721.6
2,2722.3
1,2725.1
7,2727.3
3,2727.6
5,2727.8
2,2730.0
1,2731.4
0,2732.7
3,2733.8
5,2733.9
4,2735.0
1,2738.2
2,2738.4
3,2740.0
5,2740.0
7,2742.6
1,2745.4
4,2745.7
3,2746.3
5,2746.4
0,2748.1
2,2751.9
1,2752.4
5,2752.7
4,2753.9
3,2753.9
7,2755.8
0,2758.8
5,2758.9
1,2759.4
4,2761.3
5,2765.1
3,2765.5
7,2766.3
1,2766.4
4,2769.0
0,2770.5
2,2770.9
5,2771.7
1,2774.5
3,2774.5
4,2778.1
5,2778.5
7,2780.9
1,2782.1
0,2783.6
3,2784.9
5,2785.7
1,2789.4
4,2789.8
7,2790.2
2,2790.3
5,2793.0
3,2793.5
0,2794.2
1,2797.0
7,2800.3
5,2800.5
3,2805.4
1,2806.2
2,2806.9
4,2807.2
5,2809.0
0,2811.0
7,2811.6
3,2814.5
1,2814.9
2,2819.6
7,2821.2
1,2822.2
3,2823.4
4,2824.5
0,2828.1
1,2829.1
7,2831.3
5,2832.5
3,2832.8
1,2836.7
1,2844.5
3,2845.3
7,2846.1
0,2846.2
5,2846.6
1,2852.7
2,2856.2
3,2857.3
5,2858.5
0,2861.4
1,2861.5
4,2866.9
2,2868.9
3,2870.7
1,2871.4
7,2871.7
5,2879.4
1,2882.4
3,2882.5
0,2883.6
4,2884.6
2,2887.3
7,2887.4
1,2890.5
3,2894.5
5,2897.3
1,2898.4
7,2898.7
0,2900.8
3,2903.1
2,2903.3
1,2907.8
5,2911.7
3,2912.9
1,2915.9
4,2916.6
7,2917.4
2,2917.9
0,2919.5
5,2922.0
1,2922.8
3,2925.0
1,2929.9
5,2930.8
4,2932.9
2,2936.4
0,2936.9
1,2938.1
3,2938.9
5,2939.0
4,2942.6
5,2946.9
1,2950.6
4,2952.2
3,2954.1
5,2954.3
2,2956.0
1,2959.5
0,2960.2
5,2961.5
7,2964.1
3,2965.1
1,2968.6
5,2970.0
3,2976.2
7,2978.4
0,2982.5
4,2983.8
1,2984.0
7,2989.4
3,2991.3
6,2993.2
1,2996.9
5,2997.7
6,2998.4
2,2998.9
