0,4.7
57,4.7
24,4.7
56,4.7
25,4.7
26,4.7
6,4.7
27,4.7
28,4.7
29,4.7
30,4.7
55,4.7
32,4.7
33,4.7
5,4.7
54,4.7
23,4.7
49,4.7
22,4.7
21,4.7
10,4.7
11,4.7
59,4.7
12,4.7
8,4.7
13,4.7
14,4.7
34,4.7
15,4.7
16,4.7
17,4.7
18,4.7
19,4.7
7,4.7
20,4.7
60,4.7
58,4.7
61,4.7
31,4.7
9,4.7
50,4.7
41,4.7
40,4.7
62,4.7
51,4.7
39,4.7
3,4.7
1,4.7
43,4.7
44,4.7
45,4.7
46,4.7
38,4.7
42,4.7
4,4.7
47,4.7
37,4.7
48,4.7
52,4.7
36,4.7
35,4.7
53,4.7
2,4.7
10,13.8
36,13.9
55,14.0
30,14.1
11,14.2
8,14.2
22,14.2
27,14.2
60,14.2
26,14.2
38,14.3
34,14.3
9,14.4
50,14.4
15,14.4
37,14.4
47,14.4
42,14.4
2,14.4
62,14.4
25,14.5
48,14.5
46,14.5
3,14.5
31,14.6
33,14.6
53,14.6
17,14.6
41,14.6
13,14.6
16,14.7
21,14.7
57,14.7
0,14.7
49,14.8
1,14.8
44,14.8
52,14.8
7,14.8
20,14.8
59,14.8
4,14.9
56,14.9
61,14.9
18,14.9
45,14.9
35,14.9
23,14.9
5,15.0
14,15.0
6,15.0
28,15.1
54,15.1
43,15.1
32,15.2
24,15.2
51,15.2
19,15.2
40,15.2
39,15.3
29,15.5
12,15.6
58,15.6
55,24.9
10,25.1
36,25.3
42,25.6
22,25.9
11,25.9
30,26.1
60,26.1
15,26.2
37,26.2
8,26.3
62,26.3
9,26.4
26,26.4
27,26.5
57,26.6
2,26.6
34,26.7
38,26.8
50,26.8
46,27.0
41,27.2
16,27.3
48,27.3
3,27.3
20,27.4
13,27.4
7,27.4
21,27.5
31,27.5
59,27.6
47,27.6
17,27.7
0,27.7
25,27.8
53,27.8
44,27.8
23,27.9
33,27.9
18,27.9
6,28.0
52,28.1
4,28.2
43,28.2
61,28.2
1,28.6
14,28.6
49,28.8
35,29.0
5,29.0
40,29.0
19,29.1
24,29.2
29,29.4
54,29.4
28,29.6
56,29.6
58,29.8
39,29.8
45,30.0
12,30.1
32,30.2
51,30.6
55,40.3
11,41.4
10,41.4
42,42.9
9,44.1
57,44.1
7,44.2
30,44.6
37,44.6
48,45.0
50,45.2
22,45.6
2,45.7
14,45.9
36,45.9
6,46.2
60,47.1
15,47.6
8,47.7
27,47.8
59,49.1
62,49.7
41,50.6
54,50.9
13,51.0
24,51.5
25,52.1
49,52.2
21,53.0
16,53.3
23,54.3
4,54.4
31,54.6
44,54.7
40,56.0
3,56.1
52,56.8
34,57.4
43,57.9
29,58.8
20,58.9
58,59.9
53,59.9
18,60.1
0,60.5
32,60.6
33,61.1
46,61.2
17,63.6
38,64.0
7,68.9
12,69.7
8,77.5
50,77.8
6,83.2
32,92.7
58,104.5
6,106.1
57,114.4
32,121.9
12,125.9
57,127.7
58,134.5
12,141.0
57,145.7
59,149.0
58,153.4
9,153.5
55,160.2
59,161.1
5,163.3
9,165.9
15,169.5
55,172.0
5,174.9
59,177.1
9,179.8
15,181.4
6,182.9
7,183.3
24,185.2
11,185.3
55,186.3
8,187.9
14,187.9
5,187.9
42,191.0
15,194.2
6,194.9
7,195.5
32,196.5
24,196.7
11,197.4
59,198.4
36,198.9
49,199.2
8,199.4
14,199.7
4,200.5
9,200.5
40,200.6
42,202.6
13,204.3
34,205.2
55,206.9
10,208.7
32,208.7
5,209.6
36,210.7
7,211.0
6,211.9
4,212.0
49,212.3
40,212.3
24,212.4
11,212.8
14,213.3
8,214.0
42,216.1
13,216.2
31,217.4
34,217.7
10,221.3
52,222.1
57,223.1
36,224.2
15,224.2
32,224.3
4,225.6
40,225.9
49,228.1
31,228.9
13,229.9
37,232.2
34,232.3
14,232.5
59,232.9
7,233.4
52,233.9
57,234.6
10,236.6
55,236.7
24,236.8
54,239.5
11,240.3
8,240.4
6,240.9
31,241.8
36,243.0
42,243.3
37,243.7
15,243.7
40,244.8
57,247.1
32,247.4
52,248.1
41,249.4
33,250.0
0,251.1
54,251.6
34,252.1
19,253.7
13,253.9
59,254.8
37,256.8
14,257.3
51,257.8
6,258.6
31,258.8
4,259.0
48,260.1
50,260.2
17,260.7
58,261.0
41,261.2
33,261.6
60,261.7
0,262.6
8,264.5
24,265.2
54,265.6
19,265.7
2,266.3
57,266.4
36,267.0
55,267.7
15,269.1
51,269.5
50,271.1
48,271.3
17,271.6
58,272.8
34,273.0
60,273.0
59,274.2
41,274.4
33,275.1
13,275.5
0,275.9
39,277.1
31,277.5
23,277.7
2,277.9
4,278.1
52,278.3
6,278.7
19,280.3
37,280.4
24,281.3
32,282.3
51,283.0
28,283.1
5,283.4
54,283.7
50,283.8
9,285.7
17,285.8
48,286.3
58,286.9
60,287.3
39,288.5
55,288.9
23,289.5
8,290.6
2,292.2
18,293.1
28,295.3
5,295.6
41,295.8
57,295.9
29,296.5
59,298.2
33,298.3
9,298.3
42,300.3
50,300.4
39,302.2
23,303.2
0,304.8
18,305.3
36,307.7
29,308.6
31,310.4
5,311.1
55,311.5
28,312.0
16,312.9
42,314.3
9,315.0
58,315.9
18,320.5
29,323.5
8,323.7
57,323.7
16,324.7
31,334.2
42,335.1
16,339.4
23,339.8
9,339.8
7,341.0
36,341.1
58,342.4
6,346.8
29,347.1
8,353.0
24,353.4
7,353.6
57,354.7
50,357.0
18,357.1
6,358.6
42,359.1
23,360.8
54,361.8
4,362.0
12,365.0
14,365.5
24,365.6
5,366.1
7,368.2
50,368.8
57,369.7
36,371.7
8,372.0
6,372.0
29,372.7
51,372.9
4,372.9
54,374.4
12,376.2
14,377.2
5,377.9
24,380.9
33,381.5
59,381.9
50,383.5
51,384.8
15,385.0
23,385.6
4,386.4
34,386.5
11,386.8
32,388.5
7,389.3
12,389.8
54,389.9
36,390.0
28,390.1
6,390.4
14,390.6
5,390.9
8,392.0
33,393.8
0,393.8
59,394.0
13,395.0
57,395.1
60,395.9
15,396.9
22,398.1
51,398.4
34,398.9
11,399.3
21,399.5
32,401.6
28,403.2
0,406.5
60,407.4
13,407.4
59,409.3
22,410.5
24,410.7
15,411.2
4,411.6
21,411.7
33,412.4
11,415.8
34,416.4
40,420.2
51,421.1
60,421.2
57,422.2
0,422.3
2,423.0
32,423.6
5,424.4
28,424.5
22,425.6
13,425.8
21,426.1
19,428.5
50,429.9
42,430.7
59,431.2
24,431.4
40,432.0
15,432.3
26,434.0
39,434.5
2,434.8
44,435.5
9,435.6
29,437.4
31,440.1
19,440.2
42,442.1
50,443.7
34,444.9
39,446.2
40,446.6
5,446.8
26,447.0
9,447.2
44,447.4
29,449.6
13,450.0
24,450.1
57,450.3
2,450.5
31,451.8
19,454.9
32,456.1
42,456.8
59,459.2
9,460.6
39,461.6
44,462.0
50,463.4
26,463.7
31,465.0
29,466.5
8,466.7
36,467.1
41,470.3
34,472.4
57,473.4
37,473.4
40,474.6
19,478.1
36,479.4
8,479.8
32,481.5
41,482.0
39,482.1
59,484.8
37,485.2
55,486.4
18,487.3
60,492.1
31,493.2
36,494.2
58,495.2
41,496.2
39,496.3
55,497.0
34,497.2
18,498.6
37,499.1
19,499.1
54,499.3
52,500.3
8,500.4
40,501.0
57,502.0
32,503.8
27,503.9
59,504.7
60,504.9
13,506.3
58,507.2
14,508.0
55,508.8
31,510.6
52,511.4
54,511.7
18,513.1
4,514.3
53,514.6
27,515.7
39,518.4
34,519.5
14,520.2
13,521.7
60,521.9
9,522.0
8,522.1
5,522.6
58,523.0
24,523.1
4,525.5
0,525.9
57,526.1
53,526.5
52,526.5
42,528.5
55,528.5
23,529.7
27,529.8
37,531.6
54,531.8
24,533.8
45,534.4
5,534.6
9,534.9
6,535.3
15,535.5
14,537.1
0,538.0
13,539.8
4,540.3
42,540.9
23,541.7
43,541.9
53,543.2
57,545.9
45,546.4
6,547.2
15,547.6
9,548.4
24,549.3
58,550.6
5,551.6
0,553.0
43,553.3
37,554.5
8,555.1
42,556.1
23,556.8
2,557.4
59,557.8
54,558.9
6,563.2
15,563.5
16,563.6
45,564.7
18,566.6
55,566.7
19,566.8
58,567.2
43,568.7
2,570.2
59,570.6
36,571.1
57,572.4
41,573.8
16,574.8
39,575.7
19,577.6
18,580.5
36,584.3
55,584.4
15,584.6
2,586.6
41,587.4
37,587.8
16,589.8
43,590.4
39,590.9
19,593.5
59,594.0
8,594.0
36,601.9
41,605.3
8,608.0
57,608.6
4,615.7
18,616.0
33,616.5
37,617.9
32,618.5
31,619.1
24,619.3
50,620.2
51,621.9
16,622.1
6,623.6
57,623.6
52,623.7
34,624.0
5,626.3
9,626.4
8,626.7
4,626.9
33,626.9
14,627.1
48,628.0
31,628.4
27,629.0
24,630.1
10,630.3
50,630.4
32,630.7
56,632.0
51,632.8
6,633.9
53,633.9
18,634.2
28,634.6
52,634.7
34,634.9
44,635.6
13,635.6
30,635.7
23,635.8
55,636.6
54,636.8
9,637.4
5,637.4
14,638.0
33,638.2
31,639.6
27,639.8
48,639.9
45,640.2
11,640.3
10,641.4
4,642.0
50,642.7
57,643.6
56,644.1
16,644.5
7,644.5
32,644.7
51,644.9
24,644.9
12,645.1
53,645.2
28,646.5
37,646.5
13,646.7
6,646.7
44,646.7
52,646.8
23,647.0
30,647.0
34,647.9
55,647.9
9,648.5
54,648.8
8,648.9
5,649.4
29,649.6
17,650.3
11,651.3
14,651.9
45,652.3
48,653.1
27,653.6
25,654.3
33,654.6
10,654.8
7,655.8
35,655.9
31,657.4
12,657.4
18,657.7
50,658.4
3,659.3
44,659.3
49,659.5
53,660.5
28,660.5
57,660.8
15,661.0
23,661.1
56,661.4
17,661.4
55,661.5
58,661.5
13,661.5
29,661.9
30,662.2
6,664.0
51,664.2
11,665.8
9,666.2
25,666.4
45,667.9
4,668.5
59,668.6
35,668.8
7,669.1
54,669.1
24,669.8
12,670.4
16,671.0
5,671.2
32,672.1
3,672.3
37,672.3
49,672.4
58,673.9
15,673.9
10,674.1
42,674.1
52,675.6
44,676.4
17,676.6
29,676.8
48,678.9
57,680.5
59,680.9
28,681.0
23,682.0
25,682.3
14,683.7
42,685.4
55,686.4
35,686.4
6,687.7
58,690.3
15,690.5
49,690.8
3,692.9
43,696.3
59,696.3
29,697.6
42,698.6
37,700.8
12,704.1
7,704.2
14,705.5
43,709.1
42,717.1
58,722.5
29,723.9
59,727.8
43,728.9
12,729.6
4,733.3
37,733.4
8,733.8
51,736.3
57,737.1
31,737.2
40,738.0
54,738.4
5,738.5
34,741.6
56,743.0
17,743.6
59,743.9
4,744.3
8,744.8
58,745.9
31,748.4
51,748.7
57,748.7
40,749.3
54,749.9
5,750.2
12,750.5
13,750.9
29,752.0
9,752.5
34,753.7
3,754.4
56,754.7
37,754.9
17,756.1
36,760.2
8,760.3
4,760.4
31,761.3
40,762.2
57,762.8
13,763.2
9,764.5
5,765.1
54,768.0
3,768.7
56,769.9
17,770.4
34,770.7
36,772.5
51,777.8
13,779.3
9,781.3
36,787.7
6,791.3
40,791.9
37,792.7
32,794.4
57,795.2
3,795.9
16,797.3
52,801.0
6,802.4
58,804.4
2,804.6
15,804.7
13,805.0
32,805.6
16,808.3
8,808.7
36,810.0
52,811.8
57,812.2
48,812.4
23,812.5
3,812.8
40,813.6
6,814.4
5,815.3
44,815.9
2,816.2
24,816.2
15,816.4
59,816.8
60,817.3
58,817.9
32,818.5
39,818.5
14,819.4
43,820.1
50,820.6
8,821.8
4,821.9
16,822.3
54,822.6
23,823.0
13,823.3
47,823.4
48,824.3
52,825.4
5,826.0
0,826.9
19,827.0
44,827.2
26,827.5
24,828.0
60,828.4
59,828.6
2,829.1
55,829.2
39,829.7
42,830.4
33,830.7
43,830.8
15,831.1
14,831.2
50,832.1
6,832.2
9,833.1
11,833.8
4,833.9
10,834.0
23,835.0
47,835.3
18,835.6
58,836.6
54,837.6
0,838.4
57,839.0
26,839.1
48,839.3
19,839.4
55,840.3
8,840.4
24,840.4
44,840.8
34,840.8
42,840.9
5,841.2
60,841.2
30,841.9
39,842.5
31,842.5
33,842.9
59,843.3
50,844.1
43,844.3
29,844.6
10,844.9
14,845.3
9,846.0
11,846.1
18,847.0
53,849.0
4,850.2
21,850.5
47,851.0
52,851.1
55,851.5
34,851.6
0,852.1
15,852.5
2,853.3
30,853.6
42,853.9
16,854.1
19,854.2
31,854.5
26,854.9
29,856.5
6,857.0
46,857.7
10,858.2
8,858.9
33,859.3
23,859.5
9,859.5
18,859.8
24,860.0
53,860.4
60,860.5
54,861.3
43,862.3
21,862.6
11,862.6
39,863.4
34,864.3
57,864.8
59,866.2
50,866.4
55,866.4
30,868.0
27,869.0
46,869.7
31,869.9
14,870.2
5,870.6
42,871.3
29,871.3
51,875.2
53,875.8
52,876.2
0,877.0
32,877.8
21,878.3
18,879.0
4,879.9
19,880.8
45,881.0
2,881.8
9,882.0
27,882.5
16,885.5
46,886.9
54,887.2
51,887.6
57,888.5
5,888.7
34,889.3
32,892.2
45,893.3
59,893.3
23,896.2
24,896.6
37,898.7
19,899.5
51,901.3
55,902.7
4,903.8
27,903.9
58,907.0
16,908.4
8,908.6
45,910.0
37,911.2
59,911.2
5,912.6
58,919.6
8,922.1
39,922.2
36,924.7
37,925.6
32,925.6
33,926.8
40,927.5
59,928.4
12,929.1
4,929.5
55,933.2
39,936.2
58,937.3
36,937.4
7,939.3
40,940.0
12,940.4
33,940.8
52,941.7
9,941.8
32,943.5
5,944.1
48,944.9
31,946.7
14,947.3
57,948.7
8,949.0
7,950.9
6,951.2
55,951.4
36,953.4
9,953.5
52,954.2
12,954.5
40,955.6
39,956.0
48,956.4
31,959.1
14,959.9
33,960.7
5,960.9
57,961.3
6,962.6
23,963.8
7,964.4
9,967.3
34,968.0
24,968.1
58,968.5
50,969.6
48,969.7
52,971.2
31,975.0
57,975.6
23,976.1
6,976.9
8,978.8
14,979.9
34,980.5
50,980.7
24,982.6
32,983.8
40,985.1
50,993.1
57,994.0
23,994.3
7,994.5
54,995.0
58,995.2
12,995.7
6,996.4
31,998.0
34,998.7
14,1004.8
54,1008.9
40,1017.1
54,1029.8
51,1032.0
5,1042.8
51,1043.0
8,1043.1
4,1043.3
6,1044.3
2,1046.2
24,1046.7
47,1048.2
40,1049.0
9,1050.7
54,1050.8
23,1052.8
34,1052.9
8,1053.2
53,1053.4
5,1053.7
4,1054.1
33,1054.3
15,1054.4
51,1054.8
17,1055.1
6,1055.4
42,1057.1
2,1057.1
57,1057.5
10,1058.3
24,1058.3
47,1059.0
60,1060.1
9,1062.2
45,1063.7
25,1064.2
44,1064.7
48,1064.7
5,1065.1
53,1065.1
34,1065.3
23,1065.3
8,1065.8
15,1066.0
33,1066.2
59,1066.4
4,1066.4
17,1066.5
40,1067.0
42,1067.9
13,1068.4
57,1069.7
10,1069.8
6,1070.0
2,1070.1
60,1071.6
47,1072.1
24,1072.5
54,1074.4
43,1074.5
26,1075.0
51,1075.0
49,1075.2
11,1075.6
9,1075.7
25,1075.8
1,1076.2
45,1076.2
44,1076.2
48,1077.2
59,1077.8
0,1078.6
5,1079.0
53,1079.2
15,1079.3
21,1079.6
17,1079.9
13,1079.9
34,1080.4
42,1080.7
33,1080.8
23,1081.8
12,1082.5
10,1083.2
57,1084.1
60,1084.7
4,1085.8
37,1085.9
43,1086.1
41,1086.4
55,1086.7
26,1087.2
11,1087.3
49,1087.4
30,1087.6
1,1088.4
44,1089.3
19,1089.7
0,1090.2
36,1090.4
59,1091.1
21,1091.2
25,1091.2
48,1094.1
20,1094.3
8,1094.3
12,1094.7
13,1094.8
45,1094.8
2,1095.2
37,1097.5
15,1097.7
55,1098.0
41,1098.2
30,1099.5
43,1100.5
42,1100.9
11,1101.3
19,1101.3
36,1102.1
1,1102.5
24,1103.0
49,1103.6
26,1104.2
0,1104.5
57,1104.8
20,1106.1
21,1106.3
10,1108.5
44,1109.0
7,1110.3
32,1110.4
37,1110.5
55,1110.6
60,1110.9
12,1111.0
41,1111.4
59,1112.0
8,1112.3
4,1112.9
50,1113.1
18,1113.3
6,1113.6
19,1113.9
30,1114.0
23,1115.4
36,1115.5
45,1115.7
2,1117.0
5,1117.0
27,1117.9
58,1118.4
25,1120.1
47,1120.5
1,1120.8
48,1121.1
20,1121.4
11,1122.0
32,1122.2
7,1122.2
15,1123.1
57,1123.4
50,1124.1
18,1125.0
52,1125.2
39,1126.8
24,1126.9
0,1127.2
54,1127.6
6,1127.7
31,1127.9
19,1128.0
10,1128.9
59,1129.5
27,1129.8
9,1129.9
58,1129.9
55,1130.5
5,1130.7
51,1130.8
26,1130.9
4,1131.1
37,1133.3
12,1133.3
41,1133.4
47,1134.6
32,1135.9
52,1136.8
23,1137.0
50,1137.2
7,1138.2
60,1138.7
39,1138.9
18,1139.0
31,1140.0
57,1140.6
54,1142.7
42,1143.4
30,1144.6
58,1144.7
9,1145.4
51,1146.7
2,1148.3
27,1148.4
6,1148.8
36,1149.8
5,1151.1
39,1155.4
52,1155.5
31,1156.6
42,1160.1
47,1162.0
2,1172.0
18,1174.0
31,1184.5
14,1184.8
8,1187.7
48,1189.9
52,1189.9
47,1192.7
34,1195.0
14,1195.8
51,1196.4
29,1196.5
50,1197.4
8,1199.5
31,1200.3
48,1201.7
54,1202.1
3,1202.1
13,1202.5
32,1203.0
5,1203.0
52,1203.8
4,1204.8
18,1205.4
34,1205.8
29,1208.0
14,1208.1
9,1208.9
50,1209.4
51,1209.5
33,1210.2
10,1210.6
24,1211.4
8,1212.7
13,1213.5
3,1213.6
47,1213.8
55,1213.9
5,1214.6
32,1215.2
54,1215.2
57,1215.8
48,1217.0
37,1217.3
4,1217.3
17,1217.4
44,1217.6
59,1218.0
6,1219.1
34,1219.2
31,1220.4
9,1220.7
29,1221.0
33,1221.9
10,1222.8
18,1223.9
50,1224.2
58,1224.3
24,1224.5
42,1224.7
40,1226.4
55,1226.5
57,1226.8
14,1227.0
28,1227.0
11,1227.3
15,1227.5
13,1228.2
3,1228.2
41,1228.5
59,1228.6
37,1228.8
17,1229.1
44,1229.5
51,1229.6
52,1230.0
6,1230.8
60,1231.7
5,1232.1
23,1232.4
53,1233.1
32,1233.3
19,1234.7
58,1236.4
4,1236.5
33,1236.6
54,1236.8
42,1237.6
9,1237.8
10,1238.0
40,1238.0
15,1239.3
28,1239.7
11,1240.2
41,1240.3
57,1240.4
59,1241.6
2,1242.0
0,1242.1
55,1242.8
37,1243.0
60,1243.7
24,1244.0
44,1244.1
17,1244.2
23,1244.7
53,1245.5
19,1247.1
6,1247.7
29,1248.7
58,1252.6
40,1253.8
0,1254.2
15,1254.6
2,1254.9
11,1255.4
42,1256.1
28,1256.2
41,1256.3
5,1257.4
23,1258.2
60,1260.1
32,1260.6
44,1262.9
19,1263.5
53,1264.1
55,1266.2
10,1267.2
7,1268.0
0,1270.1
59,1271.0
9,1271.1
2,1273.2
6,1274.2
40,1277.1
7,1280.1
15,1280.7
29,1280.8
41,1282.2
42,1285.2
59,1286.8
19,1287.2
58,1290.5
12,1295.7
7,1296.0
39,1297.6
9,1305.0
12,1307.5
57,1308.0
39,1310.2
59,1310.5
14,1313.6
32,1315.8
58,1316.2
29,1316.4
57,1319.7
13,1320.2
12,1320.3
31,1322.7
14,1325.2
39,1326.8
34,1328.3
32,1329.1
59,1329.8
36,1330.0
13,1331.8
57,1332.9
9,1334.0
31,1334.4
8,1338.6
14,1338.8
58,1339.5
29,1339.6
34,1340.0
17,1340.7
6,1341.2
36,1341.6
55,1341.7
12,1342.0
5,1343.6
10,1344.2
39,1345.6
13,1345.7
54,1345.8
32,1348.3
57,1349.0
31,1349.2
8,1349.5
30,1349.9
51,1350.3
24,1351.6
6,1352.5
17,1352.6
9,1353.1
55,1353.9
52,1354.4
4,1354.7
47,1354.9
5,1354.9
3,1355.0
21,1355.4
34,1356.4
10,1356.6
36,1356.7
54,1358.4
50,1360.0
44,1360.1
48,1362.0
30,1362.3
8,1362.6
51,1363.0
6,1363.7
24,1363.7
25,1364.3
59,1365.1
52,1366.2
4,1366.7
21,1367.0
17,1367.3
47,1367.3
3,1367.4
5,1368.4
55,1369.0
57,1369.6
44,1371.6
50,1372.0
54,1372.8
48,1373.9
10,1374.2
33,1375.9
9,1376.0
25,1376.3
36,1376.5
13,1377.1
30,1377.2
31,1377.7
52,1380.1
24,1380.5
21,1381.0
2,1381.3
51,1381.6
4,1381.8
3,1383.6
8,1384.1
0,1384.2
37,1384.2
47,1384.8
44,1386.5
48,1387.0
33,1387.2
50,1387.7
6,1389.6
56,1392.5
58,1393.6
2,1393.6
16,1393.8
17,1395.0
25,1395.2
5,1395.6
37,1396.4
0,1396.5
54,1397.4
31,1398.5
59,1399.1
33,1400.0
15,1403.8
56,1404.0
16,1404.1
13,1404.6
58,1404.8
36,1405.4
41,1406.4
8,1409.4
37,1410.1
2,1410.3
39,1411.5
0,1411.7
48,1413.9
57,1414.2
54,1414.9
15,1415.0
17,1415.4
59,1415.7
16,1416.2
56,1417.9
41,1418.2
5,1418.7
58,1420.0
29,1421.1
14,1421.3
38,1421.5
31,1421.7
50,1422.0
19,1422.3
33,1422.4
13,1423.6
6,1425.0
39,1425.0
34,1425.1
57,1426.0
49,1426.3
4,1426.4
7,1426.4
8,1426.7
37,1429.0
15,1429.1
48,1429.8
29,1431.9
18,1432.0
41,1432.2
12,1433.7
14,1433.8
19,1434.0
38,1434.1
28,1434.3
36,1435.0
9,1437.1
34,1437.6
16,1438.4
7,1438.4
17,1438.4
42,1439.0
49,1439.2
6,1439.4
57,1440.2
4,1440.6
5,1440.9
39,1444.2
18,1444.2
59,1444.7
8,1444.8
33,1445.2
29,1445.4
28,1446.0
12,1446.2
19,1446.3
50,1446.3
38,1447.7
24,1448.3
14,1448.4
60,1448.9
55,1450.1
9,1450.3
42,1450.5
48,1450.8
34,1452.5
7,1452.6
54,1453.4
49,1454.6
15,1455.4
18,1456.9
6,1457.9
41,1458.1
5,1458.3
60,1459.9
4,1460.5
11,1461.0
12,1461.2
39,1461.5
24,1461.9
55,1462.0
36,1462.4
59,1462.7
42,1463.6
28,1464.2
31,1464.6
26,1465.3
57,1466.4
44,1468.1
9,1468.2
29,1468.6
19,1469.0
50,1469.2
54,1470.9
34,1471.2
18,1473.4
11,1473.6
60,1474.3
55,1476.4
14,1477.4
6,1477.7
26,1478.2
58,1479.8
31,1480.3
44,1480.6
39,1480.9
24,1482.7
57,1483.8
42,1484.5
59,1487.0
30,1488.8
11,1488.9
41,1489.5
58,1492.4
60,1493.5
9,1495.8
12,1496.9
44,1498.1
26,1498.5
30,1500.0
10,1500.1
54,1502.3
40,1502.4
31,1504.1
39,1504.3
55,1504.6
57,1505.7
13,1509.0
41,1509.6
29,1510.1
58,1510.7
10,1511.9
30,1513.5
40,1513.8
60,1516.7
50,1517.3
7,1518.5
54,1519.0
12,1519.2
59,1519.4
24,1521.4
48,1521.4
57,1521.8
13,1522.2
55,1522.7
6,1523.7
51,1524.2
19,1524.6
17,1526.8
10,1527.8
40,1527.8
8,1529.6
50,1529.9
30,1531.1
29,1531.6
7,1532.0
16,1532.4
48,1534.2
51,1535.2
24,1535.6
6,1538.0
5,1538.5
19,1539.1
17,1539.2
42,1540.3
59,1541.0
8,1541.5
57,1541.8
54,1543.9
16,1544.7
7,1547.5
13,1547.6
48,1548.0
51,1548.6
50,1549.5
24,1549.5
28,1549.5
45,1549.6
55,1550.4
5,1551.5
6,1552.6
42,1553.4
8,1556.8
17,1557.3
16,1560.1
19,1560.5
45,1561.3
9,1563.2
28,1563.2
37,1563.5
5,1567.3
57,1569.6
42,1569.8
33,1572.6
48,1575.4
37,1575.5
9,1576.2
13,1578.9
45,1579.0
17,1579.5
31,1580.3
8,1582.1
56,1582.4
16,1582.5
28,1583.9
33,1584.8
19,1587.4
37,1589.3
5,1590.0
14,1591.0
58,1592.3
31,1592.8
2,1593.9
9,1594.2
21,1594.7
56,1594.7
18,1595.2
13,1596.3
4,1599.7
33,1599.8
54,1600.3
57,1602.1
14,1602.6
58,1604.4
2,1605.4
16,1606.0
59,1606.5
21,1606.8
18,1607.4
5,1608.4
47,1609.3
56,1611.1
31,1611.3
4,1611.8
10,1614.4
37,1615.2
54,1615.3
14,1617.5
59,1619.3
2,1619.4
9,1620.4
21,1621.4
58,1621.5
47,1622.0
57,1623.0
18,1623.2
24,1626.4
19,1626.6
4,1627.0
10,1627.4
6,1629.8
59,1635.5
42,1635.9
24,1638.5
50,1640.0
6,1641.4
47,1642.1
51,1643.6
10,1644.6
9,1647.4
29,1647.6
42,1649.5
37,1650.1
4,1650.7
50,1650.9
24,1654.4
51,1655.4
6,1656.0
2,1657.2
29,1658.1
55,1660.0
58,1662.1
50,1662.7
52,1663.6
42,1664.4
9,1665.4
44,1666.0
31,1666.2
10,1668.3
51,1668.6
32,1670.8
36,1671.3
55,1671.3
8,1671.4
29,1672.2
48,1672.5
15,1673.0
52,1674.5
16,1675.9
14,1677.1
37,1677.1
44,1677.3
23,1677.6
31,1678.6
24,1678.7
58,1678.8
6,1679.0
40,1679.2
57,1679.7
5,1682.3
32,1682.4
36,1682.6
8,1682.6
4,1682.8
54,1683.9
2,1684.0
30,1684.1
15,1684.1
50,1684.1
48,1684.3
17,1684.9
55,1684.9
33,1685.4
41,1686.6
16,1686.8
60,1687.3
52,1688.0
59,1689.0
44,1689.2
23,1689.2
19,1689.4
51,1689.9
57,1689.9
14,1690.3
40,1690.6
13,1691.6
34,1691.8
5,1693.2
31,1694.3
6,1695.1
36,1695.2
30,1695.5
9,1695.6
39,1695.7
17,1695.9
54,1696.0
15,1696.0
28,1696.1
8,1696.2
32,1696.9
33,1697.1
58,1697.7
53,1697.8
37,1697.9
20,1698.1
41,1698.2
60,1698.6
56,1698.9
48,1700.1
16,1700.6
19,1701.0
59,1701.3
0,1701.4
57,1702.7
10,1702.9
4,1703.2
40,1703.6
23,1703.7
34,1703.9
13,1704.4
14,1704.9
18,1704.9
5,1705.8
55,1706.5
39,1706.6
44,1708.7
28,1709.3
20,1710.1
53,1710.4
30,1710.7
17,1710.9
15,1712.9
56,1712.9
41,1712.9
60,1713.1
54,1713.6
0,1713.6
19,1714.3
33,1715.2
18,1717.5
9,1717.8
36,1718.9
59,1718.9
34,1719.8
39,1720.0
13,1724.1
52,1725.4
20,1725.6
53,1726.1
31,1727.1
40,1727.8
0,1728.0
57,1728.7
23,1731.8
5,1733.4
18,1734.2
21,1735.8
48,1736.3
4,1737.2
24,1737.6
9,1737.9
39,1739.0
10,1739.1
60,1739.5
59,1740.3
8,1740.7
45,1743.7
41,1743.9
7,1744.5
52,1744.5
6,1745.5
21,1747.6
57,1748.0
0,1749.1
24,1749.3
5,1749.7
42,1749.7
8,1752.2
48,1752.3
45,1755.5
7,1756.4
20,1756.6
56,1757.0
9,1757.2
39,1757.9
6,1758.8
42,1762.1
21,1763.0
59,1763.3
51,1764.5
32,1764.7
14,1765.9
10,1768.1
41,1768.4
24,1768.8
47,1769.3
7,1771.5
8,1771.6
52,1772.9
45,1774.4
51,1777.9
42,1778.0
14,1778.2
48,1779.1
32,1779.1
39,1779.3
55,1780.0
6,1780.4
57,1780.6
47,1782.8
50,1783.5
59,1783.6
30,1783.6
54,1783.9
19,1784.0
5,1784.7
33,1786.1
55,1792.3
50,1794.6
14,1796.7
30,1797.1
54,1797.2
10,1797.6
19,1798.0
42,1799.6
33,1799.8
51,1800.5
6,1801.6
15,1803.0
5,1804.8
57,1806.5
55,1808.2
50,1808.8
15,1815.7
23,1815.8
30,1817.8
33,1818.2
19,1819.0
47,1823.5
5,1824.4
54,1825.7
23,1826.7
15,1830.4
58,1832.9
36,1832.9
14,1836.5
60,1838.3
19,1840.2
39,1841.3
23,1842.4
59,1842.6
58,1843.6
18,1843.8
36,1845.6
40,1845.8
47,1846.9
60,1849.5
5,1851.2
4,1851.4
24,1852.0
39,1852.3
33,1853.1
44,1853.8
59,1853.9
31,1854.4
9,1854.8
18,1855.9
8,1856.3
58,1856.4
14,1856.8
40,1857.4
41,1857.7
48,1858.1
36,1860.2
32,1861.5
54,1861.6
60,1863.0
4,1863.1
24,1863.7
37,1864.6
44,1865.0
31,1865.6
52,1865.6
9,1866.8
57,1866.9
59,1868.3
8,1868.6
41,1869.2
39,1869.3
48,1870.0
18,1870.3
40,1872.1
32,1874.4
58,1874.8
6,1876.9
37,1876.9
24,1877.3
44,1878.2
52,1878.4
4,1879.0
31,1879.3
57,1879.3
9,1881.3
48,1883.8
33,1883.9
8,1885.1
41,1885.1
54,1885.6
16,1886.0
10,1886.4
6,1889.4
32,1890.3
37,1893.0
52,1895.5
57,1896.0
21,1896.3
16,1897.8
10,1900.0
50,1905.6
44,1906.5
6,1907.3
21,1908.7
24,1910.6
16,1913.4
7,1914.0
10,1916.1
50,1917.8
37,1920.2
11,1922.0
55,1922.5
21,1924.5
57,1924.8
7,1925.0
6,1932.1
15,1932.3
50,1932.5
14,1933.4
11,1933.7
48,1934.0
55,1934.2
24,1935.5
59,1937.1
7,1937.3
9,1937.5
19,1938.1
30,1938.5
28,1938.5
5,1938.6
42,1938.7
8,1939.1
16,1939.3
57,1939.4
39,1940.6
51,1941.8
58,1942.3
32,1943.7
15,1944.0
14,1945.0
52,1945.5
6,1945.5
60,1945.6
48,1946.1
55,1946.3
11,1947.4
59,1947.8
29,1947.8
42,1948.6
19,1948.7
9,1949.0
5,1949.5
30,1949.9
24,1949.9
38,1949.9
28,1950.5
8,1951.2
39,1951.3
21,1952.1
10,1952.2
37,1952.6
17,1953.0
33,1953.4
23,1953.6
51,1953.6
50,1953.7
0,1954.3
7,1955.4
32,1955.8
58,1956.1
44,1957.0
57,1957.1
12,1957.5
6,1957.9
14,1958.2
15,1958.3
60,1958.4
52,1958.6
29,1959.0
5,1960.5
42,1960.5
59,1961.2
2,1961.3
26,1961.6
38,1961.6
48,1961.9
19,1962.0
9,1963.5
17,1964.0
30,1964.5
22,1964.6
23,1964.9
39,1965.4
8,1965.6
0,1965.7
34,1966.1
33,1966.3
28,1966.7
51,1966.8
31,1967.3
55,1967.5
12,1969.9
44,1970.3
4,1970.6
37,1971.8
32,1972.3
2,1972.8
29,1973.1
26,1974.3
16,1974.7
50,1975.1
24,1975.5
22,1976.2
60,1976.2
11,1977.2
21,1977.3
38,1977.5
5,1978.2
34,1978.4
58,1978.5
23,1979.5
31,1979.5
17,1979.6
0,1979.8
42,1980.7
4,1983.6
10,1984.1
12,1984.7
33,1986.3
2,1987.3
15,1988.2
22,1991.2
26,1993.1
31,1994.0
28,1994.3
34,1994.5
59,1994.8
44,1996.6
8,1998.0
4,2000.0
48,2004.1
9,2009.5
39,2018.2
59,2021.5
31,2021.9
57,2022.7
9,2023.6
19,2024.2
48,2025.7
14,2029.7
39,2032.1
57,2034.3
19,2036.6
37,2039.9
14,2043.3
9,2044.2
57,2048.8
37,2052.5
19,2055.8
59,2057.0
14,2060.1
39,2062.5
42,2062.7
16,2063.4
55,2064.3
32,2066.4
54,2066.7
37,2066.8
57,2067.2
24,2067.9
8,2069.7
29,2070.1
6,2070.3
34,2070.5
50,2070.5
52,2070.8
30,2071.0
42,2073.3
36,2073.8
28,2074.7
16,2075.0
55,2075.9
51,2076.0
31,2077.0
59,2077.2
11,2077.6
32,2077.6
14,2077.6
24,2077.7
54,2078.3
58,2079.3
8,2079.4
9,2079.5
23,2079.8
5,2079.9
6,2080.8
34,2081.0
29,2081.4
50,2081.6
56,2081.8
52,2082.1
13,2082.3
33,2082.4
30,2082.7
49,2083.4
46,2083.8
4,2084.1
45,2084.6
42,2084.6
0,2084.8
48,2084.9
39,2085.2
36,2085.3
28,2085.4
27,2086.0
35,2086.1
51,2086.6
16,2086.6
31,2086.9
24,2087.6
55,2088.2
11,2088.6
7,2089.3
32,2089.6
8,2089.9
58,2090.1
5,2090.4
54,2090.6
10,2090.7
23,2091.1
6,2091.4
26,2091.7
50,2091.8
3,2092.0
9,2092.1
29,2092.1
56,2092.5
2,2093.0
33,2093.0
52,2093.5
13,2093.6
47,2093.8
49,2093.8
34,2093.9
4,2093.9
45,2094.1
46,2094.5
48,2094.5
15,2094.5
30,2094.8
53,2095.0
21,2095.1
28,2095.7
0,2095.8
22,2096.2
43,2096.4
14,2096.9
27,2096.9
41,2097.1
1,2097.2
37,2097.2
12,2097.6
25,2097.6
35,2097.6
42,2098.2
24,2098.4
36,2098.5
51,2098.5
31,2098.7
44,2099.2
7,2099.7
5,2100.7
18,2101.5
8,2101.6
16,2101.9
11,2102.0
55,2102.1
10,2102.3
58,2102.3
6,2102.9
3,2103.1
23,2103.2
26,2103.4
2,2103.6
29,2104.1
59,2104.9
45,2105.0
47,2105.1
4,2105.2
56,2105.2
57,2105.8
33,2105.8
48,2106.1
50,2106.3
15,2106.6
21,2106.7
53,2106.8
49,2107.6
13,2107.8
46,2107.9
22,2108.1
9,2108.3
43,2108.4
41,2108.7
12,2109.2
1,2109.6
0,2109.7
54,2109.8
34,2109.9
44,2110.2
25,2110.2
27,2110.8
7,2111.3
28,2111.6
24,2112.7
18,2113.1
35,2113.4
5,2113.6
52,2115.2
51,2116.2
2,2116.4
42,2116.7
10,2116.7
31,2117.2
6,2117.3
57,2117.4
37,2117.5
3,2117.5
17,2118.4
30,2118.6
4,2118.8
47,2119.0
26,2119.3
32,2119.4
58,2120.7
23,2120.7
36,2121.2
21,2121.4
15,2121.6
8,2121.7
41,2122.2
33,2122.7
29,2123.4
22,2123.4
53,2123.4
48,2123.6
12,2123.8
43,2123.9
44,2124.4
59,2126.3
1,2127.5
18,2127.7
25,2129.0
11,2129.3
17,2130.7
45,2132.0
9,2133.8
14,2134.1
49,2134.9
57,2135.2
5,2135.8
13,2136.1
7,2136.9
46,2138.3
55,2138.5
41,2142.1
60,2142.5
42,2143.2
19,2143.9
3,2144.6
2,2144.6
29,2145.5
40,2146.0
17,2146.7
15,2149.4
18,2152.7
60,2155.5
19,2156.7
55,2158.0
40,2158.4
59,2164.6
57,2165.0
58,2170.7
2,2172.3
60,2174.1
40,2174.4
17,2176.6
19,2177.3
4,2180.3
8,2186.5
58,2189.8
6,2195.4
4,2195.8
8,2200.5
40,2204.7
6,2206.7
4,2214.6
8,2214.8
5,2215.6
33,2219.6
6,2220.7
15,2221.3
29,2221.6
45,2223.2
32,2224.4
5,2226.3
40,2226.7
44,2227.4
23,2227.8
36,2228.1
59,2228.3
42,2228.3
57,2228.5
52,2228.9
33,2230.4
34,2231.6
8,2231.8
29,2233.3
39,2233.7
15,2233.8
19,2233.9
4,2234.0
14,2235.4
45,2236.1
32,2236.5
26,2237.3
5,2237.7
55,2238.3
42,2238.4
12,2238.7
18,2238.7
23,2238.9
59,2239.4
36,2239.5
57,2239.5
44,2239.6
52,2239.8
37,2241.7
9,2242.2
34,2242.9
2,2243.4
39,2243.7
29,2244.0
33,2244.3
10,2244.9
3,2245.3
17,2245.4
19,2245.4
14,2246.3
47,2246.5
13,2246.5
40,2247.7
41,2247.7
46,2247.8
26,2247.9
15,2248.7
50,2249.2
12,2250.3
55,2250.3
6,2250.3
32,2250.5
18,2250.5
42,2251.0
5,2251.4
59,2251.5
31,2252.1
23,2252.2
37,2252.7
60,2252.8
36,2252.9
57,2252.9
9,2253.4
45,2253.5
52,2253.8
16,2254.1
34,2254.6
44,2254.8
24,2254.8
39,2255.7
2,2256.0
48,2256.2
10,2256.6
13,2257.3
3,2257.5
17,2257.9
14,2258.0
19,2258.7
41,2258.9
11,2259.0
56,2259.9
53,2259.9
47,2259.9
50,2260.2
46,2260.6
54,2260.7
26,2261.5
38,2261.7
29,2261.9
31,2262.6
12,2263.7
55,2264.1
60,2264.7
37,2264.7
18,2265.3
16,2266.2
33,2266.4
58,2266.5
48,2267.1
24,2267.1
9,2267.1
6,2267.7
57,2268.0
30,2269.8
17,2270.4
11,2270.6
40,2271.4
2,2271.5
13,2271.6
3,2271.7
10,2271.9
53,2272.2
34,2272.3
56,2272.4
59,2272.5
54,2272.6
50,2272.6
41,2272.9
47,2273.0
23,2273.3
38,2274.0
31,2274.3
36,2274.4
52,2274.6
14,2274.8
42,2276.0
51,2277.5
58,2277.5
7,2277.7
16,2278.6
46,2278.7
39,2279.4
48,2279.8
60,2280.2
30,2281.6
24,2282.4
32,2282.6
11,2284.6
53,2286.0
37,2286.2
56,2286.4
54,2287.1
61,2287.8
17,2288.1
50,2288.5
31,2288.7
7,2288.8
9,2288.9
57,2289.4
51,2290.3
38,2290.5
58,2290.6
55,2291.2
12,2291.6
47,2294.0
0,2294.1
48,2294.4
16,2295.9
30,2296.4
13,2296.9
3,2297.4
61,2299.8
41,2300.9
10,2300.9
7,2303.0
2,2303.9
24,2305.8
0,2306.1
51,2306.6
8,2308.9
58,2311.6
52,2312.0
61,2315.8
4,2316.0
32,2318.4
0,2321.6
8,2321.8
29,2322.9
6,2324.1
2,2325.0
4,2328.7
7,2334.4
44,2334.5
29,2335.8
6,2336.9
43,2337.6
8,2339.5
4,2343.7
44,2346.6
43,2349.5
0,2353.2
45,2357.7
6,2358.6
29,2361.5
8,2362.0
15,2362.1
44,2363.1
4,2363.3
43,2363.8
5,2363.8
45,2369.7
40,2370.3
60,2371.5
15,2373.6
47,2374.0
5,2374.4
23,2376.0
59,2377.7
0,2377.7
57,2378.3
39,2378.5
55,2380.0
40,2382.1
60,2382.6
18,2383.4
54,2383.6
13,2383.6
19,2383.7
15,2386.3
5,2387.5
45,2387.9
52,2388.0
51,2388.0
34,2388.2
14,2388.3
47,2388.4
23,2388.8
57,2389.0
59,2389.0
39,2389.5
55,2391.1
17,2392.3
36,2392.8
8,2394.2
18,2394.3
32,2394.8
13,2394.8
19,2395.0
54,2395.1
40,2395.2
60,2395.9
29,2398.3
52,2399.8
51,2399.9
14,2399.9
34,2400.0
57,2400.3
59,2401.1
39,2401.3
37,2402.2
17,2403.3
48,2403.7
55,2403.8
47,2404.7
36,2404.7
15,2405.2
23,2405.8
32,2407.1
19,2407.8
18,2408.7
13,2409.0
54,2409.3
41,2410.3
51,2412.7
14,2413.6
34,2414.3
37,2414.4
52,2415.2
8,2415.2
48,2416.0
17,2416.4
57,2417.4
36,2420.1
40,2420.1
59,2420.5
29,2421.9
41,2423.1
32,2426.1
55,2427.2
37,2428.5
48,2430.6
9,2430.7
51,2436.1
57,2437.4
41,2437.9
17,2438.5
6,2441.4
9,2442.2
14,2442.5
8,2442.6
36,2442.6
33,2443.6
11,2445.8
4,2447.9
29,2449.7
55,2450.8
6,2452.6
31,2452.7
33,2454.6
9,2454.7
58,2454.9
5,2456.0
42,2457.9
32,2457.9
24,2458.0
11,2458.4
4,2459.0
57,2459.5
37,2460.5
56,2460.7
8,2462.1
17,2462.7
31,2464.4
58,2467.0
6,2467.4
5,2468.2
33,2468.4
42,2469.1
24,2469.4
4,2473.0
55,2473.5
29,2473.6
11,2474.1
56,2474.1
9,2478.2
2,2479.2
31,2480.6
43,2480.7
58,2481.7
42,2482.2
5,2482.2
24,2483.3
23,2487.0
46,2489.0
44,2489.6
2,2490.6
43,2490.9
45,2492.5
33,2493.6
8,2494.4
0,2496.3
6,2496.8
4,2497.2
9,2497.5
23,2499.8
44,2499.9
24,2500.2
46,2501.9
11,2503.9
43,2504.0
45,2504.0
42,2504.1
2,2505.5
58,2507.1
5,2508.6
60,2508.6
0,2508.7
44,2512.8
56,2514.4
39,2514.9
25,2515.9
23,2516.4
45,2518.8
30,2518.9
46,2519.2
60,2520.4
55,2520.9
6,2521.4
8,2522.1
0,2524.6
14,2526.8
57,2527.2
39,2527.4
41,2528.0
25,2529.1
30,2530.3
34,2530.3
55,2532.2
58,2532.6
60,2533.4
56,2533.5
15,2533.6
24,2533.7
7,2533.8
11,2535.4
13,2535.7
59,2537.0
57,2537.8
12,2537.9
18,2538.5
10,2538.6
14,2538.6
41,2539.7
19,2540.6
36,2540.9
34,2540.9
6,2541.6
32,2542.5
51,2542.5
30,2543.0
8,2543.1
39,2543.3
31,2543.4
55,2545.1
15,2545.1
7,2545.5
17,2545.8
13,2546.7
28,2546.9
25,2547.6
59,2548.0
54,2548.4
12,2549.0
57,2549.2
18,2549.5
10,2550.1
5,2550.5
19,2550.9
56,2550.9
40,2551.7
36,2552.9
11,2553.0
34,2553.4
53,2553.5
58,2553.8
51,2553.9
41,2554.1
32,2554.3
14,2554.3
60,2554.4
20,2555.0
50,2555.5
37,2555.7
31,2556.2
9,2556.3
48,2556.4
33,2556.9
24,2557.0
4,2557.0
17,2557.2
16,2557.3
8,2557.7
28,2558.2
15,2558.2
7,2558.2
49,2560.0
59,2560.2
54,2560.9
12,2561.0
13,2561.4
5,2562.5
40,2563.2
57,2563.2
10,2563.6
18,2563.7
6,2563.7
19,2564.0
50,2566.0
53,2566.2
51,2567.2
36,2567.4
20,2567.5
37,2567.6
29,2567.7
48,2568.1
4,2568.2
16,2568.9
32,2569.0
30,2569.0
33,2569.1
9,2569.9
31,2570.2
28,2571.6
42,2572.4
49,2572.5
55,2572.6
45,2572.8
17,2573.0
24,2574.1
54,2575.9
5,2576.2
40,2576.9
34,2577.8
50,2578.8
41,2578.8
59,2579.1
15,2579.8
29,2579.9
4,2581.3
48,2581.3
37,2581.5
7,2581.7
16,2581.8
23,2582.9
12,2583.1
2,2583.9
39,2584.0
42,2584.3
20,2584.3
26,2585.9
45,2586.1
51,2586.2
53,2586.3
33,2586.6
19,2586.7
49,2588.8
18,2589.0
47,2590.9
9,2591.8
29,2591.9
11,2592.4
50,2595.4
2,2596.3
23,2596.3
26,2598.7
54,2599.4
6,2600.2
42,2601.2
4,2601.2
47,2603.7
48,2604.3
5,2604.9
45,2613.4
2,2614.8
26,2616.4
29,2616.4
47,2621.5
23,2624.3
57,2641.1
58,2647.5
19,2648.9
56,2650.0
59,2650.4
51,2652.0
55,2652.1
57,2652.2
8,2652.7
40,2653.1
16,2654.4
31,2654.8
58,2658.3
17,2658.6
34,2659.5
19,2660.3
4,2660.6
5,2661.1
56,2661.1
59,2661.4
24,2662.1
8,2663.6
51,2663.8
57,2664.1
55,2664.2
40,2665.2
32,2665.3
31,2666.1
16,2666.4
41,2667.0
13,2667.2
37,2667.6
9,2667.6
28,2668.6
36,2670.1
58,2670.3
17,2670.6
34,2670.7
48,2671.5
61,2671.9
42,2672.3
53,2672.8
47,2673.0
4,2673.3
15,2673.5
5,2673.7
24,2673.8
19,2674.1
56,2674.5
23,2675.6
59,2675.8
60,2675.9
8,2676.7
32,2677.6
29,2677.7
31,2677.7
40,2678.6
13,2678.9
54,2679.0
41,2679.1
9,2679.2
51,2679.6
55,2679.8
37,2679.9
16,2680.9
28,2681.2
57,2681.6
36,2681.9
18,2682.5
42,2683.2
6,2683.2
48,2683.7
50,2683.9
61,2684.0
53,2685.0
34,2685.2
47,2685.6
12,2685.7
15,2685.8
14,2687.3
17,2687.3
24,2687.3
4,2687.4
60,2687.7
11,2688.5
23,2689.4
5,2689.8
29,2690.2
54,2691.4
25,2691.7
32,2692.3
45,2692.8
13,2693.5
9,2693.7
37,2694.6
41,2695.2
31,2695.5
6,2695.5
18,2695.7
52,2695.8
50,2695.8
42,2696.5
36,2697.9
12,2698.6
48,2699.3
61,2699.4
8,2699.4
14,2699.8
28,2700.4
58,2701.2
11,2701.6
15,2701.8
47,2703.2
53,2703.5
60,2704.3
24,2704.5
25,2705.2
45,2705.5
57,2706.3
34,2706.7
52,2708.2
6,2709.4
54,2710.8
18,2712.1
50,2712.2
29,2712.4
14,2713.6
33,2713.6
7,2714.2
55,2715.2
23,2715.5
9,2716.0
48,2716.0
12,2716.4
32,2718.2
11,2718.7
36,2719.5
37,2720.4
41,2720.5
4,2720.6
8,2721.5
15,2721.9
5,2722.9
52,2723.5
33,2725.0
60,2725.8
7,2725.8
45,2726.5
58,2726.5
6,2726.9
57,2727.6
19,2727.7
55,2731.5
14,2731.7
34,2733.3
4,2734.8
51,2735.0
9,2735.2
5,2735.3
50,2735.7
54,2736.3
39,2736.4
8,2736.7
25,2736.8
17,2737.9
48,2738.2
18,2738.2
33,2738.3
7,2739.9
19,2740.5
59,2740.8
52,2740.8
57,2744.0
30,2745.0
10,2747.2
32,2747.2
51,2747.4
6,2748.3
55,2748.6
39,2748.7
13,2749.1
31,2749.3
34,2750.5
37,2750.6
17,2751.0
54,2751.4
24,2752.0
4,2752.1
11,2752.1
50,2752.1
59,2752.9
5,2753.5
28,2756.5
30,2757.2
2,2757.4
33,2759.2
29,2759.2
10,2759.3
8,2760.0
7,2760.1
14,2760.2
48,2760.6
51,2760.9
3,2761.9
31,2762.0
47,2762.9
13,2763.6
24,2763.9
6,2765.2
39,2766.0
59,2766.5
42,2766.8
25,2766.8
2,2768.4
45,2768.9
4,2769.2
28,2770.5
29,2771.8
30,2772.0
3,2772.7
57,2772.7
47,2774.6
23,2774.7
10,2775.1
17,2776.4
0,2776.8
42,2778.9
24,2779.6
11,2779.8
5,2779.8
32,2780.2
31,2780.4
2,2781.3
45,2782.5
54,2783.1
8,2783.8
25,2786.3
40,2786.5
3,2787.7
14,2787.7
28,2788.1
26,2788.2
37,2788.7
6,2788.9
7,2789.2
23,2789.3
0,2789.3
29,2789.6
47,2789.9
42,2792.9
10,2793.4
30,2795.8
40,2798.5
59,2799.5
26,2800.6
57,2801.4
50,2802.7
0,2805.5
37,2807.5
5,2810.1
40,2813.6
2,2813.8
23,2816.2
26,2817.2
50,2821.3
57,2821.4
59,2829.1
36,2830.0
41,2831.3
58,2832.1
6,2832.4
40,2834.1
37,2835.3
2,2835.7
57,2838.4
55,2839.1
56,2840.0
16,2840.0
17,2840.1
18,2842.4
36,2842.5
41,2843.8
58,2844.1
13,2848.5
31,2849.1
6,2849.7
16,2850.6
55,2850.6
56,2850.9
17,2852.3
54,2852.6
18,2854.7
36,2856.6
58,2857.0
59,2858.1
12,2858.4
41,2859.0
13,2860.9
31,2861.6
16,2864.0
55,2864.3
56,2865.2
54,2865.2
12,2870.1
17,2870.2
18,2870.3
13,2876.7
31,2878.9
10,2879.1
15,2879.9
54,2882.4
58,2886.0
55,2886.3
12,2886.7
36,2886.9
57,2891.1
15,2891.6
10,2892.5
6,2895.9
40,2902.3
57,2904.4
15,2905.1
24,2907.7
6,2909.9
10,2910.7
40,2915.5
59,2915.7
24,2920.1
14,2920.1
36,2920.4
2,2920.8
34,2922.6
57,2923.3
51,2924.8
3,2926.5
32,2927.7
59,2929.3
5,2929.5
14,2931.0
13,2931.6
52,2932.9
6,2933.0
2,2933.1
4,2933.1
40,2933.4
24,2933.5
34,2934.6
42,2936.6
51,2936.7
26,2937.8
3,2938.1
29,2938.7
32,2939.6
5,2940.6
12,2940.9
8,2941.4
15,2941.5
14,2943.1
4,2943.5
52,2944.6
11,2944.7
13,2945.2
9,2945.9
34,2946.4
59,2946.7
2,2947.7
42,2948.0
48,2948.3
26,2949.6
29,2949.9
23,2950.5
51,2950.6
5,2951.5
55,2951.8
24,2951.8
8,2952.1
3,2952.3
32,2953.2
12,2954.4
4,2955.0
6,2955.5
0,2956.0
11,2956.3
22,2957.1
9,2957.2
50,2958.3
47,2958.3
52,2959.1
48,2960.2
42,2960.6
15,2960.7
30,2961.0
45,2961.3
46,2961.5
23,2961.5
34,2962.2
29,2962.9
14,2963.1
26,2963.6
55,2963.7
8,2964.0
5,2964.6
43,2967.7
0,2967.9
1,2968.3
22,2968.9
24,2969.3
47,2969.9
50,2970.0
9,2970.5
11,2971.3
45,2972.0
6,2972.0
2,2972.2
51,2972.8
12,2972.9
4,2973.1
30,2973.1
46,2973.5
57,2973.5
23,2975.4
48,2975.9
55,2978.9
42,2979.6
43,2980.1
1,2981.1
8,2981.6
0,2982.6
22,2983.1
5,2983.7
50,2984.7
57,2986.1
29,2986.4
47,2986.5
45,2986.5
10,2986.8
34,2988.6
46,2988.9
30,2989.8
13,2990.2
43,2995.6
19,2998.8
10,2999.6
