13,3.6
12,3.6
10,3.9
33,4.0
19,4.0
5,4.2
11,4.3
38,4.4
15,4.4
30,4.5
9,4.6
40,4.7
59,4.7
41,4.7
42,4.7
8,4.7
43,4.7
60,4.7
39,4.7
44,4.7
0,4.7
58,4.7
55,4.7
54,4.7
53,4.7
57,4.7
4,4.7
52,4.7
7,4.7
51,4.7
49,4.7
48,4.7
2,4.7
6,4.7
47,4.7
46,4.7
50,4.7
45,4.7
36,4.7
3,4.7
17,4.7
18,4.7
20,4.7
21,4.7
16,4.7
22,4.7
23,4.7
24,4.7
62,4.7
25,4.7
26,4.7
37,4.7
14,4.7
27,4.7
32,4.7
35,4.7
34,4.7
28,4.7
31,4.7
1,4.7
56,4.7
61,4.7
29,4.7
19,10.9
30,12.0
12,12.0
13,12.0
38,12.4
15,12.5
25,12.6
9,12.6
17,12.7
42,12.9
40,13.1
33,13.2
11,13.3
26,13.4
6,13.4
51,13.5
5,13.5
10,13.5
44,13.5
28,14.0
7,14.5
20,14.7
8,14.8
22,15.3
61,15.5
35,15.7
3,16.2
57,16.2
46,16.7
53,17.0
48,17.2
24,17.3
52,17.4
14,17.4
43,17.4
59,17.4
34,17.4
45,17.4
2,17.4
58,17.4
41,17.4
60,17.4
39,17.4
49,17.4
36,17.4
56,17.4
16,17.4
55,17.4
21,17.4
23,17.4
62,17.4
54,17.4
0,17.4
18,17.4
37,17.5
4,17.5
27,17.5
50,17.5
1,17.6
32,17.6
31,17.6
29,17.6
47,17.6
30,19.3
38,19.5
12,19.7
25,19.9
42,20.2
9,20.4
51,20.4
17,21.3
13,21.9
15,22.0
33,22.2
6,22.3
26,22.4
11,22.6
8,22.6
5,22.9
44,23.0
7,23.1
40,23.2
28,23.5
20,23.8
53,24.6
22,24.6
10,25.1
57,25.1
61,25.2
32,25.6
4,25.7
35,26.0
60,26.0
59,26.2
52,26.3
3,26.4
21,26.5
46,26.5
50,26.9
16,27.2
36,27.2
48,27.2
24,27.2
45,27.4
30,27.5
49,27.6
9,28.1
17,28.3
47,28.7
0,29.5
12,29.5
6,29.6
34,29.7
7,30.5
31,30.5
11,31.8
8,32.1
26,32.3
22,32.4
40,32.5
4,32.8
58,32.9
27,33.2
1,33.7
29,33.7
43,33.8
54,33.9
2,33.9
23,33.9
14,33.9
41,33.9
55,33.9
13,34.0
62,34.2
39,34.2
37,34.4
18,34.4
56,34.4
61,34.6
33,35.0
15,35.2
5,35.2
45,35.2
10,35.3
21,35.6
16,35.8
44,35.9
20,36.0
32,36.0
9,36.1
36,36.3
28,36.6
59,36.6
3,36.8
57,37.1
47,37.2
60,37.6
52,38.4
12,38.8
50,39.7
30,40.3
0,40.6
46,40.6
31,40.8
35,41.0
34,41.5
48,41.8
24,42.0
22,42.1
58,42.2
27,42.4
13,42.4
49,42.6
61,43.0
23,43.3
37,43.7
56,43.7
11,44.4
8,44.9
16,45.0
45,45.2
40,45.4
10,45.4
5,45.8
15,46.0
52,47.6
29,48.3
47,49.0
9,49.0
41,49.0
3,49.4
36,49.6
21,49.8
7,49.8
26,50.0
12,50.3
58,50.3
14,50.4
57,50.6
0,51.1
27,52.2
34,52.3
17,52.4
13,52.4
38,52.6
62,53.4
61,53.4
59,54.9
56,55.2
37,55.9
31,56.0
23,56.2
32,56.4
28,56.6
52,57.2
15,58.4
10,58.6
36,58.6
8,59.6
6,59.7
57,60.4
1,61.0
3,61.1
41,61.1
16,61.9
22,62.1
7,62.5
38,62.5
17,63.0
42,63.0
27,63.3
19,63.5
33,63.5
29,64.0
30,64.0
14,64.1
62,65.1
55,66.3
52,67.0
31,67.1
58,67.9
48,67.9
37,68.5
2,68.7
34,68.7
6,69.2
1,69.4
54,69.6
18,70.1
39,70.1
28,70.9
20,71.0
12,71.3
13,71.6
46,71.7
3,72.1
19,72.2
15,72.4
36,72.5
7,72.5
30,73.0
38,73.4
42,73.6
26,73.8
24,74.3
21,75.2
16,75.4
33,75.9
9,75.9
49,76.3
5,76.5
60,77.2
1,77.3
55,77.9
57,78.5
23,78.6
0,78.7
37,79.0
22,79.4
2,80.0
51,80.0
41,80.8
20,81.8
48,82.0
36,82.1
8,82.2
38,82.9
42,83.8
46,84.5
56,84.8
61,84.8
39,84.9
24,85.3
33,85.7
9,85.9
7,86.1
30,86.1
5,86.5
60,86.6
52,86.8
3,86.8
26,87.4
62,88.0
1,88.1
51,88.4
13,88.4
15,88.5
31,88.7
47,88.9
10,89.4
14,89.4
34,89.6
49,89.8
12,90.3
21,90.6
18,92.2
54,92.4
58,92.4
50,92.7
40,92.8
23,92.8
6,92.9
41,93.7
22,94.5
30,95.9
56,96.1
48,96.1
24,96.4
60,96.6
53,97.1
44,97.2
8,97.3
55,97.4
20,97.5
9,98.0
39,98.2
17,98.3
47,98.8
5,99.1
2,99.3
28,99.3
61,99.4
31,99.4
62,99.5
42,99.8
51,99.8
7,100.1
52,100.5
10,100.6
33,101.3
23,101.8
45,102.2
25,102.3
38,102.4
26,102.5
12,102.7
3,103.0
6,103.3
50,103.4
21,103.5
36,103.7
40,103.8
14,103.9
0,103.9
44,105.0
49,105.9
47,106.1
41,106.8
53,107.1
24,107.7
8,108.2
46,108.5
32,108.6
30,108.7
60,108.8
17,109.3
15,109.4
16,109.6
61,109.8
35,110.0
34,110.1
55,110.3
42,110.7
54,110.8
51,111.0
31,111.5
20,111.6
45,111.6
28,111.7
22,112.2
6,112.3
38,112.5
19,112.5
40,113.0
5,113.6
44,113.7
52,114.2
26,114.3
0,114.5
47,114.9
50,115.6
12,115.7
32,115.9
37,117.0
56,117.2
3,117.9
9,118.0
60,118.2
8,118.2
23,118.4
1,118.5
49,118.6
10,118.8
16,119.1
21,120.1
35,120.1
25,120.3
34,120.7
61,121.6
44,121.8
6,121.8
40,121.9
48,121.9
45,122.0
36,122.0
58,123.0
28,123.1
41,123.3
38,123.4
0,123.5
22,124.4
15,125.4
54,125.6
30,126.5
17,126.6
20,126.6
50,127.7
1,127.8
16,127.9
37,129.0
60,129.0
2,129.5
25,130.3
40,130.5
10,130.8
49,131.2
26,131.5
12,131.9
35,132.3
56,132.3
6,132.5
21,132.7
5,132.7
48,132.8
14,132.9
58,133.1
11,133.3
38,133.6
55,133.8
51,134.0
44,134.2
9,135.4
22,135.4
47,135.9
42,137.0
28,137.5
8,137.7
0,138.3
29,139.2
62,139.3
61,139.4
40,139.7
60,139.8
25,139.8
50,140.1
33,141.0
56,141.2
1,141.5
11,141.6
36,141.7
15,142.1
34,142.2
16,142.7
52,143.0
2,143.1
46,143.2
51,143.2
38,144.1
58,144.2
12,144.3
21,144.6
26,144.9
44,145.2
9,145.9
30,146.0
14,146.1
17,146.3
6,147.9
5,148.2
47,148.6
29,149.1
28,149.5
62,149.6
8,150.1
33,150.2
0,150.3
11,150.9
37,151.1
48,151.5
46,151.7
60,151.9
45,152.4
1,154.2
35,154.2
13,154.3
17,154.7
42,155.0
56,155.0
12,155.1
30,155.1
58,155.4
44,155.5
52,155.5
15,155.6
57,156.4
29,157.1
38,157.4
59,157.4
9,157.8
6,158.4
21,158.6
54,159.2
32,159.9
33,160.0
22,160.4
5,161.1
8,161.5
3,161.7
40,162.0
11,162.1
46,162.3
16,162.3
62,162.4
41,162.8
17,162.8
13,163.6
23,163.7
51,163.8
42,164.3
1,164.4
57,165.3
26,165.4
59,166.0
29,166.4
50,166.8
20,167.7
6,167.7
2,169.2
52,169.8
30,169.9
15,169.9
22,170.2
13,171.0
3,171.0
55,171.2
9,171.4
11,171.5
24,171.8
54,171.9
0,172.1
31,172.9
41,173.0
21,173.1
38,173.1
16,173.3
51,173.9
23,174.0
5,174.3
14,174.6
42,174.6
60,175.1
1,175.5
57,175.5
59,175.6
56,175.7
20,176.2
33,176.7
12,177.7
47,178.3
32,178.3
34,178.4
35,180.0
46,180.2
30,180.3
29,181.1
22,181.1
11,181.8
2,181.9
31,182.1
55,182.5
3,182.6
24,182.6
8,183.2
57,183.3
42,183.3
15,183.4
54,183.4
38,184.0
20,184.8
27,184.9
51,185.9
60,186.2
41,186.5
9,186.8
47,187.1
23,187.3
16,187.3
48,187.3
0,187.7
61,188.1
5,188.5
33,188.6
53,188.7
59,189.1
56,189.8
10,190.2
34,190.2
44,190.3
6,190.6
12,190.8
32,190.9
46,191.4
57,191.4
22,191.5
11,191.8
1,192.4
55,192.7
26,192.9
38,192.9
31,193.0
19,193.1
17,193.1
27,193.3
14,193.6
35,193.7
41,195.6
42,195.9
24,196.4
52,196.7
61,197.1
60,197.2
48,199.9
0,200.0
54,200.2
10,200.6
9,200.6
58,200.7
8,200.8
12,201.1
29,201.3
57,201.4
45,202.2
14,202.3
31,202.5
27,202.5
25,202.8
33,203.1
19,203.2
15,203.2
55,203.4
32,203.8
22,204.8
11,205.1
44,205.1
17,205.2
47,205.7
50,205.8
6,205.8
3,205.8
51,206.0
53,206.5
52,207.1
60,207.3
34,207.7
37,208.1
61,208.1
46,208.3
35,208.8
30,208.9
28,209.0
58,209.1
27,209.8
26,210.3
45,210.4
7,210.5
41,211.4
21,212.3
24,212.4
1,213.4
49,213.7
32,213.9
14,214.1
17,214.1
10,214.1
44,214.4
31,214.9
12,215.0
22,215.4
25,215.9
37,216.1
16,216.9
8,217.0
5,217.1
58,217.2
50,217.2
33,217.5
56,217.8
20,218.0
45,218.1
0,218.2
62,218.4
28,218.7
7,218.8
27,219.5
51,219.8
30,220.0
38,220.1
2,220.5
48,220.6
21,220.9
3,222.3
49,223.0
6,223.5
23,223.8
35,224.3
52,224.4
14,224.9
37,225.0
13,225.4
16,225.6
22,225.8
19,226.0
10,226.0
7,226.5
25,226.6
34,227.0
62,227.1
54,227.3
57,227.4
5,228.3
44,228.5
15,228.7
53,229.0
60,229.0
56,229.1
21,229.1
11,229.5
61,229.7
24,230.1
32,230.4
28,230.4
46,230.5
29,230.6
30,230.8
12,230.8
2,231.1
17,231.2
40,231.3
20,231.7
49,232.6
48,232.6
50,233.4
59,233.5
16,234.6
6,234.6
3,234.7
23,234.7
26,235.0
62,235.3
7,235.7
25,236.5
10,236.8
4,237.1
27,237.5
37,237.8
22,238.4
42,238.9
51,238.9
5,239.2
17,239.4
40,239.5
61,239.6
35,239.8
47,240.2
21,240.2
44,240.7
38,240.7
55,240.8
33,241.6
57,242.1
30,242.2
54,242.4
29,242.8
59,243.2
6,243.5
16,243.5
49,243.5
34,243.6
23,243.7
15,244.0
41,244.1
7,244.9
12,244.9
19,245.0
26,245.5
53,245.5
62,245.8
4,246.2
11,246.9
37,247.1
36,247.6
9,247.6
56,247.8
42,248.5
2,248.9
40,248.9
61,249.1
17,249.2
32,249.9
38,249.9
21,250.6
24,250.6
0,250.8
48,251.3
47,251.6
45,251.8
46,251.8
52,252.3
44,252.8
13,252.8
10,253.1
30,253.2
19,253.6
7,253.9
5,254.1
22,254.4
33,254.9
59,255.0
41,255.1
62,255.2
15,255.2
28,255.4
6,255.5
26,255.6
53,255.7
16,255.9
42,256.0
36,256.0
50,256.2
9,256.8
56,256.8
27,257.2
4,257.3
35,257.6
37,257.6
23,257.7
58,258.0
49,258.1
0,259.1
38,259.8
11,260.4
25,260.6
1,260.7
32,260.8
60,261.1
12,261.1
21,261.4
13,261.7
48,261.8
29,262.1
40,262.8
44,263.9
46,264.9
42,265.2
36,265.3
61,265.4
52,265.8
3,265.9
26,266.4
6,266.8
14,267.1
53,267.2
9,267.7
1,268.7
20,268.8
15,268.9
0,269.1
58,269.3
38,269.3
10,269.8
55,269.8
47,270.3
4,270.5
34,270.6
25,270.7
27,271.1
57,271.4
50,271.4
41,271.8
7,272.6
56,272.7
36,272.7
24,273.0
21,273.0
60,273.3
45,273.4
39,273.7
40,273.8
62,273.9
28,274.8
13,274.8
5,275.0
49,276.0
20,276.8
12,277.5
1,277.5
59,277.7
48,277.8
29,277.9
9,278.0
3,278.3
6,278.7
8,278.7
51,278.8
14,278.9
30,279.1
15,279.9
44,280.2
19,280.9
17,281.0
61,281.1
33,281.1
42,281.4
31,282.0
45,282.0
36,282.5
55,282.6
41,282.8
57,283.0
39,283.1
22,283.2
50,283.3
53,283.4
7,283.7
34,283.8
16,283.8
60,283.8
21,284.3
56,284.4
23,285.9
1,285.9
51,286.0
20,286.3
8,286.9
10,287.5
12,287.9
28,287.9
0,288.0
59,288.9
3,288.9
5,289.1
29,290.7
31,291.0
25,291.1
15,291.6
40,291.7
35,292.5
60,293.0
33,293.2
42,293.5
6,293.6
39,293.9
1,294.1
53,294.2
50,294.4
8,294.6
45,294.7
30,295.0
34,295.3
4,295.9
11,296.0
17,296.8
23,297.0
14,297.4
16,297.8
41,298.7
3,299.1
10,299.6
22,299.8
52,300.1
12,300.5
48,300.6
36,300.9
20,301.2
31,301.5
51,302.0
42,302.6
56,302.7
7,303.0
57,303.1
25,303.4
9,303.6
53,303.6
8,304.1
23,305.3
1,305.3
17,305.4
2,305.5
6,305.6
45,305.7
55,305.8
4,306.7
32,306.8
5,307.1
11,307.5
14,308.6
34,309.0
60,309.2
31,309.2
50,309.3
39,309.8
21,309.8
58,309.8
16,311.1
61,311.2
59,311.5
8,312.1
3,312.6
10,312.7
20,313.6
42,314.0
7,314.3
53,314.4
29,314.4
26,314.5
49,314.9
0,315.1
23,315.6
9,316.1
25,316.1
6,316.1
2,316.2
57,316.3
56,316.3
32,317.0
4,317.2
44,317.8
51,318.1
5,318.4
38,318.4
11,318.6
34,319.7
61,319.8
31,320.1
58,320.3
22,320.4
16,321.2
19,321.6
1,322.8
12,323.0
20,323.4
60,324.2
28,324.7
42,325.0
49,325.2
2,325.4
23,325.5
48,325.6
14,325.6
4,325.7
41,325.7
57,326.9
26,327.0
30,327.2
33,327.3
29,327.3
10,327.4
15,327.4
53,327.5
9,327.9
52,327.9
0,329.1
38,329.3
5,329.5
21,330.0
25,330.4
32,330.6
56,330.8
3,330.8
34,330.9
51,330.9
24,331.2
61,331.4
8,331.8
19,332.1
45,332.9
12,333.1
55,333.2
22,335.2
58,335.5
30,335.8
14,336.0
11,336.5
42,336.5
53,336.5
6,337.2
26,337.5
49,337.6
41,337.9
2,338.5
29,339.1
47,339.2
15,339.2
38,339.3
51,339.3
1,339.5
33,340.7
21,340.7
45,341.0
24,341.8
56,342.2
16,342.4
48,343.1
20,343.4
3,343.9
61,343.9
50,343.9
23,344.1
55,346.4
22,346.5
44,347.0
47,348.0
57,348.2
26,348.5
5,348.9
25,349.4
49,349.5
62,350.9
8,351.0
1,351.1
56,351.2
45,351.2
0,351.2
12,351.3
34,351.4
52,351.4
28,351.5
38,351.7
30,352.5
60,352.6
14,353.3
21,353.8
24,355.0
23,355.2
47,355.5
58,355.8
10,357.0
3,357.2
42,357.6
44,357.7
62,359.1
22,359.2
15,359.7
52,360.3
60,361.4
41,362.0
34,362.1
1,362.4
25,362.9
6,363.0
49,363.0
51,363.0
38,364.1
2,364.3
4,364.3
5,364.4
0,365.0
12,365.6
61,365.6
19,366.3
33,366.7
62,366.8
58,366.9
24,367.3
21,367.4
46,368.2
26,368.3
3,371.1
37,371.3
41,371.4
32,371.5
52,371.5
30,372.1
57,372.2
55,372.4
34,372.9
42,373.1
6,373.3
56,373.5
44,373.6
60,373.8
62,374.3
25,374.5
53,374.8
4,374.9
51,375.2
15,375.4
58,375.9
61,376.0
19,377.4
46,377.6
23,378.3
24,378.5
10,378.9
1,379.2
40,379.3
47,379.3
5,379.6
21,379.7
32,379.9
37,380.3
28,380.4
33,380.5
38,380.6
8,380.7
17,380.9
52,381.3
2,381.5
6,381.7
62,382.8
42,383.0
14,383.5
56,383.8
48,384.1
60,384.4
45,384.6
53,384.9
25,385.2
57,385.2
61,385.4
4,385.6
46,385.7
51,386.3
49,386.5
41,386.7
58,386.8
40,386.9
19,387.7
32,388.2
22,388.3
17,388.6
47,388.6
8,389.5
34,389.6
28,389.8
26,390.1
37,390.5
21,391.2
39,391.2
16,391.5
10,391.8
42,392.8
12,393.1
33,393.5
48,394.1
62,394.3
27,394.3
45,394.3
13,394.4
3,394.4
40,394.5
52,395.2
46,396.1
51,396.2
22,396.8
32,397.0
4,397.0
14,397.0
5,397.3
25,399.0
8,399.9
58,400.3
36,400.8
39,401.0
53,401.2
13,402.0
16,402.1
40,402.4
24,402.5
27,402.6
28,402.7
60,402.7
61,402.7
45,402.8
12,404.1
47,404.4
56,404.6
31,404.6
37,405.7
62,405.9
38,406.6
32,407.2
3,407.3
48,407.4
14,407.4
52,407.6
22,408.0
26,408.2
59,409.0
36,409.2
19,409.2
8,409.4
25,409.4
58,409.5
13,409.6
35,410.3
42,410.8
57,410.8
16,410.9
53,411.3
27,411.7
31,411.9
21,412.3
39,412.5
40,413.3
11,413.5
56,413.7
12,414.2
44,415.0
47,415.1
15,415.3
4,415.6
5,416.5
36,416.7
59,417.6
3,417.8
46,418.0
23,418.3
45,418.4
13,418.6
31,419.0
57,419.1
26,419.5
62,419.6
38,419.7
16,419.8
61,419.9
35,419.9
55,419.9
42,420.0
8,420.2
9,420.6
49,420.8
14,420.8
19,421.9
11,422.1
10,422.4
44,423.0
22,423.0
15,423.8
27,424.0
1,424.1
60,424.2
36,424.6
33,424.7
59,425.2
23,425.9
4,426.5
47,426.6
56,427.1
21,427.3
5,427.9
38,428.3
53,428.5
16,428.8
45,428.8
35,429.5
32,430.0
57,430.4
55,430.5
9,430.5
11,431.3
39,431.5
3,431.9
15,432.3
44,432.6
59,432.6
40,432.8
13,432.8
27,433.0
25,433.1
14,433.3
12,433.5
22,433.9
26,434.4
49,434.5
6,434.8
36,434.9
30,435.0
62,435.4
1,435.5
46,437.2
33,437.2
35,438.1
42,438.3
16,438.5
0,438.6
45,438.7
9,439.1
51,440.2
29,440.3
10,440.4
5,440.7
56,441.5
53,441.7
15,441.7
21,442.3
19,443.0
23,443.0
11,443.1
40,443.4
47,443.5
36,443.5
38,443.6
30,443.9
12,443.9
55,444.0
44,444.6
1,444.7
37,444.7
32,444.9
6,445.2
25,445.9
58,446.0
22,446.1
8,446.1
24,446.1
28,447.5
9,447.5
0,448.3
27,448.3
42,448.4
33,448.5
51,448.8
35,449.5
29,450.1
3,450.1
16,450.2
4,450.8
10,450.8
57,451.3
31,451.9
15,452.3
36,452.9
17,453.0
48,453.4
60,453.5
30,454.3
6,454.4
49,454.5
19,454.7
20,454.8
46,455.0
21,455.0
37,455.0
53,455.4
12,455.5
11,456.2
40,456.3
8,457.5
28,457.7
24,457.7
25,457.7
1,458.1
56,458.9
51,459.1
42,459.4
44,459.4
9,459.5
0,459.8
5,459.9
55,460.2
33,460.4
38,460.5
29,461.1
58,461.5
57,461.7
31,461.9
16,462.5
26,462.6
4,462.7
20,463.4
22,463.4
10,463.5
35,463.7
36,463.8
23,463.8
3,464.1
34,464.2
15,464.6
48,464.7
60,464.8
30,465.0
45,466.4
8,466.5
50,466.5
53,468.6
37,468.7
42,468.9
27,469.1
61,469.7
12,470.0
47,470.3
25,470.4
4,470.7
28,471.0
29,471.3
31,471.5
58,472.0
34,472.5
20,473.1
5,473.2
49,473.2
24,473.6
50,474.1
22,474.1
19,474.4
60,474.5
45,475.4
52,475.6
38,475.7
35,476.1
30,476.5
15,476.7
55,476.8
56,477.3
61,477.6
57,477.8
47,478.8
53,479.1
8,479.3
1,480.0
48,480.2
0,480.2
62,481.2
32,481.3
34,481.4
12,481.5
33,481.5
16,481.7
25,482.0
26,482.2
50,482.6
60,482.8
27,482.9
28,482.9
9,483.1
52,483.2
45,483.8
20,484.4
38,484.5
24,485.2
61,485.6
58,485.9
44,486.6
30,486.8
49,486.9
56,487.1
36,487.3
47,488.1
19,488.3
32,489.0
55,489.1
53,489.3
29,489.4
54,489.7
52,491.4
3,491.7
14,492.1
28,492.7
16,492.8
57,493.0
9,493.2
50,493.3
6,493.4
22,493.5
34,493.5
12,493.6
61,493.7
25,494.1
33,494.4
51,494.4
42,494.5
1,494.6
5,494.9
20,495.1
60,495.2
38,495.9
26,495.9
45,496.8
47,497.0
19,497.3
30,497.7
32,497.9
15,498.6
54,499.2
11,499.3
13,499.7
44,500.2
62,501.3
52,502.0
40,502.2
14,502.3
48,502.9
3,503.2
49,503.4
57,503.8
9,503.9
7,504.0
35,504.1
36,504.1
51,504.5
38,505.1
56,505.5
29,505.6
23,505.7
16,506.0
61,506.2
8,507.2
47,507.4
50,507.5
28,507.6
1,507.8
19,507.8
21,508.3
32,508.3
25,508.4
12,508.6
11,508.6
13,508.9
26,509.1
0,509.1
44,509.4
54,509.9
6,510.0
45,510.4
53,511.3
40,511.4
5,511.8
7,512.2
62,512.4
42,512.5
46,513.0
10,513.1
33,513.2
22,513.9
51,513.9
56,514.1
14,515.1
15,515.2
9,515.6
23,516.1
57,516.5
21,516.7
13,517.1
59,517.7
8,518.2
25,518.6
2,518.9
20,519.1
48,519.3
11,519.6
32,520.0
58,520.4
36,520.7
0,521.1
44,521.1
7,521.3
31,521.5
40,521.9
30,522.3
47,522.5
53,523.1
12,523.2
46,523.3
56,524.4
21,524.4
22,524.5
10,524.7
51,524.8
60,525.1
17,525.1
6,525.4
50,525.4
54,525.7
57,526.3
24,526.3
13,526.4
42,526.7
52,526.7
15,527.4
59,527.9
25,527.9
58,528.0
3,528.1
16,528.3
2,528.5
38,528.5
8,528.5
55,529.4
23,529.8
48,530.0
11,530.0
1,530.2
0,530.8
30,531.3
33,531.9
31,532.0
62,532.9
7,533.5
44,533.6
47,533.8
29,533.9
21,534.0
35,534.0
5,535.2
22,535.4
46,535.7
17,536.0
36,536.1
49,536.5
58,536.8
2,537.0
60,537.0
57,537.1
51,537.6
6,537.6
13,538.8
15,538.8
61,538.9
38,539.0
52,539.3
50,539.6
1,540.3
53,540.5
40,540.5
48,540.8
10,540.9
37,541.2
4,541.5
59,541.7
45,542.3
0,542.7
47,543.7
29,543.7
26,543.7
11,544.0
8,544.4
35,544.6
56,544.8
22,545.9
27,546.2
6,546.3
33,546.5
31,546.6
12,546.6
51,547.1
14,547.5
46,548.1
2,548.2
61,548.4
60,548.9
16,549.4
21,549.4
9,549.9
38,549.9
37,549.9
36,550.0
1,550.2
58,550.8
24,551.0
45,551.0
49,551.3
13,551.7
15,551.8
53,552.0
10,552.3
52,552.4
17,552.6
30,554.0
26,554.2
4,554.7
34,554.7
57,554.8
27,555.1
5,555.2
0,555.3
31,556.3
59,556.6
3,556.7
61,557.3
29,557.4
37,557.8
6,558.0
38,558.8
48,559.0
42,559.4
16,560.3
35,560.6
21,560.9
12,561.4
9,561.4
18,561.7
17,561.8
56,561.8
60,561.9
13,562.3
53,562.4
8,563.5
46,563.8
4,563.8
7,563.9
34,564.9
27,565.5
36,565.9
22,565.9
10,566.8
26,566.9
3,567.3
0,567.5
62,567.6
37,567.7
29,567.8
2,567.9
1,568.5
38,569.4
17,569.6
61,569.6
47,570.3
18,570.4
59,570.6
42,571.1
56,571.4
53,571.6
31,571.7
15,572.2
25,572.7
51,572.8
8,573.0
6,573.6
57,574.5
19,574.6
12,574.6
23,574.7
32,575.2
16,575.4
21,575.6
7,575.6
46,575.9
34,576.3
44,576.5
3,577.4
14,577.5
5,577.6
45,577.9
29,578.1
62,578.2
11,578.5
17,580.0
18,580.1
59,580.5
47,581.0
1,581.1
51,581.8
27,582.0
58,582.2
33,582.7
60,582.7
4,583.3
38,583.4
9,583.7
32,584.1
2,584.5
26,584.7
23,584.7
55,584.9
44,585.0
36,585.0
12,585.3
6,585.3
24,585.3
15,586.2
53,587.1
37,587.2
34,587.2
25,587.5
13,587.7
17,588.5
0,588.9
5,589.0
48,589.0
47,589.2
30,589.4
8,589.5
50,589.7
3,589.8
61,590.0
46,590.4
42,590.6
4,592.0
56,592.1
11,592.4
38,592.7
19,592.7
62,592.8
58,592.9
51,593.0
36,593.7
18,593.7
32,594.6
44,595.1
55,595.2
7,595.6
12,595.7
33,596.3
53,596.6
20,597.0
45,597.1
16,597.2
23,597.3
13,598.2
59,598.4
2,598.6
9,599.5
48,599.6
30,599.7
50,600.0
29,600.4
25,600.9
11,602.9
19,602.9
17,603.0
14,603.2
51,603.4
3,603.5
40,604.7
22,604.7
42,604.8
20,605.6
60,605.8
44,606.1
7,606.3
61,606.3
31,606.8
36,606.8
24,606.9
47,607.8
55,608.0
50,608.1
58,608.5
30,608.6
0,609.1
28,609.6
52,609.9
25,610.0
34,611.0
53,611.0
48,611.3
19,611.3
17,611.5
26,611.7
13,612.5
12,612.6
20,612.9
32,613.2
9,613.3
5,614.2
40,614.7
6,615.1
42,615.4
21,615.7
2,615.7
45,615.8
14,616.1
22,616.2
31,617.4
50,618.1
24,618.1
28,618.6
51,618.6
35,619.4
52,620.0
46,620.3
11,620.7
60,620.8
29,621.0
15,621.1
16,621.1
53,621.3
20,621.6
26,621.7
7,621.9
10,622.0
61,622.1
25,622.1
30,622.5
8,622.7
19,623.9
42,624.1
40,624.5
33,624.5
5,624.7
6,625.4
0,625.7
31,625.9
44,626.0
13,626.3
37,627.1
3,627.2
45,627.4
47,627.7
21,627.8
28,628.9
48,629.0
4,629.6
35,629.8
2,630.1
51,630.2
14,630.5
16,630.9
8,630.9
15,631.1
20,631.1
10,631.4
38,631.7
17,632.0
42,632.8
52,632.8
22,633.1
23,633.5
25,633.9
19,634.4
46,634.9
29,634.9
7,635.2
61,635.2
40,635.5
5,635.5
6,636.7
26,637.1
0,637.1
31,637.2
55,637.2
37,637.5
45,637.6
21,637.6
50,638.2
51,639.6
57,639.7
8,639.9
9,640.2
39,640.7
15,640.8
24,641.0
47,641.1
23,641.5
1,641.6
53,641.6
13,642.1
17,642.2
35,642.6
38,642.6
10,642.9
20,642.9
48,643.1
12,643.2
7,644.0
28,644.2
16,645.5
19,646.0
45,646.5
44,647.0
4,647.2
25,648.5
57,648.8
6,649.1
56,649.4
37,649.7
9,650.0
42,650.1
39,650.1
51,650.2
26,650.7
23,651.0
1,651.3
15,652.4
12,652.6
0,652.8
8,653.1
5,653.1
14,653.2
31,653.6
40,653.7
21,653.8
32,654.1
10,654.1
7,655.2
29,655.7
19,656.0
61,656.8
2,656.9
4,657.0
34,657.2
56,657.3
53,657.4
45,657.8
57,659.5
9,659.5
60,660.5
23,660.6
42,660.6
37,660.8
39,660.8
6,660.9
38,660.9
44,661.2
35,661.3
25,661.5
48,661.7
12,662.2
22,662.5
14,662.9
1,663.1
32,663.7
17,664.2
0,664.5
7,665.0
5,665.6
3,666.0
21,666.4
4,666.4
52,666.6
53,666.9
40,666.9
34,667.7
16,667.7
8,667.9
50,668.5
60,668.6
2,669.3
62,669.5
23,669.7
31,669.8
13,670.7
19,670.9
49,671.0
58,671.0
11,671.0
9,671.1
22,671.5
38,672.4
44,672.7
25,672.8
17,673.5
6,673.9
10,674.1
47,674.2
27,674.8
32,675.6
7,675.7
35,676.1
60,676.2
12,676.2
39,676.6
3,677.2
4,677.3
57,677.4
16,677.9
14,678.0
61,678.0
62,678.5
50,678.9
51,679.6
58,679.7
53,680.1
49,680.6
5,680.8
19,681.1
56,681.5
42,681.5
34,681.6
25,681.7
11,681.9
21,682.0
27,682.0
23,682.5
6,682.5
2,682.5
22,683.3
47,683.3
13,683.6
36,684.3
9,684.3
44,684.4
0,684.6
52,684.7
7,685.6
60,685.7
48,686.1
15,686.8
1,687.1
37,687.2
58,687.7
3,688.0
35,688.4
62,688.8
12,689.0
27,689.3
57,690.1
56,690.1
10,690.6
51,691.0
53,691.3
19,691.4
49,691.7
16,692.4
36,693.0
5,693.1
21,694.2
52,694.4
50,694.5
44,695.9
2,696.2
11,696.2
32,696.3
45,696.9
27,697.2
6,697.7
20,698.0
33,698.2
1,698.8
26,698.9
12,699.2
61,699.4
8,699.7
42,699.8
38,700.3
37,700.3
19,700.8
7,701.0
53,702.5
0,702.7
36,702.9
30,703.2
51,703.4
9,703.6
15,703.7
3,704.2
60,704.4
62,704.6
57,704.7
32,704.9
55,705.3
23,705.6
20,705.9
45,706.0
44,706.1
52,706.2
48,706.2
56,706.4
33,706.7
6,706.9
16,707.3
49,708.5
5,708.8
27,708.8
14,709.2
42,710.0
12,710.1
26,710.3
30,710.6
61,711.1
11,711.1
38,711.7
51,711.8
8,712.2
0,712.2
17,712.2
34,712.7
28,713.1
1,714.0
20,714.1
7,714.5
53,714.8
55,715.3
25,715.4
32,715.5
23,715.7
15,715.8
33,716.3
13,716.7
52,717.3
3,717.5
36,717.7
44,717.8
62,718.5
6,718.6
22,718.6
16,720.1
42,720.3
9,720.4
61,720.5
60,720.9
34,721.4
49,721.6
8,721.8
11,721.9
14,722.0
17,722.3
28,722.4
10,724.1
32,724.3
25,724.4
20,724.8
5,725.2
38,725.3
46,725.4
12,725.6
29,725.7
7,726.1
26,726.2
40,726.6
53,726.8
55,727.3
15,727.8
0,728.2
56,728.3
54,728.8
6,729.2
34,729.8
22,729.8
33,730.2
42,730.3
44,730.9
58,731.1
14,731.1
8,731.2
3,731.3
16,732.3
62,733.1
28,733.2
11,733.2
25,734.2
40,734.8
46,734.9
1,735.5
21,735.5
10,735.6
29,735.7
61,736.0
48,736.1
54,736.3
38,736.7
5,736.8
24,737.8
13,738.6
53,739.4
12,739.4
15,740.0
56,740.0
8,740.8
23,741.3
22,741.5
19,742.2
34,742.4
58,743.6
40,743.6
32,743.9
54,744.3
6,744.6
25,745.0
14,745.7
17,745.9
21,745.9
46,746.1
10,746.1
26,747.7
29,747.8
24,747.8
30,747.8
2,747.9
62,748.1
53,748.4
38,748.5
3,748.6
61,748.6
55,748.7
48,749.8
56,750.1
36,750.3
28,750.3
13,750.5
1,750.8
35,751.3
42,751.3
40,751.9
5,753.8
15,754.1
54,754.1
17,754.6
27,754.6
22,756.0
24,756.5
34,756.9
9,757.0
21,757.1
32,757.3
11,757.9
29,758.1
44,758.2
52,758.4
20,758.5
26,758.7
12,759.0
2,759.1
25,759.2
13,759.8
46,759.9
36,760.0
61,760.5
10,760.6
55,760.7
28,760.8
42,761.4
60,761.5
35,761.7
0,761.7
8,761.8
14,762.3
51,763.2
37,763.7
6,763.9
48,764.0
27,764.0
40,765.0
62,765.3
56,766.0
7,766.3
15,766.6
58,766.8
47,767.3
41,768.2
24,768.2
60,769.3
12,769.4
11,769.6
9,769.6
20,770.0
22,770.7
54,770.8
0,770.8
26,771.1
42,771.4
52,772.2
37,772.2
5,772.3
31,772.3
61,772.5
36,772.5
33,772.5
51,772.7
53,773.0
46,773.4
29,773.5
17,773.6
16,773.7
2,774.1
8,774.3
56,774.3
35,774.5
7,774.6
4,775.4
10,775.5
27,775.6
21,775.8
50,776.0
13,776.0
41,776.8
40,776.8
60,777.4
38,777.5
57,777.6
44,778.4
6,779.0
31,779.4
3,779.7
12,780.0
22,780.0
15,780.1
55,780.4
9,780.9
36,781.3
0,782.1
37,782.1
34,782.2
48,782.2
42,782.3
14,782.5
16,782.5
45,783.0
7,783.1
28,783.8
33,784.1
17,784.4
47,785.2
2,785.2
54,785.3
50,785.9
41,786.3
38,786.5
57,786.6
13,786.8
31,786.8
39,787.2
52,787.4
56,787.5
5,787.7
25,787.9
26,787.9
4,788.1
29,788.5
61,788.6
24,788.6
22,788.8
20,789.5
44,789.8
37,790.5
45,790.6
6,790.8
12,791.2
21,791.4
23,791.6
8,791.9
14,793.0
17,793.8
16,794.0
51,794.4
33,794.6
0,794.6
31,794.8
47,794.8
49,794.9
53,794.9
38,795.0
15,795.3
36,795.7
25,796.1
7,796.3
50,796.7
39,796.8
57,796.9
41,797.0
2,797.2
59,797.5
13,798.2
52,798.5
34,800.5
6,800.5
4,800.6
9,800.6
23,800.7
10,801.1
56,801.3
22,801.3
21,802.2
26,802.8
16,803.3
8,803.3
37,803.5
19,803.6
17,803.7
51,803.8
27,804.1
60,804.2
57,805.0
35,805.2
49,805.4
14,805.9
59,805.9
24,806.5
41,807.3
50,807.4
39,807.8
13,808.0
2,808.4
23,809.0
1,809.3
55,809.3
30,809.5
47,810.4
33,810.9
56,811.0
15,811.1
4,811.4
53,811.6
44,812.1
6,812.5
21,812.9
51,813.3
3,813.4
59,813.9
5,814.0
10,815.1
11,815.4
61,815.5
45,815.6
12,815.7
30,816.5
16,816.5
46,816.7
57,816.9
60,817.0
23,817.2
26,817.7
49,818.3
9,818.5
48,818.6
38,818.9
1,819.0
24,819.1
58,819.5
31,819.5
52,819.5
22,820.2
53,820.7
2,820.8
8,821.0
55,821.4
59,821.8
6,822.3
15,823.9
25,824.0
39,824.6
46,825.2
21,825.6
12,826.1
3,826.2
29,826.2
5,827.0
1,827.2
50,827.3
58,827.4
42,827.5
41,827.5
11,827.5
48,827.9
38,828.1
33,828.5
56,828.6
37,828.7
44,828.7
61,828.8
16,829.5
23,829.7
52,829.8
60,830.2
13,830.3
55,830.7
9,831.0
19,831.5
59,832.3
51,832.3
7,832.5
25,833.3
47,834.3
46,834.5
24,834.5
58,835.0
31,835.2
53,835.5
42,835.6
8,836.6
12,836.7
48,837.0
40,837.1
1,837.3
29,837.4
57,837.7
38,838.0
5,839.5
30,840.0
3,840.3
60,840.4
19,840.5
50,840.5
33,840.5
51,841.4
0,841.4
22,841.7
44,841.9
62,841.9
17,842.0
45,842.2
7,842.3
52,842.4
15,843.1
37,843.3
47,843.8
26,843.9
4,843.9
58,844.0
49,844.6
25,844.6
56,844.8
53,845.0
55,845.4
1,845.6
21,845.7
9,846.1
11,846.3
12,846.7
48,846.7
27,846.9
40,847.4
24,848.1
46,848.4
29,848.4
16,848.6
19,849.0
60,850.0
34,850.3
51,850.6
3,850.8
62,850.9
17,851.3
61,851.4
30,851.6
45,851.8
7,851.9
8,852.1
0,852.3
57,852.3
47,852.4
42,852.5
25,854.4
52,854.5
33,854.5
53,854.6
31,855.5
27,856.2
49,856.5
9,856.7
41,857.4
1,857.9
34,858.4
38,859.1
15,859.4
6,859.4
60,860.2
4,860.2
12,860.3
40,860.3
48,861.1
46,861.1
42,861.3
62,861.4
45,861.6
17,862.1
21,862.6
3,862.6
11,862.8
30,862.9
37,863.5
59,863.9
51,863.9
52,864.4
25,865.4
26,865.5
61,866.4
5,866.8
0,866.8
27,867.3
31,867.5
7,867.5
6,867.8
34,868.0
38,868.5
41,868.6
32,868.9
53,869.3
22,870.4
24,870.7
50,870.9
28,870.9
60,871.0
44,871.1
29,871.3
56,871.5
9,871.9
58,872.4
30,872.4
15,872.5
16,872.6
1,872.7
11,873.5
3,873.8
51,873.9
52,874.0
4,874.2
21,874.5
57,874.9
25,875.5
59,875.6
6,875.7
8,876.8
19,877.3
32,877.4
13,877.6
42,877.7
62,877.8
48,877.9
37,878.2
7,878.5
0,878.9
5,879.2
12,879.4
47,879.8
28,879.9
38,880.3
45,881.0
53,882.5
34,882.6
60,882.8
4,882.8
58,883.2
56,883.6
22,884.2
55,884.5
51,884.7
14,885.1
8,885.2
41,885.4
6,885.7
13,886.1
31,886.3
21,886.3
15,886.8
42,886.8
32,886.9
9,887.1
1,887.6
16,888.1
52,888.3
49,888.5
57,888.6
0,888.7
47,889.5
27,889.6
28,890.3
33,890.3
2,891.0
7,891.4
40,891.5
53,891.9
56,892.0
38,892.1
12,892.3
48,892.6
5,893.0
23,893.2
14,894.0
58,894.1
51,894.3
13,894.8
22,895.3
29,895.6
11,895.8
32,895.8
42,896.1
8,896.2
30,896.6
55,896.6
59,897.3
21,898.1
24,898.6
27,899.1
26,899.2
1,899.9
44,900.7
38,901.3
2,901.4
36,901.7
15,902.5
4,902.5
40,902.7
23,902.8
9,903.0
16,903.1
12,903.4
17,903.6
31,904.2
14,904.3
33,904.3
7,904.6
51,905.2
13,905.2
56,905.7
28,906.0
0,906.1
32,906.2
61,906.2
8,906.6
53,906.7
62,907.1
46,907.1
25,907.2
29,908.0
22,908.3
19,908.9
60,909.2
41,909.5
44,909.8
57,909.9
36,910.1
26,910.2
11,910.3
52,910.8
10,911.3
5,911.3
17,911.9
42,912.5
27,912.7
49,912.9
1,913.2
24,913.4
30,913.9
15,913.9
4,913.9
38,914.0
23,914.2
2,914.2
53,915.6
28,915.6
45,915.6
46,915.6
55,915.7
13,916.3
61,916.9
36,917.5
34,917.6
19,917.7
62,917.9
7,918.1
12,918.2
41,918.6
37,918.6
22,918.6
0,918.7
16,918.9
35,919.0
9,919.2
21,919.3
57,919.7
44,919.9
10,919.9
58,919.9
25,920.5
14,920.6
26,922.3
8,922.3
48,922.4
5,922.7
42,922.7
38,923.2
60,923.7
40,924.1
52,924.3
49,924.6
46,925.0
30,925.1
36,925.4
56,925.7
45,926.0
61,926.4
19,926.4
11,927.0
53,927.2
35,928.2
6,928.4
28,928.8
16,928.8
12,928.8
41,928.9
37,929.2
10,929.3
1,929.4
34,929.6
57,929.8
25,930.0
32,930.1
58,931.8
51,932.5
22,932.7
62,933.3
9,933.5
47,933.7
5,933.8
7,933.9
36,934.3
49,934.3
4,934.4
15,934.4
33,934.7
20,935.0
23,935.2
21,935.2
46,935.9
52,936.0
29,936.2
30,936.8
6,937.2
0,937.4
16,938.0
44,938.0
35,938.1
45,939.5
31,939.8
13,939.8
12,940.1
48,940.4
11,940.7
56,940.9
58,941.2
61,941.6
51,941.8
47,942.0
2,942.0
60,942.1
10,942.5
14,942.6
37,943.2
36,943.2
28,943.6
20,943.6
7,943.6
19,943.8
8,944.3
22,945.2
30,945.7
46,946.3
6,946.8
40,946.8
15,947.0
33,947.4
1,947.4
52,947.8
35,947.9
34,948.3
56,949.6
45,949.7
31,950.2
38,950.3
42,950.3
49,950.4
13,950.7
47,950.9
29,951.5
41,951.6
32,951.6
48,952.5
20,953.0
11,953.7
7,954.0
14,954.0
57,954.4
6,954.4
8,954.7
26,954.8
10,955.0
0,955.5
12,955.8
53,956.3
5,957.1
9,957.1
16,957.5
2,957.6
40,957.9
15,958.0
3,959.2
30,959.7
42,959.7
33,959.9
50,960.0
4,960.1
52,960.3
1,960.3
22,960.4
38,960.5
58,960.7
51,961.6
32,961.6
36,962.2
23,962.8
14,962.9
31,964.1
7,964.2
56,964.3
35,964.4
26,964.7
6,964.7
8,964.7
49,964.8
13,964.9
47,965.0
20,966.0
29,966.0
44,966.2
2,968.4
30,969.0
0,969.1
4,969.1
3,969.2
50,969.7
53,970.0
45,970.3
55,970.3
16,970.8
38,970.9
28,971.0
9,971.2
33,971.2
15,971.8
51,971.9
21,971.9
14,972.2
17,972.5
61,972.5
12,974.1
46,974.2
36,974.3
23,974.6
19,974.6
42,974.6
54,974.9
34,975.7
44,976.0
18,976.7
32,976.8
40,977.3
3,977.6
4,977.6
53,979.1
8,979.1
50,979.2
0,979.3
26,979.3
22,979.4
38,979.7
11,980.4
52,980.7
55,980.7
10,981.0
45,981.3
56,981.4
51,981.6
29,981.6
21,981.8
49,982.0
14,982.1
58,982.2
17,982.4
35,982.5
25,982.7
19,983.7
9,984.0
16,984.1
28,984.3
34,984.4
54,984.4
12,985.0
61,985.1
33,985.2
46,985.2
18,985.3
13,985.3
30,985.5
43,985.5
32,986.5
7,986.7
42,987.6
3,988.8
50,989.9
44,990.0
58,990.5
56,990.7
2,990.8
48,991.0
22,991.5
4,991.8
15,991.8
23,991.8
5,992.5
21,992.5
20,993.0
54,993.3
25,993.4
55,993.6
36,993.7
52,994.1
34,994.4
61,994.5
43,994.6
18,995.0
29,995.7
19,995.8
62,996.1
31,996.2
12,996.2
45,996.4
9,996.5
47,996.7
8,996.8
13,997.1
42,997.3
7,997.4
14,998.4
32,999.5
26,999.5
6,1000.4
16,1000.6
0,1000.7
44,1001.1
27,1001.4
10,1001.4
54,1001.4
38,1001.6
53,1001.9
17,1002.9
11,1003.4
50,1003.4
21,1003.9
23,1004.0
52,1004.1
30,1004.1
2,1004.3
48,1004.5
20,1004.6
62,1004.7
56,1004.8
43,1004.9
47,1004.9
37,1005.0
41,1005.1
19,1005.5
3,1005.5
5,1006.6
45,1006.6
31,1006.9
60,1007.5
7,1007.6
15,1008.0
61,1008.4
18,1008.5
42,1008.6
6,1008.6
58,1009.1
49,1009.2
12,1009.2
35,1009.3
27,1009.9
9,1010.4
36,1010.8
26,1011.4
29,1011.6
46,1011.8
38,1012.0
62,1012.5
54,1012.6
34,1012.7
44,1013.0
40,1013.4
47,1013.5
16,1013.8
32,1013.9
37,1014.4
41,1014.6
10,1014.7
56,1014.8
22,1014.8
30,1015.0
53,1015.2
8,1015.6
21,1015.8
23,1016.3
60,1017.0
2,1017.7
42,1017.9
48,1018.1
4,1018.2
31,1018.4
50,1018.6
61,1019.0
25,1019.1
11,1019.3
27,1019.5
43,1020.1
15,1020.8
5,1021.2
47,1021.6
40,1022.2
62,1022.3
52,1023.7
28,1023.8
46,1023.8
38,1024.0
55,1024.0
12,1024.0
29,1024.4
22,1024.5
17,1024.6
20,1025.4
60,1025.6
37,1025.6
41,1025.8
13,1026.9
39,1027.0
31,1027.5
32,1027.6
3,1027.6
53,1027.8
26,1028.1
48,1028.2
21,1028.5
45,1028.7
1,1029.1
4,1029.8
35,1030.5
33,1030.5
8,1030.7
14,1030.8
10,1031.3
5,1031.6
7,1032.0
23,1032.8
27,1033.2
40,1033.3
17,1033.3
46,1035.1
60,1035.4
38,1035.4
50,1035.5
61,1035.9
44,1036.0
28,1036.4
16,1036.4
39,1036.4
12,1037.5
34,1037.7
4,1037.7
31,1038.0
1,1038.1
21,1039.2
13,1039.5
25,1039.5
35,1040.5
11,1040.8
3,1040.9
42,1041.0
22,1041.4
62,1041.8
5,1042.5
26,1042.8
33,1043.2
48,1043.6
40,1044.0
8,1044.3
45,1044.4
37,1045.3
38,1045.3
49,1046.0
1,1046.2
7,1046.3
41,1046.5
31,1047.1
39,1047.2
16,1047.7
30,1048.3
59,1048.6
61,1048.6
28,1048.6
6,1048.7
4,1049.0
47,1050.0
50,1050.1
44,1050.1
36,1050.6
13,1051.2
60,1052.0
53,1052.3
45,1052.9
34,1053.8
15,1054.1
42,1054.2
12,1054.2
40,1054.5
21,1054.7
20,1054.8
23,1055.3
5,1055.5
25,1056.1
49,1056.2
8,1056.2
35,1056.5
1,1056.7
59,1057.1
32,1057.1
36,1057.8
52,1057.9
57,1058.0
22,1058.5
48,1058.5
55,1058.5
4,1058.7
6,1058.8
3,1058.9
30,1060.0
29,1060.7
61,1060.7
17,1060.8
10,1061.1
38,1061.2
13,1061.2
16,1061.3
53,1061.3
7,1061.7
28,1062.0
44,1062.5
39,1063.1
45,1063.4
20,1063.9
51,1064.0
58,1064.3
60,1064.4
15,1064.5
33,1064.6
2,1064.6
23,1064.9
49,1065.3
12,1065.7
59,1066.4
21,1066.6
57,1066.7
1,1067.8
25,1067.9
4,1068.1
62,1069.1
32,1069.2
30,1069.5
31,1069.6
34,1069.8
55,1070.1
17,1070.2
53,1070.4
52,1070.4
10,1071.3
46,1071.8
9,1072.0
16,1072.4
61,1072.5
58,1073.5
41,1073.6
11,1073.6
36,1073.9
29,1074.0
3,1074.1
39,1074.1
51,1074.2
49,1074.8
60,1074.8
15,1075.0
47,1075.2
33,1075.5
6,1075.5
20,1075.8
2,1076.0
57,1076.5
12,1076.5
14,1076.8
42,1077.3
1,1077.3
8,1077.7
54,1077.9
28,1078.1
13,1078.4
59,1079.2
23,1079.4
40,1079.6
21,1079.9
34,1080.2
31,1080.3
9,1080.4
5,1080.6
62,1080.9
7,1080.9
58,1081.5
10,1081.7
38,1081.9
25,1082.1
16,1082.5
61,1082.9
0,1083.5
46,1083.8
19,1084.4
22,1084.8
41,1084.8
11,1086.2
42,1086.2
30,1086.3
56,1086.3
2,1086.6
24,1086.9
55,1087.1
51,1087.1
14,1087.3
3,1087.6
54,1088.3
15,1088.3
37,1088.6
57,1089.4
9,1089.7
49,1089.8
34,1090.0
52,1090.3
40,1090.4
26,1090.4
58,1090.5
33,1090.7
32,1091.0
38,1091.0
17,1091.6
35,1091.7
47,1091.8
5,1092.4
6,1092.5
0,1093.0
12,1093.1
25,1093.2
22,1093.7
7,1093.7
56,1095.2
16,1095.7
8,1096.0
24,1096.6
28,1096.6
46,1096.7
1,1096.8
51,1096.9
44,1097.2
42,1097.2
45,1097.6
10,1097.9
37,1098.0
59,1098.2
18,1098.9
30,1099.5
9,1099.6
57,1099.6
4,1099.9
38,1099.9
39,1100.0
36,1100.4
17,1100.7
14,1100.8
52,1100.8
54,1100.9
11,1101.0
26,1101.0
34,1101.1
3,1101.1
62,1101.3
41,1101.9
32,1102.2
6,1102.6
29,1102.7
19,1104.1
0,1104.1
35,1104.3
2,1104.4
25,1104.5
58,1105.3
56,1105.3
61,1105.6
21,1105.7
45,1105.8
50,1105.8
13,1106.4
27,1106.5
60,1106.6
33,1106.6
22,1106.7
42,1107.1
24,1107.7
12,1107.7
18,1107.8
16,1108.1
5,1108.2
30,1108.7
7,1109.0
44,1109.2
4,1109.2
37,1109.4
9,1110.1
59,1110.4
57,1110.5
32,1110.9
17,1111.0
26,1111.6
53,1112.6
48,1113.1
46,1113.1
11,1113.1
28,1113.4
25,1113.4
39,1113.6
27,1113.8
35,1114.5
10,1116.1
42,1116.2
47,1116.3
19,1116.4
50,1116.4
3,1116.5
51,1117.5
6,1117.8
18,1117.9
23,1118.0
13,1118.1
21,1118.4
37,1118.5
36,1118.5
12,1119.0
61,1119.5
60,1119.5
34,1119.6
2,1119.8
32,1120.1
5,1120.2
40,1120.4
38,1120.4
1,1120.4
9,1121.3
44,1121.3
56,1121.6
0,1121.7
52,1121.9
26,1122.2
48,1123.2
33,1123.5
11,1123.5
47,1123.9
24,1124.6
53,1124.6
57,1125.8
28,1126.3
54,1127.7
42,1127.9
30,1128.2
3,1128.4
15,1128.6
59,1128.6
23,1129.0
13,1129.5
50,1129.7
19,1129.9
36,1130.4
7,1130.9
12,1131.4
61,1131.5
35,1131.8
1,1131.9
18,1133.0
34,1133.2
44,1133.3
48,1133.4
38,1133.9
37,1134.0
52,1134.3
53,1134.7
25,1135.4
33,1136.7
17,1136.8
42,1137.2
15,1137.3
59,1137.6
60,1137.8
21,1138.1
0,1138.4
19,1138.5
7,1140.3
1,1141.4
32,1141.7
58,1142.0
5,1142.1
38,1143.1
57,1143.1
30,1143.3
9,1143.5
45,1143.7
3,1143.8
47,1143.9
13,1144.2
23,1144.8
4,1144.9
17,1145.0
36,1145.9
53,1145.9
15,1146.3
34,1146.3
11,1147.1
42,1147.9
6,1147.9
44,1148.3
19,1148.5
12,1148.5
54,1148.7
10,1148.9
26,1149.4
46,1149.7
48,1149.9
31,1150.1
27,1150.4
49,1150.5
52,1150.6
1,1150.9
21,1151.1
61,1151.2
58,1152.0
38,1152.6
59,1153.1
57,1153.2
50,1153.6
55,1154.2
9,1154.2
60,1154.4
0,1154.8
13,1155.1
4,1155.3
5,1155.6
7,1155.8
6,1156.3
2,1156.8
29,1157.2
53,1158.1
15,1158.2
46,1158.4
40,1158.5
37,1158.5
42,1158.6
19,1158.8
31,1159.1
48,1160.3
10,1160.4
11,1161.0
1,1161.3
49,1161.4
58,1161.9
50,1162.8
34,1163.1
54,1163.2
38,1163.4
44,1163.6
52,1163.8
43,1164.0
55,1164.2
30,1164.4
36,1164.9
29,1165.7
21,1165.7
3,1165.9
6,1166.2
47,1167.0
31,1167.3
9,1167.9
12,1168.2
7,1168.5
15,1168.6
61,1169.0
2,1169.4
46,1169.5
5,1169.7
35,1169.8
40,1169.9
26,1170.6
49,1171.1
10,1171.2
48,1171.3
1,1171.3
53,1171.7
58,1172.0
24,1172.4
57,1172.5
37,1172.8
43,1173.1
51,1173.3
45,1174.0
32,1174.4
50,1174.6
29,1175.2
31,1176.3
55,1176.3
3,1177.1
36,1177.1
6,1177.5
21,1177.7
40,1179.2
0,1179.3
56,1179.6
60,1179.7
61,1179.7
23,1180.3
58,1180.5
15,1180.7
44,1181.1
49,1181.1
47,1181.6
35,1181.8
28,1181.8
12,1182.2
48,1182.2
51,1182.4
1,1182.8
9,1183.1
24,1183.3
43,1183.3
5,1183.5
30,1183.7
10,1184.0
45,1184.1
57,1185.0
32,1185.4
29,1185.5
34,1185.9
36,1187.2
3,1187.6
52,1188.0
56,1188.3
40,1188.8
26,1189.9
20,1190.0
31,1190.2
51,1190.2
25,1190.5
60,1191.0
6,1191.1
23,1191.1
2,1191.3
11,1191.5
28,1191.6
0,1192.4
42,1192.5
53,1193.0
61,1193.1
19,1193.6
27,1193.9
45,1194.0
49,1195.0
56,1195.4
57,1195.6
32,1195.9
46,1196.4
5,1196.6
30,1196.8
17,1197.5
24,1197.5
25,1197.7
43,1198.3
20,1198.7
51,1198.9
21,1198.9
55,1199.1
10,1199.4
6,1199.5
35,1199.9
29,1199.9
52,1200.0
26,1200.4
58,1200.5
9,1200.6
11,1200.6
15,1201.2
60,1201.3
3,1201.3
40,1202.0
7,1203.2
56,1203.2
1,1203.3
27,1203.5
28,1203.6
32,1204.1
53,1204.2
36,1204.4
0,1204.6
57,1204.8
30,1205.1
23,1205.9
34,1206.2
17,1206.3
49,1207.9
19,1208.1
51,1208.2
37,1208.3
20,1208.3
61,1208.8
5,1209.0
46,1209.0
58,1209.9
6,1210.1
26,1210.4
45,1210.5
60,1210.7
42,1211.3
12,1212.2
11,1212.2
22,1212.5
1,1213.0
16,1213.5
4,1213.6
21,1214.9
15,1215.0
32,1215.3
53,1215.3
27,1215.4
9,1215.5
18,1215.6
8,1215.8
3,1215.9
30,1216.0
51,1216.2
19,1217.1
31,1217.7
40,1218.1
57,1218.5
23,1218.9
45,1218.9
28,1219.0
20,1219.1
36,1219.4
37,1219.5
56,1220.1
58,1220.2
60,1220.3
12,1221.1
16,1221.1
22,1221.7
46,1221.8
49,1222.3
26,1222.6
38,1222.7
52,1222.7
6,1222.9
8,1223.2
4,1224.1
18,1224.6
10,1225.1
14,1225.5
44,1225.6
31,1225.8
51,1226.1
53,1226.6
33,1226.8
5,1227.0
30,1227.0
29,1227.1
42,1227.7
15,1228.0
3,1228.2
16,1228.4
22,1229.4
7,1229.4
54,1229.6
20,1229.7
23,1229.7
8,1230.1
60,1231.1
11,1231.2
12,1231.5
28,1232.2
0,1232.3
21,1232.4
32,1232.4
44,1233.5
45,1233.8
38,1234.4
1,1234.6
2,1234.7
14,1234.8
18,1234.8
37,1235.9
10,1235.9
31,1236.0
49,1236.4
4,1236.5
16,1236.6
33,1236.9
25,1237.0
53,1237.1
57,1237.8
6,1238.0
52,1238.3
22,1239.0
7,1239.1
50,1239.3
40,1239.6
41,1239.7
54,1239.8
15,1239.8
30,1240.1
23,1240.5
42,1241.9
60,1242.4
34,1242.5
56,1242.7
44,1242.8
29,1243.3
61,1244.2
12,1244.3
28,1244.7
59,1244.9
0,1245.2
14,1245.3
2,1245.9
4,1246.4
19,1246.7
41,1246.7
6,1246.8
53,1247.0
38,1247.3
27,1247.3
47,1247.7
16,1248.5
7,1248.7
33,1249.0
50,1249.6
21,1250.0
18,1250.4
40,1250.7
5,1250.9
32,1251.4
34,1251.6
54,1252.1
42,1252.8
23,1253.4
57,1253.5
59,1253.5
20,1253.8
45,1254.0
44,1254.0
41,1254.0
30,1254.1
10,1254.4
61,1254.6
22,1255.0
28,1255.1
14,1255.5
12,1255.5
55,1255.9
27,1256.2
47,1256.5
38,1256.9
0,1256.9
46,1257.3
56,1258.0
31,1258.1
1,1258.4
34,1259.9
11,1260.0
6,1260.0
19,1260.1
60,1260.3
26,1260.4
7,1260.8
2,1260.9
8,1261.3
41,1262.2
50,1262.3
5,1262.7
59,1263.2
20,1263.2
61,1263.4
21,1264.0
44,1264.9
45,1265.0
33,1265.7
15,1266.0
12,1266.0
55,1266.2
58,1266.6
47,1266.6
0,1266.7
24,1267.0
46,1267.3
27,1268.2
14,1268.6
34,1269.1
25,1269.4
53,1269.9
4,1270.4
29,1270.9
1,1272.0
61,1272.3
7,1272.6
28,1273.1
41,1274.2
26,1274.4
60,1274.4
45,1274.5
20,1275.6
23,1275.6
5,1275.8
46,1276.2
12,1276.5
49,1276.6
54,1276.6
40,1276.8
0,1277.1
16,1277.2
24,1277.3
59,1277.3
27,1277.4
25,1277.5
17,1277.6
19,1278.6
53,1278.8
21,1278.8
55,1278.8
14,1278.9
32,1279.2
42,1279.2
22,1280.4
44,1280.6
33,1281.3
15,1281.6
47,1282.4
7,1282.4
45,1284.0
34,1284.2
62,1284.3
29,1285.1
26,1285.7
23,1285.8
61,1286.0
46,1286.0
41,1286.5
16,1286.5
24,1286.7
43,1287.0
5,1287.7
4,1287.7
57,1287.8
50,1289.3
17,1289.3
42,1289.5
49,1289.8
30,1290.0
32,1290.9
47,1291.5
12,1292.0
19,1292.2
40,1292.7
60,1292.7
62,1293.0
21,1293.0
8,1294.1
22,1294.5
15,1294.8
9,1295.6
43,1296.3
27,1296.3
7,1296.4
48,1296.6
24,1296.9
3,1297.2
34,1297.4
42,1297.8
11,1298.1
16,1299.1
57,1299.1
26,1300.0
47,1300.1
53,1300.2
4,1300.4
5,1300.7
30,1300.9
17,1302.2
40,1302.4
45,1302.5
62,1302.5
12,1303.3
19,1303.4
14,1303.5
41,1303.5
23,1303.6
58,1304.2
48,1304.8
49,1304.9
51,1305.1
21,1305.4
9,1305.6
3,1306.0
61,1306.2
55,1306.2
50,1306.5
7,1306.5
24,1306.7
43,1307.1
56,1307.7
11,1307.8
46,1307.9
8,1308.3
6,1308.3
33,1308.5
1,1309.1
4,1309.3
30,1309.3
34,1309.9
44,1310.1
53,1310.2
60,1311.0
32,1311.6
58,1311.8
17,1312.5
16,1312.7
51,1313.1
57,1313.6
48,1314.1
3,1314.5
62,1315.8
12,1315.9
15,1316.2
50,1316.4
23,1316.7
0,1316.8
56,1316.8
2,1317.1
9,1317.6
45,1317.6
42,1317.7
6,1317.7
1,1318.2
35,1318.4
20,1318.5
11,1318.7
40,1318.9
8,1319.0
47,1319.3
30,1319.4
14,1320.0
34,1320.4
24,1320.6
53,1320.7
21,1322.2
60,1322.5
52,1323.0
33,1323.2
3,1323.3
49,1323.3
57,1323.9
43,1324.0
44,1324.2
10,1324.7
6,1324.9
2,1325.2
39,1325.5
1,1326.2
18,1326.2
48,1327.1
15,1327.3
58,1327.7
56,1327.7
35,1328.0
26,1328.4
45,1328.7
41,1328.8
20,1328.9
59,1329.0
0,1329.6
8,1329.8
50,1330.1
4,1330.1
9,1330.2
7,1330.4
13,1330.9
53,1331.2
30,1331.4
12,1331.9
31,1332.0
57,1332.1
46,1332.4
52,1332.5
42,1332.7
10,1333.2
17,1333.5
19,1333.5
6,1333.7
60,1334.0
2,1334.4
38,1334.7
21,1334.8
39,1334.9
62,1335.3
18,1335.3
22,1336.8
55,1336.8
3,1337.0
32,1337.1
33,1337.1
35,1337.4
1,1337.6
59,1338.3
44,1338.4
8,1339.0
15,1339.0
13,1339.5
0,1339.5
11,1339.7
4,1339.8
25,1339.9
31,1340.8
50,1341.7
5,1341.7
41,1341.7
36,1341.8
61,1341.9
52,1342.0
56,1342.4
20,1342.6
26,1342.6
19,1343.0
10,1343.0
45,1343.1
2,1343.3
57,1343.7
58,1344.5
6,1344.5
12,1345.2
29,1345.3
39,1345.5
17,1345.6
18,1345.6
9,1346.2
38,1346.7
13,1346.7
16,1346.8
3,1347.7
49,1347.7
22,1347.7
62,1347.8
35,1347.9
32,1348.4
47,1348.7
55,1349.0
24,1349.2
59,1349.3
46,1349.6
8,1349.7
36,1350.2
31,1350.9
5,1351.2
19,1352.0
15,1352.1
52,1352.1
10,1352.4
11,1352.4
56,1353.0
61,1353.6
2,1354.5
45,1354.5
37,1354.8
42,1355.1
13,1355.2
21,1355.5
50,1355.5
29,1355.7
16,1356.0
0,1356.4
47,1356.9
17,1357.3
6,1357.5
38,1357.5
4,1357.7
62,1357.9
23,1358.0
9,1358.3
30,1359.0
36,1359.4
8,1360.3
44,1360.6
56,1360.8
5,1361.4
18,1361.4
39,1361.5
34,1361.5
14,1362.1
48,1362.4
22,1362.6
3,1362.6
37,1363.0
10,1364.1
41,1364.7
29,1365.2
46,1365.5
42,1365.8
25,1366.0
31,1366.1
35,1366.3
4,1366.4
6,1366.7
26,1366.7
49,1366.8
12,1367.0
32,1367.2
58,1367.4
13,1367.5
47,1367.6
61,1367.8
51,1368.1
55,1368.2
16,1368.7
59,1368.8
0,1369.3
23,1369.4
24,1369.4
19,1369.5
52,1369.6
56,1369.7
1,1369.9
44,1370.4
50,1370.4
5,1371.5
15,1372.0
37,1372.0
17,1372.0
36,1372.1
30,1372.1
9,1372.3
14,1373.1
42,1374.4
21,1374.4
29,1374.8
33,1375.1
34,1375.2
48,1375.4
32,1376.7
8,1376.9
41,1377.0
10,1377.1
6,1377.2
49,1377.4
12,1377.5
60,1377.8
26,1378.2
19,1379.4
4,1379.8
62,1379.9
17,1380.4
25,1380.6
61,1381.3
16,1381.3
20,1381.6
30,1381.7
1,1382.7
13,1383.7
51,1383.8
37,1384.2
53,1384.3
46,1384.4
5,1384.5
42,1384.8
57,1384.8
15,1384.9
3,1385.6
22,1385.8
45,1385.9
23,1386.8
47,1387.4
44,1387.4
0,1387.6
33,1387.7
14,1388.1
29,1388.4
60,1389.6
58,1390.6
38,1391.4
20,1391.8
1,1392.1
10,1392.2
16,1392.5
9,1392.7
51,1393.2
61,1393.3
30,1393.7
7,1393.9
8,1393.9
12,1394.3
42,1394.3
32,1394.4
49,1395.1
57,1395.5
25,1395.9
5,1396.0
19,1396.0
45,1396.7
46,1396.9
53,1397.1
23,1397.9
3,1398.1
40,1398.3
48,1398.9
22,1399.1
26,1399.4
38,1400.1
55,1400.3
13,1400.5
47,1401.5
62,1401.6
58,1401.8
37,1402.0
33,1402.0
14,1402.1
6,1402.7
21,1402.8
4,1403.0
7,1403.3
16,1403.7
8,1404.3
15,1404.3
25,1404.6
31,1404.8
19,1405.1
30,1405.1
20,1405.2
51,1405.8
12,1406.6
53,1407.0
45,1407.0
5,1407.8
38,1407.9
60,1408.0
40,1408.0
1,1408.4
46,1408.5
59,1409.3
49,1410.0
57,1410.3
34,1410.7
37,1410.9
3,1411.1
55,1411.8
62,1412.2
14,1412.3
21,1412.6
25,1412.8
0,1412.9
4,1413.6
56,1413.8
41,1414.1
7,1414.5
31,1414.5
26,1414.9
23,1415.6
45,1415.8
15,1417.2
8,1417.4
12,1417.6
60,1417.6
16,1417.8
30,1418.2
59,1419.0
33,1419.0
40,1419.5
57,1419.7
6,1419.7
58,1420.6
50,1421.0
37,1421.6
51,1421.8
41,1422.0
14,1422.1
61,1422.2
55,1422.8
0,1423.6
62,1424.1
42,1425.6
60,1426.8
31,1426.9
38,1427.2
21,1427.4
23,1427.5
46,1427.5
8,1427.8
34,1428.7
44,1429.9
30,1430.1
10,1430.1
16,1430.5
59,1431.1
5,1431.1
41,1431.4
28,1431.4
6,1431.4
50,1432.0
55,1433.6
39,1434.0
7,1434.3
15,1434.4
48,1434.8
57,1435.3
12,1435.5
52,1435.8
37,1435.9
60,1436.1
2,1436.2
61,1437.0
22,1437.0
0,1438.1
38,1438.2
47,1438.4
21,1439.5
40,1439.6
11,1440.0
28,1440.1
44,1441.0
3,1441.1
41,1441.1
46,1441.1
14,1441.5
34,1441.7
49,1442.4
35,1442.7
33,1442.7
51,1443.0
56,1443.5
39,1443.9
5,1444.0
10,1445.1
24,1445.2
52,1445.5
4,1445.5
16,1446.0
2,1446.4
48,1446.4
50,1446.5
6,1446.6
22,1446.7
8,1446.8
57,1447.3
38,1447.5
12,1447.9
9,1448.1
11,1448.3
47,1448.6
17,1449.7
28,1449.9
0,1450.0
25,1451.0
26,1451.4
61,1452.0
35,1452.7
15,1452.8
49,1455.1
24,1455.3
51,1455.5
4,1455.5
39,1455.6
42,1455.8
23,1455.9
44,1456.2
3,1456.7
37,1456.8
11,1456.8
52,1457.1
10,1457.1
60,1457.5
57,1457.8
22,1457.9
2,1458.6
12,1458.7
38,1458.7
9,1458.8
31,1459.6
48,1460.5
59,1460.9
0,1461.5
26,1461.6
47,1462.3
8,1462.5
58,1462.5
33,1462.5
41,1463.4
28,1463.8
4,1464.0
56,1464.2
34,1464.3
35,1464.5
53,1464.8
11,1465.1
42,1465.3
51,1465.5
49,1465.5
46,1465.7
52,1466.3
44,1467.0
5,1467.0
22,1467.1
17,1467.4
24,1467.4
3,1468.1
6,1468.4
61,1469.2
16,1469.7
31,1470.0
23,1470.1
60,1470.7
59,1471.0
15,1471.2
14,1471.7
12,1471.9
58,1472.0
9,1472.7
42,1473.7
32,1475.1
47,1475.2
48,1475.2
11,1475.2
8,1475.3
39,1475.8
52,1475.8
26,1475.9
53,1476.0
17,1476.3
30,1476.5
51,1476.6
49,1477.0
56,1477.0
6,1477.3
22,1477.5
31,1478.1
5,1478.2
1,1479.1
34,1479.3
58,1479.4
37,1479.6
2,1479.7
16,1480.4
7,1480.5
3,1480.5
38,1481.5
44,1481.9
57,1482.4
20,1482.5
46,1483.0
50,1483.1
15,1483.2
4,1483.7
9,1483.9
32,1483.9
40,1484.0
42,1484.7
52,1485.1
35,1485.1
36,1485.2
56,1485.2
14,1485.3
51,1485.4
60,1486.3
30,1486.6
26,1486.8
59,1487.0
19,1487.8
47,1488.4
1,1488.5
58,1488.8
10,1488.8
45,1488.9
53,1489.6
24,1489.6
7,1489.9
31,1490.3
38,1490.7
20,1490.9
27,1491.0
41,1492.0
36,1492.3
16,1492.3
4,1492.4
2,1492.8
5,1493.1
32,1493.8
40,1494.1
52,1494.1
30,1494.3
46,1494.4
50,1495.0
34,1495.7
11,1495.8
6,1496.1
57,1496.2
45,1496.4
14,1497.7
7,1498.1
12,1498.4
20,1498.4
42,1498.4
60,1498.5
26,1498.7
10,1499.1
27,1499.3
1,1499.5
48,1500.0
44,1500.2
38,1500.5
33,1502.4
54,1503.2
40,1503.5
41,1503.7
21,1503.7
9,1504.3
22,1504.4
0,1504.6
45,1504.7
30,1504.9
53,1505.2
55,1505.2
25,1505.3
49,1505.5
11,1506.0
58,1506.1
27,1506.5
34,1506.5
20,1507.3
36,1507.3
29,1507.5
42,1507.8
6,1508.4
19,1508.5
32,1508.7
52,1508.8
7,1509.1
48,1509.6
15,1509.7
57,1510.6
3,1511.4
44,1511.5
10,1511.9
12,1512.4
4,1512.5
60,1512.6
54,1512.6
50,1512.7
38,1512.8
35,1513.4
30,1513.5
5,1513.7
21,1513.9
1,1514.1
27,1514.1
33,1514.2
55,1514.4
14,1514.7
26,1515.5
22,1515.6
25,1515.6
45,1516.2
0,1516.5
34,1516.7
47,1516.9
29,1517.1
9,1517.3
40,1517.5
19,1518.2
36,1518.5
6,1518.5
42,1519.2
61,1519.5
7,1519.9
49,1520.2
31,1520.4
53,1520.7
20,1521.2
15,1521.3
24,1523.1
48,1523.3
54,1523.4
27,1523.5
41,1523.5
38,1523.8
58,1524.2
3,1524.4
47,1524.9
12,1525.0
29,1525.3
55,1525.5
5,1525.6
57,1525.7
11,1525.8
33,1525.8
45,1526.0
16,1526.1
35,1526.4
21,1526.4
1,1526.5
56,1526.9
44,1527.4
25,1527.6
61,1527.7
19,1528.5
42,1529.9
36,1530.4
14,1530.4
31,1530.8
9,1531.1
6,1531.1
15,1531.4
27,1531.5
32,1531.9
60,1532.0
30,1532.2
58,1532.3
0,1532.4
54,1532.8
8,1533.1
22,1533.3
29,1533.8
61,1535.2
12,1535.2
38,1535.4
24,1535.5
34,1536.2
21,1536.5
5,1536.9
7,1537.4
1,1537.9
45,1538.9
3,1540.2
19,1540.3
16,1540.5
49,1541.2
27,1541.3
6,1541.5
8,1541.5
33,1541.8
32,1541.9
62,1542.3
0,1542.4
15,1542.6
52,1543.1
30,1543.8
25,1544.3
51,1544.6
55,1545.3
12,1545.7
36,1545.8
24,1545.8
21,1545.9
29,1546.2
42,1546.8
31,1546.8
54,1547.7
38,1547.7
56,1548.0
32,1549.6
41,1550.3
3,1550.4
45,1550.7
35,1550.9
34,1550.9
8,1550.9
62,1551.0
53,1551.3
5,1551.7
44,1551.9
52,1552.5
16,1553.0
4,1553.5
26,1553.8
23,1554.4
25,1554.7
12,1555.8
30,1555.8
13,1555.8
21,1556.1
0,1556.2
36,1556.7
1,1557.0
38,1557.0
14,1557.8
9,1558.2
15,1558.2
42,1558.3
40,1558.7
32,1558.9
47,1559.3
45,1559.3
53,1559.6
8,1559.8
61,1560.2
62,1560.8
56,1561.4
41,1561.7
59,1562.1
35,1562.8
23,1563.0
49,1563.4
26,1563.5
19,1563.5
24,1563.8
57,1564.0
13,1564.2
52,1564.5
34,1565.0
7,1565.2
4,1565.5
16,1566.1
25,1566.2
55,1566.4
46,1566.6
2,1566.9
32,1567.4
12,1567.5
51,1567.9
44,1568.0
1,1568.1
3,1568.1
9,1568.9
53,1569.1
47,1569.4
40,1569.8
23,1570.6
15,1570.7
59,1570.9
13,1571.7
62,1571.7
8,1571.7
21,1572.4
57,1572.5
33,1573.1
26,1573.4
17,1573.8
19,1574.0
45,1574.9
52,1575.0
46,1575.6
29,1575.7
36,1576.0
7,1577.1
2,1577.1
16,1577.1
25,1577.7
44,1577.8
24,1578.1
49,1578.2
60,1578.3
51,1578.6
10,1578.9
41,1579.7
1,1579.7
53,1579.8
62,1579.9
27,1580.4
5,1580.5
13,1580.5
59,1581.0
6,1581.4
57,1581.5
35,1581.9
56,1582.7
55,1583.2
48,1583.4
30,1583.5
58,1583.9
20,1584.4
3,1585.1
40,1585.3
8,1585.6
14,1585.9
36,1585.9
17,1586.0
46,1586.2
23,1586.4
2,1586.5
33,1587.5
7,1587.7
32,1588.3
13,1588.4
60,1588.5
26,1589.5
27,1589.5
10,1589.6
25,1589.6
52,1589.7
9,1589.8
57,1589.8
62,1590.7
15,1590.9
29,1591.0
42,1591.2
5,1591.3
56,1591.6
24,1591.7
6,1592.1
44,1592.1
49,1592.7
21,1592.8
34,1593.1
20,1593.2
53,1593.9
48,1594.1
17,1594.9
23,1595.8
59,1596.0
16,1596.1
58,1596.3
51,1596.6
38,1596.6
30,1597.3
22,1597.5
31,1598.3
2,1598.4
14,1598.5
10,1599.1
3,1600.0
8,1600.6
20,1600.7
26,1600.7
42,1600.9
12,1601.0
52,1601.1
56,1601.1
60,1601.6
19,1602.0
44,1602.5
21,1602.9
32,1603.3
1,1603.5
57,1603.6
45,1603.7
46,1604.0
27,1604.5
7,1604.7
53,1605.0
23,1605.1
48,1605.1
5,1605.6
22,1606.2
13,1606.3
49,1606.4
17,1606.5
15,1607.2
16,1607.3
31,1607.5
58,1609.4
34,1609.4
36,1609.4
33,1609.7
20,1609.9
19,1610.2
51,1611.1
12,1611.8
52,1612.7
35,1613.0
56,1613.3
10,1613.3
1,1613.4
22,1614.0
48,1614.7
26,1614.7
38,1615.0
17,1615.1
42,1615.4
45,1616.3
13,1616.3
21,1616.7
16,1617.9
32,1618.3
47,1618.6
31,1618.6
36,1619.6
33,1620.0
7,1620.2
51,1620.2
25,1620.8
34,1621.2
19,1621.3
14,1621.5
12,1621.6
22,1621.6
23,1621.8
15,1621.9
4,1622.1
20,1622.2
58,1622.6
60,1624.2
8,1624.4
48,1624.9
17,1625.0
35,1626.3
38,1626.3
13,1627.5
47,1627.7
25,1629.3
56,1629.7
21,1629.8
2,1630.0
4,1631.7
19,1631.8
6,1632.1
9,1632.3
1,1632.8
34,1632.8
33,1632.8
44,1633.1
50,1633.1
60,1633.2
0,1633.4
45,1633.6
24,1634.5
20,1635.0
46,1635.6
28,1635.8
51,1635.9
10,1636.6
8,1636.7
53,1636.7
5,1638.0
15,1638.0
36,1638.7
16,1638.7
49,1638.8
12,1638.8
52,1638.9
31,1639.5
42,1640.5
32,1640.8
59,1640.9
6,1641.0
0,1641.3
3,1641.6
56,1641.8
50,1642.5
23,1642.5
7,1643.0
9,1643.6
28,1643.6
2,1644.6
45,1644.6
61,1645.3
20,1645.4
44,1645.4
60,1646.4
24,1646.7
13,1647.8
46,1647.9
17,1647.9
42,1648.5
40,1648.5
0,1648.8
8,1648.8
22,1649.2
53,1649.3
48,1649.5
21,1649.8
25,1649.9
59,1650.3
52,1650.8
5,1651.1
58,1651.5
3,1651.7
28,1652.0
35,1652.1
16,1652.2
19,1652.3
51,1652.3
4,1652.7
61,1652.9
50,1653.4
56,1653.5
14,1653.8
36,1653.9
55,1654.0
26,1654.6
49,1654.7
12,1655.2
45,1655.4
15,1655.8
34,1656.0
31,1656.4
32,1656.4
42,1657.0
9,1657.2
10,1657.2
0,1657.4
7,1658.3
40,1658.5
53,1658.6
17,1658.8
23,1659.5
48,1659.7
13,1660.1
22,1660.2
62,1660.5
25,1660.6
21,1660.6
19,1660.7
38,1661.1
3,1661.4
61,1661.5
59,1661.8
52,1662.0
55,1662.0
44,1662.2
5,1662.2
4,1662.4
28,1662.7
58,1662.9
30,1663.2
51,1663.3
8,1663.4
35,1664.3
26,1665.3
14,1665.5
24,1665.6
9,1667.0
53,1667.2
34,1667.5
32,1667.6
6,1667.7
41,1667.7
12,1667.9
46,1668.1
56,1668.2
36,1668.5
38,1668.8
31,1669.6
16,1669.7
2,1669.7
62,1669.8
55,1669.8
25,1669.9
50,1670.1
0,1670.4
1,1670.5
40,1670.6
30,1672.2
3,1672.4
29,1672.5
44,1672.5
48,1672.5
61,1672.7
21,1673.0
15,1673.2
52,1673.5
5,1673.5
26,1674.7
14,1674.8
51,1674.9
33,1675.0
41,1675.3
57,1675.5
58,1676.3
42,1676.6
32,1677.0
56,1677.0
6,1677.4
12,1678.4
55,1679.1
53,1679.3
19,1679.4
62,1679.9
27,1679.9
10,1680.3
2,1680.3
36,1681.0
1,1681.5
29,1681.9
9,1682.2
61,1682.4
30,1682.7
51,1683.4
41,1683.6
57,1683.8
23,1684.6
13,1685.0
38,1685.8
52,1685.8
59,1686.1
3,1686.4
56,1686.7
27,1687.0
58,1687.3
33,1687.4
50,1687.7
37,1687.9
49,1687.9
32,1688.1
21,1688.2
55,1688.6
15,1688.7
5,1688.7
6,1688.8
28,1688.9
62,1689.0
17,1689.4
26,1689.5
14,1689.6
8,1689.7
29,1689.9
16,1690.0
53,1690.1
19,1690.4
48,1691.3
7,1691.6
4,1691.7
61,1692.0
45,1692.4
10,1692.5
42,1692.9
25,1693.0
57,1693.3
44,1693.9
40,1694.0
41,1694.1
13,1694.2
38,1694.3
27,1694.7
46,1695.1
2,1696.1
1,1696.5
37,1696.7
51,1696.9
30,1697.2
60,1697.7
58,1697.8
6,1697.9
12,1698.0
32,1698.0
34,1698.4
50,1698.8
53,1699.0
23,1699.1
8,1699.1
0,1699.1
3,1699.2
17,1699.6
16,1700.0
29,1700.3
15,1700.8
49,1701.1
35,1701.3
36,1701.5
5,1701.7
19,1701.9
56,1702.1
47,1702.6
7,1702.7
45,1703.1
62,1703.2
38,1703.3
25,1703.6
9,1704.0
46,1704.1
27,1704.1
44,1704.5
21,1704.9
22,1705.0
41,1705.3
4,1706.0
37,1706.5
33,1706.7
57,1707.1
13,1707.3
1,1707.6
11,1707.7
60,1707.7
42,1708.0
30,1708.4
12,1708.7
55,1708.8
6,1709.0
34,1709.4
3,1711.2
26,1711.3
45,1712.1
49,1712.2
8,1712.3
61,1712.5
46,1712.9
25,1713.0
0,1713.1
22,1714.0
35,1714.3
47,1714.6
9,1715.1
60,1715.2
16,1715.5
15,1715.6
11,1716.2
21,1716.8
36,1716.9
14,1718.0
5,1718.1
31,1718.8
7,1718.9
41,1719.2
44,1719.4
2,1720.2
32,1720.4
37,1720.4
13,1720.7
42,1720.7
17,1721.0
10,1721.1
1,1721.3
27,1721.5
8,1721.6
19,1721.8
56,1722.5
50,1722.5
47,1723.0
22,1723.1
0,1723.5
38,1723.7
11,1723.9
60,1724.0
34,1724.1
29,1724.4
4,1724.5
23,1724.6
51,1725.7
12,1726.4
46,1726.5
16,1726.7
33,1726.7
45,1726.8
31,1727.0
28,1728.1
9,1728.2
15,1728.4
62,1728.5
6,1729.1
21,1729.1
7,1729.4
26,1729.9
35,1730.0
37,1730.3
8,1731.1
3,1731.3
14,1731.7
2,1731.8
10,1732.0
47,1732.3
30,1733.1
49,1733.2
42,1733.3
11,1733.4
23,1733.5
19,1733.6
55,1733.8
38,1734.3
20,1734.5
48,1735.0
31,1735.1
22,1735.1
51,1735.6
44,1736.8
45,1737.0
16,1737.7
6,1738.0
28,1738.3
1,1738.4
60,1738.8
34,1738.9
5,1739.2
8,1740.1
53,1740.7
4,1740.7
62,1741.5
56,1741.7
15,1742.1
26,1742.8
3,1743.2
20,1743.4
7,1743.9
14,1744.0
33,1744.3
38,1744.8
30,1745.1
23,1745.7
51,1745.9
32,1746.0
31,1746.0
47,1746.0
21,1746.2
10,1746.4
0,1747.1
37,1748.7
11,1749.0
22,1749.2
19,1749.7
44,1749.7
16,1749.8
53,1750.1
42,1750.1
36,1750.8
12,1750.8
8,1751.5
56,1751.5
28,1751.5
55,1752.2
46,1752.5
20,1753.4
45,1753.9
51,1754.0
15,1754.6
57,1754.9
4,1755.2
32,1755.2
61,1756.3
5,1757.4
21,1757.7
33,1758.7
47,1758.8
6,1758.8
36,1759.0
2,1759.2
10,1759.2
30,1759.5
42,1759.6
0,1759.9
48,1760.0
16,1760.1
38,1760.3
14,1760.7
12,1761.1
19,1761.2
17,1762.0
56,1762.3
45,1762.9
32,1763.0
8,1763.3
29,1763.4
57,1764.6
44,1764.9
4,1765.3
50,1765.5
26,1766.8
61,1767.0
22,1767.4
6,1767.8
30,1768.3
20,1768.5
21,1769.1
36,1769.1
38,1769.7
46,1770.1
5,1770.2
53,1770.2
19,1770.5
15,1770.8
34,1771.6
12,1771.6
3,1771.7
10,1772.2
56,1772.3
32,1772.5
42,1772.5
49,1773.2
47,1773.4
58,1773.7
2,1774.1
14,1774.4
9,1774.6
29,1774.8
44,1775.2
57,1776.4
1,1776.6
50,1776.6
60,1776.8
61,1776.9
13,1777.4
24,1777.4
62,1777.5
22,1777.8
53,1779.4
48,1780.5
11,1780.7
58,1781.0
21,1781.2
32,1781.3
0,1781.3
30,1781.4
19,1781.5
26,1782.0
16,1782.3
9,1783.2
3,1783.3
40,1783.7
15,1784.4
14,1784.7
34,1785.0
45,1785.1
49,1785.4
47,1785.7
54,1786.0
44,1786.5
13,1787.1
24,1787.2
1,1787.6
60,1787.8
22,1788.4
58,1788.8
61,1789.3
36,1789.5
25,1790.0
7,1790.2
6,1790.6
29,1790.7
50,1791.6
38,1792.2
30,1792.5
40,1793.3
42,1793.8
26,1793.8
9,1793.8
11,1794.0
16,1794.1
62,1794.4
45,1795.2
54,1795.5
48,1796.0
12,1796.2
52,1796.9
3,1797.8
58,1798.5
24,1798.6
13,1798.8
37,1799.6
7,1800.3
49,1800.5
14,1801.4
22,1801.6
56,1801.9
46,1802.1
38,1802.4
30,1802.6
4,1802.6
21,1803.0
5,1803.1
10,1803.1
62,1803.1
1,1803.2
44,1803.3
60,1803.5
32,1803.7
8,1804.1
40,1804.4
57,1804.9
33,1805.0
2,1805.5
19,1805.8
54,1806.2
16,1806.3
52,1806.3
9,1806.3
26,1806.5
42,1806.6
12,1806.6
58,1806.7
48,1807.7
53,1808.1
17,1808.2
11,1808.6
36,1809.4
37,1809.5
15,1809.6
31,1811.4
46,1811.4
0,1811.8
27,1812.7
8,1812.7
38,1812.9
4,1813.0
5,1813.1
7,1813.3
57,1813.9
6,1814.1
21,1814.4
25,1815.1
22,1815.2
62,1815.5
23,1815.7
49,1815.9
58,1816.0
33,1816.1
42,1816.2
2,1816.7
52,1817.0
24,1817.0
30,1817.1
16,1817.4
37,1817.7
9,1817.7
17,1817.9
53,1818.1
1,1818.3
31,1818.3
47,1818.6
10,1818.6
27,1820.0
15,1820.4
46,1820.5
26,1821.2
40,1821.3
54,1822.0
14,1822.0
36,1822.3
13,1822.5
7,1822.8
59,1822.9
12,1822.9
5,1823.1
6,1823.3
60,1823.6
8,1824.2
0,1824.4
23,1824.9
11,1825.8
44,1826.3
28,1826.5
21,1826.6
37,1826.8
25,1826.9
42,1827.0
19,1827.1
2,1827.4
4,1827.4
57,1827.7
27,1827.8
47,1827.8
1,1829.4
10,1829.7
24,1829.9
33,1830.9
17,1831.0
59,1831.4
3,1832.2
53,1832.2
38,1832.3
14,1832.4
52,1832.6
15,1832.6
13,1832.8
32,1832.8
23,1832.8
40,1833.3
7,1833.6
28,1833.9
5,1834.1
60,1834.2
46,1835.0
8,1835.3
45,1835.5
9,1835.5
44,1836.0
58,1836.2
19,1836.3
4,1836.4
25,1836.4
50,1836.7
47,1836.8
37,1837.0
27,1837.3
12,1837.8
42,1837.8
11,1838.3
56,1839.8
29,1840.0
6,1840.2
59,1840.7
61,1840.9
21,1841.1
52,1841.3
24,1841.6
28,1841.9
53,1842.1
13,1842.4
49,1842.4
23,1843.1
10,1843.1
1,1843.5
40,1844.4
32,1844.4
8,1844.5
5,1845.3
15,1845.5
51,1845.7
3,1845.9
20,1846.0
44,1846.3
7,1846.4
38,1846.4
25,1846.8
45,1846.9
17,1847.4
50,1847.6
60,1847.6
42,1848.0
62,1848.1
0,1848.2
12,1848.4
29,1848.6
61,1848.9
34,1851.3
28,1852.0
47,1852.1
52,1852.3
2,1852.5
14,1852.9
32,1853.2
22,1853.3
35,1853.4
57,1853.5
59,1853.7
49,1853.9
9,1854.3
27,1854.3
20,1854.8
21,1855.1
19,1855.4
17,1856.1
61,1857.2
8,1857.3
13,1857.6
23,1857.6
48,1857.8
50,1857.9
29,1858.4
3,1858.4
25,1858.7
51,1859.0
60,1859.0
62,1859.7
6,1859.8
37,1860.2
34,1861.4
32,1861.6
7,1862.1
15,1862.7
35,1863.0
38,1863.6
31,1863.6
33,1863.8
19,1864.8
20,1864.9
12,1865.2
45,1865.3
22,1865.9
24,1866.0
9,1866.0
1,1866.2
14,1866.4
57,1866.4
49,1866.5
52,1866.7
21,1866.9
13,1867.4
48,1867.6
44,1868.2
8,1868.3
61,1868.3
62,1868.4
5,1868.5
56,1868.8
40,1868.9
46,1869.9
6,1870.3
50,1871.0
60,1872.5
58,1872.8
38,1872.8
0,1872.9
23,1873.3
29,1873.6
34,1873.7
35,1874.0
32,1874.1
3,1874.1
11,1874.5
19,1875.1
37,1875.9
57,1876.4
22,1876.5
13,1876.9
53,1876.9
33,1877.2
28,1877.2
31,1877.7
49,1877.7
47,1878.0
9,1878.2
17,1878.7
20,1879.8
1,1879.9
48,1880.1
21,1880.4
56,1880.9
52,1880.9
6,1881.0
5,1881.6
60,1882.1
62,1882.3
46,1882.3
51,1882.4
58,1882.7
40,1882.8
25,1883.0
24,1883.1
12,1884.9
23,1885.1
10,1885.2
11,1885.2
22,1885.8
0,1885.9
27,1886.5
19,1887.5
8,1887.9
42,1888.0
2,1888.7
15,1889.9
1,1890.0
47,1890.0
17,1890.2
58,1890.4
57,1890.5
35,1891.0
25,1891.4
52,1891.7
6,1891.8
45,1892.6
62,1892.6
38,1892.8
34,1893.4
60,1893.6
16,1893.7
32,1893.8
30,1894.1
46,1894.4
5,1894.6
36,1894.7
53,1894.8
51,1894.9
12,1894.9
11,1895.2
49,1895.4
3,1896.0
27,1896.8
19,1896.9
22,1897.1
23,1897.7
44,1897.8
26,1898.0
10,1898.6
1,1898.8
17,1899.3
13,1899.3
47,1899.8
56,1899.9
28,1899.9
42,1900.4
58,1900.7
2,1900.9
30,1901.3
15,1901.3
33,1902.6
57,1902.9
34,1902.9
60,1903.1
52,1903.4
36,1903.4
16,1903.6
45,1903.6
29,1903.7
12,1904.4
51,1904.5
27,1904.6
40,1905.9
19,1906.4
32,1907.0
44,1907.3
20,1907.3
62,1907.5
56,1907.6
21,1908.2
26,1908.4
28,1908.4
30,1908.7
7,1908.8
5,1909.1
46,1909.8
31,1909.9
2,1910.2
38,1910.4
36,1910.9
47,1911.0
42,1911.5
6,1912.3
8,1912.9
0,1913.3
11,1913.5
13,1913.8
10,1914.0
3,1914.2
15,1914.4
1,1914.5
58,1915.0
29,1915.0
23,1915.1
27,1915.2
16,1915.5
32,1915.7
40,1916.3
12,1916.5
9,1916.5
7,1916.6
56,1917.2
21,1917.3
25,1917.4
34,1918.3
20,1918.4
51,1919.3
36,1919.3
44,1919.4
38,1919.4
28,1919.9
45,1920.1
47,1920.5
2,1920.9
26,1920.9
31,1921.9
57,1922.5
5,1922.5
50,1923.3
60,1923.7
58,1923.8
8,1924.1
29,1924.1
48,1924.8
3,1925.3
7,1925.9
62,1926.0
42,1926.2
19,1926.7
15,1926.8
13,1927.0
37,1927.4
12,1928.0
38,1928.7
21,1929.1
51,1929.2
61,1929.3
52,1929.8
25,1929.9
9,1929.9
23,1930.0
47,1931.3
36,1931.4
2,1931.8
10,1931.8
50,1931.8
24,1932.3
57,1934.0
40,1934.3
48,1935.3
3,1935.5
20,1935.7
5,1935.9
1,1936.1
26,1936.6
58,1936.6
56,1936.9
16,1937.3
37,1937.3
6,1937.5
61,1937.7
13,1938.3
29,1938.4
60,1938.5
28,1938.7
32,1938.7
21,1938.9
4,1939.6
22,1939.7
7,1939.9
50,1940.0
25,1940.2
12,1940.2
35,1940.9
51,1940.9
42,1941.1
23,1941.4
17,1942.3
30,1942.7
53,1943.1
24,1943.3
57,1943.8
48,1944.9
31,1944.9
59,1945.1
6,1945.2
61,1945.6
47,1946.4
26,1946.7
22,1947.8
1,1947.9
4,1947.9
50,1948.5
16,1949.1
37,1949.5
3,1949.7
13,1949.8
5,1950.7
53,1950.7
0,1951.0
12,1951.4
35,1951.6
52,1952.5
25,1952.6
9,1952.6
44,1953.1
42,1953.2
61,1953.3
21,1953.6
45,1953.8
59,1953.8
24,1954.2
34,1954.3
47,1955.0
28,1955.3
15,1955.8
22,1956.4
23,1957.4
1,1958.1
53,1959.4
57,1959.6
27,1959.7
48,1960.2
49,1960.3
31,1960.3
37,1960.6
59,1960.7
50,1960.8
36,1960.9
26,1961.4
45,1961.8
25,1961.8
0,1961.9
3,1962.0
60,1962.1
46,1962.5
62,1962.5
7,1962.8
30,1963.4
56,1963.7
9,1963.8
34,1964.0
52,1964.4
35,1965.2
4,1965.6
44,1966.0
22,1966.5
15,1967.7
42,1968.0
29,1968.1
24,1968.2
1,1968.5
59,1968.8
27,1969.8
5,1969.8
28,1970.0
51,1970.9
49,1971.1
6,1971.1
45,1971.3
40,1971.7
53,1971.8
61,1972.1
36,1972.2
56,1972.4
46,1972.9
33,1973.0
62,1973.2
48,1973.4
7,1973.4
9,1973.7
23,1974.0
31,1974.2
8,1974.8
57,1974.9
37,1975.1
44,1975.5
38,1975.6
32,1975.8
22,1975.9
0,1976.4
34,1977.0
15,1977.6
42,1978.8
52,1978.9
35,1978.9
3,1979.3
59,1980.3
6,1980.4
60,1981.2
33,1981.6
29,1981.7
50,1982.4
45,1982.4
53,1982.5
16,1982.8
27,1983.2
40,1983.3
13,1983.4
32,1983.5
61,1984.0
49,1984.0
30,1985.1
8,1985.4
7,1985.4
12,1985.5
46,1986.1
44,1986.4
0,1986.7
28,1986.8
48,1986.8
54,1986.8
26,1987.9
51,1988.1
62,1988.4
15,1989.1
5,1989.3
45,1990.6
36,1990.7
22,1991.5
53,1991.6
33,1991.6
13,1992.4
6,1992.5
34,1992.7
29,1992.9
16,1993.2
9,1993.2
1,1993.3
58,1993.9
49,1993.9
47,1994.0
25,1994.2
42,1995.3
12,1995.3
46,1995.5
57,1995.9
54,1996.3
35,1996.4
50,1996.6
3,1997.4
24,1999.0
8,1999.1
52,2000.6
28,2001.1
40,2001.3
44,2001.7
15,2002.5
58,2003.0
45,2003.0
21,2003.2
19,2003.5
26,2004.0
13,2004.4
12,2004.9
56,2005.7
0,2005.8
5,2005.9
47,2006.1
25,2006.3
54,2006.7
33,2006.8
46,2007.5
29,2007.5
8,2008.2
61,2008.3
30,2008.4
38,2008.7
60,2008.8
59,2009.3
49,2009.5
3,2009.5
10,2010.2
51,2010.7
17,2010.7
57,2010.8
16,2012.0
62,2012.2
6,2012.5
34,2012.6
52,2012.9
14,2013.1
24,2013.5
1,2013.5
58,2013.8
21,2014.1
56,2014.7
23,2015.1
19,2015.7
26,2015.8
15,2016.1
25,2016.2
12,2016.2
54,2016.5
32,2016.9
60,2016.9
13,2017.0
22,2017.0
28,2017.2
61,2017.4
8,2017.5
0,2017.5
30,2017.7
5,2019.2
9,2019.4
10,2019.6
55,2019.8
53,2020.0
38,2020.5
59,2021.1
6,2022.2
14,2022.3
16,2022.6
45,2022.6
3,2022.8
42,2023.2
21,2023.5
49,2024.1
51,2024.1
34,2024.4
62,2024.7
56,2024.7
52,2024.9
19,2025.0
29,2025.3
50,2025.8
24,2026.1
12,2026.1
61,2026.2
13,2026.2
60,2026.7
44,2027.4
15,2027.6
30,2028.0
4,2028.2
10,2029.3
55,2029.3
37,2029.5
14,2030.0
17,2030.1
5,2031.4
38,2031.6
39,2031.7
47,2031.9
45,2032.0
51,2032.3
54,2032.3
21,2032.7
19,2033.4
58,2033.5
62,2033.9
16,2034.6
9,2034.9
50,2035.2
22,2035.5
8,2036.3
57,2037.0
26,2037.3
30,2037.4
52,2037.4
2,2037.5
42,2037.6
10,2038.6
7,2038.8
28,2038.9
37,2039.2
14,2039.6
17,2039.8
44,2039.8
55,2040.2
47,2040.6
61,2040.6
39,2041.1
45,2041.5
15,2041.7
0,2041.9
13,2041.9
38,2042.0
59,2042.7
21,2043.1
23,2043.3
36,2043.4
6,2043.6
60,2044.1
40,2045.4
34,2045.8
5,2046.1
12,2046.5
3,2046.8
50,2046.9
7,2047.0
52,2047.4
2,2047.4
24,2048.3
17,2048.6
62,2048.8
25,2049.0
42,2049.0
10,2049.1
44,2049.4
55,2049.5
57,2049.7
29,2049.8
9,2049.8
4,2050.2
37,2051.1
39,2051.9
51,2051.9
33,2052.3
16,2052.4
36,2052.4
32,2053.6
53,2053.8
31,2053.9
23,2054.7
38,2054.9
21,2055.2
14,2055.4
7,2055.6
40,2056.0
8,2056.3
30,2056.3
2,2057.2
52,2057.4
56,2058.0
0,2058.3
3,2058.4
42,2058.7
22,2058.8
15,2059.7
44,2060.0
10,2060.6
4,2060.7
28,2060.8
60,2061.1
51,2061.3
31,2061.4
5,2062.8
36,2063.0
33,2063.6
32,2063.9
55,2064.0
53,2064.0
16,2064.1
39,2064.6
48,2064.8
57,2065.3
12,2065.6
34,2065.8
8,2066.4
1,2066.6
7,2067.4
52,2068.2
2,2068.4
25,2068.6
13,2068.7
29,2069.0
47,2069.1
30,2069.2
31,2069.6
40,2070.2
28,2070.5
21,2071.1
3,2071.9
38,2072.0
42,2072.2
32,2072.3
23,2072.6
24,2072.7
45,2072.8
22,2073.1
1,2074.4
53,2074.9
48,2075.1
4,2075.2
15,2075.3
8,2075.3
61,2075.7
9,2075.7
20,2075.9
6,2076.7
37,2077.3
5,2077.5
17,2077.7
39,2077.9
33,2078.3
47,2078.8
57,2079.0
25,2079.5
31,2080.1
58,2080.2
51,2080.9
36,2081.3
21,2082.0
28,2082.7
13,2082.7
32,2082.8
1,2083.0
60,2083.1
54,2083.2
12,2083.2
62,2083.7
16,2084.0
20,2084.5
42,2084.6
53,2085.1
8,2085.8
3,2086.0
0,2086.3
6,2086.4
22,2086.7
4,2087.0
48,2087.5
45,2087.9
38,2087.9
61,2088.3
25,2088.8
58,2088.9
7,2088.9
47,2089.6
24,2089.7
17,2090.1
33,2091.3
5,2092.0
13,2092.5
9,2092.6
21,2092.6
2,2092.6
29,2093.2
54,2093.8
1,2093.8
20,2094.1
62,2094.4
8,2094.7
59,2095.2
12,2095.2
53,2095.8
0,2095.8
22,2096.0
15,2096.3
58,2096.3
28,2096.6
50,2097.0
38,2097.0
7,2098.2
4,2098.3
44,2098.7
56,2099.3
45,2100.0
6,2100.1
16,2100.4
47,2101.0
61,2101.1
14,2101.2
17,2101.8
54,2102.9
51,2102.9
48,2103.0
27,2103.7
59,2104.3
1,2104.6
23,2104.8
40,2105.0
21,2105.1
42,2105.2
3,2106.3
49,2106.3
5,2106.6
50,2106.6
35,2106.8
10,2107.0
22,2107.3
32,2107.4
20,2107.4
38,2107.6
12,2107.8
60,2107.8
62,2108.2
4,2108.3
29,2108.5
45,2108.5
30,2108.9
56,2109.0
41,2109.2
44,2109.4
0,2109.4
15,2109.7
31,2110.0
8,2110.3
13,2110.6
61,2110.7
47,2110.8
28,2111.1
2,2111.4
14,2111.7
27,2112.1
7,2112.8
17,2114.0
6,2114.0
46,2114.1
1,2114.3
49,2114.5
59,2115.1
51,2115.2
32,2115.9
23,2116.0
54,2116.3
35,2116.4
40,2116.8
50,2116.9
26,2117.3
3,2117.7
41,2117.8
30,2118.0
29,2118.7
27,2118.8
48,2119.1
38,2119.3
62,2119.3
10,2119.5
31,2120.0
34,2120.1
61,2120.4
45,2120.9
0,2120.9
60,2121.0
57,2121.0
56,2121.3
47,2121.9
15,2121.9
46,2122.1
7,2122.1
20,2122.5
5,2122.8
13,2123.5
42,2123.7
49,2123.7
4,2123.7
8,2124.9
12,2125.2
14,2125.3
30,2125.5
2,2126.2
27,2126.5
50,2126.6
41,2127.3
26,2127.5
35,2127.5
31,2127.7
29,2128.1
17,2128.7
6,2129.8
34,2130.4
3,2130.5
46,2130.6
57,2131.0
44,2131.1
37,2131.6
45,2131.7
61,2132.0
49,2132.4
23,2132.7
42,2133.1
10,2133.7
60,2134.0
59,2134.1
40,2135.2
30,2135.4
20,2135.6
39,2136.1
27,2136.1
31,2137.5
1,2137.6
6,2138.1
50,2138.3
57,2138.9
34,2138.9
12,2139.3
38,2139.5
15,2139.6
37,2139.7
26,2139.7
8,2140.4
41,2140.5
46,2141.4
33,2141.5
53,2141.6
45,2141.7
42,2142.0
51,2142.2
7,2142.3
44,2142.6
32,2142.9
2,2143.3
28,2143.5
11,2143.6
49,2143.9
61,2144.3
30,2144.3
35,2144.4
17,2144.5
3,2144.8
29,2145.3
31,2145.9
4,2145.9
52,2146.0
5,2146.3
39,2146.6
25,2146.8
21,2147.8
37,2148.9
16,2149.7
36,2149.7
60,2149.8
10,2149.9
58,2149.9
26,2150.1
6,2150.2
34,2150.6
9,2150.7
46,2151.2
41,2151.4
27,2151.9
33,2152.9
12,2153.1
47,2153.1
11,2153.2
19,2153.3
51,2153.3
54,2154.1
4,2154.3
25,2155.2
32,2155.5
57,2155.6
15,2155.7
44,2155.8
52,2155.9
22,2156.0
35,2156.3
21,2156.3
38,2156.5
53,2156.5
37,2156.8
5,2157.7
62,2158.2
36,2158.5
17,2158.5
2,2159.2
16,2159.7
39,2159.7
60,2160.5
3,2160.7
9,2160.9
8,2161.3
51,2161.3
47,2162.7
4,2163.1
33,2163.1
11,2164.1
25,2164.2
61,2164.9
38,2165.3
52,2165.4
41,2165.4
12,2165.5
27,2165.5
19,2165.5
32,2166.0
54,2166.1
13,2166.2
53,2166.3
44,2167.0
22,2167.0
21,2167.1
17,2167.1
7,2167.4
34,2167.6
40,2167.8
50,2168.1
31,2168.3
62,2168.3
58,2168.4
36,2168.5
35,2168.7
37,2168.7
16,2169.1
0,2169.1
30,2169.2
15,2169.3
26,2169.3
5,2169.5
9,2170.0
46,2170.4
45,2170.5
51,2170.9
42,2171.9
49,2172.7
47,2172.9
8,2173.4
19,2173.5
57,2174.4
2,2174.9
13,2175.6
53,2176.1
52,2176.1
6,2176.6
3,2176.8
34,2177.0
56,2177.0
22,2177.2
36,2177.4
33,2177.6
25,2177.7
21,2177.8
0,2178.0
23,2178.5
39,2178.5
17,2179.7
40,2179.8
16,2180.0
50,2180.5
11,2180.6
5,2181.4
47,2181.8
7,2181.8
12,2182.5
9,2182.9
19,2183.1
51,2183.5
8,2183.5
24,2183.7
54,2184.2
62,2184.5
13,2184.6
57,2185.1
56,2185.1
46,2185.3
38,2186.0
0,2186.1
34,2186.2
26,2186.4
22,2186.6
15,2186.8
53,2187.2
3,2187.9
36,2187.9
23,2188.6
61,2189.1
33,2189.2
17,2189.6
42,2190.1
40,2190.2
6,2190.6
25,2190.9
52,2191.1
1,2191.6
21,2191.9
56,2192.6
7,2192.7
49,2192.8
50,2192.9
35,2193.1
12,2193.3
39,2193.5
24,2193.6
8,2194.0
51,2194.3
47,2194.3
38,2195.0
36,2196.3
0,2196.3
23,2196.7
13,2197.9
5,2198.1
20,2198.6
22,2198.7
1,2199.2
30,2199.5
17,2199.7
40,2199.8
53,2200.1
32,2200.3
42,2200.4
4,2200.9
3,2201.2
56,2201.5
52,2201.9
15,2202.0
6,2202.2
10,2203.2
34,2203.7
16,2204.1
61,2204.3
12,2204.5
24,2205.3
2,2205.6
47,2205.9
8,2206.1
44,2206.5
58,2206.8
60,2207.3
49,2207.4
33,2207.5
20,2207.7
23,2207.8
13,2207.8
57,2207.9
1,2208.0
25,2208.4
21,2208.8
7,2209.2
53,2209.6
35,2209.7
22,2209.9
6,2210.5
5,2210.7
40,2211.0
30,2211.6
42,2211.8
48,2212.3
32,2213.4
16,2214.0
10,2214.3
38,2214.3
51,2214.4
15,2215.4
47,2215.6
29,2215.6
56,2216.2
12,2216.6
57,2216.7
58,2217.0
52,2217.4
2,2217.9
25,2218.0
8,2218.3
20,2218.5
13,2218.5
1,2218.5
44,2218.9
23,2219.0
36,2219.2
50,2219.6
45,2220.0
48,2220.8
42,2221.1
9,2221.8
34,2222.2
6,2222.4
17,2223.6
26,2223.7
10,2224.0
46,2224.3
21,2224.8
61,2224.9
51,2224.9
39,2225.0
24,2225.3
27,2225.3
11,2225.4
0,2225.7
29,2225.8
38,2226.1
57,2226.1
4,2226.6
16,2226.7
20,2227.0
45,2227.1
59,2227.4
52,2227.6
47,2227.8
15,2227.9
14,2228.1
1,2228.1
56,2228.8
33,2229.2
22,2229.6
48,2229.9
53,2230.1
8,2230.1
58,2230.7
19,2230.8
60,2231.0
7,2232.1
5,2233.0
9,2233.8
42,2234.0
3,2234.0
27,2234.2
61,2234.3
2,2234.5
4,2234.5
51,2234.6
28,2235.1
30,2235.5
6,2235.9
46,2235.9
59,2236.0
14,2236.3
25,2236.4
11,2236.5
10,2236.8
21,2237.3
23,2237.5
1,2237.8
47,2237.9
39,2238.0
29,2238.0
57,2238.1
16,2238.2
52,2238.5
17,2238.6
48,2238.9
50,2239.3
26,2239.4
20,2239.5
19,2239.5
22,2240.4
44,2241.3
38,2241.5
7,2241.6
15,2242.1
45,2242.9
41,2243.2
8,2243.2
28,2244.1
27,2244.6
14,2245.4
6,2245.7
59,2245.7
56,2245.8
46,2246.8
25,2247.1
1,2247.1
61,2247.6
23,2247.7
21,2248.0
47,2248.5
57,2248.7
17,2249.0
19,2249.8
12,2249.8
7,2250.3
3,2250.7
45,2251.0
11,2251.1
10,2251.5
44,2252.0
9,2252.0
41,2252.1
48,2253.0
28,2254.3
32,2254.3
27,2255.1
6,2255.3
26,2255.4
0,2255.4
38,2256.3
58,2256.9
52,2257.1
62,2257.4
14,2258.0
17,2258.6
23,2259.1
15,2259.2
59,2259.4
40,2259.8
53,2260.0
41,2260.0
12,2260.1
2,2260.3
25,2260.5
45,2260.8
46,2261.3
39,2261.6
16,2261.7
29,2261.9
5,2262.3
11,2262.3
10,2263.9
30,2264.1
44,2265.2
7,2265.4
57,2265.4
42,2265.6
0,2265.8
3,2266.5
62,2266.5
27,2266.7
26,2267.8
58,2268.1
41,2268.8
47,2269.4
28,2269.6
53,2269.8
40,2271.1
45,2271.1
59,2271.2
12,2271.4
8,2272.1
4,2274.2
16,2274.3
39,2274.3
30,2274.5
38,2274.6
19,2274.9
21,2275.0
34,2275.2
42,2276.8
62,2277.0
23,2277.3
32,2277.5
9,2278.0
51,2278.2
31,2278.5
7,2278.6
50,2278.8
5,2278.9
47,2279.6
61,2279.9
33,2279.9
44,2280.0
0,2280.3
3,2280.5
28,2280.6
26,2281.1
59,2281.2
48,2281.2
40,2281.2
20,2281.2
41,2281.8
25,2282.1
13,2282.9
30,2283.1
60,2283.6
19,2283.8
11,2283.9
12,2283.9
29,2284.0
55,2285.3
34,2285.6
6,2285.7
38,2285.7
58,2286.8
15,2286.9
31,2287.1
16,2287.6
10,2288.2
8,2288.6
61,2288.8
51,2289.0
24,2289.4
42,2289.9
50,2290.2
13,2290.3
33,2291.1
7,2291.4
20,2291.5
48,2291.5
25,2291.5
21,2291.6
43,2292.1
9,2292.2
59,2293.3
60,2293.4
62,2293.5
22,2293.8
39,2294.0
2,2294.6
55,2294.8
40,2294.9
12,2295.5
53,2296.0
30,2296.1
28,2296.3
19,2296.4
31,2296.5
8,2297.9
15,2298.3
29,2298.5
13,2298.7
34,2299.0
56,2299.1
51,2299.3
47,2299.6
24,2299.7
44,2299.9
35,2299.9
10,2300.3
52,2300.6
16,2300.9
61,2301.1
43,2301.2
5,2301.5
3,2301.7
25,2302.2
22,2302.2
33,2302.4
50,2303.3
2,2304.2
14,2304.3
0,2304.4
30,2304.4
20,2305.2
26,2305.3
60,2305.4
55,2305.6
53,2305.8
38,2305.9
40,2306.5
11,2307.1
48,2307.3
12,2307.4
8,2307.6
51,2307.7
42,2307.8
56,2308.1
6,2308.1
46,2308.4
21,2308.9
52,2309.2
23,2309.3
35,2309.7
13,2309.8
31,2309.9
44,2310.0
22,2310.0
19,2310.2
57,2310.4
36,2311.2
43,2311.5
39,2311.8
5,2311.9
33,2312.1
24,2312.3
41,2312.5
2,2313.7
0,2314.3
30,2314.4
14,2314.8
56,2315.4
26,2316.4
50,2317.0
53,2317.9
25,2318.2
16,2318.7
13,2318.9
19,2318.9
46,2319.1
12,2319.3
52,2319.6
36,2319.7
22,2319.9
48,2320.7
35,2321.1
31,2321.5
55,2321.7
5,2321.8
23,2321.8
15,2322.1
3,2322.2
38,2322.2
49,2322.6
6,2322.7
45,2322.8
24,2322.9
14,2323.1
60,2323.3
41,2323.9
56,2323.9
44,2324.1
0,2324.2
11,2324.7
10,2324.7
30,2324.9
29,2325.2
33,2326.0
43,2326.1
8,2326.2
27,2326.2
1,2326.9
2,2327.9
13,2328.0
58,2328.3
53,2328.6
36,2329.2
9,2330.1
16,2330.5
4,2330.5
37,2330.9
26,2331.3
14,2331.9
52,2332.1
31,2332.1
15,2332.3
25,2332.3
45,2332.5
49,2332.5
32,2333.2
46,2333.3
12,2334.2
1,2334.3
60,2334.4
21,2334.6
27,2335.2
6,2335.3
0,2335.8
23,2336.1
10,2336.3
4,2337.4
5,2337.5
56,2337.5
33,2337.7
58,2337.8
38,2339.6
29,2339.6
37,2339.8
35,2339.9
9,2340.2
17,2341.0
1,2342.1
32,2342.2
25,2342.4
57,2342.4
22,2342.5
36,2342.6
41,2342.8
53,2342.8
47,2343.3
31,2343.8
24,2343.9
26,2344.1
49,2344.2
14,2344.2
21,2344.2
2,2344.5
8,2344.6
45,2344.7
60,2344.8
15,2345.1
6,2345.2
11,2345.9
27,2345.9
52,2346.4
3,2346.7
12,2346.7
37,2347.2
23,2347.5
38,2348.4
30,2348.5
61,2348.6
13,2348.8
58,2349.4
33,2349.6
9,2350.6
47,2350.9
50,2350.9
42,2351.1
32,2351.4
22,2351.7
1,2351.8
40,2351.9
41,2352.3
57,2352.5
17,2353.0
28,2353.3
10,2353.7
21,2354.5
19,2354.6
27,2354.9
49,2355.4
37,2356.0
52,2356.2
36,2356.6
56,2356.8
48,2357.0
15,2357.3
61,2357.7
58,2357.8
14,2358.0
29,2358.0
60,2358.5
53,2358.6
0,2358.9
47,2359.6
32,2360.2
26,2360.3
12,2360.6
50,2361.1
44,2361.2
41,2361.2
3,2361.3
42,2361.4
6,2361.7
38,2362.9
28,2362.9
11,2363.4
40,2363.5
62,2363.7
21,2364.0
16,2364.1
51,2364.2
23,2364.4
57,2364.4
22,2364.8
13,2364.9
8,2365.4
9,2366.3
27,2366.6
48,2366.8
61,2367.1
49,2367.3
47,2368.1
15,2368.2
37,2368.5
52,2368.5
19,2368.5
31,2368.5
29,2369.1
36,2369.6
42,2369.7
58,2370.4
50,2370.7
56,2371.5
26,2371.9
3,2372.8
62,2372.8
44,2373.3
32,2373.4
16,2373.9
28,2374.4
10,2375.2
1,2375.4
38,2376.4
30,2376.5
48,2376.7
8,2377.1
6,2377.7
42,2377.8
53,2378.3
52,2378.5
37,2378.6
5,2378.6
19,2378.7
12,2378.9
21,2379.6
58,2379.6
29,2379.8
60,2379.8
41,2380.0
22,2380.1
46,2380.3
61,2381.2
40,2381.3
24,2381.8
7,2382.8
31,2383.2
50,2383.3
28,2383.4
62,2383.4
16,2383.8
45,2383.8
25,2384.5
17,2384.7
9,2384.9
26,2385.9
6,2386.2
38,2386.5
48,2386.5
53,2387.1
49,2388.1
30,2388.4
42,2388.5
51,2388.8
3,2388.8
46,2388.8
5,2390.0
7,2390.4
12,2390.7
8,2391.8
10,2391.9
21,2391.9
15,2392.6
16,2392.8
60,2393.5
50,2393.5
29,2393.5
44,2393.7
24,2393.8
17,2393.8
13,2394.2
33,2394.3
25,2394.3
22,2394.7
2,2395.3
38,2395.6
53,2395.7
30,2397.0
52,2397.6
28,2397.9
42,2398.1
46,2398.2
7,2398.3
36,2399.6
40,2399.9
62,2400.2
39,2400.5
41,2400.7
19,2401.0
12,2401.6
3,2402.2
23,2402.3
58,2402.7
21,2402.8
44,2404.6
17,2404.8
15,2405.0
8,2405.2
25,2405.2
16,2405.6
61,2405.8
2,2406.0
45,2406.9
33,2407.1
48,2407.3
37,2407.3
42,2407.4
53,2407.5
36,2407.5
6,2407.7
7,2408.0
62,2408.4
46,2408.4
52,2408.7
39,2410.2
30,2410.8
40,2410.9
51,2411.2
5,2412.1
47,2412.2
19,2412.2
11,2412.2
24,2412.5
12,2412.9
29,2413.3
23,2413.4
22,2413.8
35,2414.2
17,2414.6
61,2415.0
2,2415.2
10,2415.2
25,2415.8
60,2415.9
31,2416.2
34,2416.3
8,2416.8
4,2416.8
41,2417.2
42,2417.4
15,2418.1
53,2418.2
16,2419.3
62,2419.3
51,2419.6
32,2420.6
47,2421.5
39,2421.5
46,2421.6
9,2422.3
11,2423.0
19,2423.0
35,2424.1
48,2424.3
55,2424.5
61,2424.9
34,2425.2
2,2425.9
17,2426.0
18,2426.3
52,2426.4
7,2426.6
33,2426.7
50,2426.9
31,2426.9
4,2427.0
12,2427.8
44,2428.3
32,2428.9
23,2429.3
62,2429.4
51,2430.2
42,2430.3
60,2430.4
9,2431.7
40,2432.4
6,2432.7
45,2432.7
53,2433.0
34,2433.4
21,2433.5
55,2434.1
20,2434.4
17,2434.4
16,2434.7
56,2435.0
18,2435.1
35,2435.8
32,2437.0
11,2437.1
44,2437.2
15,2437.4
0,2437.7
46,2438.5
2,2438.6
26,2439.6
39,2439.8
9,2440.3
8,2440.5
51,2440.8
14,2440.8
10,2440.9
33,2440.9
60,2441.1
58,2441.2
42,2442.0
53,2442.1
31,2442.2
3,2442.6
20,2443.0
49,2443.2
62,2443.3
45,2443.3
47,2443.5
56,2443.6
41,2443.8
61,2443.9
34,2443.9
19,2444.3
54,2444.4
52,2444.6
18,2444.9
21,2444.9
22,2445.1
16,2445.2
55,2445.2
32,2445.7
12,2446.9
0,2447.3
48,2447.6
1,2448.8
46,2449.2
51,2449.2
58,2449.2
6,2449.4
9,2449.7
44,2449.8
8,2450.2
14,2450.5
56,2450.7
15,2450.8
26,2450.9
60,2451.5
40,2451.7
5,2451.7
49,2452.2
27,2452.4
3,2452.6
20,2452.6
10,2453.4
31,2453.4
54,2453.9
22,2454.0
17,2454.3
32,2455.3
41,2455.8
35,2456.2
37,2456.9
1,2457.3
33,2457.3
45,2458.4
0,2458.5
28,2458.5
18,2458.7
38,2458.8
47,2458.9
8,2459.1
56,2459.1
44,2459.3
19,2459.6
55,2459.9
6,2460.3
48,2460.6
27,2461.1
49,2461.5
11,2461.6
60,2461.7
14,2461.8
7,2462.2
53,2462.4
30,2462.5
5,2462.6
3,2462.6
42,2463.1
36,2463.4
54,2464.6
34,2465.4
62,2465.5
22,2465.8
26,2465.9
20,2466.0
1,2466.8
9,2466.8
37,2466.8
61,2467.2
28,2468.0
12,2468.2
19,2468.3
31,2468.6
16,2468.6
57,2468.8
32,2469.3
10,2469.5
27,2470.8
21,2471.1
8,2471.7
30,2471.9
36,2472.1
40,2472.3
60,2472.7
7,2472.9
47,2472.9
50,2473.1
24,2473.1
15,2473.1
5,2473.1
55,2473.2
49,2473.7
34,2475.2
42,2475.6
17,2475.8
11,2476.6
0,2476.8
26,2476.9
6,2477.2
57,2477.6
3,2478.0
41,2478.0
14,2478.6
37,2478.8
28,2479.3
30,2479.4
12,2479.5
2,2479.7
44,2480.2
48,2480.3
54,2480.5
1,2480.7
22,2481.1
7,2481.3
21,2481.8
60,2482.3
33,2482.5
5,2482.9
36,2483.0
61,2483.3
24,2483.6
23,2483.8
50,2484.0
49,2484.1
13,2484.2
27,2484.8
47,2484.9
57,2485.7
58,2485.8
32,2486.4
6,2486.6
15,2486.9
17,2487.7
28,2488.2
14,2488.6
30,2489.1
16,2489.2
42,2489.3
7,2489.4
4,2489.5
12,2489.9
26,2491.0
10,2491.1
3,2491.2
46,2491.5
11,2491.8
1,2491.8
45,2491.9
2,2492.2
34,2492.4
13,2493.1
48,2493.3
23,2493.5
8,2493.5
38,2494.2
57,2494.3
44,2494.7
5,2494.7
47,2495.2
41,2495.6
61,2496.1
58,2496.3
24,2496.5
60,2496.6
50,2496.7
51,2496.7
28,2496.7
6,2497.5
7,2497.7
42,2499.3
45,2499.9
31,2500.6
15,2500.8
16,2501.4
23,2501.5
22,2501.6
14,2501.9
4,2502.0
56,2502.7
21,2502.9
13,2503.3
8,2503.8
33,2503.9
35,2504.1
37,2504.2
51,2504.2
9,2504.3
11,2504.5
41,2504.6
61,2505.4
3,2505.7
58,2505.7
19,2505.8
6,2506.3
57,2506.5
29,2506.6
10,2507.0
50,2507.3
49,2507.7
1,2508.3
38,2508.5
30,2508.6
31,2508.7
48,2508.7
5,2508.9
0,2509.4
25,2509.5
36,2509.8
52,2509.9
44,2510.1
12,2510.4
26,2510.4
28,2511.7
47,2512.0
23,2512.0
2,2512.1
4,2512.9
8,2513.2
20,2513.8
9,2514.0
40,2514.2
15,2514.3
32,2514.5
21,2514.5
35,2514.8
61,2515.0
29,2515.6
11,2515.6
41,2516.4
6,2516.4
19,2516.8
60,2517.6
38,2517.7
34,2517.7
25,2517.9
13,2518.0
58,2518.1
36,2518.2
7,2518.6
53,2518.7
31,2518.7
50,2518.7
0,2519.2
1,2519.3
52,2519.6
56,2521.0
3,2521.0
5,2521.2
44,2521.8
10,2522.2
8,2522.3
46,2522.4
33,2522.9
20,2523.4
29,2523.6
24,2523.8
35,2524.6
40,2525.1
41,2525.4
42,2525.5
38,2525.8
57,2526.1
13,2526.2
9,2526.3
32,2526.7
15,2527.0
11,2527.0
58,2527.5
52,2527.9
25,2528.1
12,2528.2
4,2529.5
0,2529.6
36,2530.4
20,2531.4
21,2531.5
53,2532.4
34,2533.1
29,2533.8
16,2534.0
46,2534.6
56,2534.6
50,2535.2
32,2535.6
38,2535.7
61,2536.2
42,2536.6
13,2537.0
35,2537.2
33,2537.4
44,2537.7
57,2538.3
9,2538.4
17,2538.8
0,2538.9
52,2539.0
31,2539.2
15,2539.4
11,2539.6
22,2539.6
40,2539.7
5,2540.5
45,2540.7
26,2541.0
20,2541.2
53,2542.3
21,2542.4
8,2544.0
32,2544.1
25,2544.2
16,2544.9
38,2545.0
10,2545.3
60,2545.4
2,2545.6
41,2545.8
34,2545.8
23,2546.3
47,2546.4
4,2546.5
22,2548.0
9,2548.3
30,2549.0
7,2549.0
35,2549.2
42,2549.2
36,2549.7
56,2550.0
0,2550.7
51,2550.8
53,2550.9
6,2552.2
13,2552.3
48,2552.9
58,2553.1
25,2553.2
57,2553.2
49,2553.8
46,2554.0
15,2554.7
29,2554.9
4,2555.0
20,2555.6
26,2555.8
2,2555.8
38,2556.5
21,2556.6
3,2556.7
32,2556.7
47,2557.1
50,2557.2
16,2557.5
11,2557.8
5,2557.8
41,2557.9
22,2558.1
7,2558.8
30,2558.9
8,2559.0
60,2560.3
9,2560.5
55,2560.8
62,2561.0
44,2562.2
56,2562.4
53,2562.7
34,2563.5
6,2563.6
49,2564.4
27,2564.4
13,2564.7
42,2564.9
31,2565.1
36,2565.5
26,2565.9
37,2566.5
10,2566.5
52,2566.5
32,2566.7
2,2567.6
17,2568.2
21,2568.5
50,2568.7
20,2569.0
38,2569.4
57,2569.6
19,2569.7
62,2569.8
58,2570.3
3,2570.4
0,2570.4
55,2570.6
7,2571.0
30,2571.1
48,2571.3
40,2571.8
15,2572.4
47,2572.5
45,2572.5
33,2572.9
27,2573.0
6,2573.1
44,2573.3
53,2573.3
59,2574.1
34,2574.3
51,2574.8
8,2575.1
31,2575.2
41,2575.2
56,2575.3
13,2575.8
42,2575.9
37,2575.9
22,2576.0
17,2576.4
62,2576.7
32,2578.0
9,2578.1
49,2578.3
12,2578.9
60,2578.9
20,2578.9
30,2579.1
10,2579.2
26,2579.3
40,2580.3
24,2580.3
1,2580.5
25,2580.6
52,2580.8
47,2581.1
19,2581.3
3,2581.4
55,2582.1
46,2582.1
59,2582.6
27,2582.6
50,2583.2
38,2583.2
6,2583.7
56,2583.9
48,2584.1
16,2584.5
45,2584.6
33,2584.8
35,2585.2
34,2585.3
15,2585.3
42,2585.5
51,2586.0
22,2586.4
13,2586.4
37,2586.9
12,2587.0
58,2587.6
30,2588.3
47,2588.9
5,2589.6
31,2589.9
1,2590.4
24,2590.9
40,2591.1
46,2591.1
54,2591.2
25,2591.2
59,2591.9
19,2592.2
9,2592.8
7,2592.8
45,2593.3
38,2593.3
4,2593.6
56,2593.8
33,2594.0
16,2594.3
35,2594.8
12,2594.9
37,2595.6
44,2595.6
48,2595.7
41,2595.7
21,2596.1
17,2596.3
27,2596.4
51,2597.7
6,2598.0
34,2598.3
61,2598.8
22,2599.3
1,2599.6
32,2599.7
8,2599.9
3,2600.0
29,2600.4
10,2600.5
54,2600.8
46,2600.8
5,2601.2
55,2601.3
52,2603.1
36,2603.4
4,2603.4
16,2603.6
33,2603.8
24,2604.1
59,2604.8
27,2605.1
12,2605.1
15,2606.1
44,2606.3
2,2606.9
61,2607.1
30,2607.1
47,2607.4
6,2607.9
53,2607.9
35,2608.1
42,2608.2
38,2608.7
21,2608.8
37,2608.8
7,2609.0
8,2609.0
1,2609.7
20,2609.8
57,2610.2
25,2610.4
29,2610.8
34,2611.0
54,2611.9
17,2612.0
10,2612.2
13,2613.0
36,2613.3
5,2613.4
52,2613.7
46,2613.9
32,2614.0
62,2614.1
59,2614.2
45,2614.5
12,2615.3
41,2616.3
53,2616.5
61,2616.6
9,2617.0
49,2617.3
51,2618.3
57,2618.7
14,2618.7
1,2618.8
3,2619.0
27,2619.0
29,2619.1
37,2619.4
47,2619.5
8,2619.7
42,2619.9
40,2619.9
33,2620.2
16,2620.8
35,2621.1
38,2621.1
17,2621.3
21,2621.4
15,2621.4
24,2622.6
10,2623.7
36,2624.1
5,2624.3
58,2624.4
12,2625.0
59,2626.0
25,2626.1
46,2626.5
49,2627.3
62,2627.4
9,2627.8
14,2628.0
1,2628.0
52,2628.1
32,2628.2
51,2628.3
34,2628.3
54,2628.6
57,2629.0
53,2629.0
4,2629.1
19,2629.3
13,2629.4
0,2629.4
8,2629.9
6,2630.4
2,2630.5
29,2630.6
23,2630.6
41,2630.8
61,2631.0
58,2631.8
40,2632.1
3,2632.2
15,2632.6
44,2632.7
38,2632.8
47,2632.9
21,2632.9
48,2633.4
36,2634.2
12,2635.7
14,2635.9
59,2637.4
23,2637.9
24,2638.7
5,2638.9
34,2638.9
4,2639.2
54,2639.2
0,2639.5
6,2639.6
13,2639.9
1,2640.1
19,2640.1
58,2640.2
53,2640.9
49,2641.1
55,2641.3
33,2641.7
9,2641.8
17,2641.9
38,2642.5
31,2642.6
40,2642.8
37,2643.0
2,2643.3
42,2643.4
51,2643.4
57,2643.5
15,2643.8
14,2644.0
8,2644.4
26,2645.1
47,2645.8
48,2647.0
25,2647.3
4,2648.8
44,2649.8
29,2649.8
19,2649.8
31,2650.0
53,2650.1
3,2650.3
57,2651.8
0,2651.9
32,2652.0
17,2652.3
55,2652.5
52,2652.8
26,2653.4
14,2653.9
36,2654.1
8,2654.5
49,2654.6
12,2655.0
34,2655.2
9,2655.3
47,2655.6
58,2656.7
25,2656.8
7,2656.9
16,2658.1
21,2658.4
33,2658.5
13,2659.1
48,2660.0
23,2660.1
44,2660.9
10,2661.3
42,2661.3
17,2661.4
29,2661.6
54,2661.7
57,2661.7
6,2661.8
55,2661.9
26,2662.7
60,2663.0
14,2663.2
50,2663.7
36,2663.9
8,2664.3
5,2664.7
32,2665.0
25,2665.2
62,2665.4
12,2665.8
40,2665.9
53,2666.1
61,2666.7
7,2666.8
47,2667.6
45,2667.6
49,2667.8
2,2668.8
13,2669.1
52,2669.4
23,2669.6
9,2669.7
16,2669.8
46,2669.9
1,2670.8
57,2671.4
34,2671.4
51,2671.6
60,2672.2
38,2672.5
44,2672.8
31,2673.1
21,2673.3
50,2673.6
19,2673.8
14,2673.9
25,2674.3
4,2674.5
42,2674.6
7,2674.7
6,2675.3
15,2675.3
61,2675.4
29,2675.5
45,2675.6
10,2676.1
26,2676.1
12,2676.2
55,2676.4
62,2676.4
3,2677.5
51,2679.2
16,2679.2
0,2679.6
48,2679.7
9,2680.9
58,2681.0
46,2681.4
32,2682.5
44,2682.5
38,2682.6
60,2682.8
23,2682.8
4,2683.2
8,2683.3
45,2683.5
2,2683.6
19,2683.9
7,2684.1
21,2684.1
53,2684.2
22,2684.2
40,2684.5
50,2684.7
42,2685.1
1,2685.1
36,2685.5
6,2685.6
25,2686.1
13,2686.1
61,2686.2
15,2686.3
10,2686.4
47,2687.0
11,2687.2
14,2687.2
20,2687.4
52,2688.5
3,2689.1
16,2689.2
0,2690.0
5,2690.2
37,2691.0
57,2691.2
44,2691.8
62,2692.3
30,2692.6
12,2693.0
22,2693.7
21,2694.3
19,2694.6
58,2694.8
23,2694.8
25,2695.1
50,2695.4
20,2696.2
11,2696.9
46,2697.8
42,2697.8
13,2697.8
10,2697.9
6,2698.0
1,2698.4
35,2698.5
60,2699.4
52,2699.5
8,2699.9
7,2700.2
15,2700.2
37,2700.2
9,2700.6
5,2700.9
30,2701.3
14,2702.0
54,2702.3
31,2702.4
57,2702.9
58,2702.9
29,2703.1
59,2704.3
16,2704.4
47,2704.7
22,2704.8
44,2705.9
21,2706.0
20,2706.3
42,2706.9
34,2707.4
4,2707.6
11,2708.0
24,2708.1
50,2708.3
35,2708.5
0,2708.8
30,2708.8
8,2710.0
26,2710.1
52,2710.6
15,2710.6
12,2710.7
5,2710.9
37,2711.5
55,2711.9
9,2712.4
23,2712.5
57,2712.7
38,2713.0
61,2713.3
58,2713.3
59,2713.4
54,2713.6
47,2714.1
7,2714.2
3,2714.3
1,2715.2
29,2715.4
14,2715.6
20,2715.9
42,2716.2
10,2716.4
4,2716.5
30,2717.1
48,2717.5
45,2717.6
2,2717.8
32,2717.8
16,2718.0
41,2718.2
24,2718.4
26,2719.0
11,2720.0
37,2720.4
35,2720.5
52,2720.6
6,2720.8
34,2720.8
8,2721.2
15,2722.1
59,2722.5
22,2722.6
47,2722.6
23,2722.7
38,2722.8
5,2723.8
12,2723.8
50,2724.0
55,2724.3
27,2724.4
3,2724.4
57,2724.4
7,2725.2
9,2725.6
61,2725.6
25,2725.9
32,2726.2
41,2726.2
29,2726.3
42,2726.5
21,2726.5
13,2727.0
20,2727.1
49,2727.9
45,2727.9
26,2728.1
2,2728.4
30,2728.9
54,2729.1
16,2729.3
6,2729.6
14,2729.6
48,2729.7
24,2730.5
59,2731.5
52,2731.5
17,2732.4
27,2732.8
40,2732.9
37,2733.6
44,2734.0
11,2734.4
15,2734.5
41,2735.0
32,2735.1
4,2735.7
8,2735.8
13,2736.1
34,2737.2
35,2737.4
45,2737.5
49,2739.1
23,2739.5
48,2739.8
24,2739.9
6,2740.5
3,2740.6
2,2740.7
12,2741.2
5,2741.5
27,2742.0
41,2742.1
26,2742.5
55,2742.5
29,2743.1
40,2743.5
9,2743.5
21,2744.3
13,2744.5
44,2745.3
53,2745.3
47,2745.3
59,2745.4
10,2746.5
32,2748.4
50,2749.1
15,2749.5
11,2749.6
41,2750.8
34,2750.8
35,2751.9
3,2751.9
57,2752.4
53,2752.4
49,2753.3
60,2754.1
42,2754.3
27,2754.8
13,2754.8
5,2754.9
24,2755.0
4,2755.0
21,2755.9
48,2756.0
55,2756.0
22,2756.3
1,2756.6
58,2756.6
45,2756.9
26,2756.9
40,2757.1
30,2758.4
51,2758.6
44,2759.6
10,2759.9
9,2760.3
8,2760.3
12,2760.5
23,2760.8
29,2760.9
34,2761.4
17,2761.8
60,2762.6
47,2763.2
4,2763.5
7,2763.6
15,2764.0
49,2765.1
0,2766.1
11,2766.1
48,2766.3
30,2766.4
51,2766.5
58,2766.7
41,2767.0
46,2767.1
1,2767.2
42,2767.3
25,2767.5
22,2767.6
52,2767.8
50,2767.9
40,2768.0
16,2768.0
45,2768.5
55,2768.6
13,2768.6
8,2769.7
44,2769.9
2,2770.1
5,2770.3
57,2770.8
60,2771.0
12,2771.0
10,2771.2
21,2771.5
3,2772.1
34,2773.5
32,2774.1
20,2774.1
37,2774.4
61,2774.6
6,2774.8
17,2775.1
1,2775.3
7,2775.9
0,2776.1
51,2776.2
9,2776.2
30,2776.7
46,2776.9
22,2777.2
31,2777.3
52,2777.6
49,2778.0
40,2778.0
35,2778.1
58,2778.2
42,2778.3
47,2778.5
45,2778.9
15,2779.2
19,2779.9
12,2780.4
38,2780.8
41,2781.1
25,2781.1
16,2781.2
29,2781.4
8,2781.6
60,2781.9
37,2782.1
44,2782.3
10,2783.8
5,2783.8
1,2783.9
20,2784.3
61,2784.3
48,2785.2
46,2785.3
2,2786.0
31,2786.2
27,2786.2
52,2786.4
32,2786.8
34,2787.3
56,2787.5
47,2788.0
0,2788.4
58,2788.6
17,2788.8
51,2789.0
49,2789.3
42,2789.5
57,2789.8
37,2790.0
16,2790.0
22,2790.2
40,2790.2
12,2790.6
26,2790.6
25,2791.2
4,2791.8
30,2792.5
15,2792.9
61,2793.5
35,2793.6
44,2793.7
45,2794.2
56,2795.7
24,2795.8
41,2795.9
46,2796.2
31,2796.2
5,2796.3
27,2796.6
7,2796.7
52,2796.7
58,2796.9
20,2797.8
38,2798.3
47,2798.5
57,2798.6
29,2798.9
42,2799.4
6,2799.5
40,2800.5
17,2800.8
36,2801.2
54,2801.9
22,2802.4
16,2802.9
51,2803.0
34,2803.3
55,2803.4
0,2803.8
21,2803.9
45,2804.0
31,2804.1
1,2804.4
56,2804.6
8,2804.8
26,2805.2
7,2805.3
15,2806.0
30,2806.1
46,2806.9
12,2806.9
61,2807.3
57,2807.5
24,2807.9
41,2808.2
4,2808.8
6,2808.9
44,2809.5
36,2809.6
42,2809.9
17,2810.4
27,2811.2
62,2811.7
54,2811.8
29,2812.9
16,2813.1
19,2813.5
0,2813.9
9,2814.0
38,2814.1
21,2814.3
13,2815.0
48,2815.1
31,2815.4
60,2816.0
56,2816.3
36,2816.7
51,2817.2
6,2817.2
52,2817.5
7,2817.5
30,2818.1
59,2818.5
45,2818.6
32,2818.7
40,2818.9
58,2819.0
62,2819.9
23,2820.1
41,2820.6
26,2820.8
50,2821.9
13,2822.9
37,2822.9
33,2823.6
54,2823.6
42,2824.0
19,2824.1
38,2824.2
12,2824.8
8,2824.9
5,2825.4
34,2825.4
1,2825.8
59,2825.8
24,2826.2
6,2826.3
46,2826.4
9,2826.7
21,2827.0
0,2827.3
62,2827.3
45,2827.5
32,2827.8
60,2828.2
7,2828.6
25,2829.3
23,2829.8
50,2830.2
52,2830.7
48,2830.7
58,2830.8
15,2830.8
26,2830.8
4,2830.8
17,2831.7
13,2831.9
11,2832.0
41,2832.4
44,2832.8
19,2832.9
16,2833.0
37,2833.0
33,2833.4
59,2833.4
61,2833.6
38,2833.6
10,2835.0
53,2835.1
12,2835.8
5,2835.8
22,2836.1
62,2836.1
1,2836.3
9,2837.2
60,2837.3
42,2837.5
31,2837.6
40,2837.6
30,2837.7
51,2837.7
21,2838.2
23,2838.3
57,2839.3
0,2839.6
7,2839.6
36,2839.7
50,2839.8
46,2840.8
3,2841.1
25,2841.3
26,2841.4
15,2841.7
8,2841.8
47,2841.8
32,2842.0
59,2842.2
11,2842.3
39,2843.5
44,2843.8
33,2844.7
61,2844.8
54,2844.8
13,2844.9
24,2845.1
53,2845.5
6,2845.8
52,2845.9
12,2846.0
30,2846.4
23,2846.5
55,2846.6
10,2846.7
37,2846.8
4,2847.0
14,2847.2
51,2847.6
20,2848.3
45,2848.7
50,2848.8
21,2848.9
22,2849.0
42,2849.2
3,2849.4
62,2849.4
1,2850.2
8,2850.4
34,2850.6
7,2850.9
25,2851.2
56,2851.5
17,2851.6
31,2851.8
19,2852.0
47,2852.2
60,2852.4
15,2852.7
39,2853.0
46,2853.2
5,2853.5
0,2853.6
44,2854.4
11,2854.8
6,2855.1
33,2855.2
14,2855.9
16,2856.3
51,2856.3
54,2856.3
59,2856.5
4,2856.6
38,2856.7
53,2856.8
3,2857.5
55,2857.6
20,2857.8
9,2858.2
57,2858.2
23,2858.6
8,2859.1
13,2859.3
62,2859.3
21,2859.4
22,2859.8
40,2860.0
30,2860.8
61,2861.0
47,2861.3
10,2861.4
25,2861.6
43,2861.6
52,2862.7
56,2862.9
60,2863.3
41,2863.4
39,2863.7
29,2863.8
50,2863.9
36,2863.9
14,2864.0
24,2864.2
32,2864.4
12,2864.7
17,2865.1
4,2865.1
48,2865.7
42,2866.6
15,2867.0
53,2867.1
34,2867.4
3,2867.4
0,2867.5
16,2867.8
38,2868.8
37,2868.9
5,2868.9
7,2869.1
20,2869.4
31,2869.7
1,2870.0
33,2870.6
43,2870.7
6,2871.7
9,2871.9
55,2872.0
11,2872.1
47,2872.4
21,2872.4
45,2873.2
52,2873.4
8,2873.8
56,2873.9
14,2874.2
25,2874.2
4,2874.3
40,2874.4
46,2874.5
29,2874.8
19,2874.9
10,2875.2
54,2875.6
61,2875.6
22,2876.2
34,2876.9
12,2877.0
42,2877.2
17,2877.5
32,2877.8
53,2878.2
13,2878.2
62,2878.2
48,2878.4
16,2878.5
57,2878.5
49,2878.7
3,2878.8
0,2878.9
30,2879.1
38,2879.2
39,2879.5
43,2880.8
6,2881.1
7,2882.0
1,2882.9
45,2883.2
23,2883.3
60,2883.6
21,2884.1
29,2884.2
14,2884.2
50,2884.4
25,2884.4
31,2884.5
19,2884.6
9,2885.6
58,2886.7
46,2886.8
61,2886.9
11,2887.2
17,2887.8
12,2887.9
49,2888.6
36,2888.6
34,2888.7
16,2890.8
6,2891.1
45,2891.8
44,2892.4
20,2892.8
8,2893.1
51,2893.3
15,2893.9
58,2894.1
32,2894.5
31,2894.5
4,2894.7
19,2895.0
43,2895.5
0,2895.7
52,2895.7
33,2897.3
10,2897.3
29,2897.5
56,2897.6
61,2897.7
49,2898.0
9,2898.2
46,2898.5
30,2899.0
23,2899.2
42,2899.3
21,2899.9
48,2900.0
26,2900.1
14,2900.4
36,2900.6
28,2901.4
60,2901.7
17,2901.8
44,2901.9
1,2901.9
62,2902.1
58,2902.2
12,2902.3
8,2903.6
34,2903.6
3,2903.7
32,2903.8
16,2904.1
57,2904.2
31,2904.7
6,2904.9
7,2905.1
25,2905.2
37,2905.6
0,2905.8
15,2906.4
52,2906.7
4,2907.5
49,2907.8
22,2908.8
24,2909.0
47,2909.4
28,2910.3
42,2910.3
9,2910.4
36,2910.5
45,2910.9
26,2910.9
17,2911.0
38,2911.2
48,2911.9
57,2912.5
58,2913.1
44,2913.1
1,2913.4
13,2913.9
33,2914.6
25,2914.7
32,2915.2
8,2915.4
62,2916.1
37,2916.6
47,2917.2
50,2918.2
24,2918.5
60,2918.8
3,2918.9
10,2919.3
45,2919.5
28,2920.1
31,2920.1
38,2920.2
12,2920.2
27,2920.5
5,2920.5
42,2920.9
22,2921.0
15,2921.3
36,2921.3
26,2921.4
29,2921.6
46,2922.2
13,2922.3
58,2922.4
21,2922.9
57,2923.4
9,2923.9
30,2924.1
17,2924.3
52,2924.4
0,2924.4
1,2924.5
32,2925.0
8,2925.1
49,2925.2
56,2925.6
51,2925.7
47,2926.2
61,2926.2
25,2926.5
44,2926.9
38,2928.6
5,2928.8
27,2928.9
50,2929.6
42,2929.8
23,2930.2
24,2930.5
28,2931.6
2,2931.7
26,2932.2
37,2932.4
13,2932.7
4,2932.9
15,2933.0
29,2933.0
51,2933.6
6,2934.4
31,2934.8
56,2936.0
61,2936.0
30,2936.2
58,2937.2
5,2937.3
27,2938.2
60,2939.4
21,2939.4
2,2939.7
19,2939.7
42,2939.9
41,2940.0
46,2940.5
52,2940.6
47,2940.9
4,2941.0
25,2941.0
23,2941.6
24,2942.3
11,2942.3
22,2942.4
59,2942.5
28,2942.7
0,2942.8
6,2942.9
3,2943.2
51,2943.6
26,2943.7
56,2943.8
44,2944.0
30,2944.9
36,2945.7
14,2946.4
50,2946.7
61,2947.3
41,2947.5
45,2948.1
34,2948.4
2,2948.6
16,2948.6
5,2949.1
8,2949.3
21,2949.5
12,2950.3
42,2950.3
1,2950.7
27,2950.9
59,2951.2
11,2951.3
23,2951.3
13,2951.9
37,2952.7
15,2953.5
3,2953.6
19,2953.8
30,2954.3
28,2954.3
56,2954.6
48,2954.8
6,2954.8
0,2956.5
16,2956.6
14,2957.0
52,2957.3
29,2958.1
60,2958.7
61,2958.8
44,2958.8
31,2958.9
36,2959.3
34,2960.1
8,2960.2
9,2960.2
47,2960.4
21,2960.5
2,2960.5
7,2960.6
25,2960.9
12,2960.9
59,2961.0
11,2961.9
32,2962.2
51,2962.6
17,2963.2
46,2963.2
30,2963.3
23,2963.6
6,2963.8
3,2964.4
16,2964.4
13,2964.7
50,2964.9
38,2965.1
19,2965.2
37,2965.6
24,2966.0
1,2967.0
52,2967.0
48,2967.3
31,2967.8
7,2968.3
29,2969.1
58,2970.2
62,2970.2
12,2970.4
17,2970.6
51,2970.9
14,2970.9
28,2971.0
47,2971.1
44,2971.4
4,2972.6
23,2972.8
9,2974.0
0,2974.2
25,2974.2
46,2974.6
38,2974.7
60,2974.7
3,2974.9
59,2975.2
15,2975.6
37,2976.8
7,2976.9
34,2977.2
13,2977.3
45,2978.1
30,2978.1
61,2978.3
17,2979.1
21,2979.2
52,2979.2
56,2979.6
50,2979.7
31,2979.7
62,2979.8
19,2980.3
58,2980.8
48,2981.0
8,2981.4
11,2981.5
14,2981.7
47,2981.9
22,2982.7
5,2983.0
33,2983.2
6,2983.8
4,2984.3
40,2984.4
16,2984.4
44,2984.6
25,2984.8
29,2984.9
0,2984.9
15,2985.5
12,2985.8
1,2986.5
37,2986.6
7,2988.4
47,2989.9
19,2990.0
27,2990.1
31,2990.3
62,2991.4
14,2991.4
32,2991.8
45,2991.8
23,2992.2
33,2992.2
56,2992.4
34,2992.6
38,2992.8
60,2993.1
22,2993.3
8,2993.7
40,2993.9
30,2994.0
11,2994.4
48,2994.7
58,2995.3
44,2995.4
53,2995.7
15,2996.5
13,2996.8
61,2997.2
1,2997.6
12,2997.6
5,2997.8
25,2998.1
41,2998.1
50,2998.2
31,2999.0
46,2999.6
27,2999.8
