5,14.9
30,16.0
29,16.6
3,16.8
5,19.7
27,20.3
8,21.1
3,21.3
16,21.8
24,21.9
9,22.5
14,23.0
10,23.8
1,24.1
4,24.3
18,24.4
26,24.9
30,25.8
5,26.3
29,26.3
3,26.6
8,26.7
16,27.2
20,28.0
11,28.3
21,28.8
27,29.4
4,29.8
1,29.8
26,30.3
22,30.3
14,30.4
13,30.8
5,32.0
24,32.1
8,32.1
16,32.2
17,32.4
29,32.7
3,32.8
20,32.9
11,33.7
10,34.1
9,34.6
1,36.1
22,36.9
21,37.0
27,37.7
5,38.3
8,38.5
16,39.0
13,39.2
4,39.2
12,39.3
20,39.5
17,40.2
3,40.2
26,40.3
14,40.7
0,40.7
18,40.9
9,41.1
1,41.5
11,41.6
29,41.8
2,42.6
10,42.7
8,43.2
30,43.6
22,43.9
31,44.4
21,44.6
15,45.0
12,45.3
14,46.0
16,46.5
9,46.5
20,46.8
23,47.3
8,47.5
27,47.6
5,47.6
26,47.6
1,47.7
2,48.1
0,48.1
17,48.2
4,48.5
29,48.5
11,48.7
30,48.8
22,49.2
3,49.6
14,49.9
10,50.3
21,50.7
20,51.7
18,52.0
9,52.5
14,53.0
4,53.2
1,53.3
15,53.4
8,53.4
29,53.5
30,53.5
11,53.8
22,53.9
2,54.1
26,54.1
12,54.5
27,54.9
10,55.0
31,55.4
3,55.7
0,56.3
16,56.6
20,56.7
19,56.8
14,57.0
18,57.2
5,57.4
21,57.8
10,59.4
8,59.5
23,59.6
4,59.8
22,59.9
9,60.0
29,60.4
30,61.1
1,61.4
26,61.6
27,61.8
3,62.5
12,62.7
14,63.1
6,63.2
11,63.6
2,63.9
20,64.2
19,64.5
18,64.5
0,64.9
5,65.6
10,66.0
22,66.3
9,66.7
8,66.7
23,66.9
29,67.5
30,67.6
3,68.4
2,69.2
18,69.7
5,70.0
25,70.0
27,70.3
14,70.6
12,70.8
16,71.1
19,71.1
4,71.4
1,71.7
10,72.2
8,72.3
6,72.3
20,72.4
24,72.5
9,72.6
3,72.8
15,73.5
30,73.7
31,73.7
29,73.8
18,73.8
2,74.1
22,74.7
21,74.8
5,75.0
14,76.0
12,76.7
27,76.7
7,77.2
25,77.6
3,77.7
10,78.9
23,78.9
1,78.9
8,78.9
29,79.1
30,79.3
18,79.3
4,79.3
9,79.4
19,79.7
16,79.7
5,80.2
21,81.0
24,81.1
2,82.0
12,82.8
3,83.9
29,84.5
30,85.0
14,85.1
7,86.0
5,86.9
27,87.3
3,89.2
9,90.0
29,90.0
8,90.7
18,90.9
13,91.2
21,91.3
2,91.3
12,94.7
29,94.9
10,94.9
30,95.2
3,95.2
9,96.5
14,96.6
5,96.8
21,97.6
15,98.3
11,98.3
13,98.4
2,99.0
12,99.8
27,100.5
30,101.2
14,101.5
25,101.6
4,101.6
8,101.7
24,101.8
16,102.4
29,102.6
21,102.9
15,103.5
11,103.6
5,103.7
13,103.9
2,104.0
10,104.1
12,104.5
20,105.3
9,105.4
28,105.7
14,105.9
30,106.1
4,106.3
8,106.5
3,106.8
21,107.7
11,108.0
24,108.2
2,108.3
29,108.4
26,109.0
16,109.2
15,109.4
13,110.0
20,110.4
5,110.6
12,110.6
9,110.9
8,111.1
4,111.1
14,111.9
30,112.3
21,113.2
2,113.7
11,113.9
24,115.3
20,115.6
29,115.7
9,115.9
8,116.1
4,116.8
16,117.0
10,117.3
30,117.6
5,118.1
2,118.2
31,118.2
6,118.7
0,118.8
11,119.4
12,119.7
8,120.7
21,121.1
24,121.5
4,122.0
16,122.0
15,122.2
2,122.5
9,122.6
30,123.0
26,123.1
10,123.9
12,124.0
20,124.1
13,124.2
14,124.4
31,125.1
8,125.4
11,125.6
6,125.9
5,126.5
2,127.3
16,127.6
4,128.2
0,128.5
21,128.7
30,128.9
28,129.4
24,129.4
12,129.5
26,129.9
8,130.3
10,130.9
29,131.1
2,131.8
11,132.1
4,132.1
5,132.7
20,132.8
14,132.8
16,133.1
13,133.2
31,133.3
21,133.5
6,134.3
1,134.5
30,134.6
3,134.8
18,134.9
4,135.1
10,135.4
29,135.6
28,135.6
14,135.8
12,135.8
5,136.5
26,136.6
2,136.7
11,137.0
8,137.0
24,137.5
9,137.6
21,137.7
13,137.8
4,138.2
15,138.4
14,139.0
1,139.3
6,139.3
30,139.9
27,140.1
10,140.1
20,140.7
3,140.8
29,140.9
5,141.3
28,141.6
2,142.1
4,142.2
14,142.3
11,143.2
18,143.4
1,143.4
21,143.5
16,143.8
10,144.3
13,144.5
6,144.7
30,145.2
31,145.6
14,145.6
4,146.4
3,146.5
15,146.5
2,146.9
8,147.1
5,147.2
29,147.5
12,147.8
20,147.8
9,148.2
28,148.5
1,149.4
14,149.8
21,149.8
10,151.1
13,151.6
11,151.8
4,151.8
2,152.9
27,153.0
20,153.9
8,154.2
26,154.6
30,154.6
6,154.9
14,155.3
5,155.3
9,155.7
1,155.8
16,156.0
29,156.2
21,156.8
28,157.1
4,157.5
11,157.7
12,158.3
13,158.4
20,158.6
3,158.6
2,159.5
8,159.8
7,159.9
18,160.2
14,161.3
29,161.5
21,161.6
30,161.8
1,162.2
5,162.3
16,163.1
11,164.1
12,164.3
10,164.6
20,164.6
2,165.5
27,166.4
4,166.5
9,166.5
8,166.5
5,166.9
3,167.3
0,167.4
21,167.8
29,168.3
24,169.1
7,169.2
13,169.3
20,170.0
28,170.1
16,170.2
11,170.4
2,170.7
8,171.9
5,172.1
30,172.3
9,172.4
14,172.9
1,173.3
21,173.3
10,173.4
27,173.4
20,173.9
11,173.9
29,173.9
4,173.9
12,174.9
16,175.2
26,175.3
0,175.5
2,176.3
8,176.8
3,176.8
5,177.3
24,177.4
19,177.8
20,178.2
18,178.2
21,178.3
10,178.4
11,178.6
9,179.0
29,179.0
4,179.1
14,180.2
13,180.2
28,181.1
0,181.4
2,181.7
8,182.1
30,182.6
11,182.8
15,183.0
4,183.0
5,183.2
16,183.2
14,183.2
20,183.2
21,183.4
10,183.5
1,183.9
13,184.1
29,184.4
19,185.1
22,185.6
6,185.6
9,185.6
27,185.7
28,185.7
3,186.3
30,186.4
5,186.4
2,186.6
14,186.9
4,187.2
11,187.5
8,187.8
24,187.8
13,188.0
18,188.0
15,188.4
10,188.6
21,189.2
30,189.6
12,189.7
5,189.8
1,190.6
14,190.6
28,190.8
20,191.7
16,191.8
6,191.9
2,192.0
22,192.0
11,192.1
4,192.3
13,192.8
29,193.0
10,193.1
3,193.4
5,193.4
9,193.8
30,194.0
0,194.4
15,194.4
27,194.6
14,195.0
21,195.5
1,195.9
8,196.3
28,196.7
12,196.9
10,197.4
4,197.4
2,197.7
5,197.9
18,198.1
14,199.1
9,199.2
13,199.2
1,199.9
11,200.0
3,200.1
0,200.4
17,200.5
30,200.9
10,202.2
6,202.5
8,202.6
2,202.7
4,203.0
9,203.5
29,203.8
1,204.5
14,204.5
5,204.7
13,204.8
3,206.2
22,206.8
12,207.6
2,207.6
18,207.7
0,207.9
29,207.9
9,208.2
28,208.8
21,208.9
14,209.5
31,209.8
24,210.1
5,210.1
15,210.2
13,210.3
10,210.4
3,210.4
30,210.5
27,211.0
4,211.8
1,211.8
29,212.0
23,212.5
8,212.8
6,213.3
5,214.2
30,214.4
2,214.5
31,214.5
3,214.5
17,214.6
14,214.7
12,215.2
22,215.4
9,215.4
29,215.9
18,217.2
4,217.4
27,217.6
25,217.9
19,217.9
5,218.8
30,218.8
2,219.1
3,219.3
6,220.1
31,220.6
13,220.6
29,221.5
1,221.5
14,221.7
10,221.7
11,222.0
27,222.6
5,223.0
2,223.1
18,223.5
12,223.7
3,223.8
22,225.0
23,225.1
20,225.5
30,225.5
6,225.6
9,225.7
8,226.1
1,226.4
25,226.5
5,226.7
2,226.7
0,226.8
19,227.3
31,227.7
4,227.7
29,227.9
16,227.9
3,228.3
10,228.5
27,228.7
11,229.0
14,229.5
5,230.1
6,230.1
20,230.5
12,230.9
30,231.1
2,231.2
1,231.2
18,231.4
22,231.4
8,231.7
21,232.0
23,232.1
13,232.5
9,233.1
19,233.1
10,233.3
5,233.4
29,233.5
15,233.7
4,233.7
11,234.1
0,234.3
3,234.6
28,234.7
20,235.1
30,235.2
12,235.3
16,235.3
14,235.5
6,235.7
7,236.0
2,236.4
5,236.8
21,236.8
27,237.1
22,237.7
31,237.8
8,237.9
29,238.0
4,238.1
13,238.1
1,238.2
23,238.2
18,238.3
30,238.3
12,238.9
10,239.4
14,239.9
11,240.3
19,240.5
3,240.5
6,240.7
5,240.8
30,241.8
15,241.9
9,242.3
21,242.4
4,242.5
20,242.8
31,242.8
27,243.0
29,243.1
0,244.1
12,244.3
13,244.3
2,244.5
28,244.5
14,244.6
22,244.8
7,244.9
5,245.2
25,245.2
30,245.6
4,245.8
6,246.7
21,247.2
11,247.3
23,247.6
13,247.7
8,247.9
29,248.0
3,248.1
12,248.3
17,248.4
14,248.5
16,248.6
10,249.2
24,249.2
27,249.4
4,249.5
5,249.9
2,249.9
22,250.0
28,250.1
15,250.3
21,250.4
30,250.4
31,251.1
12,251.3
13,251.3
29,251.4
9,251.5
8,252.3
20,252.4
4,253.4
7,253.5
16,253.5
21,253.6
14,253.8
24,253.8
11,253.9
26,254.3
12,254.7
1,254.7
29,255.1
2,255.1
3,255.4
5,255.8
13,256.0
22,256.1
27,256.1
30,256.3
8,256.4
6,256.7
21,256.8
17,256.9
18,257.1
4,257.3
10,257.4
28,257.5
16,258.0
9,258.7
20,258.7
14,258.8
2,259.0
19,259.0
29,259.2
12,259.5
24,259.5
25,259.9
26,260.0
8,260.4
21,260.9
13,261.0
4,261.9
5,262.0
11,262.2
2,262.6
3,262.9
18,263.0
27,263.1
16,263.4
30,263.5
15,263.8
14,263.8
28,264.3
20,265.0
29,265.3
8,265.4
9,265.5
13,265.9
19,266.0
4,266.4
25,266.6
12,266.8
21,266.8
22,267.0
2,267.3
5,267.4
26,267.4
14,268.4
24,270.3
11,270.5
28,270.6
13,271.0
29,271.3
4,271.4
30,271.5
8,271.5
18,271.9
2,272.0
7,272.1
20,272.1
21,272.6
27,272.6
9,272.7
16,272.9
10,273.4
5,273.5
12,274.3
3,275.0
14,275.4
28,276.6
13,276.7
29,276.8
31,276.9
15,277.5
6,277.7
8,277.7
21,277.9
22,277.9
2,278.5
9,278.9
23,278.9
12,279.0
30,279.0
5,279.3
4,279.4
24,279.5
0,279.6
7,280.3
16,280.9
27,281.6
25,282.0
3,282.3
20,282.4
29,282.9
14,283.2
13,283.5
12,283.6
21,283.6
28,283.7
8,283.9
5,284.2
10,284.4
1,284.5
18,284.6
26,285.0
22,285.1
4,285.6
6,285.9
19,286.3
23,286.5
3,287.4
14,287.4
16,288.1
27,288.1
30,288.5
29,289.4
13,289.5
21,289.7
9,289.9
4,290.1
28,290.3
5,290.4
8,290.6
12,290.7
2,291.1
10,291.2
14,291.6
1,291.9
26,292.5
22,292.6
7,293.1
18,293.3
3,294.0
20,294.0
6,294.3
29,294.3
23,294.3
30,294.4
4,295.2
5,295.5
13,295.5
21,296.1
24,296.7
8,296.9
9,296.9
14,297.0
16,297.2
22,297.4
28,298.2
2,298.3
30,298.4
12,299.0
29,299.0
3,300.4
5,300.5
14,300.7
4,300.9
21,301.5
10,301.8
22,301.8
13,301.9
27,302.2
31,302.5
23,303.0
29,303.2
30,303.3
12,303.5
8,304.5
18,304.9
19,305.0
0,305.2
9,305.4
20,305.8
14,306.0
10,306.3
16,306.4
24,306.6
28,307.1
21,307.1
22,308.5
12,308.6
5,308.7
29,309.1
4,309.5
8,310.7
10,311.1
19,311.1
14,311.2
2,311.2
18,311.4
30,311.7
3,312.2
31,312.5
9,312.8
13,313.0
25,313.3
23,313.8
12,313.9
21,314.3
16,314.8
0,315.0
24,315.4
29,316.0
18,316.0
22,316.1
19,316.4
2,316.5
10,317.1
14,317.1
4,318.1
1,318.3
11,318.9
5,320.1
18,320.3
20,320.4
21,320.5
10,320.8
8,321.0
3,321.1
26,321.1
2,321.2
29,321.3
25,321.5
0,321.6
14,321.8
12,321.9
4,321.9
19,322.4
30,323.0
31,323.2
6,323.3
11,323.8
10,324.4
18,324.8
4,324.8
21,325.0
5,325.1
13,325.2
1,325.5
14,326.2
27,326.6
15,326.8
0,326.9
30,327.0
28,327.1
3,327.2
2,327.3
19,327.7
29,327.8
10,327.8
11,328.0
4,328.2
20,328.8
5,328.9
12,329.5
31,329.5
6,330.3
18,330.4
13,331.0
14,331.2
30,331.6
2,332.1
4,332.4
21,332.5
10,332.5
8,332.6
11,333.0
24,333.1
16,333.3
5,333.6
0,333.7
27,333.8
9,334.2
3,334.6
12,334.9
15,335.1
2,335.7
20,336.7
26,336.8
29,336.9
30,336.9
8,337.2
19,337.2
5,337.8
22,338.0
13,338.1
28,338.4
4,338.5
2,339.1
9,339.5
14,339.6
3,339.7
24,340.0
10,340.5
12,341.0
29,341.0
16,341.1
18,341.5
11,341.5
30,341.9
5,342.2
2,342.7
8,343.0
20,343.2
13,343.3
9,344.0
1,344.2
31,344.8
3,345.2
29,345.3
21,347.0
2,347.1
12,347.2
5,347.2
16,347.3
11,347.7
8,347.9
20,347.9
10,348.7
30,349.3
9,350.2
4,350.3
13,351.2
29,351.2
21,351.3
1,351.4
6,351.4
0,351.8
20,352.4
14,352.4
2,353.2
12,353.4
5,353.4
11,353.6
28,354.0
21,354.6
4,354.7
8,354.8
29,355.0
18,355.2
3,355.4
24,355.4
16,355.4
26,355.5
25,355.6
19,355.7
13,356.6
10,357.0
20,357.2
2,357.8
21,357.9
14,358.0
4,359.3
29,359.5
12,360.3
11,360.7
18,361.2
13,362.1
21,362.6
22,362.9
9,363.1
28,363.1
25,363.8
2,363.8
19,364.2
30,364.7
20,365.0
17,365.2
5,365.3
29,366.6
4,366.7
13,367.5
14,368.0
8,368.1
22,368.8
21,369.8
2,369.8
9,371.2
20,371.2
12,371.5
13,372.4
5,372.5
11,372.6
30,372.7
29,373.0
4,373.1
1,373.2
10,373.3
3,373.4
7,373.4
27,373.8
15,374.1
14,374.5
28,374.8
18,374.9
17,375.2
21,375.3
19,376.8
2,376.9
5,377.0
13,377.2
12,377.2
0,377.3
30,377.5
4,378.5
8,378.7
29,378.9
22,379.0
10,379.1
11,379.9
27,380.9
14,381.3
3,381.5
18,381.6
21,381.7
7,382.1
15,382.3
20,382.4
19,382.8
5,382.9
30,383.9
13,384.2
0,384.6
10,384.7
28,385.7
9,386.0
12,386.5
4,387.4
2,387.5
29,389.8
20,389.8
18,389.9
8,390.0
19,390.3
10,393.1
5,394.0
2,394.9
9,395.0
21,395.4
12,396.2
14,396.4
8,396.5
0,396.8
30,396.9
11,396.9
13,397.2
24,397.6
16,397.6
4,398.1
2,398.3
15,399.2
1,399.6
5,399.6
9,400.7
8,400.7
17,400.8
28,401.1
10,401.5
0,401.5
2,401.6
12,401.9
11,402.0
14,404.3
30,404.5
13,404.6
24,405.1
4,405.2
5,405.5
20,405.6
15,405.7
2,405.9
8,406.0
16,406.1
11,406.1
0,406.8
9,406.8
1,406.8
14,409.0
30,409.3
10,409.7
12,409.8
11,410.3
2,410.4
21,410.8
5,410.8
29,410.9
8,411.2
4,411.3
28,411.4
15,411.7
17,411.7
24,412.1
7,412.2
27,412.5
16,412.6
30,412.6
13,412.7
3,412.7
31,412.9
6,413.1
9,413.3
0,413.7
14,413.8
12,414.0
2,415.0
11,415.2
30,415.3
8,415.8
5,415.9
22,416.1
4,416.6
21,416.7
20,417.1
16,417.4
29,417.4
1,417.8
9,417.8
24,418.0
2,418.6
30,418.6
12,418.7
3,419.2
8,419.3
6,419.5
27,419.7
13,419.9
11,420.1
22,420.2
7,420.8
15,421.1
5,421.3
31,421.6
20,421.8
23,421.8
16,421.9
14,421.9
9,421.9
29,422.3
30,422.8
2,422.9
8,423.6
12,424.2
1,425.0
22,425.1
13,425.7
4,425.8
9,425.8
6,426.1
11,426.2
10,426.2
20,426.3
3,426.3
24,426.4
21,427.2
2,427.2
29,428.2
8,428.5
16,428.7
5,428.9
30,429.1
23,429.8
9,430.3
12,431.8
22,432.2
0,432.7
2,433.2
20,433.3
24,433.5
8,434.2
16,436.4
9,436.5
13,437.0
14,438.2
11,438.4
29,438.5
6,438.8
1,439.4
30,441.8
27,441.8
2,443.3
8,443.5
3,444.4
5,444.5
12,444.6
22,444.8
10,445.0
6,445.2
23,446.4
4,446.6
21,446.8
1,447.3
24,447.6
31,447.6
30,448.4
9,448.6
6,449.1
12,449.3
13,449.5
14,449.6
4,449.8
2,450.1
5,450.2
10,450.4
28,450.4
29,450.8
27,451.5
22,451.7
21,451.9
11,452.1
3,452.2
15,452.5
20,452.5
6,452.6
30,452.7
4,453.2
13,453.7
14,453.7
1,453.9
23,454.0
10,454.4
0,454.7
5,454.8
12,455.2
19,455.2
31,455.7
28,455.8
18,455.8
21,456.7
4,457.0
30,457.6
2,457.9
6,457.9
13,458.2
14,458.7
29,458.7
10,458.8
11,460.0
5,460.8
15,461.0
19,461.8
4,462.3
21,462.4
18,462.6
0,462.9
28,463.1
2,463.8
13,464.0
25,464.2
22,464.8
3,465.0
30,465.1
10,465.7
5,465.8
12,466.0
14,466.3
6,467.1
1,467.3
19,467.3
18,467.7
21,468.1
4,468.1
28,468.5
29,468.8
13,468.8
2,468.8
8,469.0
5,470.6
27,470.7
14,471.2
4,472.1
13,472.1
11,472.5
28,472.5
25,472.7
3,472.7
30,473.3
15,473.3
21,473.3
10,473.6
5,473.6
2,473.8
29,474.4
6,474.5
1,475.2
27,475.3
12,475.3
9,475.9
24,475.9
16,476.0
14,476.2
5,476.5
8,476.5
13,476.5
7,476.6
18,476.7
3,476.8
4,477.0
19,477.2
30,477.4
21,478.0
28,478.2
29,478.5
26,479.6
5,479.9
12,481.1
2,481.4
30,481.5
8,481.7
3,481.7
16,481.8
27,482.3
29,483.0
10,483.3
6,483.4
13,483.5
21,483.6
5,483.6
4,483.8
24,484.0
9,484.2
1,484.9
14,484.9
30,485.3
31,485.6
7,485.8
11,486.5
3,486.8
6,487.6
2,487.7
5,488.1
8,488.4
16,488.5
26,489.0
4,489.0
28,489.2
30,489.7
29,489.9
27,490.0
10,490.8
12,491.3
1,491.5
14,492.0
3,492.4
18,492.7
21,493.5
31,493.6
6,493.8
4,493.9
5,495.1
10,496.1
30,496.4
13,496.4
2,496.7
29,497.0
3,497.0
1,497.3
9,497.4
14,497.5
18,498.4
19,498.8
0,499.1
4,499.6
10,500.2
29,500.5
13,500.7
2,500.7
25,500.7
5,500.9
3,501.3
14,501.3
18,501.7
8,501.7
28,502.3
21,502.7
30,502.7
19,502.9
1,503.6
4,503.8
9,504.1
29,504.3
2,504.7
10,504.7
27,504.9
13,505.0
3,505.3
14,505.5
18,505.5
5,505.8
6,507.4
16,507.5
0,508.0
25,508.2
29,508.3
19,508.6
30,509.0
4,509.3
3,509.5
21,510.5
2,510.6
5,510.9
28,510.9
27,511.1
13,511.2
18,511.4
10,511.5
24,511.5
14,511.7
9,512.4
8,512.9
29,514.6
20,515.3
2,515.5
1,515.6
3,515.8
16,516.3
9,518.0
21,518.2
4,518.5
5,518.8
8,519.3
12,519.5
30,519.5
19,519.7
14,519.8
22,519.8
13,520.1
6,520.4
23,520.6
24,521.0
29,521.3
28,521.4
2,521.5
21,522.5
9,522.7
20,522.8
18,523.4
12,524.1
27,524.8
7,524.8
4,524.8
8,524.9
16,525.2
14,525.7
25,525.7
29,525.8
13,526.2
21,526.3
10,526.8
22,527.0
9,527.1
2,527.1
30,527.4
0,527.4
1,528.4
23,528.5
6,528.8
12,528.9
28,529.2
3,529.7
17,530.1
8,530.1
29,531.1
21,531.2
9,531.6
2,532.7
4,533.1
0,533.1
7,533.9
5,534.5
12,534.7
14,534.8
20,534.9
1,535.0
24,535.0
22,535.3
13,535.4
23,536.4
8,536.9
28,537.4
6,537.5
9,537.9
30,538.4
21,539.2
5,539.6
29,539.9
4,540.2
13,540.3
2,541.3
14,541.4
11,541.5
15,541.6
12,542.4
30,542.7
5,542.9
28,543.0
17,543.6
0,543.8
4,544.2
31,544.4
6,544.6
13,544.7
10,545.2
3,545.4
21,545.7
30,545.9
5,546.4
29,546.6
8,547.4
9,547.7
12,548.1
14,548.2
4,548.5
16,549.2
30,549.4
24,549.4
1,549.4
28,549.9
11,550.3
5,550.7
15,550.9
13,551.2
21,551.2
6,552.1
22,552.9
31,553.3
8,554.3
30,554.6
29,554.7
3,554.7
9,554.8
5,555.0
4,555.5
2,556.2
10,556.6
28,557.4
12,558.1
24,558.2
13,558.4
16,558.6
21,560.1
5,560.7
14,561.0
30,561.5
18,561.6
8,561.8
25,562.0
2,562.4
4,562.4
19,562.5
9,562.7
15,563.2
11,563.5
13,563.9
28,564.9
5,566.6
18,568.0
30,568.3
2,568.6
29,568.9
12,569.1
21,569.1
24,569.5
7,570.5
25,570.5
16,570.8
4,571.4
14,571.6
6,571.6
19,571.9
13,574.1
30,574.5
8,574.5
21,574.8
12,575.1
5,575.5
29,575.6
15,576.6
11,576.8
28,577.2
4,577.8
14,579.0
2,579.0
7,579.5
30,580.8
21,580.8
5,581.5
13,581.9
10,581.9
9,582.4
0,582.4
11,582.4
18,586.1
2,586.5
12,586.8
0,588.4
21,588.4
8,589.4
1,589.5
11,589.5
4,589.6
9,589.6
5,589.7
29,590.3
10,591.2
17,591.3
2,591.3
0,592.5
30,592.9
14,593.6
13,593.8
15,594.4
21,594.5
19,594.7
9,595.2
28,595.2
11,595.2
5,595.3
12,595.3
10,595.3
18,595.6
8,595.9
4,596.2
1,596.3
0,596.6
2,597.0
16,598.9
24,599.1
10,599.8
22,599.8
9,600.1
13,600.2
6,600.3
23,600.3
11,600.4
12,600.5
8,600.7
29,601.1
5,601.2
21,601.4
20,601.5
19,601.7
0,601.8
1,601.8
2,601.9
30,602.1
3,602.6
17,602.8
14,603.3
9,603.5
18,603.9
4,604.0
13,604.0
16,604.2
8,604.4
5,604.6
11,604.8
15,604.9
2,605.2
29,605.3
25,606.1
22,606.1
28,606.3
1,606.6
12,606.7
30,606.9
10,607.1
19,607.4
24,607.5
9,607.6
13,607.6
20,608.1
0,608.1
5,608.2
23,608.2
3,608.4
2,608.8
18,609.1
8,609.3
17,609.3
6,609.8
29,610.1
16,610.4
22,611.5
11,611.6
13,611.8
27,612.0
5,612.1
12,612.3
2,612.4
30,612.5
3,613.1
4,613.6
24,613.9
9,613.9
8,614.1
14,614.2
25,614.5
1,615.3
5,616.0
19,616.1
16,616.1
29,616.2
2,616.3
12,616.9
22,617.1
17,617.2
18,617.6
13,618.0
21,618.2
3,618.6
30,618.6
23,619.1
27,619.4
6,619.5
0,619.8
8,620.1
15,620.2
24,620.7
5,621.1
2,621.8
10,622.7
12,622.7
3,624.5
29,624.7
22,624.9
16,625.3
13,625.4
4,625.8
28,626.3
14,626.3
9,626.5
27,626.8
21,627.8
11,627.9
20,628.0
5,628.1
8,629.3
30,629.8
13,630.8
29,630.9
2,631.3
4,631.8
14,632.2
26,632.2
22,632.7
3,633.3
16,633.3
12,633.4
17,634.0
6,634.4
28,634.5
5,634.5
27,634.6
23,634.7
10,634.8
1,634.9
18,635.5
13,636.1
8,636.5
3,636.7
21,636.8
14,637.1
2,637.2
29,637.3
4,637.4
30,638.1
22,638.2
1,638.2
0,638.2
9,638.3
24,638.3
5,638.4
10,639.2
6,639.8
17,640.0
27,640.2
3,640.4
26,641.4
2,641.4
13,641.6
1,641.7
5,641.7
8,642.3
18,642.7
14,643.2
22,643.8
9,643.9
0,644.0
3,644.0
29,644.0
16,644.1
12,644.4
10,644.5
25,644.7
4,644.7
2,644.7
30,645.1
19,645.2
27,645.6
5,645.9
1,646.1
6,646.3
17,646.3
20,647.4
8,647.4
18,647.6
2,648.0
9,649.0
3,649.5
13,649.5
22,650.5
5,651.5
25,652.1
2,652.2
29,652.8
17,652.9
1,653.0
19,653.4
30,653.5
10,654.2
8,654.5
0,654.5
18,654.9
9,655.0
20,655.1
3,655.5
14,655.7
27,655.8
2,656.8
5,657.5
13,658.3
22,659.2
4,661.2
6,661.8
9,662.6
8,662.6
1,662.8
10,663.0
3,663.1
29,663.3
18,663.4
14,663.5
30,663.6
2,663.9
24,664.7
16,664.7
23,665.4
20,667.6
10,667.9
5,668.0
4,668.1
12,668.2
1,669.2
21,669.5
14,669.5
8,669.6
9,669.7
18,670.9
3,671.3
24,672.7
10,673.4
16,673.5
5,673.8
30,674.7
29,675.0
12,675.8
13,676.0
2,676.7
17,677.0
28,677.3
14,677.7
3,678.3
5,678.6
22,678.7
9,678.8
29,678.9
8,679.5
13,679.9
31,680.9
30,681.6
21,682.2
4,682.5
29,682.6
5,682.8
1,683.1
12,683.2
2,683.3
13,683.4
23,683.6
9,683.6
3,683.9
10,684.1
22,684.3
24,684.5
16,685.5
17,685.7
8,685.8
14,686.2
28,686.5
20,687.0
13,687.5
29,687.5
9,687.9
2,688.2
5,689.1
22,689.5
31,691.1
12,691.2
30,692.1
8,693.0
29,693.1
14,693.2
2,693.6
9,693.8
3,693.8
22,693.8
13,693.9
24,694.5
16,694.9
20,695.5
23,696.0
12,696.4
8,696.8
2,697.5
21,698.0
30,698.0
29,698.4
22,698.6
9,698.7
4,698.8
24,699.2
11,700.0
12,700.2
16,700.3
10,700.4
20,700.6
26,700.9
8,701.5
21,701.6
5,701.6
17,701.8
2,702.5
29,703.9
12,705.0
30,705.6
21,705.8
9,705.9
22,706.0
3,706.2
24,706.3
13,706.4
8,707.3
4,707.4
29,707.6
2,707.6
16,707.7
5,707.9
20,708.0
14,709.8
18,710.1
25,710.7
10,710.9
9,711.0
19,711.1
29,711.2
2,711.4
3,711.6
30,711.6
21,712.2
13,712.4
12,713.2
5,714.1
11,714.8
24,715.0
29,715.3
2,715.5
8,715.7
18,716.5
21,716.9
9,717.1
20,718.0
4,718.2
30,718.2
3,718.3
29,718.4
7,718.7
13,718.7
16,718.7
12,718.7
31,718.9
26,719.2
25,719.8
21,719.9
2,720.4
19,720.5
29,721.3
10,721.9
12,722.0
21,722.8
22,723.0
14,723.7
11,723.9
29,724.6
9,724.8
30,725.1
20,725.5
5,725.6
12,726.0
4,726.0
21,726.3
23,727.4
7,727.4
13,728.0
2,728.1
31,728.5
14,728.7
29,729.4
15,730.2
12,730.3
10,730.4
3,730.4
21,730.6
11,730.7
30,730.9
18,731.0
22,732.9
14,733.2
29,734.4
12,735.5
2,735.8
10,736.6
5,736.6
9,736.7
3,736.9
21,736.9
30,736.9
1,737.1
13,737.2
31,737.3
6,737.3
11,737.7
14,738.2
27,738.4
15,738.7
29,739.1
23,739.3
12,740.8
2,740.9
10,742.0
26,742.1
3,742.4
5,743.1
6,743.6
1,743.7
29,744.0
13,744.0
9,744.5
21,744.7
14,745.5
2,745.8
30,746.7
22,746.7
8,747.1
12,747.3
27,747.6
29,748.8
31,748.9
3,749.3
10,750.0
21,751.5
5,751.5
23,752.0
2,752.0
6,752.1
1,752.2
14,752.7
11,752.8
13,753.8
3,756.1
9,756.3
30,756.5
15,756.8
29,757.1
12,757.3
27,757.6
20,757.9
10,757.9
14,758.4
2,760.0
5,760.6
11,761.7
6,761.7
22,762.0
1,762.2
21,764.1
3,764.6
10,765.3
5,765.8
2,765.9
27,767.7
12,767.8
13,768.1
8,768.2
30,768.6
16,768.7
14,769.1
28,769.1
24,769.4
6,769.5
1,769.7
5,770.4
2,770.7
11,770.8
20,771.6
8,772.1
9,773.1
12,773.4
0,773.6
16,773.6
1,773.9
29,774.3
5,774.7
2,775.1
21,775.6
11,775.7
17,775.9
3,775.9
20,776.0
8,776.1
4,776.1
27,777.1
24,777.3
13,777.4
1,777.6
10,778.0
26,778.0
5,778.2
9,778.7
2,778.9
29,779.2
12,779.4
6,779.7
0,779.7
16,779.8
28,779.9
14,780.3
21,780.4
3,780.6
20,781.4
8,781.4
27,782.0
5,782.1
1,782.2
11,782.2
22,782.3
31,782.3
30,782.7
7,782.9
29,783.1
12,783.8
2,784.1
23,784.5
21,785.1
17,785.2
3,785.3
8,785.6
13,785.7
16,785.7
5,786.1
26,786.2
4,786.5
29,786.9
30,787.0
24,787.4
22,787.7
14,787.7
12,787.8
9,788.1
10,788.7
2,788.8
1,788.9
11,789.2
0,789.6
8,789.6
15,790.1
17,790.6
6,790.6
5,790.7
3,791.1
27,791.2
16,791.2
29,791.3
21,791.4
30,791.4
13,791.7
7,791.8
20,792.0
14,792.2
12,792.6
22,793.0
26,793.1
2,794.2
4,794.3
8,794.4
29,794.4
9,794.6
28,794.8
14,794.9
31,795.1
1,795.1
30,795.1
13,795.4
21,795.5
11,795.6
5,795.9
0,795.9
15,796.3
12,797.0
17,797.1
14,797.9
23,798.0
29,798.3
4,798.5
30,799.2
13,799.6
8,799.8
16,800.0
22,800.2
28,800.6
21,800.6
2,800.6
9,800.6
24,800.6
11,801.2
14,801.3
7,801.3
5,801.3
10,801.7
0,801.7
15,802.0
19,802.3
18,802.8
4,803.0
3,803.2
1,803.3
29,803.6
30,803.7
13,804.0
12,804.3
8,805.6
14,805.8
17,806.4
16,806.6
11,806.6
22,807.0
9,807.0
5,807.0
10,807.7
13,807.8
0,807.8
28,807.8
21,808.0
20,808.1
4,808.3
24,808.9
19,809.3
29,809.5
1,809.9
8,810.0
14,810.6
16,810.9
26,811.1
30,811.1
11,812.1
31,812.3
18,812.4
15,812.4
2,812.5
13,812.8
5,812.8
27,814.3
20,814.4
8,814.8
3,815.2
4,815.6
22,815.7
9,815.8
16,815.8
21,816.9
17,816.9
5,817.8
1,817.8
28,818.0
13,818.0
10,818.5
14,818.5
11,818.7
29,818.9
2,819.1
26,819.2
0,819.2
27,820.1
8,820.3
12,820.4
19,820.4
18,820.8
25,820.9
16,822.0
22,822.6
24,823.0
2,823.1
5,823.4
3,823.9
11,824.2
13,825.4
10,825.9
2,826.6
0,826.9
30,827.1
29,827.1
27,827.1
18,827.2
9,827.5
19,827.6
8,828.6
5,828.7
20,828.8
25,829.1
3,829.4
16,830.1
17,830.3
13,830.3
2,830.9
11,831.0
29,832.1
24,832.1
9,832.3
14,832.4
28,832.4
5,832.7
4,832.9
1,833.3
13,833.8
8,833.9
21,834.3
27,835.0
3,835.4
16,835.7
20,835.9
2,836.6
5,836.7
29,836.9
11,837.3
13,837.6
28,837.6
14,838.1
26,838.4
4,838.9
10,838.9
9,839.4
8,839.5
5,839.9
22,840.3
18,840.5
16,840.6
3,840.7
1,840.8
29,840.8
30,841.0
0,841.2
21,841.5
13,841.5
24,841.9
19,842.1
20,842.6
2,843.1
5,843.4
11,843.5
14,843.8
29,844.4
28,844.5
9,844.6
30,844.6
10,844.7
15,845.4
27,845.5
8,845.7
3,845.8
13,846.8
12,846.8
18,847.4
21,847.4
22,847.6
7,847.7
30,848.0
16,848.0
5,848.2
19,848.2
29,848.3
0,848.4
14,849.9
11,850.3
4,850.5
2,851.0
30,851.1
9,851.5
29,851.7
13,852.1
10,852.3
3,852.4
12,852.6
21,852.7
15,853.5
8,853.9
22,854.1
24,854.8
2,855.1
30,855.3
7,855.7
16,855.8
5,856.0
14,856.5
18,856.7
29,856.7
19,857.1
12,857.5
1,857.7
25,857.8
2,858.5
11,858.8
21,859.1
8,859.8
9,860.5
13,860.6
24,861.4
20,861.6
30,862.0
18,862.3
2,862.3
16,862.8
3,863.6
12,863.6
19,863.7
29,864.4
0,864.7
21,865.1
5,865.2
10,865.3
25,865.4
2,866.2
6,866.4
28,866.9
1,867.0
7,867.2
27,867.3
22,868.6
12,868.9
30,869.1
8,869.3
2,870.0
3,870.1
5,870.2
18,870.2
14,870.3
29,870.7
21,871.4
19,871.9
10,872.3
25,872.6
6,872.7
30,873.2
1,873.5
24,874.2
2,874.4
5,874.5
12,874.8
29,875.1
22,875.2
21,875.3
11,875.4
4,875.6
3,875.7
20,876.2
30,876.7
27,876.7
13,876.8
16,877.6
26,877.7
5,878.2
10,878.3
18,878.4
29,878.4
7,878.4
21,878.5
12,878.8
28,879.0
2,879.3
19,880.4
25,880.7
30,881.0
22,881.7
21,882.9
29,882.9
3,883.5
5,883.5
4,883.8
6,883.9
12,884.5
20,884.6
11,884.7
9,884.9
2,885.1
30,885.2
18,885.7
1,886.4
21,886.5
13,886.7
29,886.8
31,886.8
7,887.6
28,888.1
19,888.2
25,888.2
4,888.3
26,888.4
10,888.8
30,888.9
5,889.0
6,890.0
2,890.1
12,890.3
29,890.6
3,890.8
14,890.9
18,891.0
21,891.4
13,892.3
4,892.4
9,893.2
20,893.3
30,893.4
1,893.4
11,893.6
29,894.0
10,894.3
14,894.7
22,894.8
2,894.9
31,895.7
3,896.0
15,896.3
21,896.4
0,896.4
18,896.7
8,896.8
4,896.9
9,897.6
30,898.1
29,898.1
1,898.1
13,898.1
5,898.7
26,899.0
17,899.1
2,899.4
14,899.6
6,899.6
11,900.0
4,900.8
12,901.2
20,901.4
21,901.9
0,902.0
30,902.1
9,902.2
29,902.6
10,902.8
8,902.8
31,903.1
1,903.5
14,903.5
25,903.6
4,904.4
13,904.6
7,904.6
15,904.7
16,904.8
26,904.9
21,905.0
19,905.1
28,905.1
2,905.2
3,905.2
30,905.7
11,906.0
29,906.1
6,906.8
14,907.7
12,907.9
4,908.0
21,908.3
18,908.9
8,908.9
9,909.6
30,910.1
13,910.3
29,910.5
17,910.8
31,911.2
26,911.6
0,911.7
21,912.1
14,912.4
20,913.0
1,913.0
4,913.1
28,913.2
12,913.2
7,913.3
16,913.9
29,914.3
2,915.0
30,915.6
5,915.7
22,915.8
6,916.1
3,916.1
27,916.2
21,916.6
10,916.7
11,917.0
8,917.3
14,917.4
31,918.2
23,918.3
12,918.4
29,918.8
9,918.9
1,919.3
24,919.6
5,920.0
3,920.4
13,920.9
27,921.0
16,921.5
4,921.6
30,921.6
2,921.7
6,922.4
29,923.1
14,923.3
5,923.6
10,923.6
21,924.1
22,924.1
3,924.2
8,924.4
1,924.7
12,925.9
9,926.0
30,926.9
18,927.2
27,927.2
7,927.5
5,927.6
31,927.7
24,927.9
14,928.0
29,928.0
4,928.2
3,928.2
16,928.6
10,928.7
1,928.9
2,929.6
11,929.9
6,930.2
8,930.2
20,930.2
5,932.3
9,932.4
1,933.2
14,933.7
3,933.9
26,934.0
16,934.2
20,934.6
8,934.7
30,935.3
10,935.5
2,935.6
22,936.0
29,936.3
4,936.3
13,936.4
18,936.4
11,936.7
17,938.0
12,938.0
5,938.3
27,938.3
8,939.0
1,939.2
24,939.2
19,939.3
0,939.4
16,939.5
2,940.1
20,940.2
10,940.3
9,940.4
22,941.8
21,942.4
8,942.5
18,942.6
13,942.8
12,943.3
3,943.4
16,944.0
24,944.0
2,944.1
14,944.3
5,945.3
9,945.6
10,945.7
19,945.7
29,945.9
27,946.0
7,946.3
30,946.6
20,946.7
0,946.8
8,946.9
17,947.7
12,947.9
21,948.7
18,949.2
3,949.5
2,949.8
1,950.0
16,950.6
22,950.7
10,950.7
4,951.1
24,951.2
14,951.8
29,952.1
5,952.9
27,953.0
11,953.1
8,953.4
12,953.5
19,954.3
7,954.4
9,954.5
30,954.7
13,955.2
18,955.2
3,955.7
10,955.7
21,956.2
14,956.2
4,956.3
1,956.5
5,958.7
15,958.7
12,959.3
28,959.6
2,960.0
0,960.2
30,960.8
10,960.9
11,961.0
14,961.0
4,961.2
13,961.3
20,962.3
21,962.7
29,963.7
5,964.1
18,964.7
12,964.9
3,964.9
16,965.4
30,966.0
8,966.5
14,967.2
10,967.3
15,967.3
4,967.8
1,968.0
5,969.0
13,969.3
19,969.3
30,970.5
29,970.5
0,970.6
21,970.6
3,970.7
27,971.0
12,971.0
18,971.4
10,971.6
11,971.6
28,971.8
6,972.9
31,973.0
5,973.3
4,973.3
30,974.3
19,975.6
3,975.8
10,976.6
27,977.1
12,977.6
21,979.0
5,979.0
4,979.3
30,979.5
29,979.6
6,980.0
2,980.4
14,980.6
0,980.6
18,981.2
31,981.4
10,981.5
3,981.7
1,982.1
20,982.5
11,983.4
27,983.4
21,984.0
22,984.0
5,984.2
26,984.2
30,984.3
4,984.8
29,985.3
6,985.8
3,986.4
10,986.9
2,987.5
27,988.2
5,988.5
1,988.5
12,989.1
30,989.4
22,989.9
21,990.9
20,991.0
3,992.1
6,992.6
4,993.3
27,993.6
29,994.1
5,994.1
19,994.3
10,995.2
13,995.8
14,996.0
11,996.5
21,997.3
28,997.4
2,997.6
30,998.0
4,998.7
3,999.2
1,999.9
29,1000.3
14,1001.3
22,1001.5
27,1001.8
13,1002.0
8,1002.2
5,1002.6
0,1002.7
9,1002.8
21,1003.6
12,1003.9
4,1004.4
31,1004.6
28,1004.7
29,1004.9
2,1005.1
17,1005.5
14,1005.8
1,1006.3
23,1008.3
9,1008.5
0,1008.5
8,1009.2
13,1009.4
10,1010.4
14,1011.5
29,1011.6
22,1011.7
19,1012.7
21,1012.8
18,1013.0
6,1013.1
2,1013.2
12,1013.4
1,1013.6
0,1013.7
4,1013.8
11,1014.1
31,1014.2
5,1014.6
10,1015.0
20,1015.0
16,1015.6
8,1015.8
3,1016.8
19,1017.1
2,1017.1
18,1017.4
25,1017.7
30,1017.7
29,1017.9
17,1018.0
5,1018.5
11,1018.6
14,1018.6
0,1018.8
22,1018.9
9,1018.9
13,1019.2
1,1019.6
10,1020.8
2,1021.0
20,1021.4
8,1021.7
28,1022.4
18,1022.5
19,1022.5
5,1022.6
16,1023.0
23,1023.1
0,1023.2
29,1023.3
17,1023.6
30,1023.9
11,1024.0
22,1024.2
2,1024.3
3,1024.6
25,1024.7
1,1025.0
9,1025.2
10,1025.4
13,1025.4
21,1025.5
4,1025.8
20,1027.0
18,1027.0
19,1027.0
5,1027.1
0,1027.6
29,1027.8
26,1028.1
2,1028.4
30,1028.4
11,1028.6
22,1028.6
8,1029.0
12,1029.3
21,1030.1
10,1030.3
18,1031.0
29,1031.2
19,1031.2
17,1032.0
25,1032.3
5,1032.4
30,1032.4
7,1032.6
4,1032.7
2,1032.8
3,1032.9
0,1032.9
20,1033.0
22,1033.6
21,1034.0
11,1034.3
29,1034.8
14,1034.8
1,1034.9
12,1035.5
10,1035.8
30,1036.3
18,1036.9
19,1037.0
5,1037.2
2,1037.3
13,1037.4
6,1038.0
26,1038.1
27,1038.9
21,1039.0
20,1039.2
3,1039.5
16,1039.5
22,1039.5
8,1039.5
11,1039.6
1,1039.7
29,1039.8
9,1040.2
7,1041.5
10,1041.6
0,1041.8
5,1041.8
30,1042.0
4,1042.5
2,1042.6
6,1043.8
1,1044.4
12,1044.7
11,1045.0
5,1045.4
20,1045.6
3,1046.2
13,1046.4
16,1046.4
14,1046.5
8,1046.9
15,1047.0
30,1047.2
21,1047.6
25,1047.6
27,1047.7
29,1047.9
4,1048.3
28,1048.4
19,1048.6
18,1048.6
10,1049.1
26,1049.4
5,1049.5
2,1049.7
1,1050.1
11,1050.1
22,1050.4
13,1052.0
16,1052.4
30,1052.7
8,1053.0
14,1053.1
20,1054.0
6,1054.1
4,1054.5
5,1054.7
15,1055.5
26,1056.9
11,1057.3
0,1059.1
10,1060.6
2,1060.7
16,1060.9
5,1061.4
1,1061.4
8,1061.6
28,1062.0
30,1062.2
13,1062.7
11,1062.8
3,1064.0
19,1064.1
0,1064.5
18,1064.5
26,1064.6
10,1064.8
2,1066.5
5,1066.7
6,1066.7
4,1066.9
29,1066.9
14,1067.4
27,1067.7
1,1068.5
10,1068.9
11,1070.0
0,1070.1
16,1070.6
19,1070.7
21,1071.0
2,1071.2
8,1071.3
18,1072.1
5,1072.1
26,1072.7
3,1073.2
10,1073.5
25,1074.2
2,1074.7
6,1075.1
5,1076.0
1,1076.1
19,1076.3
18,1077.2
13,1077.4
2,1077.7
11,1077.7
27,1077.9
0,1077.9
28,1078.0
9,1078.3
8,1078.6
20,1078.7
10,1078.9
30,1079.3
4,1079.4
5,1079.5
14,1079.9
1,1080.6
2,1080.7
15,1080.7
19,1081.1
16,1081.3
25,1081.4
18,1081.5
21,1081.5
0,1082.2
3,1082.3
11,1082.4
17,1082.5
8,1082.5
13,1082.6
5,1082.8
9,1083.1
20,1083.7
10,1083.8
2,1083.9
28,1084.0
26,1084.3
6,1084.4
1,1084.7
30,1085.4
4,1085.4
5,1085.5
19,1085.5
8,1085.9
18,1086.0
16,1086.3
0,1086.3
14,1086.7
11,1086.8
2,1087.4
9,1087.5
29,1087.8
20,1087.9
13,1088.1
5,1088.7
1,1089.6
10,1089.7
15,1089.7
3,1089.9
8,1090.4
30,1090.5
0,1091.4
2,1091.8
19,1092.1
9,1092.2
21,1092.3
28,1092.3
25,1092.4
5,1092.5
17,1092.6
29,1092.8
20,1092.9
4,1092.9
11,1092.9
18,1093.1
26,1093.8
16,1093.9
27,1095.1
1,1095.2
30,1095.4
3,1095.5
8,1095.6
12,1095.7
21,1096.1
29,1096.4
5,1096.5
7,1096.6
2,1097.1
20,1097.4
13,1097.9
9,1097.9
0,1098.0
4,1098.6
11,1098.7
30,1098.9
14,1099.1
10,1099.5
8,1100.1
12,1100.2
21,1100.2
6,1100.2
29,1100.7
31,1100.8
2,1100.8
15,1101.3
27,1101.5
5,1101.7
3,1101.7
30,1102.2
16,1102.3
19,1102.3
18,1102.4
4,1102.5
20,1102.6
22,1102.7
24,1102.9
14,1103.1
26,1103.3
1,1103.3
10,1103.7
11,1103.9
12,1104.0
23,1104.2
0,1104.2
8,1104.6
2,1104.7
9,1104.7
6,1105.0
30,1105.4
13,1105.5
7,1105.9
4,1106.0
5,1106.1
28,1106.2
21,1106.2
14,1106.4
15,1106.8
18,1106.8
10,1106.9
29,1107.2
11,1107.3
2,1107.9
3,1108.0
20,1108.1
19,1108.2
12,1108.3
31,1108.7
0,1109.0
30,1109.0
1,1109.2
8,1109.6
16,1109.7
4,1110.0
14,1110.0
22,1110.0
24,1110.5
6,1110.5
10,1110.9
5,1111.1
11,1111.4
9,1111.5
23,1111.9
30,1112.2
13,1112.2
2,1112.3
15,1112.6
18,1112.9
4,1113.6
17,1113.8
14,1114.1
29,1114.3
12,1114.5
0,1114.8
3,1115.0
10,1115.1
11,1115.4
5,1115.8
30,1116.0
2,1116.0
27,1116.0
28,1116.2
19,1116.3
31,1116.5
13,1116.8
6,1116.8
9,1117.4
21,1117.4
20,1117.5
8,1117.6
22,1117.9
4,1118.2
1,1118.8
18,1119.2
29,1119.3
30,1119.4
10,1119.8
2,1120.2
14,1120.3
0,1121.0
11,1121.2
15,1121.4
6,1121.9
22,1121.9
13,1122.2
3,1122.5
12,1122.9
5,1123.1
30,1123.1
23,1123.5
4,1123.8
24,1124.2
31,1124.2
19,1124.8
9,1124.9
10,1125.9
29,1126.2
2,1126.4
18,1127.2
22,1127.3
0,1127.7
30,1128.2
6,1129.2
8,1130.3
16,1130.7
13,1131.4
14,1131.5
4,1132.1
11,1132.1
10,1132.4
19,1132.8
9,1133.2
29,1133.6
28,1133.6
21,1133.6
24,1134.3
0,1135.3
18,1135.5
12,1135.5
2,1136.1
22,1136.5
14,1137.0
13,1137.0
5,1137.0
30,1137.1
4,1137.3
8,1138.4
10,1138.4
19,1139.2
16,1140.3
29,1140.4
3,1140.6
9,1140.8
21,1141.2
28,1142.1
24,1142.4
0,1142.6
18,1142.8
10,1145.4
8,1145.7
14,1145.7
4,1146.1
13,1146.1
1,1146.4
9,1146.8
20,1147.0
11,1147.1
2,1147.1
6,1147.4
16,1147.5
0,1148.0
19,1148.1
29,1148.2
5,1149.0
17,1149.5
8,1150.2
9,1150.7
1,1150.8
3,1151.1
2,1151.8
13,1151.8
20,1153.3
29,1153.4
0,1153.4
16,1153.7
11,1153.8
1,1154.8
5,1154.8
10,1154.9
9,1155.2
8,1155.3
2,1155.7
30,1155.7
6,1156.5
3,1156.9
27,1157.9
21,1159.0
13,1159.4
1,1159.5
12,1159.8
5,1159.9
10,1160.0
2,1160.2
29,1160.4
17,1161.0
3,1161.2
14,1161.2
9,1162.0
20,1162.1
22,1162.2
4,1162.3
6,1162.4
27,1162.8
18,1162.9
11,1163.0
0,1163.3
5,1163.4
21,1163.4
8,1163.7
29,1163.8
31,1163.9
30,1164.7
12,1164.8
26,1164.9
3,1165.1
1,1165.4
10,1165.6
23,1165.7
24,1166.0
2,1166.7
5,1167.2
29,1167.4
16,1167.9
20,1168.6
21,1168.7
27,1168.9
4,1169.8
19,1169.9
3,1169.9
14,1170.0
10,1170.4
0,1171.0
30,1171.3
12,1171.4
29,1171.5
18,1171.6
11,1172.2
5,1172.4
22,1172.6
31,1173.3
6,1174.3
10,1174.4
21,1175.2
2,1175.5
19,1176.2
9,1176.3
0,1176.4
12,1176.7
29,1177.1
23,1177.8
3,1177.9
11,1177.9
14,1178.0
10,1178.0
5,1178.1
1,1178.4
18,1179.2
27,1179.7
21,1179.7
8,1179.8
12,1179.8
30,1180.3
2,1180.5
29,1181.4
7,1181.5
13,1181.5
26,1182.0
16,1182.3
24,1182.5
10,1182.6
0,1182.7
3,1182.8
19,1183.2
12,1183.3
5,1183.6
2,1183.8
20,1184.2
21,1184.4
9,1184.5
11,1185.0
29,1185.2
27,1185.7
8,1186.1
12,1186.8
4,1187.0
22,1187.3
2,1187.3
10,1187.4
13,1187.7
30,1187.7
3,1188.1
5,1189.6
29,1189.6
24,1189.9
0,1190.1
31,1190.2
16,1190.3
7,1190.5
21,1191.0
2,1191.8
9,1192.1
12,1192.1
11,1193.7
18,1194.2
29,1195.1
3,1195.4
13,1195.5
10,1195.5
8,1195.8
27,1196.5
2,1196.6
5,1197.8
9,1198.6
0,1199.5
21,1200.0
2,1200.2
11,1200.3
13,1200.5
29,1200.6
3,1200.8
20,1201.1
30,1201.2
12,1201.2
22,1201.4
14,1202.2
6,1202.9
4,1203.0
31,1203.0
10,1203.2
17,1203.3
9,1203.4
8,1203.8
27,1204.0
2,1204.2
5,1204.4
13,1205.1
3,1206.5
30,1206.6
29,1206.9
6,1207.1
22,1207.2
1,1207.3
2,1207.6
21,1207.6
20,1208.3
9,1208.6
10,1208.8
11,1209.3
5,1209.5
19,1210.0
0,1210.3
4,1210.5
31,1210.7
2,1211.2
13,1211.3
27,1211.4
30,1211.9
6,1211.9
3,1212.0
8,1212.2
17,1213.0
5,1213.3
14,1213.4
10,1213.7
1,1214.2
15,1214.5
11,1214.5
2,1215.4
27,1216.3
30,1216.4
6,1216.5
3,1216.7
9,1216.9
22,1217.2
4,1217.2
31,1217.7
5,1218.1
16,1218.2
2,1218.7
8,1218.8
29,1218.9
12,1219.0
0,1219.1
14,1219.8
20,1220.0
1,1220.0
11,1220.3
24,1220.5
30,1220.7
10,1221.1
17,1221.9
9,1222.3
2,1222.3
6,1222.6
21,1222.6
15,1222.7
13,1222.8
27,1223.0
8,1223.0
3,1223.7
0,1224.4
12,1224.7
16,1225.5
5,1225.6
1,1225.7
2,1226.2
4,1226.9
30,1226.9
24,1227.9
8,1228.0
31,1228.1
9,1228.4
14,1229.1
6,1229.8
10,1230.1
2,1230.2
11,1230.4
1,1230.8
3,1231.1
27,1231.2
5,1231.4
0,1232.3
17,1232.5
12,1234.2
2,1235.7
8,1236.6
1,1236.8
10,1237.0
14,1237.5
6,1237.9
3,1238.0
4,1238.2
18,1239.0
5,1239.5
30,1239.7
9,1240.2
2,1240.6
1,1240.8
27,1241.3
10,1241.3
20,1242.6
16,1242.7
14,1243.2
3,1243.4
2,1244.4
8,1244.6
6,1244.9
11,1245.1
10,1245.1
4,1245.2
5,1245.5
1,1245.7
0,1245.7
18,1246.4
9,1247.0
2,1248.3
20,1249.1
14,1249.3
10,1250.2
3,1251.0
29,1251.0
4,1251.4
11,1251.7
21,1251.8
1,1252.8
2,1253.1
8,1253.1
5,1253.6
26,1254.0
20,1254.3
0,1255.0
29,1255.7
10,1255.8
21,1255.9
12,1256.1
9,1256.1
11,1256.4
30,1256.7
14,1257.6
7,1257.8
4,1258.0
5,1258.8
2,1259.4
13,1259.5
21,1259.7
15,1259.9
28,1260.2
29,1260.4
30,1260.9
6,1261.5
11,1261.8
12,1262.1
20,1262.7
31,1262.8
3,1262.9
18,1263.3
4,1263.4
9,1263.9
21,1263.9
14,1264.1
30,1264.3
29,1264.5
13,1264.6
2,1264.9
5,1265.0
10,1265.6
7,1267.2
11,1267.5
6,1268.1
15,1268.3
30,1268.6
29,1268.6
4,1268.8
21,1268.9
28,1269.7
13,1270.2
26,1270.8
20,1271.0
31,1271.2
9,1271.2
14,1271.5
2,1271.8
3,1272.7
5,1273.1
29,1273.2
12,1273.5
1,1273.7
8,1274.0
11,1274.0
21,1274.0
4,1274.4
30,1275.3
0,1275.8
6,1276.9
10,1277.2
2,1277.7
5,1278.5
20,1278.6
27,1278.8
29,1279.4
3,1279.5
11,1279.7
1,1280.9
13,1280.9
21,1281.3
14,1281.8
2,1282.1
30,1282.2
10,1282.3
15,1282.6
6,1283.0
5,1283.1
4,1283.8
26,1284.1
0,1284.7
11,1284.8
22,1286.1
30,1286.1
3,1286.7
31,1286.9
14,1287.8
6,1287.9
9,1288.0
2,1288.1
29,1288.2
27,1288.7
1,1288.8
12,1289.4
10,1289.4
30,1289.7
4,1290.0
5,1290.1
22,1290.7
11,1291.3
31,1291.9
23,1293.3
6,1293.4
2,1293.7
0,1294.1
30,1294.2
14,1295.1
10,1296.9
11,1297.0
29,1297.4
15,1297.5
22,1297.5
31,1298.5
4,1298.6
30,1298.7
5,1298.7
12,1299.2
14,1299.3
21,1300.3
20,1300.5
1,1300.9
16,1301.5
11,1301.5
8,1301.7
0,1302.7
10,1302.7
19,1303.1
29,1303.5
18,1303.6
2,1303.8
6,1304.2
30,1304.6
22,1304.8
20,1304.9
4,1305.4
5,1305.5
11,1305.6
21,1306.0
14,1306.1
26,1306.3
23,1306.4
1,1308.0
10,1308.2
19,1308.4
31,1308.6
18,1308.8
30,1309.0
29,1309.0
16,1309.1
3,1309.2
15,1309.2
0,1309.5
11,1309.7
22,1309.7
20,1310.0
13,1310.0
2,1310.3
8,1310.3
14,1310.3
5,1310.7
25,1310.8
21,1310.9
12,1311.0
28,1311.9
18,1312.4
4,1312.5
10,1312.8
19,1312.9
22,1313.3
17,1313.7
14,1314.0
30,1314.0
1,1314.5
13,1315.1
29,1315.2
2,1315.8
18,1315.9
11,1316.3
5,1316.4
0,1316.7
10,1316.7
21,1317.2
22,1317.6
19,1317.9
3,1318.0
14,1318.2
31,1318.5
4,1318.6
20,1319.3
25,1319.8
18,1320.7
23,1320.8
1,1321.4
13,1321.4
28,1321.6
10,1322.3
30,1322.5
14,1322.6
12,1322.9
22,1323.0
29,1323.5
2,1324.1
5,1324.7
17,1324.9
8,1325.2
16,1326.5
4,1326.5
18,1326.5
14,1327.0
31,1327.1
19,1327.1
20,1327.3
9,1327.3
24,1327.4
10,1327.7
12,1328.1
2,1328.2
3,1328.2
1,1328.3
21,1328.7
22,1329.0
0,1329.6
13,1329.8
8,1329.9
11,1330.9
17,1331.6
2,1331.7
9,1332.0
1,1333.6
14,1333.7
8,1333.9
16,1334.1
12,1334.1
20,1334.3
24,1334.9
29,1335.3
2,1335.3
0,1335.4
22,1335.6
18,1335.9
9,1336.1
10,1336.5
4,1337.3
5,1337.4
13,1337.5
17,1338.0
1,1338.2
8,1338.8
28,1339.1
30,1339.3
14,1339.4
3,1339.6
2,1340.0
9,1341.1
0,1341.5
1,1342.0
10,1342.3
5,1342.8
22,1342.8
6,1343.4
17,1343.4
13,1343.4
2,1343.9
8,1344.6
20,1345.0
27,1345.4
18,1345.6
3,1346.4
9,1346.6
12,1346.6
1,1346.6
5,1347.1
2,1347.4
10,1348.2
14,1349.0
4,1349.0
28,1349.1
13,1349.4
6,1349.7
0,1350.0
1,1350.8
8,1351.1
3,1352.0
2,1352.0
22,1352.0
29,1352.3
5,1352.3
17,1352.8
20,1352.9
21,1352.9
14,1353.2
9,1353.2
10,1353.3
4,1353.6
18,1354.0
13,1354.3
28,1355.2
27,1356.4
1,1356.6
14,1357.3
29,1358.5
12,1358.5
6,1358.8
2,1358.9
22,1359.0
4,1359.1
10,1359.3
23,1359.5
21,1359.7
3,1360.1
31,1360.7
14,1361.0
5,1361.1
13,1361.1
1,1361.9
18,1362.4
12,1362.7
10,1363.1
6,1363.5
22,1364.5
8,1364.6
4,1364.7
2,1365.0
14,1365.1
23,1365.2
29,1365.4
30,1365.6
28,1365.9
31,1365.9
3,1366.4
21,1366.5
12,1366.6
27,1367.3
6,1367.5
1,1367.7
5,1368.3
10,1368.4
9,1368.8
4,1369.7
22,1370.8
14,1370.9
31,1371.4
30,1371.5
6,1372.5
12,1372.6
23,1372.7
2,1374.5
29,1374.8
10,1375.8
21,1376.1
11,1376.3
4,1376.3
0,1376.8
20,1377.1
18,1377.2
5,1377.5
12,1377.7
13,1377.7
14,1378.1
30,1378.3
29,1378.3
2,1378.5
25,1378.8
19,1379.0
7,1379.0
1,1379.1
21,1379.4
4,1379.9
31,1380.1
6,1380.1
28,1380.1
26,1380.4
22,1381.3
29,1381.6
12,1382.0
11,1382.0
3,1382.2
21,1382.5
18,1382.8
30,1382.8
2,1383.1
23,1383.3
14,1383.4
4,1383.5
13,1383.8
10,1384.3
20,1384.5
6,1385.4
29,1386.0
0,1386.2
21,1386.9
31,1386.9
5,1387.0
2,1387.0
11,1387.1
30,1387.6
12,1387.8
4,1387.8
19,1387.9
9,1388.0
8,1388.0
25,1388.2
7,1388.9
20,1389.0
16,1389.3
28,1389.3
24,1390.8
1,1391.0
22,1391.3
2,1391.8
11,1392.2
6,1392.2
14,1392.4
29,1392.4
8,1392.7
20,1393.4
21,1393.5
10,1393.5
18,1393.7
5,1393.8
9,1393.9
4,1394.3
23,1394.4
16,1394.7
13,1394.9
12,1395.0
0,1395.3
2,1395.7
30,1395.9
19,1396.0
8,1396.7
29,1397.1
20,1397.7
9,1397.7
11,1398.4
1,1398.5
3,1398.7
10,1398.8
24,1398.8
22,1399.1
6,1399.4
21,1399.5
31,1399.7
2,1399.9
18,1400.1
5,1400.2
16,1400.2
13,1400.7
8,1401.3
29,1401.4
23,1402.1
9,1402.4
12,1402.5
20,1402.6
0,1402.8
19,1402.8
3,1402.9
1,1403.1
30,1403.5
10,1403.6
5,1404.0
6,1404.2
2,1404.3
27,1404.9
29,1405.6
11,1405.7
4,1405.8
21,1406.4
13,1406.5
14,1406.6
3,1407.4
16,1407.6
5,1407.6
28,1407.7
8,1407.8
10,1408.1
20,1408.1
1,1408.2
22,1408.5
26,1408.7
12,1408.8
29,1408.8
2,1408.9
6,1409.2
30,1409.5
21,1409.8
4,1410.0
9,1410.3
11,1411.3
13,1411.7
5,1411.9
29,1412.2
20,1412.2
14,1412.5
16,1412.7
8,1412.9
1,1413.4
21,1413.4
3,1413.5
10,1413.5
26,1413.9
4,1414.3
18,1414.6
12,1415.0
6,1415.4
30,1415.7
2,1416.1
31,1416.2
28,1416.9
29,1417.2
11,1417.7
5,1417.8
27,1417.8
20,1417.9
0,1418.7
4,1418.7
21,1418.8
16,1419.2
19,1419.3
8,1419.4
6,1420.2
13,1420.5
30,1420.9
23,1421.2
24,1421.2
12,1421.6
14,1421.8
22,1421.8
26,1422.2
1,1422.3
10,1422.6
4,1422.7
2,1422.8
5,1423.5
31,1423.9
11,1424.4
15,1424.5
29,1424.7
8,1424.9
16,1425.0
9,1425.1
30,1425.9
28,1425.9
6,1426.0
13,1426.3
12,1426.3
3,1426.4
4,1427.3
21,1427.8
2,1427.8
14,1427.9
24,1428.0
20,1429.1
5,1429.1
8,1431.3
11,1431.6
30,1431.7
16,1432.0
12,1432.2
4,1432.2
15,1432.7
13,1432.7
14,1432.8
22,1433.2
10,1433.2
1,1433.7
24,1434.3
18,1434.4
2,1435.3
9,1435.5
28,1435.7
5,1435.7
3,1436.0
4,1436.0
14,1436.6
17,1436.8
13,1437.1
23,1437.1
8,1437.3
30,1437.7
6,1438.5
1,1438.7
29,1438.9
11,1439.0
22,1439.1
16,1439.2
10,1439.3
12,1439.4
0,1439.4
21,1439.7
9,1440.1
4,1440.4
8,1440.9
20,1441.0
7,1441.3
14,1441.3
2,1441.4
5,1441.5
13,1441.6
24,1441.7
1,1442.1
17,1442.1
18,1442.1
15,1442.3
30,1443.2
29,1443.2
21,1443.6
12,1443.7
11,1443.8
22,1443.9
4,1444.0
26,1444.0
16,1444.1
28,1444.2
8,1444.5
9,1444.6
3,1445.0
6,1445.1
0,1445.2
20,1445.3
23,1445.5
31,1445.6
1,1445.8
5,1445.9
10,1446.2
13,1447.1
2,1447.2
14,1447.6
30,1447.6
4,1447.7
29,1447.8
21,1447.9
8,1448.6
16,1448.8
6,1448.8
11,1449.1
18,1449.2
17,1449.4
5,1449.5
1,1449.5
12,1449.7
26,1449.8
25,1450.4
7,1450.4
20,1450.5
19,1450.8
2,1451.1
9,1451.5
3,1451.6
27,1451.9
10,1452.3
22,1452.3
4,1452.4
28,1452.4
30,1453.0
31,1453.2
5,1453.5
8,1453.6
6,1453.7
13,1453.9
1,1454.1
18,1454.4
16,1454.7
2,1454.7
21,1454.8
29,1454.8
0,1455.0
24,1455.2
12,1457.1
30,1457.5
4,1457.8
6,1457.8
26,1457.8
3,1458.1
11,1458.5
5,1458.6
25,1458.7
7,1458.9
10,1459.1
19,1459.5
14,1459.6
2,1459.8
20,1460.0
1,1460.2
31,1460.7
21,1461.0
29,1461.5
8,1461.5
28,1463.0
13,1463.3
27,1463.5
5,1463.5
30,1463.8
6,1463.9
18,1464.5
4,1465.5
12,1465.5
16,1466.3
1,1467.8
2,1467.9
9,1468.2
11,1468.3
31,1468.6
20,1468.8
5,1468.8
8,1469.0
30,1469.0
4,1469.9
10,1470.0
14,1470.0
6,1470.1
3,1470.5
22,1470.9
13,1470.9
28,1472.4
5,1472.5
1,1472.5
21,1472.6
15,1472.8
18,1472.9
11,1473.4
27,1473.8
4,1473.9
16,1474.0
30,1474.1
29,1474.2
14,1474.3
13,1475.3
3,1475.4
17,1475.5
20,1475.5
10,1476.0
8,1476.1
5,1476.1
1,1477.1
22,1477.5
4,1477.9
11,1478.8
14,1478.8
13,1479.5
30,1479.7
5,1480.6
27,1480.8
15,1480.9
18,1480.9
28,1481.0
3,1481.3
12,1481.6
10,1482.4
1,1482.4
2,1482.5
21,1482.5
4,1482.5
7,1482.8
22,1483.0
29,1483.2
6,1483.4
17,1483.4
14,1483.9
16,1483.9
30,1484.1
20,1485.1
13,1485.2
31,1485.6
8,1486.3
22,1486.7
12,1486.8
9,1487.0
21,1487.1
5,1487.7
30,1488.0
2,1488.9
11,1489.0
23,1489.3
4,1489.9
29,1490.1
7,1490.7
22,1490.8
1,1491.5
3,1491.5
14,1491.7
6,1491.8
20,1492.2
21,1492.3
12,1492.3
30,1492.3
13,1492.6
10,1493.1
8,1493.4
5,1493.5
18,1493.7
15,1494.2
11,1494.2
9,1494.4
28,1494.7
22,1494.9
2,1495.0
16,1495.1
4,1495.5
23,1496.8
30,1497.0
20,1497.2
13,1497.4
5,1497.5
14,1498.4
1,1498.5
22,1498.6
8,1499.7
12,1500.0
11,1500.1
17,1500.1
3,1500.2
29,1500.4
30,1500.6
5,1500.8
4,1501.0
10,1501.4
13,1501.6
21,1501.6
28,1501.9
20,1502.3
16,1502.3
14,1502.5
18,1502.8
22,1502.9
15,1503.1
1,1503.5
5,1503.5
30,1503.5
6,1504.0
11,1504.3
2,1505.3
4,1505.3
3,1505.5
14,1505.9
13,1505.9
9,1506.5
8,1506.5
29,1506.8
30,1506.9
5,1507.1
10,1507.6
22,1507.6
26,1508.8
16,1509.0
28,1509.3
1,1509.5
15,1509.8
17,1509.8
11,1510.0
14,1510.1
30,1510.8
13,1510.8
20,1511.0
12,1511.2
4,1511.7
5,1512.2
18,1512.5
21,1512.8
8,1513.1
22,1513.7
3,1513.8
10,1513.9
14,1514.9
16,1515.0
11,1515.1
30,1516.0
1,1516.5
26,1517.2
12,1517.6
5,1517.8
29,1517.9
20,1517.9
15,1518.5
8,1518.8
10,1518.9
13,1518.9
19,1519.9
0,1520.1
16,1520.2
11,1520.4
18,1520.5
2,1520.6
9,1521.8
20,1522.0
21,1523.1
14,1523.2
10,1523.2
8,1523.3
1,1523.3
5,1523.8
30,1524.4
2,1524.7
11,1524.8
4,1524.9
22,1525.1
19,1525.3
0,1525.4
26,1525.7
18,1525.8
16,1526.2
25,1526.8
20,1527.3
12,1527.8
10,1528.4
2,1528.5
8,1528.5
6,1528.9
23,1529.3
5,1529.4
11,1529.7
1,1530.5
19,1530.5
18,1530.6
2,1532.0
22,1532.3
9,1532.5
0,1532.6
20,1532.8
17,1533.6
16,1534.0
10,1534.2
8,1534.6
11,1534.8
25,1534.9
12,1535.6
6,1535.8
30,1535.8
5,1535.9
2,1536.1
23,1536.8
4,1537.1
31,1537.3
18,1539.2
19,1540.0
20,1540.0
14,1540.3
22,1540.5
30,1541.2
6,1541.3
29,1542.1
2,1542.4
9,1542.5
31,1542.5
12,1542.6
11,1543.8
0,1543.9
4,1544.0
10,1544.8
23,1544.9
8,1545.0
5,1547.4
6,1547.6
22,1547.6
1,1548.2
3,1549.0
2,1549.0
12,1549.2
21,1549.3
14,1549.3
30,1550.1
31,1550.8
10,1550.8
23,1551.2
27,1551.8
22,1552.0
29,1552.4
6,1552.6
12,1553.4
5,1553.5
2,1554.0
3,1554.7
1,1554.7
21,1554.8
13,1555.1
10,1555.5
30,1555.8
9,1555.9
22,1556.2
14,1556.5
29,1557.2
6,1558.5
2,1558.9
12,1558.9
13,1560.0
5,1560.1
4,1560.2
3,1560.7
31,1560.9
30,1561.2
23,1561.3
22,1561.4
9,1561.9
28,1561.9
11,1561.9
29,1562.1
21,1562.3
1,1562.6
14,1562.8
20,1563.0
0,1563.3
15,1563.4
10,1563.4
2,1563.6
8,1563.7
13,1564.1
5,1564.4
4,1564.8
30,1565.8
27,1565.8
17,1565.9
26,1566.1
29,1566.7
9,1566.8
11,1567.1
22,1567.4
21,1567.6
28,1567.8
13,1568.2
0,1568.4
5,1568.4
1,1568.4
14,1568.7
2,1568.8
12,1569.0
4,1569.6
10,1569.7
20,1570.1
19,1570.4
6,1570.4
8,1570.6
18,1570.7
30,1571.5
3,1571.7
15,1572.0
5,1572.1
0,1573.3
1,1573.4
9,1573.5
29,1573.6
10,1573.8
2,1573.8
13,1574.0
11,1574.7
21,1575.7
28,1576.0
27,1576.4
4,1576.8
6,1577.1
19,1577.2
5,1577.4
17,1577.8
30,1578.0
22,1578.2
31,1578.9
10,1579.6
14,1579.9
18,1580.1
0,1581.1
1,1581.4
3,1581.4
13,1581.6
2,1581.8
4,1582.1
5,1582.3
6,1582.6
30,1583.1
20,1583.9
8,1584.0
28,1584.3
11,1584.4
19,1585.3
10,1585.4
16,1585.5
9,1586.7
31,1586.8
5,1587.6
1,1587.8
18,1588.0
0,1588.3
29,1589.1
20,1590.2
4,1590.6
10,1590.6
11,1590.7
6,1590.9
30,1591.3
8,1591.4
19,1591.5
2,1592.5
16,1592.8
5,1593.0
0,1593.9
13,1594.4
22,1594.8
10,1596.0
11,1596.1
1,1596.1
30,1596.7
20,1596.8
2,1597.5
9,1597.9
17,1598.1
18,1598.2
14,1598.4
8,1598.7
22,1598.8
11,1599.6
5,1599.6
15,1599.9
13,1600.9
0,1601.0
30,1601.0
20,1601.8
10,1601.8
16,1602.0
21,1602.2
2,1602.5
22,1602.8
12,1603.6
11,1603.8
1,1603.8
19,1604.0
5,1604.6
8,1604.6
30,1605.1
14,1605.2
9,1605.4
27,1605.9
3,1605.9
20,1606.7
21,1607.3
22,1607.4
17,1607.5
10,1607.7
2,1607.9
15,1608.0
11,1608.8
5,1610.1
30,1610.6
13,1610.6
12,1610.9
8,1613.3
27,1613.3
0,1613.6
22,1613.8
14,1613.8
9,1614.5
16,1614.8
21,1614.9
3,1614.9
20,1615.3
2,1616.5
24,1616.9
17,1617.2
10,1617.3
11,1617.6
13,1617.6
8,1618.4
12,1618.6
30,1619.8
5,1619.8
22,1620.5
16,1620.6
2,1621.8
24,1622.1
8,1622.6
14,1622.7
9,1622.7
15,1622.9
12,1624.0
11,1624.8
1,1624.8
16,1626.1
4,1627.0
30,1627.2
8,1627.3
2,1627.4
24,1628.1
9,1628.2
0,1628.2
17,1629.3
1,1631.7
5,1631.8
3,1632.2
8,1632.3
14,1632.3
27,1632.8
2,1633.0
9,1633.3
12,1633.7
0,1633.9
30,1634.1
13,1634.2
29,1634.4
5,1635.2
22,1635.4
16,1636.5
10,1636.6
3,1637.0
11,1637.0
21,1637.3
28,1637.4
2,1638.0
17,1638.3
5,1638.5
8,1639.2
0,1639.4
27,1639.6
12,1639.8
30,1640.1
1,1640.2
9,1640.7
24,1641.7
29,1641.9
5,1642.1
10,1642.7
13,1643.4
3,1644.0
2,1645.0
11,1645.4
14,1646.2
5,1646.9
28,1647.0
10,1647.2
21,1647.5
4,1647.6
1,1647.7
0,1647.8
18,1648.2
12,1648.8
3,1650.7
14,1651.0
30,1651.0
22,1651.4
2,1651.8
23,1651.9
10,1651.9
11,1652.3
29,1652.6
6,1652.7
5,1653.2
4,1653.3
13,1653.6
12,1653.9
1,1654.2
8,1654.4
14,1654.6
9,1655.0
31,1655.1
0,1655.1
28,1655.5
21,1655.8
29,1656.4
22,1656.6
2,1656.8
18,1657.0
23,1657.2
17,1657.6
3,1657.8
14,1658.1
4,1658.4
5,1658.4
30,1658.7
12,1658.7
25,1659.4
13,1659.4
10,1659.6
19,1659.7
1,1660.2
2,1660.5
9,1660.8
0,1660.8
29,1660.9
8,1661.3
14,1661.4
11,1661.6
28,1661.9
15,1662.0
6,1662.0
18,1662.3
5,1662.4
30,1662.5
4,1663.0
22,1663.1
2,1663.9
20,1664.0
13,1664.2
14,1664.6
21,1664.7
31,1664.9
23,1665.0
3,1665.4
9,1665.6
30,1666.0
29,1666.1
12,1666.3
5,1666.4
11,1666.6
17,1667.1
15,1667.3
1,1667.7
8,1667.8
0,1668.1
4,1668.1
10,1668.2
19,1668.3
25,1668.3
2,1668.4
14,1668.7
18,1669.0
27,1669.0
28,1669.2
13,1670.2
30,1670.3
21,1671.1
9,1671.1
20,1671.2
12,1671.8
11,1672.0
10,1672.4
5,1672.5
15,1672.8
14,1672.8
2,1673.1
0,1673.3
19,1673.7
4,1674.4
30,1674.8
18,1674.9
29,1675.0
8,1675.4
13,1675.9
11,1676.0
10,1676.4
21,1676.9
22,1677.1
5,1677.3
14,1677.6
28,1678.2
2,1678.2
0,1678.3
19,1679.6
15,1680.0
9,1680.0
12,1680.6
30,1681.2
10,1681.4
3,1681.6
11,1681.7
4,1681.8
18,1682.5
14,1682.7
13,1682.7
5,1683.0
29,1683.4
21,1683.6
20,1683.9
28,1685.1
2,1685.7
0,1686.0
4,1686.7
30,1686.7
14,1687.5
5,1687.8
10,1687.8
11,1687.8
19,1687.9
13,1688.1
29,1688.3
25,1688.7
18,1688.9
2,1689.7
21,1689.8
3,1690.3
15,1690.5
30,1690.6
14,1691.7
11,1692.8
5,1693.0
28,1693.9
29,1694.2
4,1694.4
19,1694.6
8,1694.6
2,1694.6
0,1694.7
18,1694.8
10,1696.6
30,1696.6
1,1696.8
25,1696.9
20,1697.2
13,1697.3
16,1697.5
11,1697.7
5,1698.3
14,1698.4
21,1699.3
12,1699.9
29,1700.3
7,1701.6
8,1702.3
2,1702.3
30,1702.6
1,1702.9
3,1703.0
11,1703.4
18,1703.6
20,1703.8
14,1704.0
4,1704.2
10,1704.4
16,1704.8
5,1705.0
21,1705.0
9,1705.8
12,1706.0
29,1706.1
15,1707.9
1,1708.2
14,1709.0
18,1709.8
10,1709.9
7,1710.1
30,1710.4
19,1710.8
4,1711.2
0,1711.7
3,1712.0
18,1713.7
2,1713.8
5,1713.8
21,1713.9
11,1713.9
8,1714.1
10,1714.5
19,1714.9
25,1715.1
16,1715.2
14,1715.2
13,1715.5
1,1715.5
28,1715.8
20,1716.4
30,1716.5
26,1716.6
12,1716.8
29,1716.8
18,1717.6
5,1717.6
2,1717.7
10,1718.3
15,1718.4
6,1718.4
22,1718.8
11,1719.0
19,1719.0
0,1719.0
3,1719.3
8,1719.7
27,1719.9
1,1720.3
16,1720.6
21,1720.9
5,1721.3
30,1721.3
14,1721.5
2,1722.0
18,1722.0
25,1722.1
10,1722.6
13,1723.4
28,1723.5
19,1723.7
4,1723.9
6,1724.8
22,1724.8
14,1725.5
1,1725.7
5,1725.7
26,1725.7
2,1725.8
29,1725.9
30,1725.9
3,1726.1
11,1726.1
21,1726.1
8,1726.5
20,1726.8
16,1727.2
15,1727.6
18,1727.6
12,1727.9
10,1728.4
13,1728.7
5,1729.0
27,1729.2
24,1729.3
28,1729.4
30,1729.6
14,1729.7
4,1729.8
2,1729.9
0,1730.3
29,1730.6
3,1730.6
8,1731.0
19,1731.2
1,1731.2
22,1731.3
11,1731.5
25,1731.7
21,1731.8
16,1731.8
5,1732.3
12,1733.6
30,1733.8
20,1734.4
2,1734.5
27,1734.8
3,1734.9
18,1735.1
10,1735.3
6,1736.0
5,1736.1
29,1736.2
14,1736.2
24,1736.9
8,1736.9
19,1737.1
13,1737.4
16,1738.1
0,1738.2
21,1738.8
28,1738.9
30,1739.5
5,1739.9
11,1740.5
4,1740.5
10,1740.7
1,1740.9
2,1741.0
3,1741.6
18,1741.6
19,1743.3
12,1743.7
27,1743.7
22,1744.5
5,1745.3
15,1745.4
13,1745.5
29,1745.5
14,1745.7
28,1746.6
8,1747.0
4,1747.3
21,1747.3
0,1747.5
30,1747.9
10,1748.5
6,1749.4
31,1749.7
13,1750.0
14,1750.6
4,1750.7
5,1751.5
30,1751.8
28,1751.9
16,1752.0
29,1752.1
22,1752.6
11,1752.9
13,1753.4
21,1753.5
2,1753.7
17,1753.9
18,1754.0
4,1754.3
15,1754.8
19,1754.8
12,1754.8
14,1755.4
30,1755.5
10,1756.0
6,1756.4
7,1756.6
13,1756.6
5,1756.7
8,1757.0
24,1757.0
0,1757.1
28,1757.2
3,1757.5
29,1757.6
31,1758.0
4,1758.2
21,1758.5
22,1758.5
12,1758.8
16,1759.1
30,1759.3
2,1759.9
11,1760.0
13,1760.3
26,1761.1
19,1761.1
14,1761.3
5,1761.3
18,1761.4
10,1761.7
8,1761.9
12,1762.9
17,1763.5
28,1763.6
0,1763.7
24,1764.0
16,1764.1
4,1764.3
2,1764.3
22,1764.4
29,1764.5
15,1764.5
13,1764.5
30,1764.9
21,1765.0
11,1765.5
7,1765.6
5,1766.5
8,1767.1
10,1767.3
16,1768.9
26,1769.1
12,1769.3
20,1769.4
1,1769.6
11,1770.4
2,1770.5
13,1771.0
5,1771.3
0,1772.1
19,1772.2
8,1772.4
14,1772.6
27,1773.0
22,1773.4
3,1773.6
16,1774.1
10,1774.2
4,1774.4
11,1774.5
30,1774.7
5,1775.3
20,1775.9
2,1776.2
18,1776.2
1,1777.0
17,1777.2
28,1777.3
21,1777.3
29,1777.4
13,1778.4
6,1779.0
27,1779.4
14,1779.4
24,1779.9
8,1779.9
4,1780.4
11,1780.7
5,1780.9
0,1781.5
12,1781.8
16,1782.2
3,1782.5
2,1782.7
14,1783.6
21,1783.7
13,1784.0
29,1784.1
30,1784.1
28,1784.4
15,1784.6
10,1785.0
5,1786.0
8,1786.1
11,1786.4
24,1787.6
4,1787.8
12,1788.2
2,1788.2
30,1788.7
14,1788.8
16,1789.1
3,1789.5
29,1789.6
5,1790.8
11,1791.4
13,1791.7
8,1792.3
2,1792.4
21,1792.5
15,1792.6
0,1792.6
14,1792.7
30,1792.9
1,1792.9
28,1793.1
9,1794.2
4,1794.2
22,1794.6
10,1794.6
29,1795.0
20,1795.8
12,1796.2
5,1796.4
17,1796.4
27,1796.8
2,1797.0
11,1797.1
24,1797.2
30,1797.2
0,1797.7
8,1797.9
14,1798.7
1,1799.3
3,1799.5
9,1800.1
16,1800.1
13,1800.1
22,1800.3
29,1800.6
5,1801.2
30,1801.4
2,1801.4
21,1801.6
4,1801.6
28,1802.2
0,1802.6
11,1802.8
10,1803.4
14,1804.6
8,1805.0
30,1805.3
4,1806.4
31,1806.4
6,1806.5
29,1806.9
5,1807.6
2,1807.7
13,1807.9
26,1808.0
17,1808.2
16,1809.1
30,1809.5
21,1809.7
1,1810.2
14,1810.4
28,1810.5
4,1810.8
0,1811.1
9,1811.3
22,1811.5
8,1811.7
11,1811.8
2,1813.0
3,1813.1
18,1813.2
19,1813.7
25,1813.8
6,1814.2
29,1814.3
13,1814.8
30,1814.9
10,1814.9
31,1815.2
4,1815.5
12,1815.7
5,1815.8
14,1816.1
15,1816.4
26,1816.5
21,1816.7
18,1817.3
0,1817.8
2,1817.9
19,1818.1
28,1818.1
23,1818.4
7,1818.5
30,1818.5
22,1819.0
11,1819.2
4,1819.4
6,1819.6
16,1819.8
29,1820.3
13,1820.4
12,1820.5
10,1820.6
5,1821.4
14,1821.7
30,1821.9
8,1822.1
21,1822.2
25,1822.8
31,1822.9
18,1823.0
4,1823.6
1,1824.0
19,1824.0
11,1824.0
20,1824.2
15,1824.3
12,1824.6
6,1824.8
30,1825.6
23,1826.2
2,1826.2
16,1826.5
10,1826.8
5,1826.9
22,1827.1
28,1827.3
0,1827.4
21,1827.5
13,1827.6
7,1827.7
14,1828.3
11,1828.4
29,1828.5
12,1829.0
8,1829.0
4,1829.1
30,1829.3
1,1829.9
6,1830.2
15,1831.1
5,1831.2
20,1831.3
10,1831.5
3,1832.0
31,1832.3
2,1832.5
27,1833.5
11,1834.0
30,1834.2
14,1834.5
18,1834.8
21,1835.1
6,1835.4
1,1835.6
12,1835.6
16,1835.8
5,1836.4
10,1837.2
15,1838.2
4,1838.4
2,1838.6
19,1838.7
13,1839.2
3,1839.2
22,1839.2
30,1840.0
8,1840.2
11,1840.6
14,1841.2
17,1841.5
6,1841.7
1,1842.7
5,1843.3
27,1844.1
24,1844.2
21,1844.6
9,1844.8
16,1845.0
22,1845.0
13,1845.5
10,1846.0
8,1847.6
2,1848.9
12,1849.0
30,1849.1
29,1850.2
22,1850.3
17,1850.8
20,1851.3
21,1851.3
13,1852.4
24,1852.6
5,1852.9
16,1852.9
9,1853.3
22,1853.9
6,1854.2
10,1854.2
11,1854.7
30,1854.8
28,1855.0
12,1855.1
8,1855.8
3,1855.8
14,1856.3
13,1857.8
21,1858.3
15,1858.3
5,1858.6
22,1858.9
1,1860.1
17,1860.9
30,1862.9
12,1864.7
13,1864.9
22,1864.9
28,1865.2
14,1865.5
11,1866.0
2,1866.2
10,1866.5
8,1866.6
16,1866.9
5,1867.0
24,1867.2
15,1867.8
17,1869.9
30,1870.0
12,1870.4
8,1871.0
11,1871.1
20,1871.4
16,1871.5
22,1871.7
2,1871.8
1,1872.0
14,1872.4
13,1873.1
24,1873.9
5,1874.2
21,1875.5
15,1875.5
8,1876.0
11,1876.0
16,1876.5
12,1876.9
30,1877.2
20,1878.0
22,1878.6
10,1879.0
6,1879.1
19,1879.6
23,1879.8
0,1879.9
18,1880.0
1,1880.4
2,1880.5
14,1881.6
12,1883.5
11,1884.1
8,1884.2
5,1884.5
10,1885.2
22,1885.2
16,1885.6
19,1886.9
6,1887.6
23,1888.0
18,1889.8
0,1890.3
30,1893.0
12,1894.0
8,1895.1
24,1895.2
16,1896.1
26,1896.3
2,1896.7
20,1896.7
27,1896.9
5,1897.1
3,1897.4
21,1897.7
9,1898.3
22,1898.3
10,1899.0
8,1900.6
14,1900.9
1,1901.5
4,1901.7
18,1902.2
20,1902.4
2,1902.9
3,1903.1
26,1903.1
21,1903.9
27,1904.3
11,1904.4
29,1904.5
10,1904.9
16,1905.4
9,1905.4
14,1905.5
5,1905.5
4,1906.4
1,1906.6
6,1907.2
20,1907.3
30,1907.3
8,1908.0
2,1908.0
3,1908.0
15,1908.3
21,1909.4
11,1909.5
13,1909.9
22,1909.9
5,1910.1
10,1910.4
26,1910.5
14,1910.6
29,1910.8
1,1911.1
18,1911.4
17,1911.9
27,1911.9
20,1911.9
30,1912.2
3,1912.2
4,1912.7
16,1913.0
5,1913.4
11,1913.8
6,1913.8
2,1913.9
14,1914.3
12,1914.4
21,1914.5
8,1914.6
1,1914.6
10,1914.8
29,1914.9
30,1915.3
22,1915.6
7,1916.1
13,1916.2
3,1916.3
4,1916.4
15,1916.5
20,1916.8
5,1917.1
31,1917.3
14,1917.9
30,1918.3
21,1918.3
16,1918.4
29,1918.5
6,1918.6
1,1919.0
11,1919.0
26,1919.2
8,1919.5
28,1919.7
4,1919.9
12,1920.0
2,1920.5
13,1920.9
10,1921.2
18,1921.5
17,1921.6
5,1921.7
14,1921.9
22,1921.9
30,1922.0
29,1922.5
21,1922.6
3,1922.8
27,1923.1
16,1923.2
24,1923.2
6,1923.2
11,1923.5
12,1923.9
8,1924.1
4,1924.4
2,1924.5
20,1924.8
0,1925.0
23,1925.1
22,1925.4
31,1925.6
30,1925.7
7,1925.7
13,1926.0
1,1926.5
26,1926.8
5,1927.4
16,1927.4
14,1927.8
8,1927.9
12,1927.9
10,1928.4
24,1928.5
9,1928.7
22,1928.8
6,1928.8
29,1929.0
2,1929.1
11,1929.1
30,1929.3
21,1929.3
28,1930.3
15,1930.3
4,1931.1
16,1932.3
8,1933.1
23,1933.1
0,1933.1
22,1933.3
12,1933.4
14,1933.4
11,1933.7
30,1933.8
5,1933.9
17,1934.0
2,1934.2
13,1934.5
24,1935.2
10,1935.6
20,1935.8
9,1936.1
16,1936.5
8,1936.5
3,1936.6
1,1936.9
6,1937.4
19,1938.6
11,1938.6
18,1938.8
2,1938.9
5,1939.5
0,1939.6
29,1939.8
22,1940.3
27,1940.5
10,1940.7
26,1940.7
8,1940.9
20,1941.0
30,1941.1
16,1941.8
9,1942.5
12,1942.7
21,1943.1
14,1943.2
3,1943.6
24,1943.8
11,1944.0
5,1944.2
1,1944.4
4,1945.4
20,1945.5
2,1945.5
19,1945.9
8,1946.1
27,1946.9
18,1947.5
10,1947.7
29,1947.9
15,1948.4
0,1948.5
16,1948.6
9,1948.7
21,1949.2
20,1949.2
11,1949.2
5,1949.8
26,1950.3
3,1950.4
8,1951.2
2,1951.8
12,1952.0
4,1952.0
1,1952.1
20,1953.0
16,1953.7
21,1954.1
24,1954.2
10,1954.6
11,1954.7
30,1955.1
29,1955.2
22,1955.2
27,1955.5
8,1955.9
5,1955.9
12,1956.1
2,1956.9
14,1957.4
13,1957.5
4,1957.8
20,1958.9
16,1959.1
15,1959.2
11,1960.3
9,1960.4
24,1960.5
28,1960.5
21,1960.6
12,1960.9
5,1961.3
8,1961.3
30,1961.8
10,1962.6
2,1962.8
4,1963.2
13,1963.3
14,1963.8
19,1963.9
1,1964.4
18,1964.5
0,1964.6
5,1965.6
6,1966.2
28,1966.9
11,1967.1
15,1967.6
16,1968.0
10,1968.0
3,1968.2
12,1968.6
13,1969.0
30,1969.6
4,1970.0
5,1970.1
8,1970.3
19,1970.4
20,1970.8
14,1971.1
28,1972.4
18,1973.1
2,1973.6
29,1973.8
0,1974.0
13,1974.0
11,1974.2
24,1974.6
5,1974.7
21,1974.9
10,1975.6
4,1976.3
15,1976.7
14,1977.1
12,1977.5
28,1978.1
30,1978.2
13,1978.5
8,1979.3
16,1979.7
21,1979.9
9,1979.9
4,1980.2
10,1980.3
14,1980.7
29,1980.7
1,1980.9
18,1981.6
5,1981.8
3,1982.2
24,1983.0
12,1984.0
21,1984.1
13,1984.2
4,1984.4
14,1984.5
28,1984.6
10,1985.1
30,1985.5
29,1986.3
8,1986.5
5,1987.3
16,1987.8
1,1988.1
3,1988.3
9,1988.3
21,1989.7
4,1990.1
14,1990.4
18,1990.4
30,1990.7
6,1990.9
10,1991.5
24,1991.9
22,1991.9
5,1991.9
12,1992.1
11,1992.1
26,1992.1
2,1992.6
29,1992.6
8,1992.7
31,1993.1
23,1993.3
3,1993.5
1,1994.0
6,1994.5
16,1994.6
13,1995.0
30,1995.0
4,1995.1
27,1995.3
5,1997.1
10,1997.7
6,1998.2
2,1998.4
1,1998.5
8,1998.6
9,1998.8
0,1999.1
3,1999.2
22,1999.4
12,1999.7
21,1999.8
26,2000.2
14,2000.9
27,2001.0
30,2001.1
23,2001.4
5,2001.5
17,2001.8
28,2001.8
4,2002.4
31,2002.5
6,2002.9
1,2003.1
2,2003.5
8,2004.1
3,2004.1
9,2004.3
16,2005.1
0,2005.1
22,2005.3
10,2006.0
30,2006.3
27,2006.3
5,2006.8
29,2007.0
1,2009.4
13,2009.5
4,2009.5
14,2010.2
30,2010.3
6,2010.8
15,2010.8
22,2010.9
11,2011.0
2,2011.0
3,2011.2
5,2011.7
8,2012.5
28,2012.9
17,2013.5
9,2013.9
21,2014.9
30,2015.1
4,2015.1
13,2015.5
27,2016.6
0,2016.6
14,2016.7
5,2017.1
11,2018.5
15,2019.0
12,2019.1
2,2020.1
10,2020.5
22,2020.7
5,2021.7
30,2022.2
28,2022.6
1,2022.7
13,2022.8
4,2023.4
21,2024.4
11,2025.0
0,2025.1
5,2026.2
2,2027.2
6,2027.6
10,2027.6
3,2028.3
5,2029.7
22,2030.0
1,2030.1
14,2030.3
13,2030.3
28,2030.3
8,2030.4
27,2030.5
23,2030.8
11,2031.1
12,2031.3
2,2032.4
5,2032.6
6,2032.9
3,2033.2
10,2033.5
30,2033.7
0,2033.9
27,2035.4
29,2035.5
5,2035.7
1,2036.6
3,2036.9
22,2037.3
6,2037.7
2,2038.3
26,2038.7
23,2038.8
16,2039.0
5,2039.0
8,2039.9
30,2039.9
12,2040.2
10,2040.7
27,2041.3
3,2042.0
11,2043.1
29,2043.4
5,2043.4
21,2043.4
16,2044.0
8,2044.5
4,2044.8
1,2044.8
13,2045.0
24,2045.1
28,2045.5
9,2045.5
14,2045.6
20,2046.1
12,2046.1
6,2046.3
26,2047.2
10,2047.4
5,2048.2
21,2048.6
16,2048.7
8,2049.1
2,2049.5
29,2049.6
11,2049.7
3,2050.0
30,2050.3
4,2050.8
27,2051.1
13,2051.1
1,2051.2
14,2051.7
18,2052.2
25,2052.6
20,2052.7
22,2052.7
5,2052.8
19,2053.1
24,2053.2
28,2053.3
16,2053.9
9,2054.0
8,2054.5
12,2054.6
2,2054.9
21,2055.6
29,2056.4
14,2056.9
3,2057.0
27,2057.6
5,2058.3
31,2058.3
18,2058.8
23,2059.1
10,2059.3
11,2059.4
2,2060.2
13,2061.3
25,2061.3
22,2062.1
4,2062.1
5,2062.2
19,2062.2
12,2062.3
28,2062.6
0,2062.6
14,2062.9
1,2063.0
16,2063.4
29,2063.8
8,2064.0
2,2064.8
18,2065.2
31,2066.4
21,2066.5
10,2066.7
11,2066.9
12,2067.4
5,2067.6
3,2068.1
2,2068.7
20,2069.5
27,2069.5
23,2070.1
24,2070.4
8,2070.4
22,2070.4
13,2070.6
12,2070.7
25,2070.8
28,2071.0
9,2071.0
0,2071.1
10,2071.3
14,2071.5
6,2071.6
2,2071.7
16,2071.8
19,2071.9
5,2072.0
18,2072.5
11,2073.5
12,2074.2
2,2074.3
10,2074.8
21,2075.0
1,2075.1
8,2075.1
29,2076.1
19,2076.1
6,2076.2
3,2076.4
5,2076.6
23,2076.8
18,2076.8
22,2076.8
24,2077.1
0,2077.1
2,2077.4
20,2077.8
25,2078.3
12,2078.5
10,2078.8
27,2078.8
9,2079.3
16,2079.6
2,2080.0
5,2080.1
3,2080.4
30,2080.4
8,2080.8
13,2080.9
29,2081.0
6,2081.2
1,2081.6
19,2082.7
2,2083.2
9,2083.4
18,2083.6
5,2083.7
10,2083.8
20,2083.9
24,2084.0
11,2084.2
29,2084.2
3,2084.3
16,2084.9
4,2084.9
8,2085.0
13,2085.5
12,2085.5
21,2085.7
14,2085.8
1,2085.8
2,2085.8
28,2086.2
5,2086.5
0,2086.5
25,2086.8
30,2086.9
10,2087.5
29,2087.7
26,2087.8
11,2087.8
18,2087.9
20,2087.9
9,2088.0
3,2088.5
22,2089.0
2,2089.0
6,2089.1
8,2089.4
4,2089.5
19,2089.5
16,2089.6
1,2089.6
5,2089.9
21,2090.6
24,2091.1
14,2091.3
20,2091.4
11,2091.9
10,2092.1
13,2092.1
9,2092.3
29,2092.3
2,2092.5
18,2093.4
27,2093.5
8,2093.8
3,2094.2
5,2094.6
1,2094.9
4,2094.9
21,2095.1
20,2095.3
16,2095.5
23,2096.7
2,2097.0
26,2097.2
29,2097.3
11,2097.3
0,2097.6
9,2098.2
25,2098.5
30,2099.0
19,2099.1
10,2099.1
18,2099.2
8,2099.8
12,2100.4
2,2100.5
20,2100.9
14,2101.0
21,2101.3
24,2101.4
5,2101.8
16,2102.3
4,2102.4
13,2102.5
22,2103.6
1,2104.4
2,2104.4
3,2104.6
6,2104.6
29,2104.8
17,2105.0
28,2105.1
8,2105.1
31,2105.3
30,2105.7
11,2106.0
12,2106.1
4,2107.0
9,2107.1
21,2107.4
18,2107.5
24,2107.5
20,2107.7
10,2107.7
5,2108.2
16,2108.6
13,2108.8
25,2108.8
2,2109.0
29,2109.2
22,2109.3
30,2109.6
26,2110.1
12,2110.3
6,2110.4
3,2111.0
8,2111.7
10,2112.2
19,2112.3
4,2112.3
21,2112.3
5,2112.3
1,2112.8
31,2113.0
2,2113.4
27,2113.5
17,2114.1
30,2114.4
29,2114.5
6,2115.0
12,2115.1
22,2115.5
11,2115.9
3,2116.5
5,2116.9
24,2117.0
20,2117.1
23,2117.1
10,2117.7
2,2117.9
13,2118.3
16,2118.6
6,2119.2
1,2119.3
8,2119.5
0,2119.6
21,2119.9
9,2119.9
12,2120.4
30,2120.9
29,2121.0
5,2121.1
4,2121.5
22,2121.7
11,2122.0
2,2122.5
27,2122.7
10,2123.0
3,2123.1
7,2123.3
14,2123.8
6,2124.3
23,2124.4
13,2124.8
12,2124.8
5,2125.0
30,2125.1
21,2125.3
24,2125.4
28,2125.8
15,2125.9
29,2126.6
8,2127.0
16,2127.0
4,2127.3
11,2127.9
5,2128.0
9,2128.1
2,2128.3
1,2128.3
10,2128.8
30,2128.9
22,2129.3
13,2129.4
6,2129.8
12,2130.1
3,2130.3
14,2130.4
0,2130.7
5,2131.2
28,2132.0
21,2132.1
7,2132.1
27,2132.6
30,2132.7
11,2132.8
2,2133.0
4,2133.8
22,2134.3
29,2134.4
10,2134.7
5,2134.7
13,2134.8
15,2134.9
24,2135.3
6,2137.2
8,2137.5
1,2137.7
30,2138.0
16,2138.7
12,2139.4
28,2139.7
5,2139.7
2,2140.7
11,2141.2
3,2141.8
14,2142.0
22,2142.1
10,2142.9
4,2143.4
13,2143.5
9,2144.2
18,2144.8
1,2145.0
8,2145.0
24,2145.2
12,2145.2
0,2145.6
2,2145.8
16,2146.5
30,2146.7
5,2146.9
21,2147.1
14,2147.5
10,2147.5
3,2148.1
6,2148.8
4,2148.9
29,2149.1
2,2149.1
1,2149.4
27,2149.9
18,2150.3
20,2150.6
12,2150.9
25,2151.5
11,2151.5
8,2151.9
19,2151.9
24,2152.2
21,2152.5
10,2152.7
2,2152.7
26,2152.7
4,2152.8
14,2152.9
5,2153.6
29,2153.6
13,2153.7
28,2154.0
18,2154.2
0,2154.4
1,2154.6
16,2155.5
9,2155.6
3,2155.6
2,2156.2
19,2156.4
4,2156.8
21,2156.9
10,2157.0
14,2157.2
8,2157.9
18,2157.9
17,2158.1
29,2158.4
0,2158.6
6,2158.6
1,2158.8
20,2158.8
25,2159.8
13,2160.0
2,2160.3
10,2161.1
4,2161.2
9,2161.2
19,2161.8
12,2162.0
28,2162.0
14,2162.1
11,2162.5
18,2162.7
21,2163.3
1,2163.9
0,2163.9
3,2164.4
8,2165.3
22,2165.4
2,2166.1
29,2166.3
5,2166.5
10,2166.6
4,2166.9
14,2167.4
18,2168.3
9,2168.9
1,2169.4
20,2170.0
17,2170.9
2,2171.0
30,2171.4
8,2171.6
24,2173.0
19,2173.3
10,2173.5
13,2173.7
0,2173.7
9,2173.9
16,2174.2
14,2174.7
4,2174.8
3,2175.3
2,2176.8
8,2177.1
20,2177.2
21,2177.4
18,2178.1
5,2178.6
9,2178.8
1,2179.0
28,2179.0
11,2179.2
13,2180.1
30,2180.2
15,2180.2
4,2180.4
14,2180.8
24,2181.4
8,2182.6
16,2182.9
22,2184.0
12,2184.2
2,2184.2
6,2184.4
23,2184.8
5,2184.8
9,2185.0
29,2185.1
4,2185.4
20,2185.5
11,2185.9
13,2186.6
10,2187.2
21,2187.5
30,2187.5
14,2187.7
28,2188.7
2,2188.7
0,2188.8
8,2189.0
26,2189.1
15,2189.3
18,2189.6
1,2189.6
9,2189.9
25,2190.1
4,2190.4
19,2190.4
29,2191.4
17,2191.4
20,2191.5
22,2191.6
2,2192.5
23,2192.5
12,2192.6
11,2192.9
6,2193.1
21,2194.1
5,2194.1
0,2194.3
30,2194.8
9,2194.9
8,2195.0
14,2195.6
18,2195.7
2,2195.7
29,2196.0
1,2196.1
11,2196.8
3,2197.1
12,2197.1
25,2197.2
24,2197.5
10,2197.6
15,2197.6
19,2197.7
16,2198.5
4,2198.5
7,2198.6
2,2198.7
5,2198.9
30,2198.9
21,2199.4
0,2199.8
29,2200.0
8,2200.3
11,2200.8
12,2200.9
13,2201.2
20,2201.7
14,2201.8
2,2201.8
30,2202.4
18,2202.8
21,2203.0
29,2203.2
26,2203.4
9,2203.4
4,2203.5
17,2203.5
5,2203.9
24,2204.2
28,2204.9
11,2205.0
12,2205.2
15,2205.4
14,2205.8
2,2205.8
16,2205.9
10,2206.0
21,2206.6
29,2206.6
8,2206.7
3,2206.7
30,2207.2
13,2207.3
4,2207.4
0,2208.0
7,2208.3
20,2208.8
25,2209.7
1,2210.2
11,2210.4
29,2210.7
14,2211.0
21,2211.1
19,2211.5
5,2211.6
2,2211.7
26,2212.3
12,2212.3
28,2212.9
30,2213.2
4,2213.3
8,2213.9
16,2214.2
13,2214.2
29,2215.0
5,2215.4
3,2215.5
24,2215.8
21,2215.9
22,2215.9
11,2216.1
2,2216.2
9,2216.5
14,2216.6
30,2217.2
10,2217.3
0,2217.6
31,2217.9
29,2218.3
15,2218.4
26,2218.8
8,2218.9
13,2218.9
4,2219.0
6,2219.2
12,2219.2
16,2219.5
5,2220.2
2,2220.9
30,2220.9
28,2221.0
14,2221.0
11,2221.2
23,2221.4
9,2221.6
21,2222.1
29,2222.2
3,2222.6
31,2223.1
20,2223.2
13,2223.4
24,2224.0
8,2224.6
4,2224.8
16,2225.4
5,2225.7
2,2225.9
30,2226.0
12,2226.6
6,2226.8
14,2227.0
9,2227.3
29,2227.3
22,2227.9
24,2229.4
8,2229.6
31,2229.6
11,2230.1
13,2230.5
2,2230.7
16,2231.1
12,2231.2
30,2231.3
14,2232.0
28,2232.0
4,2232.1
5,2232.5
15,2232.7
22,2233.1
10,2233.2
29,2233.3
23,2233.4
0,2233.8
26,2234.6
21,2235.0
18,2235.2
30,2235.3
8,2235.5
24,2235.8
13,2235.8
2,2236.0
3,2236.5
5,2236.9
11,2237.1
14,2237.1
12,2237.2
9,2237.3
4,2237.5
6,2237.8
16,2238.3
1,2238.5
22,2238.6
30,2239.4
27,2239.8
15,2239.8
28,2240.0
31,2240.2
10,2240.5
5,2240.6
2,2240.7
8,2241.0
20,2241.6
1,2241.8
11,2242.1
13,2242.2
0,2242.7
3,2243.3
9,2243.4
6,2243.6
17,2244.0
14,2244.1
29,2244.4
16,2244.4
22,2244.6
5,2244.6
2,2245.0
4,2245.0
8,2245.3
1,2245.4
12,2245.6
30,2245.7
10,2247.0
24,2247.5
21,2247.5
13,2247.5
20,2247.6
11,2247.7
0,2248.3
27,2248.4
2,2248.7
5,2248.8
8,2249.2
9,2249.3
16,2249.3
12,2249.5
17,2249.6
3,2249.7
22,2249.7
1,2249.8
30,2252.2
14,2252.2
13,2252.5
21,2252.5
5,2252.5
29,2253.0
28,2253.3
22,2253.4
6,2253.8
12,2253.9
2,2254.0
27,2254.0
31,2254.2
10,2254.3
20,2254.4
4,2254.5
11,2254.7
8,2255.2
3,2255.8
23,2256.0
5,2256.7
26,2256.7
21,2256.8
1,2256.9
16,2257.1
24,2257.2
22,2257.4
29,2257.8
17,2258.1
30,2258.2
12,2258.5
8,2258.9
13,2259.0
2,2259.0
20,2259.3
0,2259.5
15,2259.6
11,2259.7
27,2260.2
9,2260.2
5,2260.4
16,2261.0
14,2261.2
4,2261.4
21,2261.8
28,2261.9
26,2262.0
22,2262.6
8,2263.1
29,2263.4
1,2263.6
20,2264.1
3,2264.4
30,2264.5
12,2264.5
5,2265.5
11,2265.7
2,2265.9
16,2266.0
24,2266.1
22,2266.8
31,2267.1
13,2267.7
10,2267.9
14,2268.1
21,2268.2
23,2268.4
29,2268.6
26,2268.6
6,2268.7
8,2269.3
12,2269.4
27,2269.7
5,2270.2
1,2270.2
4,2270.6
22,2271.3
2,2271.4
3,2271.5
20,2271.8
30,2273.1
6,2273.9
9,2274.3
10,2274.4
16,2274.5
23,2275.0
12,2275.0
5,2275.3
8,2275.5
0,2275.5
27,2275.9
19,2276.1
18,2276.2
2,2276.4
22,2276.4
11,2276.9
29,2277.1
3,2277.4
1,2278.2
10,2278.4
20,2278.7
5,2279.0
6,2279.2
14,2279.5
27,2280.4
28,2280.5
13,2281.0
2,2281.1
21,2281.8
9,2282.0
19,2282.2
31,2282.3
3,2282.3
0,2282.5
10,2282.6
5,2283.0
18,2283.2
8,2283.2
12,2283.6
20,2284.8
2,2284.9
22,2285.5
24,2285.7
23,2286.3
1,2286.5
16,2286.5
6,2286.5
27,2287.5
4,2288.4
8,2288.7
5,2288.8
13,2288.8
14,2289.0
10,2289.0
29,2289.1
2,2289.2
28,2289.2
12,2289.3
21,2290.6
3,2290.9
19,2291.7
9,2291.7
24,2292.0
30,2292.1
16,2292.8
8,2293.5
0,2294.3
4,2294.4
2,2294.4
13,2294.7
14,2294.9
12,2296.3
29,2296.7
9,2296.7
28,2297.0
1,2297.2
20,2297.7
8,2298.0
18,2298.5
24,2298.5
21,2298.7
5,2299.2
17,2299.3
2,2299.6
16,2299.9
0,2300.0
10,2300.5
9,2300.6
4,2301.2
11,2302.1
8,2302.2
29,2302.4
26,2303.3
1,2303.7
21,2304.0
20,2304.4
9,2306.0
2,2306.3
13,2306.4
24,2306.4
14,2306.9
0,2307.7
4,2308.0
12,2308.3
8,2308.5
29,2309.4
21,2309.5
16,2309.9
22,2310.1
17,2310.5
10,2311.2
9,2311.3
1,2311.3
30,2311.4
12,2312.7
2,2312.8
27,2313.0
14,2313.7
11,2314.2
0,2314.3
31,2314.3
22,2314.7
8,2315.4
20,2315.6
21,2315.9
29,2316.0
23,2316.3
6,2316.8
30,2317.9
12,2319.4
9,2319.6
22,2320.6
5,2321.1
14,2321.8
10,2322.6
4,2322.8
31,2322.9
29,2323.4
1,2323.6
2,2324.0
30,2324.4
21,2325.8
13,2326.0
6,2326.2
14,2326.3
12,2326.9
18,2326.9
4,2327.0
28,2327.0
25,2327.5
19,2327.7
31,2328.0
22,2328.2
23,2328.3
29,2328.8
2,2329.2
30,2329.8
8,2330.3
4,2331.6
14,2331.7
0,2331.7
9,2332.0
20,2332.5
21,2332.6
18,2332.6
13,2332.9
2,2333.5
19,2333.6
10,2334.1
6,2334.6
25,2334.7
28,2336.6
18,2336.7
31,2336.9
29,2337.3
19,2337.8
2,2338.1
4,2338.8
30,2338.9
0,2338.9
14,2339.7
10,2339.8
9,2339.8
8,2339.8
5,2340.2
20,2340.4
13,2341.3
2,2341.4
18,2341.6
21,2341.7
29,2342.1
3,2342.3
0,2342.4
6,2342.6
19,2342.8
1,2342.9
30,2343.2
4,2343.4
11,2343.4
17,2344.2
31,2344.3
10,2344.4
5,2344.6
9,2344.6
28,2344.8
2,2345.2
25,2345.4
8,2345.8
14,2346.4
29,2346.5
0,2346.6
12,2346.7
21,2347.6
13,2347.9
30,2347.9
4,2348.3
2,2349.5
1,2349.6
9,2349.7
18,2349.7
7,2350.3
22,2350.5
5,2350.5
10,2350.6
11,2350.8
29,2350.9
0,2351.1
20,2351.2
19,2351.4
8,2351.5
30,2351.8
21,2352.3
14,2352.4
12,2352.8
28,2352.8
4,2353.0
3,2353.1
13,2353.2
26,2353.5
16,2354.1
15,2354.2
2,2354.2
17,2354.3
30,2354.6
29,2355.0
5,2355.2
11,2355.2
9,2355.8
14,2356.0
13,2356.3
22,2356.3
4,2357.1
21,2357.6
8,2357.6
30,2357.7
6,2357.8
28,2357.9
0,2358.0
29,2358.5
13,2359.0
2,2359.1
10,2359.4
14,2359.6
15,2359.8
7,2359.8
11,2360.0
5,2360.4
22,2360.7
30,2361.2
3,2361.3
12,2361.4
9,2361.5
4,2361.8
13,2362.1
26,2362.1
29,2362.3
17,2362.3
21,2362.9
1,2363.4
14,2363.4
16,2363.7
11,2363.9
8,2364.8
30,2364.9
20,2365.4
22,2365.5
28,2365.6
2,2365.6
5,2366.0
13,2366.1
15,2366.2
29,2367.2
11,2368.4
7,2368.4
14,2369.0
30,2369.1
12,2369.2
16,2369.9
4,2369.9
21,2370.0
22,2370.1
1,2370.6
9,2371.0
13,2371.3
8,2371.4
5,2371.6
20,2371.8
17,2372.0
29,2372.4
30,2372.6
3,2373.1
0,2373.6
11,2374.6
22,2374.7
12,2375.4
21,2375.7
7,2376.4
30,2376.5
5,2376.5
2,2376.6
13,2377.0
14,2377.0
29,2377.2
15,2377.6
4,2378.5
28,2379.6
16,2380.0
30,2380.3
3,2380.3
5,2380.8
11,2380.8
22,2381.2
10,2381.3
29,2381.5
8,2381.7
14,2381.7
12,2381.9
13,2382.6
21,2383.0
31,2383.6
20,2383.8
7,2384.2
30,2384.4
17,2384.8
1,2385.3
29,2385.8
5,2385.9
4,2386.0
15,2386.5
23,2386.6
14,2386.6
12,2387.7
13,2387.9
30,2388.1
11,2388.1
22,2388.6
3,2389.1
28,2389.2
29,2390.3
5,2390.4
14,2391.3
21,2391.7
9,2391.9
30,2392.5
31,2392.8
22,2393.9
4,2394.0
12,2394.1
2,2394.5
29,2394.8
5,2395.2
30,2396.4
13,2396.6
25,2396.9
18,2397.1
3,2397.5
19,2397.7
14,2398.3
22,2398.8
23,2399.5
2,2399.8
15,2400.1
30,2401.0
11,2401.0
29,2401.4
5,2402.8
8,2403.0
18,2403.5
7,2403.5
16,2404.6
26,2404.7
25,2404.7
22,2406.0
27,2406.0
3,2406.1
19,2407.0
2,2407.1
12,2407.3
30,2407.9
5,2409.1
8,2409.7
9,2410.5
20,2410.5
22,2411.8
14,2412.3
26,2412.9
27,2413.1
2,2413.2
31,2413.6
3,2413.7
29,2413.8
16,2413.9
30,2414.5
8,2415.3
4,2415.5
9,2416.1
14,2416.4
13,2416.4
22,2416.6
24,2416.8
21,2416.8
12,2416.9
23,2417.1
28,2417.7
20,2418.1
29,2418.6
5,2418.8
2,2419.0
6,2419.1
8,2420.6
22,2420.8
14,2420.9
9,2421.4
4,2421.5
30,2422.0
16,2422.1
11,2422.2
18,2422.2
13,2422.4
0,2422.9
12,2423.0
21,2423.0
23,2423.1
10,2423.1
31,2423.6
29,2424.0
2,2424.1
22,2424.4
28,2425.0
24,2425.2
19,2425.6
14,2425.7
13,2426.0
20,2426.1
4,2426.2
21,2426.6
9,2426.9
29,2427.2
8,2427.4
18,2427.6
3,2427.6
26,2427.6
5,2427.7
17,2427.9
2,2427.9
25,2427.9
11,2428.1
10,2428.1
6,2428.4
22,2428.5
0,2428.7
13,2429.2
19,2429.9
21,2430.1
29,2430.2
4,2430.5
2,2430.9
30,2430.9
14,2431.1
27,2431.9
9,2432.2
18,2432.2
20,2432.4
13,2432.6
28,2432.8
11,2433.1
10,2433.1
22,2433.2
29,2434.1
12,2434.1
2,2434.5
25,2434.8
21,2434.8
23,2435.0
0,2435.0
4,2435.1
3,2435.4
19,2435.5
14,2435.8
16,2436.2
18,2436.5
5,2437.0
1,2437.1
13,2437.3
10,2437.9
22,2438.2
17,2438.5
29,2438.9
6,2439.0
4,2439.1
14,2439.4
2,2439.9
21,2440.4
9,2441.0
26,2441.1
11,2441.4
28,2441.5
8,2441.5
18,2441.7
12,2442.3
3,2442.4
13,2442.5
23,2442.5
22,2443.8
10,2443.9
14,2444.1
4,2444.3
24,2444.7
19,2444.9
20,2445.0
29,2445.2
1,2445.4
16,2446.4
0,2447.5
2,2447.8
6,2447.9
21,2448.5
9,2448.8
8,2449.6
30,2450.5
18,2450.8
13,2451.0
12,2451.6
14,2451.7
25,2452.0
4,2452.9
24,2453.0
22,2453.3
2,2453.3
10,2453.7
23,2454.0
16,2454.1
8,2455.6
29,2456.2
12,2457.2
2,2458.5
24,2459.0
5,2459.7
16,2460.3
8,2460.8
9,2461.3
3,2462.7
2,2464.4
13,2464.9
14,2465.0
22,2465.5
0,2465.6
12,2465.6
18,2465.7
17,2465.7
8,2465.8
1,2466.0
24,2466.0
4,2466.2
9,2466.3
21,2466.5
28,2466.7
19,2467.0
25,2467.0
29,2467.3
2,2468.3
16,2468.8
13,2469.2
14,2470.6
17,2470.8
8,2471.0
0,2471.4
22,2471.4
18,2471.5
9,2471.5
4,2472.2
11,2472.5
1,2472.6
2,2472.7
21,2473.8
13,2474.1
29,2474.9
28,2475.3
19,2475.5
25,2475.5
30,2477.7
4,2478.2
17,2478.7
31,2478.8
6,2478.8
14,2479.2
2,2479.2
22,2479.4
8,2479.5
13,2479.7
9,2480.1
30,2481.7
4,2481.9
5,2482.1
0,2482.3
16,2482.5
15,2482.9
20,2483.0
26,2483.1
18,2483.1
13,2483.2
2,2483.4
11,2483.7
29,2483.7
28,2484.3
9,2484.5
8,2484.7
14,2485.3
3,2486.0
4,2486.2
30,2486.3
13,2486.5
22,2486.7
6,2486.8
31,2487.5
24,2487.7
2,2487.7
17,2488.3
5,2488.5
1,2488.8
9,2488.8
29,2489.0
8,2490.3
20,2490.4
13,2490.6
16,2491.6
15,2491.8
26,2491.9
4,2492.3
2,2492.6
11,2493.0
30,2493.1
14,2493.5
9,2494.4
21,2494.4
3,2496.4
28,2496.4
13,2496.8
5,2497.2
29,2497.7
27,2497.8
8,2499.5
2,2500.3
20,2501.5
5,2503.0
11,2503.1
16,2503.4
3,2503.5
4,2504.2
1,2504.3
27,2504.9
9,2505.3
22,2505.7
8,2506.3
20,2507.5
30,2507.5
5,2509.2
13,2509.2
2,2509.6
11,2509.8
16,2510.3
9,2511.5
8,2511.9
29,2512.1
1,2512.4
20,2512.6
3,2512.6
22,2512.6
17,2512.8
13,2513.8
5,2514.3
2,2514.8
30,2515.2
14,2515.4
21,2515.7
29,2516.4
13,2516.4
22,2516.9
9,2516.9
5,2517.2
4,2517.3
28,2517.4
3,2517.8
11,2517.9
15,2518.7
23,2518.9
6,2518.9
12,2519.3
30,2519.6
13,2519.8
5,2520.7
2,2521.0
29,2521.0
17,2521.7
8,2521.8
14,2521.8
20,2521.9
22,2521.9
4,2522.4
13,2523.3
30,2523.5
3,2523.6
28,2523.7
10,2524.1
1,2524.3
5,2524.4
11,2524.5
18,2524.6
21,2524.6
9,2525.1
22,2525.4
29,2525.9
4,2526.1
14,2526.2
23,2526.4
2,2526.6
13,2526.8
15,2526.9
25,2527.4
30,2527.7
19,2528.0
6,2528.0
20,2528.2
26,2528.4
18,2528.8
12,2528.8
22,2529.0
5,2529.1
21,2529.2
3,2529.8
16,2530.0
4,2530.2
10,2530.5
17,2530.6
1,2530.7
11,2530.8
2,2530.9
29,2530.9
13,2531.9
14,2531.9
28,2532.0
30,2533.6
5,2533.6
21,2533.6
27,2533.8
22,2534.0
6,2534.0
18,2534.2
20,2534.5
10,2535.3
4,2535.4
19,2535.7
2,2535.8
3,2536.0
25,2536.1
1,2536.4
29,2536.8
0,2537.2
11,2538.0
5,2538.1
26,2538.4
10,2538.5
2,2538.8
21,2539.2
18,2539.2
9,2539.2
8,2539.5
6,2539.7
20,2539.8
13,2540.6
19,2540.6
12,2541.0
4,2541.7
10,2541.7
14,2541.9
2,2542.4
0,2542.5
22,2542.8
27,2542.8
3,2542.8
29,2542.9
11,2542.9
5,2543.0
30,2543.2
1,2543.2
21,2543.6
10,2545.2
20,2545.6
18,2546.4
2,2546.4
12,2547.2
8,2547.6
9,2547.9
22,2548.6
11,2549.0
19,2549.6
24,2549.7
16,2549.8
30,2549.8
2,2549.9
6,2549.9
0,2549.9
21,2550.1
5,2550.1
10,2550.3
4,2550.9
20,2551.2
12,2552.3
13,2552.3
8,2552.4
14,2553.1
26,2553.2
29,2553.3
2,2553.5
22,2553.7
15,2554.3
30,2554.5
28,2554.6
11,2555.1
5,2555.7
23,2556.3
9,2556.8
12,2556.9
24,2557.0
4,2557.0
16,2557.1
3,2557.5
13,2557.8
6,2557.9
10,2558.3
1,2558.8
2,2558.9
14,2559.3
30,2559.4
8,2559.5
22,2559.6
5,2559.8
15,2560.4
11,2560.7
28,2560.7
20,2561.6
12,2562.6
21,2563.2
13,2563.6
23,2563.8
4,2564.3
14,2564.5
30,2564.7
5,2565.1
2,2565.8
6,2567.0
11,2567.0
12,2567.1
8,2567.2
22,2567.3
15,2567.6
24,2567.6
18,2567.6
28,2567.9
16,2568.0
10,2569.5
21,2569.5
14,2569.6
29,2569.7
30,2570.0
13,2570.5
20,2570.8
4,2570.8
5,2571.3
12,2571.4
26,2572.0
11,2572.1
2,2572.5
0,2573.0
21,2573.9
29,2576.3
12,2577.5
8,2577.6
14,2577.9
15,2578.2
4,2578.8
10,2578.9
20,2579.0
30,2579.1
11,2579.7
21,2580.5
16,2582.6
26,2582.9
24,2583.0
5,2583.1
22,2583.4
28,2583.6
29,2584.9
2,2585.1
8,2586.0
21,2586.5
4,2586.5
13,2586.7
20,2586.9
11,2587.6
26,2588.2
14,2588.8
12,2588.8
16,2589.0
29,2589.7
4,2590.8
21,2590.8
1,2591.2
20,2591.4
8,2591.6
28,2591.7
5,2592.4
11,2592.6
13,2592.8
30,2593.8
14,2594.4
29,2594.6
16,2594.7
22,2594.7
26,2595.4
21,2595.9
4,2596.1
20,2596.5
8,2598.6
11,2599.4
1,2599.6
30,2599.9
22,2600.5
13,2602.1
5,2602.1
29,2602.4
14,2602.5
12,2603.1
28,2603.3
23,2603.6
16,2603.9
6,2604.1
4,2604.2
31,2604.3
22,2604.7
21,2605.2
20,2605.4
30,2605.5
6,2608.8
10,2608.8
12,2609.3
31,2609.5
4,2609.6
22,2609.7
23,2609.7
14,2610.0
11,2610.1
2,2610.2
0,2610.6
29,2610.6
30,2610.8
19,2612.0
18,2612.2
5,2612.8
10,2613.4
8,2614.3
22,2615.2
6,2615.4
12,2615.5
31,2615.6
14,2616.3
0,2616.3
23,2616.4
30,2616.9
11,2617.6
10,2618.0
29,2618.1
2,2618.2
4,2618.6
5,2619.1
19,2619.3
22,2620.0
30,2620.0
12,2620.6
21,2620.7
18,2621.4
31,2621.4
3,2621.8
6,2622.1
14,2622.6
10,2622.8
30,2622.9
11,2622.9
0,2623.1
29,2623.6
22,2624.1
5,2624.1
15,2624.5
2,2624.9
13,2625.1
23,2625.2
12,2625.2
4,2625.6
30,2625.9
9,2626.6
6,2627.0
31,2627.6
19,2627.7
3,2627.8
29,2627.9
18,2628.0
25,2628.2
2,2628.6
14,2629.1
30,2629.3
11,2629.5
22,2629.7
10,2630.1
5,2630.6
13,2630.6
21,2631.4
15,2632.4
12,2632.5
2,2632.5
29,2633.1
9,2633.4
30,2633.8
18,2634.0
28,2634.1
19,2634.6
20,2634.7
8,2634.8
4,2635.1
6,2635.1
25,2635.4
2,2635.9
14,2636.2
22,2636.2
16,2636.3
5,2636.8
13,2636.9
3,2636.9
26,2637.6
11,2638.0
9,2638.1
30,2638.3
24,2638.5
8,2639.5
23,2639.6
21,2639.7
2,2640.1
29,2640.4
31,2640.6
22,2640.7
0,2641.0
18,2641.2
12,2641.6
20,2641.7
14,2641.8
16,2642.1
30,2642.7
28,2642.8
9,2642.8
5,2642.8
8,2643.8
10,2644.2
15,2644.3
19,2644.4
13,2645.0
2,2645.0
11,2645.6
26,2645.7
22,2646.4
6,2646.8
21,2646.8
14,2646.8
12,2647.0
24,2647.1
3,2647.5
1,2647.5
18,2647.6
5,2647.8
10,2647.8
30,2648.2
0,2648.6
29,2648.8
27,2648.9
25,2649.0
9,2649.2
16,2649.8
19,2650.0
8,2650.0
2,2650.2
10,2651.4
20,2652.4
1,2652.6
12,2652.8
6,2653.0
5,2653.3
31,2653.6
0,2653.6
3,2654.1
21,2654.1
9,2654.1
2,2654.4
14,2655.1
18,2655.4
8,2655.7
10,2655.8
17,2656.1
30,2656.2
4,2656.6
13,2656.7
11,2656.9
15,2656.9
22,2657.3
1,2657.3
5,2658.1
0,2658.4
19,2658.9
2,2658.9
28,2658.9
9,2659.0
27,2659.2
14,2660.9
10,2660.9
11,2661.2
12,2661.5
30,2661.9
23,2661.9
6,2662.1
13,2662.2
5,2662.3
4,2662.3
8,2662.7
0,2663.6
2,2663.6
1,2664.1
15,2664.2
21,2664.9
29,2665.4
22,2666.0
14,2666.1
30,2666.2
12,2666.3
9,2666.9
11,2666.9
10,2667.9
7,2668.1
5,2668.1
31,2668.2
16,2668.2
24,2668.7
3,2668.8
20,2669.7
30,2670.1
21,2670.1
2,2670.1
8,2670.2
28,2670.4
29,2670.6
1,2670.7
22,2670.8
12,2670.8
0,2670.9
11,2671.0
17,2671.1
13,2671.8
4,2672.5
5,2672.9
14,2673.0
2,2674.7
10,2674.7
16,2674.9
21,2674.9
30,2675.3
18,2675.4
11,2675.7
23,2675.7
1,2675.9
20,2676.0
19,2676.4
25,2676.5
5,2676.8
6,2676.9
8,2677.1
22,2677.5
12,2677.8
3,2677.9
29,2677.9
7,2678.2
2,2678.4
27,2679.2
30,2680.1
5,2680.6
1,2681.2
18,2681.4
11,2681.4
10,2681.6
0,2681.7
16,2682.4
20,2682.7
21,2682.7
2,2682.8
3,2683.5
5,2683.7
29,2684.1
6,2684.4
19,2684.5
8,2684.7
25,2684.8
30,2685.3
1,2685.9
9,2687.9
2,2687.9
5,2687.9
15,2688.2
10,2688.9
27,2689.1
14,2689.2
3,2689.9
11,2689.9
31,2691.8
22,2691.8
6,2692.9
29,2693.0
30,2693.4
1,2693.7
20,2693.8
5,2693.9
18,2694.0
12,2694.1
16,2694.5
2,2694.9
10,2696.0
23,2696.1
6,2696.7
3,2696.9
19,2697.0
0,2697.7
4,2697.9
25,2697.9
18,2698.4
30,2698.7
2,2699.1
22,2699.2
27,2699.4
31,2699.5
5,2699.9
6,2700.4
21,2700.4
10,2700.5
8,2700.5
1,2701.0
13,2701.2
19,2701.2
14,2701.4
29,2701.9
4,2702.1
12,2702.2
18,2702.4
28,2702.5
23,2703.4
2,2703.6
30,2704.4
21,2704.7
11,2704.8
25,2704.8
0,2704.9
4,2705.1
13,2705.4
19,2705.5
10,2705.5
14,2705.6
6,2705.6
29,2705.8
20,2705.9
5,2706.2
12,2707.1
18,2707.3
15,2707.5
26,2707.7
21,2707.7
2,2708.0
28,2708.4
22,2708.5
4,2708.6
30,2708.6
7,2708.8
13,2709.2
8,2709.4
31,2709.4
3,2709.6
29,2709.6
16,2709.7
24,2709.9
11,2710.2
14,2710.5
21,2710.8
12,2710.9
5,2711.8
4,2712.0
19,2712.2
2,2712.4
17,2712.6
20,2712.7
10,2712.9
30,2712.9
13,2713.2
29,2713.3
21,2714.2
22,2714.3
18,2714.4
6,2714.6
11,2715.0
5,2715.0
12,2715.1
25,2715.4
8,2715.4
16,2715.5
3,2715.6
27,2715.8
15,2716.2
2,2716.2
1,2716.3
0,2716.3
4,2716.5
28,2716.6
29,2717.0
30,2717.1
20,2717.2
26,2717.5
14,2717.6
24,2717.7
7,2717.8
5,2718.0
13,2718.0
21,2718.3
19,2718.7
3,2719.2
11,2719.5
2,2719.8
29,2720.1
10,2720.3
27,2720.6
1,2720.7
18,2720.9
5,2720.9
6,2721.0
22,2721.1
16,2721.2
8,2721.3
20,2721.7
12,2721.7
30,2721.8
13,2721.9
9,2722.0
4,2722.3
17,2722.5
2,2722.8
25,2723.0
3,2723.1
29,2723.8
21,2724.1
5,2724.7
11,2725.3
13,2725.7
19,2725.8
20,2726.0
2,2726.0
1,2726.6
9,2726.7
8,2727.0
27,2727.5
3,2727.6
22,2727.7
10,2727.9
29,2727.9
6,2728.0
18,2728.7
5,2728.7
30,2728.7
12,2729.2
2,2729.3
16,2729.9
21,2730.7
20,2731.0
13,2731.4
9,2731.7
11,2732.0
4,2732.2
2,2732.3
10,2732.3
3,2733.0
0,2733.1
5,2733.1
8,2733.2
1,2733.5
29,2733.9
17,2734.0
14,2734.4
12,2734.7
25,2734.7
6,2735.7
2,2736.4
27,2736.6
21,2737.0
10,2737.4
20,2737.5
5,2737.6
30,2738.0
11,2738.8
3,2739.2
22,2739.6
29,2739.7
9,2739.8
12,2740.7
2,2740.7
13,2741.2
8,2741.3
26,2741.4
24,2741.8
19,2742.3
5,2742.4
0,2742.4
21,2742.6
16,2743.0
10,2743.0
11,2743.1
4,2743.3
20,2743.9
29,2744.5
2,2744.7
12,2745.6
30,2745.7
3,2746.8
5,2747.1
8,2747.2
18,2747.6
21,2747.7
2,2747.8
1,2747.9
25,2748.5
11,2748.5
24,2748.7
29,2748.9
16,2749.8
20,2750.1
19,2750.4
4,2750.8
2,2751.2
12,2751.3
10,2751.5
26,2751.5
5,2752.1
8,2752.5
14,2753.2
7,2753.2
18,2753.4
11,2753.4
29,2753.5
30,2753.9
22,2754.3
31,2754.6
1,2755.0
16,2755.2
20,2755.2
2,2755.6
0,2755.6
25,2756.1
21,2756.2
8,2756.3
9,2756.5
23,2756.9
15,2757.2
12,2757.7
11,2757.7
5,2758.0
14,2758.1
19,2758.4
26,2759.0
17,2759.2
10,2759.5
18,2759.7
3,2759.7
0,2760.0
1,2760.0
30,2760.1
8,2760.3
2,2760.3
16,2760.4
29,2760.4
13,2761.2
4,2761.4
14,2761.5
11,2761.9
9,2762.0
20,2762.0
15,2762.6
5,2763.0
22,2763.6
31,2763.7
19,2763.7
24,2764.0
6,2764.0
30,2764.3
12,2764.4
28,2764.5
8,2764.5
0,2764.6
14,2764.8
26,2765.0
11,2765.0
29,2765.1
1,2765.2
10,2765.3
21,2765.3
4,2765.6
16,2765.6
2,2766.2
18,2766.4
20,2766.4
13,2766.9
5,2767.3
15,2767.9
23,2768.5
11,2768.7
30,2769.0
14,2769.4
29,2770.0
8,2770.2
17,2770.2
9,2770.3
4,2770.4
22,2771.0
21,2771.2
20,2771.7
0,2771.9
26,2772.2
1,2772.3
19,2773.0
11,2773.2
30,2773.6
16,2773.7
5,2773.9
2,2774.1
10,2774.3
29,2775.3
4,2775.8
14,2776.0
13,2776.0
22,2776.2
21,2776.7
28,2777.1
11,2777.6
12,2777.7
20,2778.1
15,2778.5
0,2779.0
30,2779.6
5,2779.9
8,2780.0
4,2780.1
29,2780.2
14,2780.4
13,2780.6
18,2781.1
2,2781.2
10,2781.2
28,2781.8
21,2782.0
1,2782.6
11,2782.7
3,2784.1
26,2784.2
14,2784.4
4,2784.4
5,2784.8
22,2785.2
10,2785.8
13,2786.3
0,2786.6
29,2786.8
21,2787.0
11,2787.6
1,2787.9
18,2788.2
31,2788.2
20,2788.3
2,2788.4
28,2788.5
16,2788.6
5,2788.9
14,2789.1
30,2789.6
4,2789.8
8,2790.0
6,2791.1
23,2791.4
12,2791.6
22,2792.1
10,2792.2
13,2793.4
21,2793.7
11,2793.9
5,2794.2
1,2794.4
9,2794.9
20,2796.0
16,2796.0
8,2796.5
14,2796.8
18,2797.3
0,2797.4
3,2797.5
10,2797.7
19,2797.8
26,2798.4
28,2798.8
23,2798.9
22,2799.1
4,2799.4
6,2799.8
12,2800.0
29,2800.2
11,2800.5
5,2800.7
16,2801.6
1,2801.8
2,2801.8
8,2802.4
10,2803.0
0,2803.8
20,2804.2
18,2804.3
19,2804.5
21,2805.6
26,2806.0
9,2806.0
11,2806.1
12,2806.3
2,2806.5
22,2806.7
29,2806.8
23,2807.0
1,2807.6
17,2807.6
8,2807.6
5,2807.6
30,2807.7
0,2808.1
7,2808.3
6,2808.4
4,2808.4
13,2808.5
10,2808.5
21,2809.2
9,2810.0
29,2810.0
20,2810.2
2,2810.3
16,2811.1
11,2811.2
12,2811.3
3,2811.6
0,2812.3
21,2812.4
26,2813.2
29,2813.3
19,2813.5
18,2813.8
10,2813.8
8,2814.0
1,2814.1
13,2814.3
9,2814.5
14,2814.7
2,2814.9
30,2816.0
7,2816.7
21,2816.7
4,2816.8
12,2817.1
29,2817.6
0,2818.1
17,2818.8
10,2819.0
20,2819.1
26,2819.7
11,2819.7
5,2819.8
16,2820.0
22,2820.1
9,2820.2
2,2820.3
13,2820.8
12,2821.1
8,2821.1
29,2821.1
21,2821.2
3,2821.2
23,2822.2
14,2822.4
31,2823.9
19,2825.2
0,2825.5
9,2825.6
1,2825.6
10,2826.1
2,2826.1
29,2826.1
12,2826.5
8,2827.7
21,2828.2
17,2829.2
18,2829.4
22,2830.0
13,2830.0
14,2830.1
9,2830.6
2,2831.1
20,2831.5
29,2831.7
12,2832.3
8,2832.6
31,2832.7
26,2833.1
23,2833.2
0,2833.6
5,2833.7
16,2834.4
1,2835.5
28,2835.5
9,2835.9
2,2836.5
8,2837.5
30,2837.7
13,2838.3
14,2838.9
20,2839.5
17,2839.7
0,2839.8
5,2840.0
9,2840.1
10,2840.6
29,2840.8
4,2840.9
11,2841.0
2,2841.3
26,2841.5
28,2841.9
8,2842.0
21,2842.6
13,2842.9
15,2843.0
16,2843.1
12,2843.9
22,2843.9
1,2844.1
14,2844.4
5,2844.6
30,2845.0
4,2845.6
11,2846.2
20,2846.3
3,2846.5
9,2846.5
8,2846.9
18,2847.4
10,2847.7
13,2847.9
14,2848.4
1,2848.4
28,2848.6
2,2848.7
5,2849.1
16,2849.4
4,2850.1
11,2851.2
15,2851.7
20,2851.7
8,2852.6
0,2852.7
30,2853.0
1,2853.2
14,2853.5
5,2854.5
10,2854.9
29,2855.1
21,2855.2
12,2855.4
18,2855.8
4,2856.0
3,2856.2
13,2856.5
7,2856.5
16,2857.3
1,2858.5
14,2858.8
11,2859.2
30,2860.0
20,2860.3
9,2860.6
21,2861.0
12,2861.3
29,2861.6
8,2861.8
2,2861.9
26,2862.7
10,2863.0
5,2864.5
4,2864.9
7,2865.3
20,2866.8
28,2867.8
1,2867.8
14,2867.9
18,2867.9
9,2868.6
30,2869.2
3,2869.4
29,2869.5
21,2870.0
2,2870.3
5,2870.9
8,2871.0
12,2871.1
11,2872.0
4,2872.4
20,2872.6
29,2873.0
14,2873.4
22,2874.3
26,2874.3
30,2874.3
31,2874.4
13,2874.7
5,2875.0
21,2875.4
15,2876.4
23,2876.6
4,2876.9
29,2876.9
3,2877.4
11,2877.6
14,2878.3
30,2878.9
28,2878.9
5,2879.7
20,2879.8
12,2879.8
13,2880.5
22,2880.8
29,2881.5
4,2882.1
30,2882.9
14,2883.1
31,2883.3
21,2884.2
11,2884.5
15,2884.9
10,2885.3
22,2885.5
5,2885.6
2,2886.2
14,2886.3
30,2886.6
13,2886.7
29,2887.0
4,2887.0
28,2887.5
11,2888.0
0,2888.4
14,2889.4
15,2890.3
21,2890.4
30,2890.4
5,2890.7
13,2890.7
23,2890.8
4,2890.9
12,2891.8
11,2892.2
29,2892.3
14,2892.5
22,2892.6
28,2893.1
30,2894.1
2,2894.2
10,2894.7
11,2896.5
4,2896.6
13,2896.7
5,2896.7
14,2896.9
15,2897.1
0,2897.3
8,2898.2
2,2898.8
30,2899.0
12,2899.4
21,2899.4
22,2899.5
16,2900.2
24,2900.3
29,2900.5
20,2901.2
11,2901.2
14,2901.7
4,2902.5
13,2903.2
2,2903.5
30,2904.3
26,2904.4
15,2904.5
8,2904.7
22,2904.8
21,2905.0
12,2905.4
28,2905.4
17,2905.5
11,2906.0
29,2906.0
5,2908.0
14,2908.1
20,2908.2
10,2908.6
4,2908.8
13,2908.9
24,2909.0
16,2909.6
2,2910.2
22,2910.3
29,2910.7
21,2910.7
3,2911.5
11,2911.9
1,2912.9
6,2913.1
9,2913.1
30,2913.2
13,2913.6
5,2914.3
2,2914.6
26,2914.6
27,2914.8
29,2915.0
17,2915.5
8,2915.9
10,2916.2
12,2916.9
3,2917.2
14,2917.4
4,2917.5
20,2917.6
9,2918.1
22,2918.2
24,2918.2
16,2918.3
1,2918.6
2,2918.8
29,2919.2
13,2919.2
11,2919.3
5,2919.5
6,2919.7
21,2920.4
31,2920.8
10,2921.2
8,2921.5
14,2921.7
3,2922.1
18,2922.5
1,2922.6
23,2923.2
16,2923.4
20,2923.8
4,2924.0
9,2924.4
5,2925.0
29,2925.2
2,2925.2
11,2925.2
14,2925.8
12,2926.1
27,2926.2
24,2926.2
8,2926.4
10,2926.4
1,2926.8
22,2926.9
3,2928.8
16,2929.3
13,2929.4
31,2929.8
2,2930.1
18,2930.1
14,2930.8
11,2931.1
6,2931.2
5,2931.6
10,2931.9
20,2931.9
29,2932.2
25,2932.2
19,2932.5
0,2933.2
4,2933.4
1,2933.4
2,2934.0
9,2934.4
8,2934.7
18,2935.4
30,2936.9
12,2937.3
5,2937.6
11,2937.8
22,2938.3
2,2938.3
3,2938.4
23,2938.6
10,2939.1
29,2939.2
14,2939.6
25,2940.0
19,2940.3
18,2941.1
5,2942.1
2,2942.2
0,2942.2
16,2942.4
30,2943.5
20,2944.3
11,2944.4
8,2944.9
9,2945.0
29,2945.5
10,2945.7
2,2945.9
19,2945.9
3,2946.0
18,2946.0
1,2946.2
5,2946.8
25,2947.5
0,2948.6
20,2949.4
16,2949.8
2,2950.0
18,2950.4
19,2950.4
11,2950.5
10,2950.6
8,2950.9
9,2951.4
5,2952.0
29,2952.3
13,2952.3
2,2953.2
1,2953.5
30,2953.6
3,2953.6
20,2953.8
0,2954.4
11,2955.3
5,2955.9
10,2956.2
9,2956.3
27,2956.4
29,2956.6
2,2956.8
8,2957.3
3,2957.6
18,2957.6
19,2957.8
13,2958.2
16,2958.3
5,2959.9
20,2960.5
30,2960.7
2,2961.9
29,2962.0
25,2963.1
3,2963.1
11,2963.4
9,2963.8
27,2963.8
0,2964.8
21,2965.2
14,2965.4
5,2965.8
10,2966.5
13,2968.1
1,2968.9
4,2969.9
2,2969.9
30,2970.0
8,2970.5
29,2970.5
5,2970.8
11,2971.0
15,2971.1
28,2972.5
14,2972.7
3,2972.8
20,2973.3
9,2973.6
21,2973.7
13,2974.0
2,2975.8
4,2976.0
30,2976.3
5,2976.4
11,2978.3
8,2979.2
22,2979.4
18,2979.5
15,2979.7
9,2980.1
23,2980.5
14,2980.8
6,2980.8
12,2980.8
0,2980.9
2,2981.6
13,2981.7
1,2982.0
30,2983.3
21,2983.3
20,2983.5
17,2983.8
11,2985.1
9,2985.2
8,2985.5
5,2985.8
22,2986.3
14,2986.7
0,2986.8
15,2986.8
4,2987.1
2,2987.5
30,2988.3
28,2988.4
23,2988.5
1,2988.8
12,2990.1
22,2991.2
6,2991.3
10,2992.0
11,2992.1
30,2992.3
14,2992.4
9,2992.6
0,2992.9
19,2993.0
18,2993.6
15,2994.2
8,2995.6
13,2996.1
5,2996.6
30,2996.6
10,2997.0
2,2997.1
4,2997.2
14,2997.3
29,2998.0
22,2998.0
11,2998.2
1,2998.4
17,2998.8
3,2999.6
6,2999.7
0,2999.8
19,2999.9
