36,25.0
128,47.2
252,53.0
315,54.0
31,66.3
286,71.3
216,89.7
298,91.3
211,93.2
316,93.6
90,96.9
326,98.2
266,98.7
25,99.6
213,99.6
114,99.6
199,99.8
356,99.8
4,99.8
144,99.9
207,100.2
113,101.2
377,101.4
374,102.1
84,103.9
260,104.3
367,104.9
112,104.9
208,105.1
161,105.5
131,105.8
111,105.9
300,106.0
77,106.1
152,106.9
305,107.7
243,108.1
110,108.5
375,108.5
62,109.5
83,109.6
82,110.6
123,110.6
297,110.8
339,111.5
346,112.4
160,119.2
46,127.2
130,146.3
259,149.7
29,150.4
376,155.7
297,158.8
131,165.0
148,166.0
339,166.4
281,170.5
90,172.8
103,173.6
165,176.8
326,177.4
266,177.7
114,178.8
4,178.8
213,178.8
25,178.9
356,179.1
207,179.4
65,180.2
113,180.2
377,180.4
348,180.9
353,181.2
374,181.3
258,181.5
84,182.7
260,183.4
363,183.4
367,183.8
112,184.0
208,184.1
161,184.6
274,184.6
98,184.8
77,185.1
111,185.3
300,185.3
123,185.8
152,186.0
267,186.0
366,186.2
305,187.0
253,187.0
160,187.1
316,187.2
243,187.4
375,187.4
110,188.5
322,189.2
217,189.4
230,190.1
287,195.4
298,196.5
88,197.4
378,199.3
115,200.0
12,201.3
212,202.7
192,206.3
340,210.1
139,214.1
51,214.9
191,215.0
165,217.9
330,219.2
127,219.5
242,221.6
102,224.0
244,224.8
1,226.0
32,227.5
42,227.9
294,229.3
303,232.2
268,232.3
279,233.1
173,233.6
253,234.0
137,235.2
297,237.4
41,237.5
338,238.6
354,242.3
31,248.9
121,251.9
90,255.3
73,255.7
326,257.5
266,257.8
4,258.7
213,258.9
114,258.9
25,259.0
356,259.1
207,259.6
113,260.2
377,260.4
374,261.3
131,261.8
170,263.1
84,263.2
339,263.3
260,263.7
367,263.9
112,264.3
66,264.5
208,265.2
161,265.4
77,265.5
300,265.6
103,266.4
111,266.6
82,266.8
152,267.3
346,267.5
375,267.7
305,267.8
243,269.4
353,270.1
289,270.5
342,271.0
171,271.1
214,276.6
60,279.9
99,281.0
50,282.4
120,284.8
193,291.2
257,292.0
84,292.1
124,296.5
288,300.0
33,300.7
319,309.1
163,310.0
221,312.3
5,313.6
249,316.4
144,316.5
185,319.2
53,325.2
292,326.7
327,327.4
36,328.1
267,329.7
16,329.9
70,330.2
316,330.5
79,331.0
203,336.5
59,336.7
97,336.8
277,337.3
375,338.0
261,338.2
281,340.2
254,340.6
61,340.8
40,345.9
151,347.4
94,347.5
124,347.7
55,351.4
4,356.4
263,357.6
187,359.0
96,361.0
255,366.1
366,369.3
161,371.7
72,372.3
62,374.3
351,375.1
206,375.6
289,380.2
172,383.2
204,385.0
242,387.2
164,388.0
299,388.4
122,390.2
157,390.4
107,391.1
222,392.2
332,397.8
240,399.1
53,400.3
378,402.4
65,404.2
14,405.0
118,405.7
15,406.1
361,415.5
153,417.2
148,424.5
101,425.3
202,426.7
364,427.6
226,428.6
91,428.8
245,429.5
295,432.2
372,434.5
342,444.8
213,445.6
311,445.6
120,448.3
218,449.3
244,450.5
184,455.4
366,456.1
352,459.5
92,460.1
343,465.8
270,469.2
212,470.1
346,470.1
275,470.3
19,471.8
13,472.3
40,472.7
195,473.4
76,475.3
58,475.9
126,476.0
165,476.6
175,477.1
135,477.8
216,477.9
68,480.2
151,481.5
149,481.9
0,483.2
16,484.8
185,487.1
183,490.6
15,491.3
247,494.6
174,497.7
121,499.0
63,504.4
370,507.6
82,508.2
369,508.9
173,509.6
324,509.9
16,512.1
249,513.6
166,515.1
93,515.2
36,515.6
102,517.9
38,519.5
14,520.3
24,521.3
238,522.3
108,529.6
202,529.8
146,530.8
96,533.8
293,534.9
8,536.2
123,537.6
86,539.7
52,542.7
117,543.4
105,546.5
167,546.9
130,549.9
220,550.8
56,551.2
261,552.5
45,556.0
11,556.4
228,560.1
354,560.1
184,563.2
22,568.2
182,572.9
290,573.1
43,576.5
368,579.1
12,581.3
96,583.9
37,587.7
191,590.5
211,592.5
137,592.7
291,592.9
328,595.5
155,600.5
371,602.3
249,603.9
326,605.8
356,607.1
40,610.0
150,615.7
333,617.1
301,617.6
142,618.4
199,619.8
23,620.5
6,622.4
123,624.3
111,633.8
312,638.2
315,639.9
90,641.6
139,641.6
326,642.3
266,643.3
4,643.8
356,643.8
213,643.9
25,644.3
114,644.3
207,644.5
157,644.8
377,645.8
113,645.8
374,646.2
247,646.6
319,647.9
367,648.2
84,648.3
168,648.4
260,648.6
82,648.8
112,648.8
131,649.7
77,650.0
161,650.1
208,650.1
243,650.2
70,650.2
300,650.3
282,650.6
339,650.6
152,651.5
375,651.6
346,651.7
274,651.9
305,652.1
366,652.1
345,652.6
110,652.9
299,656.1
304,657.6
280,658.9
4,663.8
187,664.7
133,664.9
266,667.9
7,668.9
170,670.1
334,674.0
309,674.1
28,681.5
60,684.4
276,685.5
215,686.9
324,688.0
335,695.3
192,700.2
122,700.3
59,700.5
365,702.9
71,703.3
181,703.7
107,703.8
88,708.7
194,709.0
216,712.5
57,715.1
343,720.1
317,720.8
90,721.0
326,722.0
266,722.1
207,723.0
4,723.0
356,723.2
114,723.7
213,723.8
25,723.9
377,725.0
113,725.2
374,725.8
367,725.9
243,726.2
111,726.5
269,727.4
260,728.3
84,728.3
112,728.4
131,729.6
300,729.8
208,730.0
77,730.1
161,730.7
123,730.9
170,731.0
375,731.2
152,731.2
217,731.3
305,731.3
267,731.4
33,732.1
82,732.3
349,732.4
346,732.6
358,732.7
274,733.0
373,733.5
339,733.5
253,733.7
353,735.9
15,739.0
206,744.2
361,744.8
176,745.2
27,746.2
359,747.1
296,747.5
302,750.4
285,751.7
338,752.6
248,754.6
308,757.8
86,759.2
34,760.0
132,760.5
303,762.2
151,762.7
305,765.5
125,766.5
25,766.7
295,767.3
311,767.9
265,773.5
211,775.5
244,775.7
55,776.4
178,776.5
121,777.8
374,778.5
197,778.6
355,780.8
47,784.8
246,786.8
252,789.7
200,790.9
359,791.2
273,793.1
330,794.6
349,794.7
83,799.9
350,800.2
90,801.0
39,801.2
141,801.5
320,801.9
326,802.3
266,802.4
4,803.2
25,803.5
114,803.8
213,803.9
356,804.0
207,804.1
251,804.2
377,805.0
113,805.3
367,807.4
85,807.5
158,807.6
84,808.4
112,808.7
260,809.0
116,809.1
140,809.4
111,809.5
305,809.7
131,809.7
77,809.8
119,810.5
374,810.7
243,810.8
338,810.9
300,811.0
375,811.4
161,811.7
171,812.0
208,812.2
274,813.8
339,815.3
56,816.7
21,816.9
351,819.4
147,820.6
67,821.5
285,822.1
229,824.0
191,828.1
301,831.9
170,833.2
30,833.4
329,834.6
108,838.6
75,839.6
241,841.4
126,843.1
128,844.4
19,849.9
91,854.6
120,855.3
323,857.4
357,858.1
341,859.2
114,860.2
258,861.0
290,866.8
182,870.5
2,872.0
34,873.1
167,874.2
272,874.8
283,876.2
316,879.7
90,881.0
326,882.4
266,882.6
65,883.2
4,883.4
25,883.4
213,884.0
356,884.1
207,884.4
105,884.5
374,884.8
113,885.2
377,885.2
303,885.7
51,886.7
371,887.5
114,887.7
367,887.9
84,888.5
200,888.8
112,889.0
260,889.0
15,889.0
111,889.5
152,889.6
131,889.7
77,890.6
305,890.9
300,891.4
208,891.7
170,891.7
243,892.0
375,892.2
346,893.2
110,893.6
161,893.7
350,893.8
33,894.1
76,894.1
373,895.9
224,896.7
183,901.5
116,903.2
276,903.5
374,906.2
96,907.5
275,909.4
210,916.0
63,916.5
378,917.1
360,917.7
130,918.4
272,921.6
195,922.7
97,923.5
144,924.7
340,927.4
334,928.0
138,928.6
289,929.7
291,931.7
100,931.9
190,932.2
213,933.8
177,934.2
87,934.5
98,934.8
108,935.2
13,940.7
192,941.2
102,941.7
147,942.7
58,944.3
309,944.7
214,945.5
126,947.1
225,949.1
304,949.5
326,949.9
180,952.2
256,952.3
364,955.6
168,956.2
54,958.3
49,961.1
153,961.7
201,962.5
196,962.9
123,963.2
135,965.5
278,965.7
115,967.8
112,970.9
48,971.3
79,972.7
313,977.7
366,978.4
217,978.7
69,980.7
342,983.9
253,985.1
51,988.3
344,990.4
266,992.5
137,997.6
181,1000.7
351,1001.5
297,1001.8
262,1002.6
3,1011.2
149,1011.6
114,1015.5
18,1016.2
234,1017.4
27,1018.9
186,1020.2
260,1021.1
341,1021.3
173,1025.6
306,1026.7
155,1027.8
91,1031.2
340,1034.1
140,1036.2
42,1039.0
125,1045.5
244,1051.4
99,1052.8
267,1061.2
331,1063.1
235,1067.2
296,1073.8
307,1074.4
113,1075.8
291,1077.3
2,1078.1
303,1081.3
20,1081.5
281,1083.4
198,1085.5
337,1089.0
1,1089.3
216,1091.2
203,1092.3
339,1093.3
318,1093.8
38,1094.4
284,1096.0
78,1098.2
300,1099.3
132,1100.0
381,1100.9
210,1100.9
258,1102.7
227,1104.7
57,1107.0
336,1107.3
286,1107.9
212,1109.2
383,1109.3
47,1111.3
176,1113.3
120,1114.9
352,1118.7
268,1119.9
97,1120.7
217,1121.4
21,1123.4
230,1124.0
293,1126.7
310,1126.9
295,1127.0
73,1127.3
175,1127.5
319,1128.1
160,1128.5
347,1130.1
169,1132.8
87,1133.6
383,1134.0
70,1134.6
263,1139.3
4,1139.9
298,1140.5
321,1140.8
64,1141.6
311,1142.4
328,1142.7
218,1146.5
325,1151.9
315,1151.9
157,1153.1
8,1154.1
229,1154.9
239,1156.6
290,1158.9
291,1159.9
252,1160.2
121,1160.9
13,1162.3
322,1164.0
186,1164.9
376,1170.0
148,1170.2
145,1170.6
118,1170.9
236,1173.2
287,1176.7
5,1178.6
264,1179.3
14,1181.6
368,1184.8
273,1187.0
356,1189.6
189,1192.7
85,1192.9
155,1194.0
215,1195.7
254,1196.0
93,1196.8
145,1198.4
159,1199.4
76,1204.5
329,1206.0
181,1210.9
193,1212.1
106,1215.6
280,1216.3
88,1217.5
365,1217.8
199,1222.6
2,1224.6
179,1225.3
262,1225.7
362,1226.4
59,1227.2
52,1229.1
202,1233.3
313,1233.6
44,1237.4
350,1238.1
234,1238.4
159,1247.9
39,1248.0
105,1248.9
17,1250.1
148,1252.0
90,1252.1
18,1254.6
107,1254.7
172,1257.0
295,1257.1
265,1261.6
323,1263.3
103,1263.4
98,1265.2
106,1265.7
345,1266.6
188,1267.9
326,1267.9
266,1268.2
356,1268.4
4,1269.0
213,1269.3
25,1269.3
164,1269.3
114,1269.4
207,1270.1
335,1270.3
113,1270.5
293,1270.6
377,1270.6
374,1271.1
135,1271.9
28,1272.1
260,1273.1
367,1273.5
112,1273.6
300,1273.7
84,1273.8
77,1275.4
339,1275.6
182,1275.9
131,1275.9
208,1276.1
248,1276.3
375,1276.3
178,1276.4
149,1276.4
305,1276.7
274,1276.8
267,1277.1
161,1277.3
30,1277.9
191,1277.9
346,1278.1
152,1278.3
22,1278.9
243,1279.4
250,1287.0
333,1288.5
337,1292.5
228,1294.2
362,1296.6
33,1297.7
285,1298.9
109,1300.9
363,1306.5
139,1306.9
371,1310.4
267,1311.5
375,1313.9
126,1316.1
219,1318.2
161,1318.8
123,1321.1
226,1322.9
25,1336.0
276,1337.0
266,1338.5
259,1339.0
90,1345.1
45,1346.4
326,1347.7
207,1348.2
4,1348.3
356,1348.5
114,1348.8
213,1348.9
377,1349.9
113,1350.0
374,1351.0
367,1353.3
112,1353.3
111,1353.5
260,1353.6
33,1353.7
84,1353.8
375,1353.9
17,1354.2
300,1354.4
77,1354.9
103,1354.9
208,1355.1
131,1355.2
267,1355.4
358,1355.6
339,1355.8
250,1356.0
198,1356.0
161,1356.3
350,1356.5
82,1356.6
152,1356.7
110,1356.7
297,1356.8
243,1357.0
305,1357.2
373,1357.7
346,1358.2
274,1358.2
348,1359.0
253,1359.7
160,1359.8
299,1361.2
8,1361.2
102,1362.6
361,1362.8
184,1363.0
294,1364.7
168,1365.5
54,1366.2
257,1368.8
238,1370.2
378,1370.8
262,1371.8
23,1374.5
95,1375.1
6,1376.2
289,1376.7
323,1378.5
340,1380.3
208,1383.8
60,1384.2
264,1385.3
42,1386.9
54,1387.8
189,1388.8
26,1390.5
191,1391.3
360,1393.1
177,1393.3
166,1393.3
89,1394.3
179,1394.7
314,1395.5
308,1396.8
275,1397.4
36,1397.9
1,1399.4
317,1400.0
44,1407.6
96,1408.5
279,1409.7
206,1410.8
75,1412.8
213,1414.1
239,1414.3
71,1414.3
65,1417.6
327,1420.5
347,1422.1
216,1422.2
39,1424.6
117,1425.7
90,1425.8
266,1426.7
339,1427.2
326,1427.8
25,1427.9
4,1428.2
207,1428.7
356,1428.8
114,1429.0
377,1430.1
113,1430.3
374,1431.3
208,1433.2
260,1433.5
367,1433.6
161,1433.8
84,1433.8
375,1433.9
112,1434.2
10,1434.2
198,1434.6
300,1434.7
111,1435.2
77,1435.2
131,1435.7
328,1435.9
306,1436.2
243,1436.3
33,1436.4
160,1436.8
284,1436.8
267,1437.4
305,1437.4
152,1437.7
54,1438.5
103,1438.7
346,1439.5
81,1443.8
51,1443.8
118,1444.9
298,1445.0
299,1454.1
210,1460.1
29,1460.6
223,1461.6
56,1463.5
382,1464.1
170,1464.8
362,1467.4
293,1468.0
58,1468.4
277,1469.3
304,1471.1
292,1473.4
147,1473.9
280,1474.4
192,1474.4
162,1474.5
25,1474.9
163,1475.6
367,1475.9
73,1479.2
190,1480.9
107,1483.1
32,1484.1
252,1489.7
267,1490.4
159,1492.2
360,1493.7
231,1495.7
316,1496.2
90,1506.0
253,1507.0
266,1507.6
213,1507.9
326,1508.0
25,1508.7
4,1508.7
114,1508.9
356,1509.2
207,1509.3
364,1510.0
113,1510.2
377,1510.2
374,1511.3
339,1512.8
367,1512.9
112,1513.7
84,1514.0
260,1514.0
208,1514.4
77,1514.7
274,1515.0
375,1515.1
161,1515.4
300,1515.6
131,1515.7
299,1516.0
111,1516.4
316,1517.6
82,1517.7
358,1517.9
152,1518.0
305,1518.0
74,1520.6
346,1520.6
33,1520.9
373,1521.3
158,1521.7
154,1522.0
50,1525.1
137,1526.5
136,1527.5
178,1528.4
269,1528.9
268,1530.5
175,1532.4
383,1533.8
83,1535.4
228,1541.8
209,1544.2
77,1546.5
330,1547.4
108,1549.7
212,1550.4
194,1551.6
247,1554.2
300,1555.5
43,1555.8
203,1557.1
31,1558.1
199,1560.8
239,1561.6
206,1562.0
195,1562.6
143,1565.7
260,1566.1
368,1567.4
15,1569.4
278,1570.7
88,1571.7
304,1573.0
349,1574.8
257,1576.6
96,1576.8
16,1581.4
274,1582.2
12,1583.1
17,1584.4
322,1589.1
232,1590.8
62,1591.5
205,1591.7
119,1592.1
181,1596.7
115,1601.9
87,1603.3
289,1604.3
292,1604.5
226,1605.3
275,1607.4
222,1608.1
202,1614.8
177,1617.4
135,1620.6
46,1621.7
212,1622.0
13,1622.8
176,1624.4
186,1626.0
305,1627.2
61,1627.9
343,1628.5
331,1629.5
9,1629.5
66,1630.5
346,1636.1
138,1636.2
351,1640.0
251,1640.5
286,1643.2
339,1645.6
217,1647.4
37,1648.3
130,1649.3
91,1653.3
249,1653.9
95,1658.0
164,1662.3
224,1670.2
274,1670.6
197,1672.2
180,1673.4
68,1677.2
132,1677.8
375,1683.5
259,1688.9
200,1689.2
98,1690.5
363,1691.6
379,1697.5
92,1698.0
72,1699.0
319,1700.7
96,1703.3
194,1709.1
369,1709.2
106,1712.0
85,1712.4
7,1712.8
90,1713.2
323,1714.9
117,1720.8
97,1721.5
110,1722.2
134,1722.3
124,1724.1
58,1724.8
21,1725.9
237,1727.0
303,1727.4
168,1732.2
77,1737.5
190,1745.4
69,1746.1
89,1746.7
219,1747.0
126,1747.9
263,1750.3
338,1752.4
336,1752.7
159,1755.9
5,1755.9
259,1759.5
269,1765.1
55,1766.0
265,1767.1
271,1768.8
78,1769.3
207,1770.1
365,1772.4
1,1773.4
324,1774.0
208,1777.8
245,1778.9
41,1779.9
170,1781.5
216,1792.2
206,1794.4
292,1796.0
30,1796.4
163,1801.7
123,1801.9
76,1802.0
342,1805.2
154,1807.8
116,1808.5
187,1808.8
362,1813.8
142,1814.7
345,1817.5
78,1819.2
234,1820.3
344,1821.6
48,1822.0
202,1824.0
360,1824.2
79,1824.3
129,1828.3
352,1831.3
317,1832.0
246,1832.5
140,1833.9
17,1836.1
311,1836.2
215,1837.9
339,1838.0
261,1839.7
179,1846.3
296,1846.8
87,1848.4
192,1855.0
120,1855.1
371,1858.0
229,1858.3
117,1866.3
307,1868.4
250,1869.6
328,1870.1
178,1871.8
82,1872.0
227,1873.6
321,1876.9
210,1877.6
188,1881.5
91,1881.9
172,1883.7
377,1884.8
225,1884.9
122,1889.4
90,1891.3
282,1892.9
326,1893.0
266,1893.3
114,1894.0
25,1894.1
213,1894.1
207,1894.1
356,1894.3
4,1894.3
113,1895.4
11,1896.1
374,1896.2
354,1897.7
208,1897.8
189,1897.8
339,1897.8
196,1897.9
112,1898.1
260,1898.3
367,1898.6
77,1898.6
84,1898.9
111,1899.1
274,1899.4
161,1899.6
300,1899.6
17,1899.7
110,1900.0
152,1900.3
375,1900.5
243,1900.7
79,1900.9
157,1901.1
305,1901.1
131,1901.5
346,1901.8
153,1902.5
297,1902.7
253,1903.5
170,1904.3
123,1904.5
366,1904.6
70,1905.1
358,1905.1
33,1905.3
373,1905.7
62,1906.0
8,1906.5
209,1907.6
291,1908.1
72,1908.3
35,1908.8
252,1914.6
89,1919.0
334,1926.8
214,1927.1
84,1928.3
339,1930.3
176,1930.5
183,1932.5
75,1933.7
149,1935.2
285,1935.4
96,1935.4
382,1935.6
150,1936.7
213,1940.3
10,1941.4
61,1942.6
332,1942.6
63,1942.9
66,1943.4
202,1946.1
98,1947.8
88,1948.5
234,1949.0
192,1951.5
37,1952.5
312,1953.6
54,1954.0
47,1957.5
224,1963.1
365,1963.5
343,1963.7
95,1964.1
257,1964.3
152,1966.1
259,1966.5
124,1968.2
90,1971.0
311,1971.0
326,1972.6
266,1972.8
377,1973.0
213,1973.6
271,1973.7
114,1973.8
4,1973.8
25,1973.9
356,1974.0
207,1974.2
113,1975.2
160,1975.7
374,1975.8
84,1976.7
109,1977.2
82,1977.9
112,1978.1
367,1978.2
339,1978.2
260,1978.4
77,1979.6
208,1979.8
300,1980.1
375,1980.3
111,1980.7
122,1981.1
131,1981.2
305,1981.4
161,1982.0
250,1982.0
346,1982.2
354,1982.4
243,1982.5
86,1983.3
366,1986.9
34,1989.2
340,1989.8
313,1990.3
182,1994.5
53,1995.0
274,2002.8
121,2003.2
14,2004.0
321,2004.1
8,2004.1
131,2004.3
205,2007.2
254,2008.0
374,2008.1
218,2010.9
356,2012.3
364,2013.9
228,2018.8
101,2019.5
306,2019.8
240,2023.1
27,2024.2
283,2024.2
64,2024.5
0,2025.7
218,2032.5
165,2032.6
267,2032.9
70,2034.5
201,2035.4
255,2035.6
139,2036.6
26,2037.8
277,2040.4
116,2041.1
261,2049.4
212,2050.0
233,2050.2
329,2050.2
90,2051.1
304,2051.5
137,2051.7
127,2052.9
250,2053.0
266,2053.0
326,2053.0
193,2053.4
213,2053.4
356,2053.5
4,2053.6
15,2053.9
25,2054.0
114,2054.1
374,2054.3
377,2054.3
207,2054.7
44,2055.0
113,2055.4
12,2055.7
274,2057.5
191,2057.5
84,2057.7
131,2058.4
112,2058.6
339,2059.0
367,2059.0
152,2059.3
260,2059.5
77,2059.7
347,2059.9
366,2060.2
220,2060.7
54,2061.0
300,2061.3
375,2061.4
91,2062.1
161,2062.6
243,2062.9
85,2063.6
33,2063.8
205,2063.9
208,2064.1
103,2064.2
351,2067.6
314,2068.4
289,2068.5
40,2070.7
118,2071.2
57,2071.5
235,2076.5
323,2078.7
239,2079.5
210,2079.9
190,2079.9
51,2081.6
225,2086.5
130,2089.7
19,2089.7
184,2092.7
154,2093.0
66,2094.4
174,2095.1
28,2095.5
168,2097.0
292,2098.6
337,2099.9
3,2100.9
128,2102.3
18,2102.4
198,2105.9
266,2106.8
92,2109.3
327,2110.7
155,2111.9
359,2116.9
93,2117.3
37,2121.8
346,2122.9
300,2125.5
317,2125.6
272,2126.8
167,2129.1
54,2129.4
248,2129.9
297,2130.1
31,2130.4
90,2131.1
79,2131.2
316,2131.5
38,2132.7
326,2132.8
356,2133.5
4,2133.7
213,2133.7
114,2133.8
25,2134.0
266,2134.3
374,2134.6
207,2134.6
377,2134.7
242,2135.2
113,2135.2
257,2135.5
84,2138.0
131,2138.1
112,2138.5
367,2138.9
111,2139.8
274,2140.0
260,2140.0
189,2140.1
77,2140.2
267,2140.3
152,2140.4
82,2140.6
375,2141.2
250,2141.9
339,2142.0
286,2142.2
161,2142.3
305,2143.0
5,2143.3
373,2143.6
208,2144.0
141,2146.0
325,2149.2
293,2151.3
351,2151.5
22,2155.4
69,2160.6
50,2163.4
106,2163.7
286,2165.9
90,2168.8
81,2169.6
178,2169.6
374,2171.6
326,2171.7
98,2171.7
24,2174.3
61,2174.5
200,2176.9
209,2177.4
288,2178.4
97,2184.3
183,2184.7
100,2186.1
155,2186.3
204,2187.4
194,2191.3
95,2191.6
322,2192.4
254,2193.1
256,2193.9
335,2194.1
162,2194.5
125,2207.4
34,2208.4
150,2208.6
108,2219.8
145,2220.4
255,2220.7
371,2221.0
130,2223.3
273,2224.3
36,2225.0
338,2225.2
175,2226.7
373,2227.7
151,2229.6
105,2230.0
140,2231.9
143,2234.0
215,2234.3
57,2238.7
265,2241.7
350,2242.8
103,2243.7
280,2246.6
181,2250.7
59,2252.0
56,2252.6
275,2253.7
383,2254.1
317,2261.7
127,2261.9
196,2262.4
227,2272.1
240,2274.3
15,2276.0
206,2277.4
304,2279.9
160,2281.6
121,2281.9
8,2288.9
236,2290.1
177,2292.4
6,2296.0
152,2296.2
369,2297.8
271,2298.4
28,2302.9
348,2303.5
359,2304.0
238,2309.2
36,2312.3
320,2316.7
301,2318.7
349,2323.2
210,2324.0
176,2324.0
169,2325.2
203,2329.3
206,2333.7
180,2334.5
375,2335.0
242,2337.6
89,2339.3
280,2340.8
252,2343.1
111,2350.4
277,2354.0
225,2355.6
305,2355.7
366,2360.1
10,2361.3
35,2364.7
98,2365.5
291,2365.8
114,2366.4
378,2367.2
158,2368.1
13,2369.8
156,2369.9
330,2371.6
107,2372.3
45,2375.2
81,2376.4
371,2377.7
118,2381.5
25,2382.6
104,2383.2
105,2383.3
351,2386.8
76,2390.1
352,2392.0
183,2394.5
332,2396.7
221,2399.9
148,2401.3
281,2401.5
166,2401.5
20,2404.3
185,2404.4
260,2404.7
67,2404.9
275,2405.1
219,2405.2
27,2410.2
58,2413.1
78,2416.9
24,2418.2
7,2418.4
269,2419.3
146,2422.4
3,2422.8
250,2423.3
187,2424.8
379,2431.4
17,2432.5
54,2432.9
204,2434.1
68,2440.9
310,2445.3
345,2448.5
182,2449.4
212,2449.6
136,2450.4
361,2452.1
180,2455.0
205,2455.7
331,2457.3
167,2459.2
184,2459.5
374,2460.3
334,2461.8
115,2469.1
134,2470.0
244,2470.3
315,2471.5
84,2473.2
130,2474.4
367,2478.5
56,2478.7
308,2479.5
2,2480.8
139,2481.5
370,2481.8
48,2482.4
141,2482.5
111,2483.1
57,2485.4
235,2485.8
312,2489.2
149,2490.4
286,2494.4
268,2495.0
250,2500.0
267,2500.4
280,2504.7
198,2508.3
163,2508.7
357,2509.0
238,2509.3
118,2510.0
230,2510.6
207,2516.3
90,2516.6
326,2518.1
114,2518.4
266,2518.4
25,2518.6
213,2519.3
4,2519.3
356,2519.5
374,2519.7
126,2519.9
359,2520.5
377,2520.6
113,2520.7
84,2521.7
367,2522.3
260,2522.3
112,2523.0
111,2523.2
188,2524.0
127,2524.2
77,2524.8
300,2524.8
161,2525.2
305,2525.4
375,2525.4
208,2525.6
152,2525.7
243,2525.8
131,2525.9
212,2526.8
82,2526.9
339,2527.1
205,2527.2
297,2527.3
346,2527.4
54,2528.1
358,2528.8
274,2529.1
282,2529.3
20,2529.3
329,2529.6
33,2529.8
253,2530.1
17,2530.2
103,2530.2
229,2532.0
299,2532.2
8,2532.6
46,2533.2
117,2535.9
335,2537.4
325,2538.0
356,2540.4
31,2540.5
120,2540.9
214,2541.4
93,2544.5
164,2545.1
376,2545.5
1,2549.3
9,2549.5
264,2550.2
113,2550.3
143,2552.3
19,2553.1
147,2553.6
95,2553.7
377,2557.2
343,2557.4
80,2558.2
321,2559.8
341,2560.0
278,2560.9
293,2563.4
271,2565.7
273,2571.0
157,2576.9
129,2579.6
265,2580.5
178,2580.9
149,2581.7
245,2581.7
360,2582.4
174,2582.6
327,2583.0
333,2585.9
133,2586.3
78,2586.4
195,2589.1
99,2589.6
4,2589.7
209,2591.4
156,2592.1
181,2594.2
345,2594.3
302,2594.6
90,2596.1
60,2596.3
59,2597.5
326,2597.8
266,2598.0
356,2598.3
207,2598.4
114,2598.4
25,2598.7
213,2598.8
377,2599.1
113,2599.2
33,2599.4
374,2600.1
70,2600.8
254,2600.9
84,2601.8
305,2602.0
367,2602.1
260,2602.7
111,2602.8
112,2603.1
267,2603.8
191,2604.7
382,2605.1
165,2605.2
375,2605.3
77,2605.5
300,2606.1
131,2606.2
80,2606.4
161,2606.5
250,2606.6
219,2607.6
373,2608.1
313,2608.3
134,2609.1
9,2609.5
32,2611.1
241,2613.2
88,2614.2
224,2616.4
105,2617.8
16,2620.7
166,2622.8
259,2626.5
35,2627.6
290,2631.1
47,2632.2
318,2637.6
158,2638.0
75,2638.9
196,2640.5
76,2641.2
294,2644.2
218,2646.8
190,2650.5
206,2653.9
5,2653.9
63,2660.8
284,2666.2
307,2672.7
46,2675.2
90,2676.1
92,2676.2
4,2677.3
326,2677.7
266,2677.7
356,2678.3
41,2678.3
114,2678.5
25,2678.7
213,2678.7
207,2678.8
377,2679.1
113,2679.4
374,2680.7
340,2681.9
305,2682.0
84,2682.3
33,2682.7
367,2682.8
260,2682.8
112,2683.1
263,2683.5
111,2683.6
208,2683.9
281,2683.9
339,2684.2
243,2684.3
248,2684.3
300,2684.3
161,2684.5
77,2684.5
258,2684.8
152,2684.9
346,2684.9
131,2685.3
358,2685.4
253,2685.6
274,2685.8
375,2686.1
267,2686.3
297,2686.3
82,2686.6
198,2687.1
110,2688.5
103,2688.6
299,2688.7
80,2689.0
67,2692.7
211,2693.3
40,2693.6
49,2699.3
132,2700.9
309,2704.0
81,2704.1
288,2706.1
327,2716.0
37,2717.8
369,2721.9
70,2722.8
279,2723.8
240,2726.6
313,2728.4
342,2729.1
179,2729.5
131,2731.9
373,2732.8
231,2734.3
192,2734.3
216,2736.4
142,2736.6
203,2738.6
189,2741.0
109,2741.0
71,2741.2
22,2748.2
17,2750.8
366,2752.6
324,2754.3
90,2756.3
266,2757.8
326,2757.8
4,2757.9
114,2758.6
356,2758.9
25,2758.9
213,2758.9
207,2759.3
377,2759.7
113,2759.9
154,2760.8
300,2760.8
374,2761.0
80,2761.9
14,2762.0
328,2762.1
260,2763.3
112,2763.3
367,2763.4
84,2763.6
110,2764.0
77,2764.7
98,2764.7
161,2764.9
111,2765.1
305,2765.3
173,2766.5
375,2766.8
33,2766.9
208,2767.1
243,2767.4
21,2767.8
152,2767.8
346,2769.4
221,2773.4
12,2776.5
338,2779.1
106,2780.9
184,2786.2
261,2788.2
265,2789.6
303,2789.8
321,2792.3
161,2792.6
330,2794.6
345,2795.6
125,2798.6
229,2799.8
138,2801.5
199,2802.6
148,2803.1
1,2804.9
217,2807.2
132,2810.1
169,2810.3
232,2810.9
30,2817.0
251,2817.4
6,2819.2
168,2819.2
378,2820.6
248,2822.3
43,2823.9
94,2824.3
351,2825.6
375,2826.7
287,2828.0
207,2828.3
14,2828.8
213,2831.3
355,2832.2
20,2832.5
277,2833.7
314,2838.2
44,2838.2
56,2838.4
376,2841.6
164,2842.7
219,2847.3
266,2848.2
362,2848.3
237,2849.6
32,2849.8
276,2849.9
339,2853.5
354,2855.2
54,2855.4
315,2856.9
166,2858.1
271,2863.5
28,2863.6
337,2865.8
321,2867.0
87,2869.1
249,2872.8
7,2874.0
202,2874.3
363,2876.2
340,2877.7
91,2877.8
270,2878.2
205,2880.6
55,2880.9
353,2882.0
208,2885.1
85,2887.3
257,2887.6
218,2894.3
123,2896.0
315,2898.2
297,2898.5
291,2907.5
158,2910.8
272,2912.0
289,2915.0
25,2915.5
104,2919.3
192,2920.1
267,2921.3
88,2923.4
312,2923.9
171,2924.3
18,2925.2
8,2928.4
369,2933.3
162,2934.2
33,2934.2
341,2936.7
222,2938.0
235,2940.2
204,2940.9
335,2942.2
293,2943.7
319,2944.4
238,2946.0
141,2947.8
316,2949.0
337,2949.9
62,2952.3
155,2956.2
272,2960.5
373,2963.9
301,2964.0
57,2964.7
246,2966.9
327,2969.1
236,2974.7
322,2975.7
191,2976.4
16,2977.1
334,2979.3
308,2990.5
26,2991.3
177,2991.5
240,2992.3
360,2995.2
352,2997.4
42,3000.6
274,3001.8
144,3001.8
85,3003.2
374,3004.5
253,3005.8
83,3006.1
135,3007.1
72,3008.1
363,3011.0
127,3012.0
255,3012.5
170,3015.0
251,3016.9
93,3017.7
271,3020.7
275,3022.6
383,3030.0
89,3031.6
292,3032.2
283,3034.7
80,3035.0
184,3035.4
311,3036.4
262,3039.7
330,3040.7
225,3041.9
219,3042.5
278,3043.3
366,3043.6
347,3045.3
138,3045.4
206,3047.2
226,3049.8
141,3055.5
203,3056.6
196,3056.8
337,3060.6
164,3061.3
213,3064.2
188,3067.0
190,3068.1
4,3071.1
143,3072.4
344,3072.6
84,3075.9
137,3079.1
68,3079.2
317,3079.7
364,3079.9
29,3080.3
248,3080.5
169,3083.0
220,3085.0
41,3087.5
48,3089.1
15,3090.2
343,3091.6
227,3092.8
3,3095.0
348,3095.6
124,3102.5
114,3102.9
200,3103.1
194,3108.2
13,3108.8
229,3109.2
207,3110.2
333,3123.3
151,3126.1
8,3128.2
64,3130.6
371,3132.2
180,3132.3
52,3132.3
153,3133.4
350,3134.3
148,3134.5
192,3135.9
130,3137.7
212,3138.1
349,3140.9
128,3141.2
90,3141.5
326,3142.9
59,3142.9
114,3143.1
266,3143.1
4,3143.2
213,3143.2
25,3143.9
356,3144.2
207,3144.3
374,3145.2
377,3145.5
113,3145.6
84,3146.2
260,3148.1
112,3148.2
274,3148.3
366,3148.4
367,3148.5
161,3149.3
300,3149.6
77,3149.7
208,3150.0
267,3150.6
111,3150.7
131,3150.8
375,3151.2
82,3151.3
305,3151.7
71,3152.1
253,3152.3
33,3152.4
138,3152.6
373,3152.8
339,3152.9
346,3153.7
152,3153.8
80,3154.0
358,3155.1
45,3156.2
288,3159.1
115,3161.7
351,3161.9
150,3164.0
160,3165.0
282,3166.1
291,3166.9
286,3169.6
54,3169.9
340,3171.6
50,3174.0
108,3174.5
362,3175.5
283,3177.2
82,3177.7
6,3177.9
67,3178.6
265,3179.0
310,3182.2
151,3183.3
378,3185.2
167,3189.2
273,3189.3
368,3189.3
136,3192.6
290,3193.5
226,3195.0
48,3195.4
39,3200.2
241,3201.3
307,3201.7
300,3202.7
193,3206.9
170,3207.5
368,3213.0
335,3216.2
230,3217.5
198,3218.1
90,3221.0
233,3221.4
222,3222.1
326,3222.5
266,3222.7
114,3222.8
4,3222.9
32,3223.2
213,3223.3
207,3223.6
25,3223.7
18,3223.7
243,3223.8
356,3224.0
377,3224.8
113,3225.2
374,3225.4
280,3225.4
59,3226.7
84,3226.8
82,3227.6
112,3227.8
260,3228.3
367,3228.4
77,3229.5
131,3229.8
111,3229.9
350,3230.6
208,3230.6
274,3231.0
161,3231.0
297,3231.0
375,3231.4
110,3231.5
305,3231.7
160,3231.7
54,3231.9
342,3231.9
153,3232.4
152,3232.4
346,3232.9
339,3233.3
172,3234.5
33,3235.1
0,3235.5
223,3235.8
324,3236.7
137,3240.5
302,3240.6
175,3242.0
9,3244.5
34,3247.7
304,3249.4
58,3253.3
56,3254.4
237,3256.3
336,3258.8
220,3260.3
73,3261.2
231,3261.9
99,3263.5
62,3263.7
251,3264.1
92,3265.9
267,3266.1
292,3268.9
377,3270.3
165,3274.4
202,3277.6
89,3278.6
146,3281.1
11,3284.4
293,3285.1
370,3287.2
77,3287.2
182,3292.7
349,3293.6
42,3297.2
122,3300.8
90,3301.0
357,3302.5
326,3302.6
266,3302.9
4,3303.3
114,3303.4
105,3303.5
213,3303.5
356,3303.8
25,3303.9
207,3304.1
377,3304.8
113,3305.1
374,3305.5
138,3305.9
294,3306.2
300,3306.5
243,3307.6
84,3307.6
260,3308.0
112,3308.0
367,3308.4
267,3308.8
82,3309.6
346,3309.6
161,3310.0
174,3310.2
208,3310.2
327,3310.6
131,3311.1
198,3311.2
111,3311.2
305,3311.3
253,3311.4
358,3311.6
152,3311.6
375,3311.6
170,3311.8
274,3312.2
373,3312.8
254,3312.9
9,3313.7
339,3313.8
36,3317.1
189,3321.2
256,3321.5
313,3323.3
238,3325.4
332,3325.9
286,3326.9
18,3330.9
150,3331.4
103,3334.4
308,3335.9
15,3340.3
355,3341.1
381,3341.7
205,3342.2
46,3343.0
375,3343.6
300,3344.6
218,3346.1
211,3346.3
204,3346.8
31,3346.9
149,3350.1
269,3350.4
316,3352.4
12,3353.4
383,3353.5
221,3358.5
47,3362.3
208,3365.9
334,3366.1
45,3366.6
278,3367.9
366,3368.2
10,3370.3
187,3371.5
260,3373.9
337,3374.7
98,3378.0
90,3381.2
194,3382.2
326,3382.8
266,3382.9
4,3383.4
114,3383.6
213,3383.9
113,3383.9
25,3384.0
356,3384.2
377,3384.3
207,3384.4
374,3386.3
77,3386.7
353,3387.5
300,3387.7
112,3388.2
253,3388.4
346,3388.5
375,3388.8
367,3388.8
23,3389.2
243,3389.5
84,3389.6
44,3389.6
122,3390.3
131,3390.3
103,3390.4
111,3390.6
161,3391.7
152,3392.5
305,3392.5
49,3392.5
82,3392.6
267,3392.7
33,3393.5
138,3396.5
37,3397.8
295,3397.9
360,3398.7
209,3398.8
309,3398.9
79,3401.3
133,3402.9
287,3403.5
371,3405.2
50,3405.6
13,3407.1
69,3409.2
261,3410.2
319,3410.9
155,3411.2
151,3422.8
38,3428.9
26,3433.3
382,3437.7
152,3438.2
349,3442.0
219,3442.7
66,3443.9
302,3444.2
217,3447.1
257,3451.2
345,3454.4
110,3456.5
234,3458.4
272,3458.8
350,3459.1
361,3460.8
90,3462.9
314,3463.5
370,3464.4
85,3466.2
328,3467.0
307,3467.8
356,3473.7
123,3473.8
306,3475.0
195,3479.0
159,3483.2
138,3485.2
3,3488.9
114,3489.0
367,3489.6
52,3490.3
33,3493.1
284,3498.0
71,3500.4
340,3502.0
341,3503.4
73,3503.5
245,3504.8
344,3505.0
63,3507.1
121,3508.6
191,3510.2
290,3517.4
356,3520.6
42,3524.7
31,3525.0
51,3527.1
246,3528.0
368,3528.6
1,3530.0
163,3531.7
329,3531.8
316,3533.1
55,3534.8
190,3536.4
6,3536.9
232,3540.6
70,3541.7
134,3543.8
242,3546.0
348,3547.2
347,3547.7
296,3551.0
19,3552.8
0,3553.0
332,3553.0
222,3553.2
371,3555.8
255,3559.3
91,3561.8
285,3562.6
27,3563.8
141,3564.8
154,3569.1
302,3570.9
268,3571.0
315,3571.6
12,3572.6
215,3572.7
350,3577.3
212,3579.4
168,3579.6
340,3580.8
62,3587.8
121,3593.4
180,3595.5
210,3598.3
206,3600.2
365,3600.2
339,3600.8
105,3601.8
294,3601.9
325,3602.2
328,3605.7
162,3607.3
152,3608.0
142,3610.4
353,3611.4
130,3614.6
279,3614.8
126,3615.8
312,3619.3
290,3621.9
278,3624.0
372,3624.1
201,3624.4
165,3625.8
89,3628.2
153,3628.5
267,3631.9
192,3632.7
202,3633.5
65,3635.3
191,3637.3
354,3640.0
275,3640.3
237,3640.8
297,3643.4
145,3643.9
161,3646.5
17,3649.8
224,3651.6
3,3652.4
115,3652.5
182,3655.5
140,3656.1
87,3656.5
327,3657.6
333,3662.4
230,3664.1
76,3664.2
119,3664.6
383,3666.9
186,3669.2
57,3671.2
56,3672.1
240,3673.1
288,3673.6
213,3674.2
169,3675.6
340,3677.4
107,3677.5
131,3680.0
234,3680.7
344,3681.4
307,3682.0
14,3684.6
225,3687.3
184,3689.3
29,3689.6
25,3691.0
196,3692.1
241,3692.4
204,3692.9
86,3693.9
19,3694.6
16,3695.9
262,3697.7
342,3701.0
227,3703.6
84,3705.0
174,3707.1
200,3708.4
53,3714.5
96,3717.3
246,3718.4
135,3721.7
239,3723.4
329,3723.6
39,3724.8
351,3729.0
364,3730.7
170,3730.8
99,3733.6
107,3735.4
216,3735.8
31,3737.3
68,3739.7
104,3741.2
236,3741.4
90,3743.0
197,3743.6
141,3744.5
128,3744.8
199,3749.6
220,3750.0
138,3750.3
298,3754.1
203,3755.3
373,3758.2
272,3759.6
58,3761.6
219,3763.6
166,3764.4
331,3765.8
120,3766.4
237,3766.6
266,3766.9
4,3767.1
27,3767.8
374,3768.1
318,3768.3
207,3768.4
213,3768.4
356,3768.9
123,3769.0
90,3770.0
11,3770.1
82,3770.2
25,3770.3
113,3770.4
377,3770.5
84,3771.5
339,3772.1
326,3772.2
165,3772.3
281,3772.7
260,3772.9
131,3772.9
112,3773.0
367,3773.0
323,3773.1
243,3773.2
110,3773.3
216,3773.4
364,3773.5
340,3773.7
149,3774.4
297,3774.7
350,3774.8
77,3775.3
152,3775.6
208,3775.7
267,3775.9
375,3776.4
299,3776.5
92,3776.5
305,3776.7
35,3776.9
170,3777.0
135,3777.3
346,3777.4
103,3777.6
328,3778.8
54,3779.2
274,3779.8
329,3780.3
94,3782.3
109,3782.6
15,3782.8
117,3790.7
211,3791.5
276,3794.1
223,3794.4
336,3795.1
154,3796.1
261,3799.2
65,3803.3
3,3804.1
351,3806.4
62,3810.0
334,3810.3
49,3812.6
122,3812.6
240,3813.0
48,3817.1
347,3818.0
189,3818.9
158,3823.6
77,3823.6
21,3825.4
339,3826.8
349,3828.4
362,3832.9
103,3833.8
278,3834.1
218,3834.7
172,3836.7
283,3838.0
164,3838.8
107,3840.1
22,3842.7
108,3843.1
374,3843.3
322,3845.6
266,3846.2
293,3846.7
90,3847.0
338,3847.5
14,3847.5
4,3848.5
213,3848.6
356,3848.9
51,3849.1
82,3849.6
207,3849.6
377,3849.9
113,3850.2
25,3850.7
123,3850.8
144,3851.7
84,3851.8
281,3852.2
54,3852.6
360,3852.8
367,3853.0
17,3853.0
165,3853.1
373,3853.3
131,3853.3
112,3853.3
326,3853.5
260,3854.0
74,3854.4
299,3854.5
375,3855.6
157,3855.9
35,3856.3
243,3856.3
274,3856.6
138,3856.9
320,3857.3
152,3857.8
305,3858.0
302,3858.1
39,3858.5
88,3859.6
310,3860.2
346,3860.6
219,3861.5
146,3864.1
55,3869.5
371,3870.6
9,3872.1
178,3872.3
383,3883.1
11,3886.1
249,3886.3
133,3887.1
335,3887.2
147,3887.5
231,3887.6
175,3887.7
169,3888.5
368,3889.3
57,3890.9
40,3894.7
165,3898.5
58,3902.8
94,3903.2
382,3903.4
174,3904.1
332,3908.2
75,3908.2
284,3909.3
228,3916.5
227,3917.2
309,3917.7
194,3917.7
122,3920.2
131,3921.1
208,3922.8
177,3923.7
229,3924.1
193,3925.7
266,3926.3
374,3926.5
90,3927.6
379,3928.0
213,3928.6
4,3928.6
356,3929.0
207,3929.5
82,3929.9
245,3930.0
113,3930.1
377,3930.1
328,3931.0
123,3931.0
296,3931.3
25,3931.3
339,3931.8
305,3932.0
77,3932.0
81,3932.3
294,3932.4
281,3932.8
260,3932.8
84,3932.9
112,3933.2
165,3933.3
15,3933.3
258,3933.4
367,3933.4
326,3934.9
103,3934.9
17,3935.5
297,3935.7
243,3936.4
152,3936.4
375,3936.8
54,3937.1
346,3937.5
35,3937.7
299,3937.8
9,3939.2
201,3939.4
373,3940.5
102,3941.4
120,3942.5
145,3947.9
364,3949.7
125,3950.7
244,3951.1
98,3951.2
363,3953.7
263,3954.1
205,3965.1
216,3967.7
106,3968.9
168,3970.9
77,3971.6
79,3973.4
173,3976.9
257,3977.0
72,3978.9
95,3979.3
1,3979.9
299,3980.1
297,3984.1
57,3984.8
111,3985.5
262,3985.9
279,3986.2
343,3986.3
349,3988.1
317,3988.3
208,3992.9
157,3997.9
369,4000.6
325,4002.9
211,4004.7
266,4006.5
374,4007.0
90,4007.6
9,4007.7
4,4008.7
221,4008.9
213,4008.9
356,4009.3
88,4009.4
207,4009.8
377,4009.9
82,4009.9
113,4010.4
123,4010.8
25,4011.4
27,4011.7
131,4012.1
165,4012.3
77,4012.8
281,4012.8
326,4013.2
84,4013.3
367,4013.4
112,4013.4
260,4013.8
41,4014.2
94,4015.1
305,4015.3
231,4015.3
328,4015.7
274,4015.9
375,4016.0
339,4016.2
276,4016.3
185,4016.5
35,4017.5
300,4018.2
320,4018.6
37,4018.9
60,4020.8
115,4020.9
335,4022.1
159,4022.4
133,4023.1
32,4025.1
81,4026.2
44,4026.7
293,4026.8
286,4026.8
177,4027.5
176,4034.8
285,4036.4
364,4037.8
50,4040.9
63,4041.4
273,4043.5
295,4045.3
352,4046.9
353,4047.7
118,4048.5
282,4049.3
213,4049.5
265,4051.2
361,4053.5
321,4053.5
375,4054.4
155,4054.9
336,4055.0
267,4056.2
83,4061.3
252,4063.4
253,4064.8
55,4066.5
163,4067.1
372,4067.2
368,4068.7
367,4068.9
170,4069.2
124,4071.1
233,4071.2
7,4072.1
66,4072.1
160,4073.5
139,4074.5
52,4075.2
116,4075.4
61,4085.3
171,4087.1
254,4087.6
93,4088.4
183,4088.5
357,4089.1
19,4091.0
69,4097.7
364,4098.8
259,4098.9
329,4100.6
78,4100.6
179,4101.8
264,4103.2
132,4103.3
281,4103.4
214,4106.2
330,4107.3
58,4107.9
121,4110.6
217,4111.7
251,4113.8
222,4115.3
292,4120.9
303,4121.5
4,4122.6
56,4123.1
239,4123.7
43,4124.2
73,4128.1
107,4129.0
119,4131.0
86,4131.5
250,4132.3
100,4132.6
55,4135.4
311,4135.4
8,4138.6
258,4139.5
112,4141.9
38,4143.4
257,4145.8
175,4146.2
342,4146.8
274,4146.9
105,4147.5
88,4148.4
378,4155.9
381,4156.0
365,4156.6
50,4160.9
118,4162.5
319,4163.8
249,4163.8
6,4165.6
341,4169.2
24,4169.8
284,4171.2
356,4173.6
241,4174.2
294,4174.9
218,4175.5
331,4178.5
207,4178.6
309,4180.1
320,4180.4
77,4180.6
90,4182.8
275,4183.0
117,4183.5
145,4183.6
301,4185.0
346,4186.3
352,4187.1
130,4187.3
95,4187.4
234,4190.4
12,4192.9
201,4193.3
271,4193.6
237,4195.1
204,4196.2
226,4197.1
120,4198.1
43,4198.7
47,4202.3
362,4202.4
187,4202.4
291,4203.0
32,4203.1
238,4205.0
172,4206.0
221,4206.5
232,4207.0
67,4208.1
192,4210.3
290,4211.3
273,4212.6
333,4214.3
215,4214.9
18,4215.8
272,4217.5
380,4221.1
46,4223.2
244,4227.6
178,4227.9
323,4233.1
163,4234.3
308,4236.1
126,4237.6
97,4239.1
369,4240.0
143,4240.0
263,4243.2
382,4246.4
148,4249.4
85,4250.1
340,4255.1
268,4258.9
255,4261.2
377,4261.7
300,4262.1
46,4262.2
30,4264.6
150,4266.0
53,4267.2
243,4269.5
324,4271.0
21,4273.5
350,4277.9
227,4283.2
95,4285.7
293,4286.5
373,4287.1
90,4288.6
296,4293.9
144,4299.0
122,4299.7
355,4299.9
305,4300.8
176,4302.5
378,4304.0
167,4304.8
226,4306.0
108,4306.6
75,4307.1
62,4309.0
84,4317.9
9,4323.5
359,4324.2
40,4332.9
58,4334.8
313,4337.9
179,4339.6
226,4340.7
149,4346.1
121,4348.0
316,4354.7
6,4355.2
12,4356.1
309,4356.2
315,4357.5
199,4361.2
166,4362.6
51,4364.7
169,4366.2
152,4366.5
190,4366.8
168,4369.0
191,4373.7
158,4376.6
136,4380.3
376,4385.6
205,4386.6
111,4386.8
74,4386.9
108,4389.4
330,4392.3
374,4393.0
284,4393.1
266,4393.5
297,4393.8
4,4394.1
356,4394.3
90,4394.5
377,4394.6
299,4395.0
82,4395.1
221,4395.7
123,4396.3
84,4396.5
345,4396.6
326,4397.5
254,4397.6
281,4397.8
367,4398.2
243,4398.2
117,4398.5
305,4398.6
370,4398.8
213,4399.0
203,4399.0
208,4399.2
349,4399.4
77,4399.5
132,4399.5
42,4400.1
274,4400.3
131,4400.4
346,4400.6
373,4400.7
91,4401.4
104,4401.6
162,4401.6
339,4401.7
248,4401.8
207,4401.8
152,4402.1
35,4402.1
110,4402.2
86,4402.4
250,4403.3
324,4404.0
267,4404.5
160,4404.7
165,4405.0
56,4405.2
350,4405.2
177,4406.2
103,4408.1
264,4410.1
247,4419.4
263,4421.0
230,4423.5
326,4428.9
161,4431.5
79,4431.7
121,4433.6
366,4434.8
246,4438.9
197,4440.0
266,4444.6
84,4452.8
238,4452.8
76,4453.2
106,4453.6
14,4457.3
75,4458.1
107,4459.7
6,4460.3
92,4464.0
72,4468.3
252,4469.2
374,4472.4
97,4472.4
4,4473.6
297,4473.6
266,4473.8
267,4474.1
356,4474.2
377,4474.4
82,4474.5
299,4474.8
90,4474.9
41,4475.1
326,4475.5
123,4475.8
221,4475.9
339,4476.4
345,4476.4
281,4477.3
36,4477.3
367,4478.0
254,4478.1
213,4478.4
349,4479.3
305,4479.4
152,4479.6
131,4480.1
208,4480.1
243,4480.1
203,4480.2
77,4480.3
274,4480.6
174,4480.9
346,4481.3
205,4481.6
35,4482.1
373,4483.0
94,4484.0
165,4485.7
88,4486.0
344,4486.7
66,4488.6
33,4489.3
149,4490.4
51,4490.9
212,4491.8
224,4493.1
28,4494.8
307,4500.0
273,4503.2
104,4503.4
178,4504.0
194,4505.7
96,4510.3
303,4510.9
265,4516.1
64,4517.0
7,4518.4
336,4519.2
306,4520.4
232,4523.3
81,4524.3
318,4525.2
236,4535.6
155,4537.9
163,4540.7
346,4540.7
216,4541.3
270,4543.3
187,4546.8
266,4552.1
374,4552.4
4,4553.4
297,4553.7
34,4553.9
356,4554.4
82,4554.4
377,4554.7
299,4554.7
84,4555.1
203,4555.3
90,4555.7
123,4555.7
326,4556.3
221,4556.4
198,4556.5
345,4556.6
104,4557.1
363,4557.5
281,4557.5
267,4557.9
338,4558.0
367,4558.2
254,4558.8
339,4558.9
131,4559.1
258,4559.1
239,4559.2
77,4559.3
349,4559.4
213,4559.5
208,4559.9
248,4560.1
152,4560.3
68,4560.4
243,4560.7
305,4560.8
40,4561.5
114,4561.5
162,4561.9
332,4562.3
35,4562.3
110,4562.6
103,4563.0
274,4564.0
207,4564.2
33,4564.3
192,4564.6
165,4565.0
146,4565.3
328,4566.2
324,4566.7
193,4567.3
147,4568.5
13,4569.2
52,4570.3
210,4572.9
30,4574.8
237,4575.0
93,4581.1
152,4582.2
126,4582.3
251,4583.1
57,4583.4
242,4583.8
138,4591.4
289,4593.5
349,4594.3
151,4595.4
213,4595.8
280,4597.7
56,4599.0
102,4600.8
221,4603.1
120,4604.4
364,4604.5
215,4604.6
323,4606.1
324,4611.1
7,4614.1
277,4615.0
3,4616.7
288,4619.3
290,4619.3
33,4620.4
118,4622.3
181,4625.9
254,4627.4
331,4629.3
266,4632.6
81,4632.7
153,4632.7
374,4632.8
4,4633.6
297,4634.1
82,4634.4
356,4634.6
299,4634.9
377,4635.1
24,4635.7
123,4635.8
90,4636.0
84,4636.5
221,4637.0
345,4637.2
213,4637.4
278,4637.4
349,4637.5
326,4637.8
281,4637.9
203,4638.5
114,4638.6
367,4638.8
346,4638.8
152,4639.0
77,4639.4
131,4639.5
104,4640.4
198,4640.6
305,4641.2
267,4641.6
208,4641.7
339,4642.1
35,4642.4
340,4643.7
94,4644.9
165,4645.4
373,4645.5
119,4648.9
176,4649.8
334,4650.2
191,4652.7
333,4657.8
105,4660.4
46,4660.6
314,4661.8
129,4666.8
253,4668.1
175,4668.4
300,4669.3
133,4670.4
269,4671.5
91,4671.7
4,4673.1
132,4673.3
139,4675.8
381,4676.3
185,4678.1
82,4678.9
285,4680.8
123,4682.3
218,4689.5
329,4690.4
206,4692.3
168,4694.5
200,4696.8
317,4699.4
37,4702.1
67,4703.6
373,4705.2
58,4707.7
6,4708.6
302,4709.3
354,4709.9
351,4710.3
59,4711.1
368,4712.8
220,4713.9
75,4714.3
265,4714.3
275,4715.0
45,4715.3
71,4716.5
332,4717.8
318,4719.8
342,4722.0
256,4723.7
205,4725.3
339,4727.5
245,4730.8
15,4735.5
167,4737.0
124,4738.6
135,4741.0
85,4743.5
207,4743.7
204,4743.8
19,4743.8
33,4743.8
380,4744.4
362,4744.9
227,4746.2
288,4746.4
120,4747.3
157,4749.9
61,4750.2
103,4750.3
192,4752.4
169,4757.3
111,4758.0
366,4758.8
307,4761.4
298,4762.8
276,4766.9
142,4772.0
177,4773.7
58,4773.7
364,4774.5
65,4774.6
371,4774.9
255,4776.4
112,4784.0
347,4785.5
372,4785.9
72,4786.4
382,4787.0
292,4789.7
291,4791.0
18,4791.8
361,4796.9
27,4799.3
365,4799.6
370,4799.9
367,4802.5
140,4802.9
171,4803.2
373,4803.4
377,4808.5
225,4808.7
131,4810.0
296,4810.6
252,4812.5
123,4812.7
245,4813.1
164,4813.8
208,4815.2
101,4815.4
259,4817.7
89,4817.9
284,4821.0
69,4822.6
36,4823.3
215,4823.8
186,4824.8
281,4826.0
80,4827.0
34,4827.8
99,4827.9
26,4828.2
144,4828.8
88,4829.3
137,4830.2
67,4831.1
24,4831.1
343,4836.5
150,4838.1
209,4840.4
293,4850.4
169,4851.0
22,4852.0
70,4852.7
62,4854.5
100,4856.8
197,4856.8
189,4861.4
280,4863.9
311,4863.9
143,4867.1
297,4867.9
375,4868.0
335,4868.0
224,4869.8
317,4870.8
249,4879.7
48,4882.9
139,4883.3
152,4884.8
78,4885.5
359,4885.5
58,4885.6
97,4885.6
6,4890.1
140,4892.0
131,4894.5
233,4898.4
77,4899.0
54,4901.1
98,4905.4
193,4909.4
180,4913.3
374,4914.2
138,4914.4
153,4922.9
94,4925.5
306,4926.8
157,4928.6
2,4928.6
267,4930.2
261,4932.7
183,4935.5
375,4936.1
148,4936.7
282,4938.0
107,4939.6
223,4940.8
302,4941.3
3,4944.4
212,4947.3
270,4948.2
104,4950.3
71,4951.8
181,4953.0
160,4953.8
57,4955.3
372,4956.3
287,4959.6
95,4959.9
161,4966.3
179,4967.0
380,4968.0
360,4969.0
102,4970.0
16,4971.1
257,4972.8
1,4974.3
141,4975.7
306,4976.4
100,4976.7
324,4980.3
383,4984.1
45,4984.7
146,4987.9
234,4989.6
116,4989.8
244,4992.1
86,4994.6
226,4996.0
331,4996.4
259,5001.9
221,5010.7
363,5011.5
260,5012.5
97,5013.4
138,5014.1
74,5015.4
299,5017.0
68,5017.6
77,5018.1
266,5018.3
297,5018.3
160,5018.4
131,5019.0
4,5019.2
356,5019.7
120,5019.8
162,5019.9
82,5020.1
377,5020.2
123,5020.8
374,5020.8
345,5021.8
70,5022.2
295,5022.2
84,5022.4
122,5022.6
164,5022.6
95,5022.7
326,5022.7
318,5022.9
367,5023.2
208,5023.5
104,5023.5
254,5023.5
267,5024.1
152,5024.1
379,5024.3
349,5024.7
213,5024.8
107,5024.8
203,5024.9
61,5025.2
125,5025.4
365,5025.5
243,5025.8
10,5025.9
150,5026.1
339,5026.1
36,5026.2
305,5026.3
246,5026.7
110,5026.8
346,5027.1
248,5027.5
94,5027.7
114,5027.7
35,5028.3
320,5028.4
368,5028.5
319,5028.7
54,5028.9
207,5029.3
165,5029.9
145,5030.0
134,5030.6
373,5030.7
103,5031.2
75,5034.8
31,5036.2
340,5036.5
230,5038.0
39,5045.1
345,5049.1
279,5051.4
82,5051.9
80,5052.9
76,5053.6
83,5055.6
52,5056.7
178,5058.8
91,5059.7
310,5062.6
274,5063.4
92,5066.9
212,5067.1
88,5069.0
225,5070.3
176,5071.0
312,5071.4
217,5073.5
304,5076.1
319,5077.1
169,5077.2
251,5077.3
288,5080.1
240,5080.7
87,5083.8
192,5084.0
41,5084.3
302,5086.0
141,5086.1
30,5087.8
28,5090.7
182,5092.4
280,5096.4
299,5096.5
289,5097.0
68,5097.3
266,5097.9
77,5098.1
4,5098.3
297,5098.9
82,5099.0
160,5099.3
131,5099.5
377,5099.8
356,5099.8
120,5099.9
162,5100.1
84,5100.4
345,5100.7
123,5100.8
237,5100.8
374,5101.5
370,5101.9
95,5103.2
367,5103.4
248,5103.5
122,5103.6
337,5103.7
379,5103.8
326,5103.8
213,5104.0
108,5104.0
70,5104.9
221,5105.1
349,5105.1
254,5105.2
208,5105.4
61,5105.9
305,5106.3
260,5106.6
152,5107.1
365,5108.3
328,5108.5
339,5108.5
35,5108.6
104,5108.7
245,5109.1
346,5109.2
135,5110.3
36,5110.4
246,5111.0
244,5112.1
165,5112.2
21,5114.4
375,5117.3
150,5118.4
26,5119.2
232,5120.4
131,5123.0
344,5125.0
294,5126.6
259,5126.7
332,5131.5
204,5132.4
215,5140.1
194,5140.9
17,5143.7
78,5147.0
188,5147.2
360,5148.5
252,5149.6
69,5155.4
86,5159.7
239,5166.9
156,5167.3
377,5173.9
299,5176.4
198,5176.4
68,5177.3
266,5177.7
354,5177.7
77,5178.3
4,5178.5
297,5178.7
131,5178.8
82,5179.2
160,5179.3
356,5179.3
369,5179.3
120,5179.9
162,5180.0
254,5180.3
70,5180.9
345,5181.0
123,5181.1
84,5181.2
374,5181.7
319,5181.7
326,5182.2
343,5182.8
367,5183.0
122,5183.0
150,5183.3
213,5183.8
379,5183.9
203,5184.2
164,5184.2
48,5184.3
95,5184.3
294,5184.9
349,5185.0
208,5185.0
278,5185.2
13,5185.3
61,5185.6
243,5185.7
60,5185.7
267,5186.0
305,5186.1
110,5186.4
152,5186.5
207,5187.0
132,5187.1
248,5187.1
246,5189.2
81,5189.3
346,5189.4
339,5190.2
35,5190.6
94,5191.0
88,5191.8
72,5194.8
352,5195.0
54,5195.6
130,5196.9
307,5203.6
10,5204.3
336,5204.5
85,5205.1
378,5205.8
255,5207.0
6,5207.8
229,5209.5
170,5210.1
175,5217.3
309,5217.6
326,5219.0
56,5221.6
144,5222.1
0,5224.5
111,5225.5
169,5226.0
214,5226.9
177,5229.1
109,5234.9
299,5234.9
154,5238.4
12,5238.7
357,5244.7
349,5245.7
370,5247.0
256,5247.2
43,5247.2
293,5247.7
128,5250.8
46,5251.6
210,5253.1
17,5253.1
224,5253.2
286,5255.9
68,5257.5
189,5257.6
266,5258.0
234,5258.1
77,5258.3
353,5258.4
377,5258.5
4,5258.7
163,5259.0
299,5259.0
131,5259.0
297,5259.2
374,5259.3
82,5259.5
160,5259.9
356,5259.9
120,5260.0
27,5260.2
162,5260.7
123,5261.1
326,5261.3
84,5261.5
185,5261.6
345,5261.9
3,5262.0
367,5263.3
13,5263.3
122,5263.5
254,5263.8
70,5263.9
79,5264.1
207,5264.2
95,5264.3
379,5264.5
49,5264.8
141,5264.8
213,5265.4
365,5265.5
54,5266.6
198,5267.4
202,5267.5
36,5267.6
319,5268.1
61,5268.5
35,5269.0
291,5272.3
228,5273.3
105,5276.3
7,5276.6
282,5278.3
147,5278.4
65,5279.5
218,5281.3
42,5284.3
312,5285.9
106,5286.3
329,5286.7
270,5287.2
159,5287.3
304,5287.9
379,5288.4
361,5294.3
137,5302.6
262,5304.5
301,5304.7
8,5306.7
80,5309.9
249,5310.8
102,5314.8
277,5315.4
212,5316.5
35,5316.6
111,5317.8
272,5320.3
186,5320.9
201,5321.3
340,5323.0
211,5335.5
273,5341.8
68,5342.8
341,5350.9
275,5351.9
312,5355.1
6,5356.9
129,5357.3
173,5358.2
187,5361.2
236,5361.2
87,5361.4
316,5364.0
19,5366.6
69,5367.5
346,5369.4
22,5371.0
290,5371.9
348,5374.3
106,5375.8
213,5376.1
327,5376.1
369,5376.7
10,5378.1
283,5378.4
366,5379.0
371,5381.2
184,5383.5
140,5389.6
250,5393.0
241,5397.5
86,5399.1
63,5399.6
55,5399.9
117,5401.3
32,5405.5
100,5406.8
115,5407.7
9,5412.8
8,5413.5
125,5415.1
335,5416.4
160,5416.5
347,5416.6
216,5418.2
376,5418.5
98,5423.0
42,5426.4
4,5427.8
311,5428.8
151,5430.0
242,5430.4
75,5431.8
367,5432.5
359,5435.1
315,5437.0
2,5438.4
90,5438.5
41,5439.1
124,5441.0
218,5441.1
381,5444.8
373,5445.9
271,5446.7
262,5447.4
186,5449.5
118,5450.1
139,5452.2
281,5460.0
323,5460.8
20,5460.9
364,5463.8
246,5464.3
181,5464.3
54,5465.1
152,5466.0
349,5469.2
4,5469.4
99,5471.1
185,5472.5
218,5472.5
193,5475.4
45,5475.5
50,5477.3
223,5477.7
104,5478.0
240,5479.6
1,5480.5
280,5482.2
263,5482.7
318,5483.0
116,5484.1
291,5484.1
69,5487.6
160,5488.1
125,5489.2
209,5491.2
173,5495.9
91,5496.8
337,5497.4
343,5497.6
121,5500.3
59,5506.3
231,5507.6
155,5510.0
134,5512.0
327,5517.6
294,5518.9
37,5522.5
300,5526.0
371,5528.8
106,5528.9
71,5529.8
368,5532.9
141,5533.3
362,5536.2
84,5536.8
168,5537.5
131,5537.6
376,5539.0
226,5542.6
361,5544.0
174,5544.6
178,5546.2
334,5546.6
143,5546.9
83,5550.0
90,5550.6
380,5551.2
98,5556.6
18,5559.4
123,5559.8
96,5563.4
372,5564.6
215,5566.3
58,5569.9
309,5572.2
70,5572.6
283,5572.8
59,5575.4
34,5577.7
175,5578.2
344,5578.3
133,5578.5
222,5579.0
51,5579.7
295,5580.9
120,5583.3
207,5585.6
77,5586.7
289,5587.1
135,5589.7
122,5593.5
36,5593.7
119,5593.8
132,5595.5
146,5596.0
296,5597.0
53,5598.5
190,5601.6
75,5601.8
316,5604.2
140,5606.3
330,5608.2
314,5608.6
91,5609.0
329,5612.5
35,5614.4
254,5615.9
21,5617.9
379,5618.0
126,5621.0
179,5621.8
28,5622.1
57,5622.6
338,5623.2
195,5633.9
63,5636.9
267,5638.3
258,5639.8
357,5640.3
356,5641.5
34,5641.6
70,5641.7
160,5641.8
299,5642.0
164,5642.5
68,5642.7
77,5642.8
61,5643.1
4,5643.5
248,5643.5
266,5643.5
272,5643.6
207,5644.0
297,5644.0
120,5644.0
292,5644.0
13,5644.1
254,5644.6
351,5644.7
131,5644.8
110,5645.0
106,5645.1
107,5645.6
84,5646.4
205,5646.5
316,5646.8
345,5647.1
199,5647.5
340,5647.5
312,5647.8
165,5648.3
349,5648.5
213,5648.9
101,5649.0
203,5649.2
208,5649.3
152,5649.5
154,5649.7
311,5649.8
36,5649.9
95,5650.2
246,5650.5
243,5650.7
354,5650.9
305,5650.9
104,5651.9
128,5652.0
123,5652.0
339,5652.1
365,5653.4
379,5653.4
94,5656.2
147,5658.3
269,5659.7
83,5659.9
48,5660.6
3,5662.2
89,5667.0
142,5668.2
274,5669.9
184,5671.8
14,5673.1
305,5674.3
26,5674.7
55,5675.2
30,5675.7
115,5676.8
227,5677.3
308,5678.1
335,5678.2
149,5678.7
297,5679.0
380,5680.1
284,5682.1
298,5682.7
93,5683.4
360,5684.6
23,5684.7
144,5684.8
214,5687.4
351,5687.7
270,5689.2
264,5690.1
381,5690.7
137,5692.1
156,5692.1
365,5693.4
104,5694.5
191,5694.7
81,5696.1
199,5701.5
312,5701.7
127,5708.8
60,5713.7
369,5718.6
106,5719.4
112,5719.4
299,5721.0
356,5721.3
4,5721.7
70,5721.8
160,5722.0
164,5722.3
68,5722.5
77,5722.6
266,5722.7
61,5722.7
254,5722.8
297,5723.1
207,5723.2
248,5723.6
13,5723.7
110,5723.7
84,5724.0
85,5724.2
120,5724.3
131,5724.3
82,5724.4
351,5725.1
107,5725.5
316,5726.9
205,5726.9
345,5727.1
165,5727.7
379,5727.9
339,5728.0
305,5728.8
243,5728.9
213,5729.1
95,5729.8
123,5730.0
349,5730.0
33,5730.9
36,5731.0
340,5731.7
54,5732.3
354,5732.4
373,5732.9
103,5733.2
114,5733.7
245,5734.1
325,5734.9
374,5735.1
232,5736.0
217,5738.1
180,5740.8
16,5741.0
154,5741.4
186,5744.3
235,5744.6
268,5745.0
248,5748.4
38,5749.9
229,5751.4
120,5752.5
125,5754.1
280,5756.7
126,5760.2
107,5760.8
304,5762.2
238,5764.3
5,5766.2
307,5770.4
255,5776.5
327,5777.6
199,5778.3
153,5781.4
90,5783.8
252,5787.8
262,5790.3
133,5790.4
178,5792.1
285,5794.2
237,5794.8
331,5796.4
96,5797.5
65,5798.2
271,5800.2
87,5800.5
356,5801.2
299,5801.6
70,5802.1
160,5802.3
164,5802.3
68,5802.6
266,5802.7
61,5802.7
248,5802.9
77,5802.9
254,5803.2
297,5803.3
4,5803.4
120,5803.6
13,5803.8
351,5804.5
131,5804.7
207,5804.8
107,5804.9
110,5805.2
312,5805.3
84,5805.5
106,5805.6
365,5805.8
205,5806.9
345,5807.4
113,5807.6
154,5807.7
165,5807.8
316,5808.2
352,5808.5
104,5809.0
379,5809.3
213,5809.4
95,5810.2
305,5810.2
203,5811.2
349,5811.4
246,5812.6
339,5813.0
33,5813.7
36,5814.1
354,5814.3
123,5814.8
198,5814.9
99,5815.2
210,5815.5
86,5816.1
62,5817.3
347,5818.6
176,5821.5
1,5826.3
314,5827.9
202,5828.1
205,5830.8
230,5835.0
75,5836.8
322,5844.7
171,5845.8
335,5845.9
129,5848.7
20,5851.0
51,5852.8
32,5853.1
340,5858.1
100,5861.0
136,5863.9
15,5864.9
151,5866.0
132,5874.2
177,5875.9
233,5876.0
266,5876.2
70,5878.8
57,5879.9
356,5881.0
160,5881.3
299,5881.7
164,5882.4
68,5882.8
61,5882.9
368,5883.0
77,5883.2
254,5883.3
248,5883.3
199,5883.5
4,5883.7
297,5883.7
13,5884.0
120,5884.1
381,5884.6
351,5884.7
107,5884.8
207,5884.8
197,5884.9
131,5885.0
110,5885.1
205,5885.2
108,5885.7
161,5886.3
84,5886.4
106,5886.8
305,5886.8
350,5887.2
345,5887.3
165,5887.9
63,5888.0
312,5888.0
322,5888.8
62,5889.0
213,5889.2
316,5889.3
154,5889.6
0,5889.7
379,5889.7
208,5889.9
95,5889.9
349,5890.5
243,5890.7
365,5890.9
55,5891.0
198,5891.4
378,5891.9
152,5892.7
354,5892.9
118,5893.1
113,5893.3
123,5894.0
374,5894.3
373,5895.9
276,5897.5
204,5899.4
150,5900.4
170,5905.2
250,5908.5
48,5912.3
303,5919.7
234,5921.6
255,5922.0
33,5926.0
61,5927.4
174,5929.5
117,5933.8
166,5933.9
256,5934.0
367,5935.3
211,5940.9
274,5942.0
124,5942.4
219,5944.0
317,5946.2
230,5948.8
78,5949.2
383,5950.0
329,5954.4
332,5955.1
323,5955.2
312,5955.9
375,5956.4
206,5957.3
272,5958.2
333,5960.5
257,5961.7
175,5964.1
293,5965.3
212,5966.3
11,5967.4
258,5968.8
338,5969.1
260,5970.2
249,5973.4
14,5974.2
55,5975.5
241,5975.9
200,5977.6
353,5980.2
91,5980.4
225,5984.0
362,5987.2
370,5987.9
208,5989.1
201,5990.8
27,5991.9
139,5995.0
306,5997.0
298,5997.9
321,5998.0
255,5998.1
112,5999.8
84,6000.6
69,6003.8
247,6005.0
217,6008.7
3,6011.3
64,6012.6
299,6015.3
267,6015.8
229,6016.0
6,6019.1
141,6022.9
216,6023.3
74,6025.2
147,6026.7
73,6027.2
167,6028.0
103,6028.5
41,6030.9
253,6031.1
109,6032.1
34,6032.9
36,6033.0
341,6038.3
201,6041.7
135,6047.1
282,6048.8
379,6052.3
80,6052.8
148,6054.3
68,6054.9
318,6055.0
210,6055.4
279,6063.8
173,6065.1
221,6065.2
132,6067.0
336,6067.4
161,6067.8
94,6078.0
224,6079.0
278,6079.0
39,6080.2
371,6084.5
346,6085.7
187,6086.3
183,6088.6
195,6088.9
129,6090.4
134,6090.5
110,6090.6
169,6091.6
303,6092.4
37,6092.5
49,6092.7
31,6093.4
118,6094.3
197,6095.0
360,6097.0
5,6097.1
301,6099.5
105,6102.1
124,6105.7
334,6107.7
248,6108.6
72,6109.2
353,6112.1
275,6112.7
343,6114.5
111,6115.0
292,6115.0
297,6115.1
245,6116.0
236,6116.8
89,6121.0
202,6121.9
131,6124.3
127,6124.9
107,6125.4
325,6127.7
63,6130.3
156,6134.5
167,6136.2
119,6137.1
363,6139.7
351,6140.7
102,6141.1
209,6143.2
166,6143.3
381,6144.0
194,6144.0
247,6144.7
341,6149.8
330,6153.4
250,6154.6
266,6154.9
369,6155.3
311,6156.2
222,6158.8
259,6159.9
305,6160.6
130,6163.6
277,6163.8
114,6166.1
343,6168.1
144,6170.2
261,6170.5
32,6171.1
56,6174.2
359,6176.6
328,6177.2
184,6179.1
98,6181.9
383,6182.6
52,6182.9
152,6183.4
368,6184.6
34,6184.9
380,6187.8
69,6194.4
356,6197.9
116,6199.8
214,6201.1
220,6202.0
304,6209.6
59,6213.2
171,6213.9
35,6215.3
121,6215.5
24,6215.9
296,6215.9
374,6217.3
247,6221.0
287,6222.0
239,6222.4
213,6225.3
149,6227.5
7,6227.5
106,6227.6
235,6227.8
172,6230.6
96,6231.0
357,6231.5
109,6231.7
260,6233.2
313,6234.0
376,6234.6
322,6234.9
297,6236.4
187,6238.8
82,6241.2
117,6244.1
26,6249.9
218,6257.2
157,6260.9
18,6262.4
151,6262.7
267,6263.2
361,6264.9
308,6264.9
230,6265.5
356,6265.9
266,6266.1
142,6266.2
160,6266.4
299,6266.9
70,6267.6
164,6267.6
68,6267.8
203,6267.9
152,6268.1
61,6268.2
305,6268.4
248,6268.6
315,6268.8
254,6268.9
297,6268.9
198,6269.0
4,6269.2
13,6269.2
351,6269.4
110,6269.7
104,6270.0
207,6270.0
107,6270.1
103,6270.2
120,6270.5
359,6270.6
158,6270.7
106,6271.1
213,6271.6
77,6271.8
372,6272.0
205,6272.0
201,6272.0
345,6272.3
341,6272.6
240,6272.8
199,6273.7
165,6273.7
311,6274.2
379,6275.2
208,6275.3
250,6275.9
349,6276.3
114,6276.3
17,6276.4
312,6276.4
243,6276.4
374,6277.0
284,6277.2
252,6277.3
339,6277.7
316,6277.8
354,6277.9
36,6278.7
263,6280.7
342,6281.0
123,6282.1
184,6283.3
219,6283.3
248,6289.4
6,6293.1
155,6296.8
356,6297.6
199,6298.6
163,6299.3
47,6300.6
286,6303.0
348,6303.5
332,6306.6
95,6307.6
93,6313.4
196,6315.3
9,6315.9
182,6316.3
29,6319.4
25,6320.1
251,6321.4
66,6322.3
279,6327.9
317,6329.5
298,6331.8
110,6333.2
103,6334.8
56,6336.6
131,6336.8
272,6339.8
54,6340.9
262,6342.7
63,6342.7
92,6343.3
337,6345.0
266,6345.8
356,6345.8
299,6345.8
160,6346.1
4,6346.9
183,6347.1
318,6347.4
164,6347.5
70,6347.6
68,6347.7
203,6347.7
61,6348.0
248,6348.1
297,6348.3
305,6348.6
207,6348.7
152,6348.7
107,6348.8
254,6349.0
13,6349.1
223,6349.1
198,6349.2
104,6350.0
120,6350.3
158,6350.5
244,6351.0
77,6351.3
199,6351.4
351,6351.6
213,6352.2
106,6352.3
113,6352.4
205,6352.4
345,6352.5
359,6352.6
339,6352.7
243,6353.4
165,6353.4
240,6354.7
379,6354.8
201,6354.9
341,6355.0
185,6355.6
154,6355.9
123,6356.1
146,6356.3
289,6356.4
365,6356.6
349,6357.1
350,6357.2
246,6358.5
374,6359.1
354,6359.2
14,6359.6
264,6362.4
333,6365.3
12,6366.2
200,6369.5
18,6370.4
53,6372.0
44,6372.3
197,6373.2
169,6376.0
102,6378.2
134,6378.6
270,6379.1
125,6380.4
123,6380.6
330,6382.2
133,6382.8
90,6386.6
371,6386.7
16,6388.5
166,6389.9
150,6395.0
159,6396.0
46,6396.7
190,6398.6
359,6400.7
84,6402.0
145,6408.4
189,6411.8
26,6413.3
164,6413.7
273,6417.0
210,6421.2
61,6421.4
342,6424.1
340,6424.7
356,6425.6
318,6425.8
266,6425.9
160,6426.0
351,6426.4
299,6426.7
70,6427.6
203,6427.6
68,6427.7
103,6428.3
248,6428.4
4,6428.5
152,6428.7
305,6428.7
297,6428.8
254,6428.9
198,6429.0
13,6429.0
341,6429.0
110,6429.1
104,6429.6
207,6430.0
107,6430.2
120,6430.6
158,6430.8
241,6431.2
25,6431.3
77,6431.4
205,6432.1
199,6432.2
345,6432.5
307,6432.6
106,6432.6
154,6432.8
165,6433.1
213,6433.4
240,6434.1
200,6434.1
316,6434.6
245,6434.9
379,6435.4
339,6436.0
36,6436.7
123,6436.7
265,6437.1
201,6437.2
349,6437.4
54,6437.7
95,6439.5
258,6440.4
374,6440.4
344,6442.2
84,6443.1
195,6444.4
255,6446.0
246,6446.8
285,6447.3
291,6452.5
158,6452.6
13,6457.2
183,6460.4
81,6461.0
372,6461.4
186,6464.3
276,6464.9
252,6469.2
14,6472.2
120,6475.7
192,6477.7
330,6478.5
181,6482.7
262,6485.4
267,6487.7
15,6488.2
4,6491.4
232,6492.1
259,6494.7
118,6496.6
67,6501.2
62,6503.2
242,6504.7
356,6505.9
266,6505.9
88,6506.0
160,6506.0
164,6506.7
299,6506.8
61,6506.9
70,6507.6
203,6507.7
68,6508.0
13,6508.2
254,6508.7
305,6508.8
248,6508.8
152,6508.9
297,6508.9
129,6509.0
115,6509.2
351,6509.2
198,6509.2
158,6509.4
103,6509.5
359,6509.9
104,6509.9
120,6510.1
110,6510.2
207,6510.3
107,6510.6
77,6511.1
205,6511.9
341,6512.1
43,6512.4
339,6512.5
345,6512.5
165,6512.8
216,6512.8
342,6513.2
106,6513.3
123,6513.3
246,6513.8
213,6513.8
199,6513.9
39,6514.0
240,6514.5
135,6514.6
354,6515.0
365,6515.7
379,6515.8
150,6515.9
243,6516.1
208,6516.1
349,6516.1
154,6516.1
312,6516.6
244,6517.0
201,6517.5
25,6517.5
73,6518.1
275,6521.3
238,6522.9
319,6526.7
76,6527.5
26,6530.7
111,6531.0
329,6534.4
124,6534.8
11,6536.8
367,6537.6
272,6545.6
60,6546.9
113,6547.6
382,6548.2
61,6549.5
190,6550.4
247,6550.7
324,6550.9
366,6552.4
307,6557.5
47,6559.2
271,6559.9
105,6560.1
283,6562.3
359,6564.5
17,6567.1
354,6568.1
99,6568.7
36,6569.7
54,6571.1
348,6572.7
360,6573.0
204,6575.2
326,6576.8
80,6576.9
104,6577.2
145,6582.6
85,6585.2
109,6586.8
5,6590.7
92,6592.5
3,6593.3
363,6595.0
213,6595.3
262,6597.8
348,6598.9
1,6598.9
144,6601.5
18,6601.6
291,6603.9
138,6605.4
305,6605.9
16,6606.9
55,6615.8
122,6617.1
175,6621.3
135,6621.4
185,6622.7
71,6624.8
0,6627.3
208,6632.3
118,6634.8
59,6635.0
22,6636.8
36,6639.9
33,6640.9
370,6641.4
27,6642.6
97,6642.6
379,6646.0
323,6646.2
177,6646.4
23,6647.7
362,6649.9
39,6652.6
119,6652.9
259,6653.5
346,6653.8
246,6656.7
189,6658.9
37,6659.6
375,6663.8
325,6671.5
126,6672.2
330,6672.8
170,6673.3
78,6674.0
285,6677.0
314,6677.1
346,6677.2
142,6679.5
32,6682.8
160,6682.8
252,6683.2
38,6687.8
132,6688.4
207,6693.0
321,6693.4
141,6694.3
291,6695.8
107,6696.7
217,6698.8
165,6702.9
371,6705.0
312,6706.8
331,6708.6
42,6709.2
157,6710.7
51,6712.6
359,6716.5
204,6717.4
75,6719.7
365,6720.8
195,6721.2
194,6723.5
148,6724.4
150,6724.5
309,6726.0
171,6727.8
308,6728.9
325,6731.8
184,6733.9
292,6734.4
249,6736.0
44,6737.7
201,6738.5
56,6740.6
280,6740.9
320,6741.1
376,6743.0
15,6748.6
278,6748.8
156,6749.1
58,6749.7
306,6751.1
281,6751.8
101,6752.0
104,6753.7
302,6756.7
152,6756.9
84,6756.9
332,6763.5
185,6764.9
153,6766.0
31,6768.0
8,6768.0
88,6768.1
262,6768.6
310,6771.8
69,6773.2
95,6774.3
66,6775.8
134,6776.9
311,6777.7
29,6779.0
316,6779.1
327,6782.1
286,6782.3
337,6788.7
183,6792.4
151,6797.2
334,6799.6
10,6799.6
172,6800.9
83,6801.2
113,6802.8
295,6803.1
176,6807.6
345,6808.1
377,6810.3
35,6811.4
370,6812.5
257,6813.2
383,6814.1
382,6814.6
291,6819.8
166,6820.1
279,6821.9
14,6825.0
85,6828.4
251,6831.4
57,6832.1
173,6833.3
307,6833.3
248,6834.0
156,6834.0
52,6834.2
317,6834.2
219,6841.7
195,6843.1
348,6843.4
352,6844.2
45,6846.6
208,6849.3
187,6852.5
338,6853.9
39,6856.0
256,6856.3
331,6858.2
2,6858.7
133,6862.3
246,6863.2
105,6863.9
125,6865.3
295,6866.9
94,6867.0
55,6869.0
221,6869.9
356,6872.2
134,6882.0
34,6883.1
176,6883.2
261,6885.3
306,6888.6
118,6890.1
248,6891.1
160,6891.3
103,6891.9
299,6892.1
351,6892.2
245,6892.6
164,6892.8
203,6892.9
212,6892.9
70,6893.0
199,6893.0
266,6893.5
61,6893.6
152,6893.6
254,6893.9
288,6894.0
29,6894.0
305,6894.2
104,6894.2
297,6894.3
154,6894.3
4,6894.4
13,6894.5
113,6895.0
207,6895.1
120,6895.5
107,6895.7
243,6895.7
345,6895.8
110,6895.9
158,6896.0
149,6896.3
169,6896.4
108,6896.5
205,6897.2
56,6897.5
293,6897.8
106,6897.9
359,6897.9
208,6898.0
165,6898.1
240,6898.2
201,6898.5
198,6898.6
226,6898.6
312,6899.0
294,6899.4
102,6899.5
353,6899.7
159,6899.9
311,6900.7
349,6900.7
379,6901.1
355,6901.9
341,6902.1
354,6902.1
316,6902.2
322,6902.5
339,6902.6
246,6903.1
123,6903.9
179,6904.2
295,6904.6
200,6904.7
146,6905.5
36,6906.1
20,6909.3
227,6909.6
300,6916.6
65,6917.4
243,6917.5
244,6923.0
19,6923.6
76,6924.2
96,6924.8
33,6924.9
137,6927.1
139,6927.7
9,6931.3
324,6931.5
229,6934.5
93,6934.6
266,6934.8
280,6935.0
197,6936.3
209,6938.6
304,6941.0
102,6949.9
382,6951.4
154,6952.6
47,6952.7
257,6953.2
112,6957.2
104,6961.4
106,6962.6
247,6962.8
216,6963.4
274,6965.3
120,6966.6
214,6968.0
348,6968.8
122,6970.8
248,6971.0
160,6971.0
90,6971.0
103,6971.2
299,6971.5
252,6971.6
351,6972.1
266,6972.5
199,6972.6
164,6972.6
70,6972.7
203,6972.8
61,6973.2
4,6973.4
152,6973.7
254,6973.8
188,6973.9
305,6974.0
13,6974.1
297,6974.1
356,6974.2
29,6974.3
243,6974.3
207,6974.7
113,6975.2
110,6975.4
2,6975.6
330,6975.6
50,6975.9
158,6975.9
108,6976.2
107,6976.2
198,6976.3
129,6976.4
295,6976.6
345,6976.8
169,6976.9
255,6977.0
149,6977.2
205,6977.4
165,6977.9
44,6977.9
293,6978.2
221,6978.8
68,6979.1
244,6979.4
56,6979.5
115,6980.0
379,6980.0
176,6981.3
359,6981.7
312,6981.8
12,6982.0
246,6982.0
349,6982.6
132,6983.0
208,6983.1
77,6984.6
342,6984.6
179,6984.7
182,6986.1
189,6987.9
11,6991.5
254,6995.0
245,6995.4
233,6998.4
84,7000.1
174,7000.3
162,7003.2
351,7003.7
25,7010.1
357,7012.0
143,7013.2
275,7014.7
29,7018.2
62,7020.1
175,7022.0
337,7022.7
329,7024.1
184,7025.6
117,7027.2
23,7027.5
161,7031.1
87,7032.8
124,7033.0
343,7034.4
6,7035.1
225,7036.9
107,7038.0
308,7039.2
262,7043.3
219,7043.6
241,7047.6
315,7049.0
35,7049.6
67,7050.1
210,7050.6
160,7051.1
248,7051.2
103,7051.3
381,7051.4
297,7051.4
351,7051.5
299,7051.8
266,7052.4
154,7052.6
199,7052.6
203,7052.8
254,7052.9
164,7052.9
70,7053.1
61,7053.2
104,7053.3
4,7053.6
305,7053.8
152,7053.9
115,7054.0
120,7054.0
13,7054.2
149,7054.4
29,7055.0
183,7055.0
207,7055.0
243,7055.1
356,7055.2
359,7055.4
113,7055.5
110,7056.1
249,7056.3
106,7056.5
158,7056.5
108,7056.8
102,7056.8
205,7057.2
344,7057.2
39,7057.2
345,7057.4
169,7057.9
295,7058.1
198,7058.2
50,7058.5
165,7058.9
293,7059.0
240,7059.5
275,7059.6
246,7059.7
255,7059.8
298,7060.7
379,7061.0
30,7061.1
201,7061.1
354,7061.3
349,7061.5
56,7061.7
341,7061.8
36,7062.5
339,7062.7
244,7062.8
123,7063.4
91,7066.5
327,7069.7
374,7070.0
40,7072.3
286,7077.3
9,7077.4
250,7078.4
311,7081.6
179,7082.1
282,7085.2
111,7086.1
94,7087.3
229,7090.3
41,7092.5
70,7095.6
278,7097.3
155,7098.0
113,7102.1
274,7108.1
16,7108.2
365,7108.3
36,7109.9
328,7113.0
177,7115.3
173,7117.6
121,7118.8
180,7120.0
140,7121.0
248,7121.2
139,7122.2
194,7122.9
341,7127.7
123,7130.7
160,7131.1
196,7131.4
103,7131.4
351,7131.6
299,7131.8
369,7132.2
70,7132.4
199,7132.6
235,7132.6
164,7132.8
266,7132.9
203,7132.9
297,7133.1
61,7133.3
254,7133.3
4,7133.7
99,7133.8
154,7133.8
305,7133.9
152,7134.0
13,7134.3
104,7134.4
29,7134.5
361,7134.6
120,7134.8
107,7134.9
198,7135.1
207,7135.2
243,7135.4
356,7135.6
113,7135.8
110,7135.9
149,7135.9
158,7136.5
171,7136.5
359,7136.6
108,7136.6
345,7137.4
205,7137.5
228,7137.7
106,7137.9
169,7138.1
293,7138.5
165,7138.5
102,7139.0
295,7139.1
246,7139.3
68,7139.6
172,7140.4
240,7140.5
179,7140.5
178,7140.6
311,7141.0
379,7141.0
250,7141.1
62,7141.1
349,7141.2
182,7146.1
259,7152.4
90,7152.5
157,7155.3
4,7156.2
76,7165.0
379,7169.2
212,7171.1
183,7171.8
73,7172.8
49,7174.0
50,7174.5
137,7176.1
188,7178.7
261,7180.0
75,7180.4
136,7181.6
199,7187.3
116,7189.2
163,7193.1
232,7199.8
176,7200.0
350,7205.4
175,7205.5
352,7209.8
227,7212.8
211,7213.3
86,7215.8
349,7220.2
243,7221.5
187,7223.0
92,7223.3
370,7223.5
195,7223.8
159,7226.3
149,7226.8
119,7230.2
209,7230.9
50,7230.9
286,7233.3
71,7234.7
63,7236.6
38,7237.5
169,7239.3
300,7239.4
21,7241.2
29,7242.3
245,7242.6
27,7245.1
213,7245.6
333,7247.5
185,7250.7
0,7253.1
87,7253.9
313,7254.5
260,7256.4
341,7259.3
168,7259.8
241,7264.1
329,7265.3
89,7268.8
326,7269.0
10,7272.5
222,7272.5
273,7274.9
28,7278.9
192,7279.2
57,7281.4
345,7284.6
76,7288.6
283,7290.5
143,7291.0
132,7294.4
191,7298.7
13,7299.9
317,7303.2
274,7304.7
225,7305.1
72,7305.4
19,7305.4
364,7307.8
69,7310.4
223,7314.1
252,7316.7
180,7318.8
20,7319.3
270,7320.7
373,7324.0
263,7324.1
272,7324.4
163,7326.3
308,7327.3
239,7328.4
363,7328.9
281,7331.3
26,7331.9
170,7335.8
17,7337.5
303,7339.3
240,7339.3
346,7341.0
339,7341.2
282,7341.7
133,7342.6
367,7346.2
267,7350.0
140,7350.5
93,7352.3
161,7353.4
104,7356.4
381,7357.2
302,7359.9
87,7360.6
145,7361.3
36,7361.4
244,7363.9
79,7365.9
372,7368.1
215,7368.3
202,7370.9
82,7372.2
43,7376.6
203,7377.2
255,7377.2
353,7381.0
288,7381.5
209,7383.0
165,7387.9
160,7388.6
22,7388.9
224,7390.6
9,7391.4
74,7391.7
18,7392.8
164,7394.0
137,7398.8
304,7400.8
130,7403.6
108,7405.0
2,7407.6
326,7407.8
227,7412.6
142,7413.6
159,7414.7
318,7416.0
313,7416.4
123,7418.8
230,7419.9
167,7421.5
206,7422.3
237,7422.5
42,7424.1
356,7424.3
241,7428.4
283,7429.5
297,7430.0
242,7431.2
323,7431.3
19,7433.6
218,7433.8
351,7436.3
43,7439.9
9,7441.8
217,7442.4
179,7444.3
132,7448.8
94,7449.9
155,7450.4
285,7453.8
264,7454.3
382,7458.8
134,7460.9
364,7463.8
160,7463.8
198,7464.9
348,7465.9
135,7466.1
319,7468.2
77,7476.7
100,7477.0
126,7479.2
333,7480.1
14,7480.2
122,7480.7
300,7482.7
97,7485.1
139,7486.5
225,7486.8
37,7488.8
59,7491.6
56,7492.4
74,7492.6
334,7492.7
58,7493.8
52,7494.3
337,7494.5
47,7498.5
269,7498.7
226,7500.8
251,7500.9
78,7501.0
359,7504.3
306,7505.7
200,7507.6
296,7507.9
343,7510.6
152,7511.5
201,7515.8
160,7515.8
351,7516.6
103,7517.0
299,7517.2
164,7517.4
70,7518.2
61,7518.8
266,7518.8
254,7519.1
248,7519.2
154,7519.6
356,7520.0
104,7520.2
108,7520.3
120,7520.6
203,7520.7
230,7520.8
29,7520.9
243,7521.0
110,7521.0
171,7521.1
98,7521.2
158,7521.4
324,7521.4
113,7521.5
107,7521.8
169,7522.3
345,7522.4
205,7522.7
297,7522.9
293,7523.2
165,7523.3
305,7523.5
199,7523.7
159,7523.7
4,7524.3
106,7524.3
51,7524.5
77,7524.8
27,7525.0
292,7525.1
349,7525.2
13,7525.4
68,7525.6
312,7526.4
379,7526.4
179,7526.6
341,7526.8
255,7527.1
123,7527.2
354,7527.9
127,7527.9
244,7529.2
36,7529.3
301,7529.4
258,7530.1
166,7531.5
295,7533.0
89,7536.3
151,7536.8
119,7541.0
304,7542.7
364,7546.8
72,7549.1
162,7551.7
321,7551.8
253,7552.1
111,7554.0
240,7555.3
164,7556.3
339,7556.7
250,7558.1
225,7559.4
61,7560.1
64,7560.3
330,7562.2
168,7563.8
378,7568.4
63,7569.3
328,7569.6
204,7570.3
193,7572.2
288,7574.2
148,7577.7
21,7577.8
352,7582.3
87,7583.4
366,7583.8
153,7584.8
76,7584.8
35,7587.4
26,7589.8
217,7592.0
163,7593.1
160,7595.5
103,7596.3
146,7596.5
299,7596.7
351,7596.9
164,7597.1
93,7597.3
61,7597.7
70,7598.0
266,7598.0
254,7598.8
248,7599.1
234,7599.2
154,7599.3
158,7599.3
235,7599.6
140,7599.8
104,7599.9
356,7600.3
120,7600.5
243,7600.7
110,7600.7
215,7600.8
29,7600.9
108,7601.1
113,7601.2
56,7601.3
230,7601.3
359,7601.5
107,7601.6
201,7601.8
203,7602.0
345,7602.3
205,7602.4
152,7602.4
169,7602.5
159,7602.9
305,7603.1
293,7603.4
199,7603.5
165,7603.5
4,7603.5
106,7603.7
368,7604.0
233,7604.0
297,7604.8
72,7605.3
349,7605.4
147,7605.5
379,7605.7
30,7605.9
77,7606.8
250,7607.0
341,7608.1
123,7608.1
342,7608.2
91,7609.7
179,7610.9
40,7612.4
277,7615.0
13,7616.4
133,7617.5
129,7618.8
107,7624.6
57,7624.9
276,7626.2
39,7626.9
12,7627.6
34,7628.8
297,7630.4
50,7632.3
174,7634.2
101,7634.5
238,7637.6
266,7638.0
135,7641.2
175,7641.6
8,7642.3
7,7642.4
177,7643.0
299,7643.6
279,7644.2
159,7646.1
152,7646.8
362,7651.2
211,7652.7
136,7657.0
383,7659.6
212,7661.3
90,7661.8
224,7664.2
138,7664.6
342,7666.5
22,7668.0
47,7668.3
103,7675.6
299,7675.9
160,7675.9
372,7676.6
95,7676.9
351,7677.0
68,7677.2
164,7677.2
61,7677.4
266,7677.6
70,7678.0
110,7678.8
254,7678.9
248,7679.0
108,7679.0
243,7679.0
154,7679.2
357,7679.8
107,7680.0
104,7680.1
293,7680.2
158,7680.3
120,7680.4
356,7680.4
305,7680.4
113,7681.0
13,7681.3
4,7681.3
29,7681.4
203,7681.8
205,7681.9
297,7682.4
230,7682.5
169,7682.6
345,7682.6
12,7683.0
165,7683.3
199,7683.4
106,7683.5
208,7683.6
201,7683.8
359,7684.1
152,7684.2
244,7684.5
312,7684.7
56,7685.1
349,7685.3
65,7685.5
354,7685.6
379,7686.4
27,7686.7
50,7687.0
117,7687.3
84,7687.8
123,7689.0
280,7689.0
326,7692.0
272,7692.5
85,7696.8
116,7697.0
308,7697.4
14,7698.7
82,7701.2
71,7702.9
269,7704.9
164,7704.9
169,7705.1
356,7707.9
25,7709.9
188,7712.1
226,7712.1
265,7716.6
121,7717.1
364,7717.6
376,7717.6
312,7719.4
314,7720.5
295,7723.5
54,7724.4
143,7724.6
264,7724.7
178,7725.6
206,7726.8
198,7729.2
192,7730.5
31,7732.0
112,7732.3
53,7734.2
360,7734.8
163,7738.4
367,7742.9
274,7746.6
45,7747.2
125,7747.3
69,7750.3
0,7751.7
28,7753.2
160,7756.1
299,7756.3
103,7756.4
164,7757.2
351,7757.2
266,7757.5
61,7757.9
70,7758.1
277,7758.5
254,7758.9
66,7759.2
248,7759.2
154,7759.3
26,7759.5
356,7759.5
104,7760.2
205,7760.4
107,7760.5
243,7760.7
110,7760.8
120,7760.8
169,7760.9
158,7761.1
113,7761.1
165,7761.5
29,7761.6
68,7761.6
305,7761.7
108,7762.0
203,7762.7
345,7762.7
152,7762.7
294,7763.1
230,7763.1
4,7763.4
297,7763.5
106,7763.5
312,7763.6
293,7763.7
199,7764.0
342,7764.1
159,7764.2
13,7764.3
359,7765.7
349,7765.7
341,7766.2
379,7766.2
201,7766.3
12,7768.2
155,7769.4
296,7770.1
42,7771.3
235,7777.1
309,7778.4
338,7784.1
354,7785.0
51,7786.0
214,7787.0
140,7787.6
250,7787.7
78,7788.0
315,7789.7
47,7793.1
287,7793.1
103,7797.4
141,7798.3
180,7802.2
161,7803.4
371,7806.5
116,7810.0
223,7815.3
156,7817.2
278,7822.2
317,7827.4
228,7828.8
120,7830.2
325,7833.4
301,7835.4
197,7838.2
81,7840.2
318,7840.5
300,7840.9
316,7842.4
36,7846.1
272,7847.1
87,7850.9
141,7851.0
254,7853.3
345,7853.5
134,7855.2
261,7856.2
54,7856.3
248,7858.2
86,7858.5
340,7859.2
329,7859.3
186,7860.8
75,7862.6
270,7865.1
196,7867.1
382,7867.3
267,7869.1
161,7872.1
287,7874.5
160,7875.7
157,7876.0
361,7876.6
208,7877.9
204,7883.7
239,7883.7
136,7884.9
202,7885.2
253,7886.8
362,7888.5
303,7888.7
155,7889.4
295,7889.7
323,7891.9
224,7892.6
313,7898.3
88,7898.9
8,7900.6
53,7903.8
227,7904.0
149,7904.3
344,7905.7
306,7907.1
176,7909.0
179,7909.1
15,7909.3
74,7909.6
238,7909.9
183,7910.0
216,7910.4
79,7912.6
153,7913.1
195,7913.4
381,7915.4
368,7916.3
123,7919.5
48,7921.8
268,7925.0
1,7925.7
40,7927.0
199,7930.4
147,7933.5
346,7933.7
272,7934.9
351,7940.0
232,7941.0
245,7941.0
6,7943.3
11,7946.6
315,7948.3
220,7949.6
43,7951.4
77,7953.8
131,7956.2
42,7957.0
166,7959.8
129,7962.4
64,7964.8
116,7968.7
283,7972.6
343,7973.6
102,7973.6
135,7974.3
169,7975.2
90,7976.8
114,7981.7
308,7984.9
152,7989.3
335,7989.8
106,7999.1
231,8004.0
60,8009.0
229,8010.1
302,8012.3
93,8012.6
223,8013.2
273,8015.7
172,8016.1
357,8017.3
264,8017.3
115,8017.4
36,8017.5
253,8017.7
143,8019.7
314,8020.8
218,8031.8
333,8032.8
55,8035.1
105,8036.9
342,8038.2
168,8038.6
343,8039.0
232,8039.3
378,8040.8
56,8042.2
61,8049.5
33,8051.0
125,8051.4
124,8053.3
98,8054.0
103,8054.7
107,8056.0
259,8058.4
41,8062.8
207,8062.9
92,8066.5
148,8070.5
128,8073.1
379,8075.3
233,8077.0
112,8077.6
198,8083.1
164,8083.6
369,8087.3
131,8093.5
269,8093.8
338,8095.1
383,8097.8
212,8098.6
191,8101.7
210,8102.3
306,8104.0
240,8105.0
288,8107.1
325,8108.6
218,8109.0
2,8109.3
376,8112.4
290,8114.5
302,8117.0
264,8118.4
289,8118.6
182,8119.1
37,8122.2
158,8122.4
161,8124.2
315,8126.3
307,8126.6
275,8126.8
381,8128.5
52,8128.6
7,8130.8
111,8131.1
237,8131.3
319,8131.6
138,8131.9
22,8133.3
226,8134.2
139,8134.4
311,8136.0
374,8136.9
99,8138.5
351,8140.6
164,8142.3
160,8142.7
103,8142.9
70,8143.1
254,8143.8
248,8144.0
25,8144.1
299,8144.1
62,8144.3
154,8144.4
354,8144.6
334,8144.9
107,8145.1
61,8145.1
33,8145.5
120,8145.5
243,8145.7
110,8145.7
29,8146.2
301,8146.4
77,8146.5
106,8146.7
108,8147.0
203,8147.0
169,8147.4
345,8147.5
199,8147.7
266,8147.8
56,8147.9
112,8147.9
293,8148.0
152,8148.5
379,8149.0
151,8149.1
230,8149.2
359,8150.1
297,8150.2
210,8150.3
270,8150.7
104,8151.5
201,8151.9
68,8152.1
326,8152.2
280,8152.6
13,8153.3
48,8153.7
123,8154.6
18,8155.3
145,8156.0
282,8160.4
6,8160.6
360,8161.8
162,8162.9
332,8171.7
230,8171.7
320,8173.1
322,8173.6
167,8175.2
126,8180.5
109,8180.9
318,8181.8
157,8183.6
259,8186.8
369,8188.6
192,8193.7
38,8197.7
10,8198.4
221,8198.6
249,8202.4
323,8203.7
96,8204.2
235,8206.2
189,8206.6
239,8207.8
108,8208.5
106,8209.5
255,8215.6
107,8215.8
285,8220.0
351,8220.2
150,8221.5
173,8222.0
159,8222.3
160,8222.3
164,8222.4
311,8222.4
70,8222.8
103,8223.2
299,8223.5
332,8223.5
254,8223.5
25,8223.6
248,8223.9
74,8224.0
62,8224.1
354,8224.2
154,8224.2
158,8224.3
120,8225.2
243,8225.4
230,8225.5
61,8225.6
34,8225.7
110,8225.7
33,8225.7
77,8225.9
29,8226.0
268,8226.3
45,8226.5
301,8226.7
266,8226.8
169,8227.1
345,8227.2
203,8227.8
293,8228.0
219,8228.3
199,8228.4
362,8229.0
32,8229.1
2,8229.2
312,8229.5
379,8229.5
178,8230.1
27,8230.7
152,8230.8
297,8231.2
247,8231.5
112,8231.8
56,8232.1
30,8232.6
359,8233.4
123,8233.5
270,8233.7
135,8234.6
356,8236.3
137,8239.2
350,8240.3
120,8246.7
293,8247.2
296,8248.6
47,8249.7
88,8250.6
223,8251.6
122,8257.8
238,8257.8
95,8258.9
267,8259.0
12,8261.3
44,8265.9
364,8267.8
8,8267.8
114,8270.4
377,8271.0
312,8273.5
206,8273.7
87,8274.9
97,8275.7
144,8275.8
126,8277.2
66,8278.5
133,8280.5
380,8281.6
53,8281.8
284,8281.9
337,8282.1
262,8282.6
261,8284.6
132,8287.3
14,8288.3
77,8288.3
59,8290.7
92,8290.9
64,8291.9
294,8292.5
13,8294.6
246,8297.2
351,8300.3
328,8300.5
206,8301.3
157,8301.9
160,8302.5
164,8303.0
70,8303.2
103,8303.3
299,8303.4
104,8303.6
311,8303.7
254,8303.8
248,8304.0
25,8304.2
108,8304.3
154,8304.3
62,8304.3
107,8304.4
354,8304.6
378,8304.7
120,8304.7
243,8305.2
110,8305.6
293,8305.7
158,8305.8
106,8306.0
61,8306.2
29,8306.7
230,8307.0
301,8307.4
33,8307.5
345,8307.5
266,8307.6
203,8308.2
305,8308.5
199,8309.2
12,8309.5
169,8309.6
221,8309.6
68,8309.8
201,8310.1
159,8310.3
379,8310.4
152,8311.5
297,8311.6
275,8311.6
244,8312.2
112,8314.1
123,8314.7
349,8319.8
241,8323.1
257,8323.5
75,8329.3
177,8331.6
9,8332.7
217,8333.4
366,8334.2
36,8337.3
80,8337.8
156,8339.2
211,8339.6
37,8347.5
127,8356.1
62,8359.7
310,8360.7
10,8364.2
82,8366.6
243,8367.4
363,8372.0
2,8373.4
49,8373.6
51,8375.6
373,8375.6
351,8380.3
303,8380.7
160,8382.4
240,8382.9
164,8382.9
70,8383.0
25,8383.7
254,8383.8
299,8383.8
103,8383.8
119,8383.9
248,8383.9
311,8384.0
77,8384.4
154,8384.4
354,8384.5
120,8384.6
266,8384.7
125,8384.7
106,8384.9
207,8385.6
107,8385.6
331,8385.8
110,8385.9
108,8386.2
158,8386.2
29,8386.4
13,8386.4
104,8386.5
293,8386.5
61,8386.7
19,8386.7
312,8386.7
300,8387.3
230,8387.5
33,8387.5
301,8387.5
345,8387.6
112,8387.8
156,8388.1
203,8388.1
54,8388.8
88,8388.9
246,8389.2
62,8389.4
199,8389.6
169,8389.6
359,8389.7
379,8390.8
178,8391.1
76,8391.3
297,8391.4
56,8391.7
270,8391.9
152,8392.8
247,8392.8
67,8393.1
57,8393.3
290,8394.0
332,8394.9
123,8395.1
256,8399.2
40,8399.4
224,8401.5
38,8402.1
131,8404.7
282,8404.8
0,8407.9
184,8409.5
24,8412.4
365,8415.0
20,8426.5
274,8429.7
371,8431.0
347,8431.5
27,8431.5
66,8431.6
28,8431.7
6,8432.4
84,8432.7
11,8434.3
254,8437.1
357,8437.7
181,8439.3
29,8440.2
62,8441.1
336,8442.7
142,8442.9
307,8455.5
269,8455.8
190,8458.2
72,8459.9
188,8460.5
344,8465.0
141,8466.5
208,8469.8
40,8470.6
122,8474.3
61,8477.2
293,8479.5
236,8481.0
135,8482.1
258,8482.3
266,8483.5
174,8485.9
3,8486.5
276,8487.3
91,8488.8
242,8492.4
277,8494.0
183,8496.3
212,8502.4
5,8505.0
213,8505.6
201,8512.1
335,8513.9
321,8514.1
124,8514.6
325,8516.5
48,8517.2
329,8518.2
232,8519.9
306,8520.7
104,8522.2
88,8524.2
90,8528.0
173,8530.8
126,8531.4
314,8544.0
190,8544.4
116,8547.4
94,8550.0
207,8552.7
359,8553.4
356,8556.5
251,8559.0
12,8560.0
39,8560.8
315,8562.3
85,8563.0
280,8565.4
338,8565.8
380,8569.2
341,8569.2
144,8570.8
114,8575.2
110,8579.4
240,8583.0
362,8586.5
21,8592.2
304,8594.3
96,8598.2
76,8600.4
33,8602.6
140,8603.1
23,8604.8
360,8609.4
171,8612.3
259,8614.1
1,8615.6
270,8617.2
218,8617.5
340,8617.6
312,8620.0
61,8620.6
7,8621.5
154,8624.3
336,8624.5
273,8625.2
324,8626.7
320,8628.9
222,8630.2
47,8631.6
91,8634.5
351,8635.0
219,8637.9
164,8638.0
99,8638.6
193,8641.5
108,8642.7
367,8647.5
364,8648.1
165,8649.7
40,8650.1
216,8654.4
211,8657.5
130,8660.9
308,8661.5
172,8662.5
333,8667.3
233,8668.0
232,8668.9
122,8670.4
326,8670.5
230,8671.5
263,8672.0
335,8674.2
22,8675.2
8,8675.9
316,8679.0
325,8679.7
125,8681.0
112,8683.9
185,8683.9
352,8687.5
273,8690.0
147,8691.4
24,8694.6
182,8695.3
214,8695.4
122,8696.8
102,8699.4
166,8700.0
2,8700.4
38,8700.9
113,8713.8
289,8716.0
82,8716.7
248,8717.3
204,8718.0
7,8718.1
221,8722.0
164,8725.0
189,8727.5
302,8729.0
84,8729.0
77,8729.5
281,8732.2
235,8733.1
32,8736.0
218,8737.1
261,8739.0
207,8739.7
210,8740.2
229,8741.8
24,8742.4
25,8745.8
43,8746.7
209,8750.9
68,8753.5
15,8754.5
297,8763.2
351,8765.4
70,8765.4
313,8766.2
132,8766.8
164,8767.4
160,8767.6
248,8767.9
266,8768.4
154,8768.7
254,8768.8
311,8769.2
62,8769.4
201,8769.5
354,8769.8
356,8770.2
61,8770.3
109,8770.4
77,8770.6
165,8770.8
120,8770.8
107,8771.0
29,8771.2
158,8771.6
230,8771.8
33,8771.9
203,8772.0
362,8772.0
74,8772.1
299,8772.4
345,8772.5
301,8772.6
103,8772.7
106,8772.8
169,8773.0
89,8773.1
113,8773.3
327,8773.3
199,8773.5
312,8773.8
152,8774.0
128,8774.0
104,8774.0
270,8774.1
359,8774.3
348,8774.4
112,8774.4
9,8774.5
221,8774.9
316,8774.9
357,8775.6
367,8776.2
379,8776.3
231,8776.6
25,8776.6
329,8777.5
246,8777.7
159,8777.9
56,8777.9
13,8778.6
296,8778.8
4,8779.4
35,8781.0
281,8783.4
157,8787.6
365,8789.3
278,8790.5
41,8792.6
349,8795.1
319,8797.6
115,8797.7
49,8803.7
133,8807.3
161,8808.3
239,8809.4
192,8810.4
223,8813.0
122,8813.6
102,8813.8
309,8815.1
75,8816.4
141,8817.8
146,8817.8
252,8820.2
217,8822.8
184,8823.0
110,8823.6
64,8824.3
200,8824.4
371,8824.7
237,8827.0
30,8829.6
170,8829.6
199,8829.8
179,8830.9
221,8831.1
354,8831.8
108,8833.6
138,8833.9
118,8837.2
312,8841.3
196,8843.2
359,8843.2
351,8845.3
68,8846.6
70,8846.9
254,8847.0
298,8847.2
164,8847.2
160,8847.3
266,8848.0
248,8848.1
25,8848.3
154,8848.9
29,8849.1
201,8849.4
62,8849.5
311,8849.5
356,8850.0
109,8850.3
120,8850.5
77,8850.7
107,8851.1
165,8851.1
61,8851.2
158,8851.4
297,8851.7
74,8851.8
345,8852.2
203,8852.3
362,8852.4
230,8852.5
103,8852.7
301,8852.7
299,8852.8
89,8852.9
33,8853.0
257,8853.2
106,8853.3
327,8853.3
348,8853.7
169,8853.9
128,8854.0
9,8854.0
152,8854.9
331,8855.0
349,8855.4
379,8855.7
249,8856.0
178,8856.4
247,8856.5
231,8856.5
104,8856.7
357,8856.9
250,8857.0
113,8857.4
26,8857.9
187,8858.5
69,8858.9
180,8859.5
293,8860.5
0,8863.5
303,8868.4
268,8868.4
148,8869.8
336,8870.0
219,8871.1
86,8872.0
296,8873.2
220,8874.4
275,8875.0
185,8876.1
155,8880.3
101,8882.1
372,8882.8
38,8883.7
61,8887.8
299,8892.5
105,8896.4
264,8896.5
361,8900.0
224,8900.8
129,8901.8
147,8903.3
228,8903.5
348,8903.9
383,8904.5
20,8907.9
216,8908.9
204,8909.8
21,8910.4
310,8911.1
15,8912.5
238,8912.7
308,8915.3
201,8915.7
156,8917.1
80,8917.2
35,8917.3
71,8919.8
266,8923.6
42,8924.1
351,8925.4
160,8927.4
70,8927.5
68,8927.5
164,8927.8
131,8927.8
354,8927.9
25,8928.2
254,8928.3
248,8928.8
154,8929.3
62,8929.6
311,8929.8
199,8929.9
61,8930.1
29,8930.3
109,8930.5
356,8930.6
120,8930.7
265,8930.9
294,8931.2
165,8931.5
107,8931.5
77,8931.7
299,8931.7
158,8931.8
359,8932.0
74,8932.1
312,8932.6
345,8932.7
362,8933.0
89,8933.1
103,8933.2
33,8933.2
203,8933.3
327,8933.3
30,8933.3
301,8933.3
230,8933.5
221,8934.1
9,8934.2
297,8934.3
13,8934.4
106,8934.4
128,8934.7
67,8935.1
329,8935.1
250,8935.5
379,8935.8
169,8936.3
231,8936.3
152,8936.5
179,8937.2
200,8937.7
357,8937.7
186,8937.8
246,8938.7
229,8942.4
10,8944.2
280,8945.1
135,8946.8
255,8947.3
206,8948.4
322,8949.0
235,8949.2
270,8954.0
269,8954.1
183,8954.7
222,8956.2
261,8956.3
54,8957.8
33,8958.7
119,8965.4
121,8967.5
75,8974.4
69,8979.9
311,8980.8
323,8982.0
26,8984.0
353,8988.5
152,8990.0
342,8991.2
60,8992.0
383,8993.1
11,8994.3
103,8997.6
149,8997.9
305,9000.4
150,9002.7
355,9003.7
302,9004.7
351,9005.4
266,9006.9
25,9007.2
160,9007.5
68,9007.8
70,9007.8
164,9008.0
201,9008.3
254,9008.8
354,9008.9
248,9009.1
154,9009.4
62,9009.6
120,9010.4
356,9010.4
61,9010.5
33,9010.6
348,9010.6
109,9010.7
29,9010.8
148,9011.2
311,9011.2
165,9011.5
107,9011.8
77,9011.8
158,9011.8
299,9011.9
74,9012.0
199,9012.2
270,9012.2
362,9012.7
203,9012.8
345,9012.9
89,9012.9
301,9013.1
327,9013.3
230,9013.7
169,9013.9
156,9014.2
128,9014.4
9,9014.4
359,9014.9
106,9015.2
35,9015.4
312,9015.7
379,9015.8
297,9016.4
231,9016.5
132,9017.1
357,9017.4
144,9018.1
178,9018.3
56,9018.6
352,9025.4
81,9028.4
271,9028.9
95,9032.7
330,9036.0
13,9037.6
207,9041.2
369,9041.2
263,9044.6
363,9044.7
30,9045.2
203,9048.0
327,9049.4
8,9051.1
301,9051.7
234,9053.4
368,9055.5
128,9058.5
264,9061.4
260,9062.0
62,9062.4
173,9064.4
254,9064.5
338,9066.0
42,9070.5
202,9072.1
208,9073.4
86,9073.4
97,9075.1
130,9077.7
119,9077.8
160,9078.0
227,9078.2
220,9078.6
106,9079.4
199,9081.5
36,9083.6
145,9086.0
112,9088.3
251,9089.3
79,9091.1
219,9091.1
372,9092.3
282,9095.3
229,9095.3
204,9098.8
50,9099.2
143,9100.0
315,9100.3
78,9100.5
14,9103.2
375,9105.1
267,9111.3
88,9112.5
29,9114.3
71,9114.8
345,9114.8
239,9117.2
246,9121.7
120,9122.1
4,9122.4
329,9125.9
262,9127.3
58,9128.1
290,9132.1
17,9133.1
152,9143.7
307,9144.0
383,9144.3
247,9145.0
109,9147.9
233,9153.5
140,9153.7
174,9155.5
196,9157.2
99,9161.8
249,9162.1
74,9163.2
163,9163.2
155,9165.1
195,9165.7
72,9167.6
151,9169.4
248,9171.6
111,9172.5
57,9173.3
357,9173.4
191,9174.7
197,9175.4
250,9179.5
230,9180.8
375,9180.9
377,9181.0
256,9181.5
271,9183.6
124,9184.5
382,9186.0
157,9186.2
319,9186.4
92,9188.1
245,9190.0
356,9190.5
333,9191.0
277,9192.5
232,9193.6
63,9196.4
148,9200.2
7,9203.2
154,9206.2
269,9207.7
175,9209.9
298,9219.9
288,9225.4
65,9225.5
312,9227.0
37,9227.6
129,9234.2
283,9234.6
367,9240.4
100,9241.2
214,9241.9
242,9243.4
359,9250.2
364,9250.9
360,9251.4
220,9255.0
9,9255.1
135,9256.3
16,9257.8
81,9257.9
361,9258.5
156,9263.5
18,9263.9
215,9267.0
356,9272.3
38,9280.3
185,9282.1
139,9282.7
52,9283.7
365,9285.4
116,9285.5
366,9286.6
328,9289.4
19,9289.9
287,9291.0
113,9293.3
169,9295.2
243,9297.7
153,9298.1
223,9298.5
210,9298.9
181,9299.7
254,9303.0
209,9304.3
297,9304.3
293,9304.4
27,9306.2
207,9307.5
272,9311.5
236,9311.7
89,9313.4
12,9314.4
193,9318.0
50,9318.0
308,9318.5
189,9320.1
233,9320.3
56,9320.3
239,9320.6
219,9320.8
300,9321.3
47,9324.3
3,9324.7
107,9330.6
194,9333.4
46,9334.0
132,9334.1
330,9334.8
178,9335.1
54,9339.0
212,9339.1
36,9340.2
281,9340.3
270,9342.4
40,9343.9
379,9345.3
371,9345.9
294,9346.1
284,9346.1
380,9348.5
20,9351.0
165,9352.9
356,9356.1
272,9356.5
347,9356.7
34,9359.5
29,9361.1
350,9367.7
139,9369.3
58,9376.3
49,9379.4
370,9382.9
320,9383.5
13,9386.9
115,9387.0
213,9387.9
118,9389.6
317,9389.9
351,9390.6
135,9391.4
79,9391.7
201,9391.9
293,9392.0
356,9392.1
160,9392.5
359,9392.6
70,9392.9
164,9393.1
77,9393.4
68,9393.4
248,9393.6
299,9393.6
107,9393.6
27,9393.8
103,9393.9
25,9394.1
311,9394.3
244,9394.4
362,9394.7
316,9394.8
165,9395.4
109,9395.4
169,9395.5
255,9395.6
29,9395.8
203,9396.4
61,9396.7
158,9396.8
89,9396.8
56,9396.9
271,9397.0
266,9397.5
301,9397.5
178,9397.5
106,9397.7
199,9397.9
230,9398.0
254,9398.0
270,9398.1
154,9398.2
124,9398.3
379,9398.3
33,9398.4
12,9398.6
210,9398.9
50,9399.0
104,9399.1
128,9399.2
108,9399.2
327,9399.3
312,9399.5
156,9399.5
348,9399.9
314,9400.0
306,9400.4
357,9400.6
231,9401.9
294,9402.4
44,9403.6
24,9404.7
91,9405.5
281,9406.8
83,9407.0
238,9408.8
159,9409.8
324,9411.5
192,9419.3
21,9423.7
57,9423.7
216,9423.9
222,9424.0
353,9425.0
128,9425.7
122,9427.5
73,9431.4
314,9433.2
205,9436.7
125,9443.8
207,9445.6
146,9456.1
166,9457.4
90,9458.9
148,9459.9
175,9459.9
228,9462.3
37,9463.0
177,9463.7
292,9464.2
152,9470.0
351,9470.2
375,9471.1
356,9471.1
201,9471.4
160,9472.2
359,9472.4
70,9472.7
68,9472.8
164,9473.0
77,9473.1
248,9473.6
25,9473.9
362,9474.0
107,9474.0
27,9474.1
154,9474.3
311,9474.4
316,9474.4
29,9475.0
109,9475.2
165,9475.6
13,9475.8
61,9476.7
203,9476.7
103,9477.0
6,9477.2
158,9477.3
169,9477.3
299,9477.3
89,9477.4
128,9477.6
266,9477.6
301,9477.9
271,9477.9
106,9478.2
199,9478.4
314,9478.6
230,9478.6
379,9478.9
33,9478.9
327,9479.1
56,9479.1
348,9479.4
293,9479.5
246,9479.7
104,9479.8
334,9479.9
353,9480.0
124,9480.0
270,9480.7
313,9481.4
111,9482.0
357,9482.1
247,9482.4
178,9482.4
312,9482.7
231,9482.8
8,9483.7
258,9486.3
35,9486.4
129,9487.3
361,9487.3
286,9487.8
351,9491.7
161,9492.6
342,9493.9
170,9496.4
191,9496.5
278,9497.1
1,9497.8
51,9498.3
10,9507.3
374,9508.1
2,9508.4
213,9508.5
294,9513.8
109,9514.9
327,9517.0
123,9518.1
167,9518.9
279,9521.8
133,9523.0
323,9523.6
270,9524.1
341,9524.2
243,9524.9
349,9525.6
65,9526.8
218,9527.4
259,9528.5
346,9529.3
263,9530.5
190,9532.0
209,9535.1
188,9537.3
245,9537.4
241,9538.2
78,9540.1
80,9546.9
87,9548.6
262,9548.7
351,9550.1
251,9550.8
201,9551.5
356,9551.8
160,9552.3
359,9552.7
70,9552.8
31,9552.8
164,9553.0
68,9553.0
77,9553.0
374,9553.4
25,9553.8
248,9553.8
107,9554.3
362,9554.4
316,9554.5
27,9554.5
119,9554.7
311,9554.7
109,9554.8
29,9555.6
165,9556.0
203,9556.8
61,9556.8
266,9557.2
103,9557.3
158,9557.3
154,9557.6
299,9557.7
89,9557.8
327,9557.9
128,9558.1
33,9558.1
169,9558.1
310,9558.3
271,9558.5
199,9558.5
301,9558.6
230,9558.7
6,9558.7
106,9558.7
13,9559.0
258,9559.2
314,9559.5
348,9559.9
379,9560.0
104,9560.7
340,9560.9
223,9561.0
24,9561.4
124,9561.4
56,9561.9
231,9562.3
244,9563.1
54,9563.3
293,9564.6
335,9569.3
14,9570.3
376,9572.8
20,9574.2
222,9574.8
29,9579.1
268,9584.1
281,9585.2
351,9590.3
99,9591.7
314,9592.0
5,9592.7
175,9594.2
166,9597.3
116,9598.1
190,9600.5
208,9601.1
265,9601.2
381,9605.9
290,9606.3
85,9608.6
172,9608.9
305,9609.3
191,9609.9
36,9611.6
287,9614.0
212,9616.2
68,9616.2
4,9622.1
96,9622.9
82,9625.4
45,9626.0
102,9627.3
269,9627.4
176,9629.3
351,9630.1
41,9630.6
201,9631.6
382,9632.1
356,9632.2
160,9632.4
359,9632.9
70,9633.0
164,9633.1
77,9633.1
134,9633.5
25,9633.8
248,9634.0
362,9634.4
316,9634.6
27,9634.8
29,9634.8
311,9634.8
107,9634.9
109,9635.1
273,9635.9
165,9636.8
203,9637.1
266,9637.3
61,9637.4
99,9637.8
158,9637.9
103,9638.1
299,9638.4
327,9638.4
314,9638.5
169,9638.6
270,9638.6
33,9638.7
89,9638.8
199,9638.8
301,9638.8
141,9638.9
230,9639.1
271,9639.1
128,9639.7
106,9639.9
154,9640.0
348,9640.2
379,9641.0
294,9641.0
261,9641.5
204,9641.9
357,9642.0
124,9642.2
38,9642.3
56,9642.3
349,9642.8
13,9642.8
231,9643.2
240,9644.3
324,9645.6
35,9646.0
281,9646.5
34,9654.9
144,9655.2
183,9659.5
57,9659.8
16,9668.1
346,9669.4
153,9669.5
130,9669.5
87,9671.7
142,9672.2
378,9672.6
266,9674.2
197,9674.2
322,9676.8
188,9676.8
147,9677.9
333,9679.6
215,9683.1
93,9684.2
292,9684.8
106,9685.0
110,9688.0
84,9692.6
247,9693.9
368,9695.2
379,9695.7
303,9698.3
186,9699.2
137,9700.7
255,9703.8
173,9704.9
100,9708.3
298,9710.2
117,9710.5
67,9713.0
49,9715.4
125,9720.4
194,9725.2
250,9725.5
66,9727.0
68,9728.4
362,9730.6
339,9734.3
146,9735.3
88,9736.7
171,9739.1
138,9739.3
254,9740.5
163,9741.7
184,9742.2
15,9743.4
62,9745.6
352,9745.7
307,9745.8
297,9748.6
35,9749.3
203,9749.4
25,9751.3
19,9752.4
218,9754.4
257,9757.8
26,9759.1
14,9759.4
250,9759.7
181,9761.5
346,9763.2
185,9764.7
229,9765.2
30,9765.5
336,9765.5
262,9767.2
354,9769.8
180,9771.0
271,9771.4
235,9773.1
46,9774.4
24,9776.2
9,9778.4
114,9780.1
58,9780.8
23,9783.1
263,9788.2
168,9788.2
43,9790.5
108,9791.2
363,9791.6
54,9794.0
259,9794.1
317,9794.2
207,9795.9
364,9796.9
98,9799.2
82,9802.4
116,9802.8
285,9805.1
33,9806.6
300,9806.7
81,9807.1
370,9808.1
156,9808.4
129,9809.7
102,9811.8
0,9818.2
362,9818.7
265,9819.4
248,9824.0
159,9825.9
132,9826.6
231,9829.9
374,9839.4
280,9839.8
221,9842.5
263,9844.7
312,9845.6
252,9846.1
66,9849.9
146,9850.1
208,9851.0
291,9853.1
36,9853.2
182,9854.4
18,9858.3
149,9861.6
87,9863.9
249,9865.8
94,9866.7
49,9866.9
141,9867.0
237,9867.9
6,9869.9
324,9870.8
380,9871.9
328,9872.2
71,9873.0
74,9875.1
321,9875.1
292,9875.2
69,9879.4
333,9880.0
302,9881.0
335,9882.7
322,9883.4
295,9894.0
164,9894.9
92,9895.2
336,9895.9
91,9896.4
289,9896.9
298,9899.6
53,9900.3
96,9900.5
278,9900.9
32,9902.9
75,9904.0
383,9906.1
162,9909.2
198,9910.6
102,9912.9
204,9913.8
9,9918.6
158,9918.7
131,9918.9
72,9923.3
214,9926.5
176,9926.7
318,9928.2
354,9928.8
0,9932.1
317,9938.7
80,9939.8
75,9940.5
313,9942.1
331,9943.2
39,9943.7
191,9946.3
227,9948.7
115,9950.6
21,9961.7
299,9962.1
42,9963.6
349,9964.2
320,9966.7
105,9968.8
40,9968.8
119,9970.0
372,9970.3
174,9970.7
103,9972.4
156,9973.2
165,9974.4
177,9978.7
170,9983.6
359,9983.8
66,9984.0
76,9984.1
343,9984.3
47,9985.4
127,9987.4
294,9990.3
234,9990.7
222,9991.5
223,9991.8
78,9994.6
253,9994.9
200,9997.8
218,9998.7
89,9998.9
183,9999.0
91,9999.9
