40,112.6
4,188.2
4,273.2
54,285.1
7,295.1
37,395.0
23,437.9
30,523.8
48,566.4
33,612.3
16,644.9
4,651.6
47,656.7
3,664.8
45,670.8
19,673.6
27,679.0
26,687.6
4,731.0
47,739.3
5,744.9
27,745.9
3,752.9
44,786.7
45,806.7
4,807.3
35,810.9
48,812.5
9,813.1
27,814.2
47,817.6
3,817.6
5,822.9
4,886.2
27,888.4
45,888.5
3,892.7
9,893.1
13,893.6
48,894.3
47,894.8
31,895.9
42,897.3
14,899.4
5,902.4
25,905.2
11,905.5
7,924.4
62,945.5
58,950.5
12,1012.7
20,1075.1
36,1080.1
17,1084.7
21,1091.6
16,1096.4
30,1116.6
54,1124.4
45,1157.8
44,1194.2
41,1197.3
29,1264.5
4,1272.4
45,1272.7
27,1278.8
9,1279.0
47,1279.6
3,1280.0
48,1283.3
5,1286.4
13,1287.8
57,1297.9
42,1302.1
25,1303.9
59,1309.8
6,1312.9
38,1339.1
4,1350.8
45,1352.9
27,1354.6
9,1356.5
31,1357.4
3,1358.1
47,1361.1
48,1363.4
14,1364.1
30,1366.0
5,1366.0
11,1368.6
2,1369.7
13,1370.1
54,1375.9
4,1429.9
9,1432.9
27,1433.0
45,1433.2
3,1434.2
47,1436.9
48,1438.5
25,1439.0
14,1439.3
31,1440.1
21,1443.0
30,1443.2
13,1445.3
5,1445.6
17,1446.5
23,1451.6
0,1454.0
2,1459.8
42,1461.7
11,1462.5
4,1508.9
27,1509.0
9,1511.4
45,1512.1
3,1514.7
47,1514.9
31,1515.9
48,1517.2
13,1517.4
54,1518.3
14,1519.9
30,1520.8
7,1520.9
5,1522.5
25,1530.1
11,1532.9
3,1684.4
18,1687.8
15,1699.1
9,1719.2
2,1788.4
41,1821.7
58,1838.9
8,1861.1
27,1873.0
0,1897.8
4,1899.5
9,1900.0
45,1902.9
3,1903.6
27,1904.6
30,1907.1
47,1908.4
48,1908.5
13,1911.3
5,1913.4
31,1918.7
14,1935.3
40,1948.9
11,1961.8
4,1976.2
27,1978.1
9,1978.5
3,1978.5
45,1980.1
47,1983.2
54,1983.3
16,1985.6
31,1986.1
48,1986.7
25,1987.1
5,1987.4
17,1989.1
30,1989.4
13,1990.4
34,1995.6
23,1996.1
21,1997.9
2,2000.5
0,2000.8
43,2010.4
39,2022.6
12,2029.4
32,2045.9
4,2054.8
27,2056.4
45,2056.6
9,2057.2
3,2058.6
11,2059.6
14,2061.4
47,2062.5
48,2063.3
31,2063.5
44,2063.8
13,2064.7
30,2065.5
5,2066.7
7,2067.0
42,2067.4
54,2072.0
25,2073.6
23,2079.1
56,2091.3
22,2094.9
49,2104.5
55,2123.5
4,2133.3
27,2134.6
3,2135.5
9,2135.9
45,2136.4
17,2137.9
47,2138.7
48,2141.5
31,2141.9
21,2142.5
30,2142.6
5,2143.4
13,2144.4
14,2144.6
0,2145.9
2,2145.9
11,2147.6
54,2147.7
23,2151.6
25,2154.3
7,2154.6
32,2159.0
48,2167.6
45,2212.6
44,2297.2
0,2323.1
11,2360.8
13,2374.6
7,2434.7
30,2444.5
19,2457.0
21,2498.5
56,2509.5
4,2523.7
27,2526.6
45,2526.6
9,2528.0
14,2532.0
3,2532.5
47,2533.7
5,2535.9
48,2536.3
13,2537.6
31,2540.8
30,2540.8
26,2549.4
11,2553.4
4,2601.6
9,2602.4
27,2602.7
45,2604.7
3,2608.2
47,2609.7
30,2609.8
21,2610.8
54,2611.3
48,2612.0
31,2612.7
13,2612.7
17,2613.3
25,2614.2
5,2614.3
23,2616.9
14,2619.3
0,2619.7
7,2626.9
4,2680.0
9,2681.5
27,2681.9
45,2682.7
3,2685.9
47,2687.0
48,2688.2
31,2689.9
11,2691.2
30,2691.6
13,2692.6
5,2693.9
14,2697.4
2,2698.2
56,2699.8
42,2700.3
25,2711.5
43,2724.3
31,2753.9
4,2759.3
27,2761.2
9,2762.2
45,2762.3
10,2762.9
47,2765.8
3,2765.9
54,2766.9
17,2767.4
48,2767.9
21,2769.3
30,2769.3
7,2771.5
23,2771.8
5,2772.2
13,2773.4
53,2773.7
14,2774.9
0,2776.4
15,2777.5
11,2777.9
32,2787.3
25,2795.1
46,2804.6
24,2813.2
23,2819.3
22,2862.2
56,2974.2
4,2979.7
17,2979.9
51,3044.1
41,3061.9
42,3067.3
28,3073.4
27,3079.2
1,3091.7
37,3094.2
4,3141.7
9,3142.4
45,3142.8
27,3143.0
3,3143.7
47,3144.1
30,3144.5
48,3145.0
31,3145.6
54,3145.6
14,3146.0
13,3146.6
5,3146.8
17,3147.3
53,3147.6
21,3147.7
23,3148.7
15,3149.1
42,3149.5
2,3149.7
50,3149.8
11,3150.7
0,3151.1
25,3151.1
56,3151.4
24,3151.6
32,3151.9
26,3152.6
29,3152.8
12,3153.0
28,3153.3
7,3153.6
1,3154.1
40,3155.5
58,3156.2
8,3157.0
49,3157.2
33,3157.3
52,3158.1
10,3158.3
22,3159.0
37,3161.0
18,3162.5
35,3170.4
16,3171.4
34,3172.4
20,3174.5
4,3176.7
27,3177.3
38,3177.5
5,3184.1
30,3186.9
13,3207.4
17,3218.4
33,3218.8
9,3218.8
45,3220.1
54,3220.5
15,3220.9
47,3221.1
4,3221.2
3,3221.7
14,3221.8
27,3222.2
31,3222.2
48,3222.9
21,3224.0
11,3224.5
30,3224.5
2,3224.6
5,3224.9
53,3225.0
40,3225.3
50,3225.5
56,3225.6
12,3225.9
23,3225.9
0,3226.3
42,3227.3
29,3227.5
13,3228.3
24,3228.4
25,3228.9
28,3229.0
26,3229.6
7,3230.4
32,3230.8
1,3230.8
58,3231.1
52,3232.9
10,3233.3
8,3233.8
22,3234.0
49,3234.7
18,3237.1
37,3237.4
59,3245.2
38,3249.2
39,3251.0
17,3252.0
36,3253.7
61,3258.1
13,3267.7
4,3298.9
9,3300.0
40,3300.3
27,3300.6
30,3302.0
45,3302.0
47,3302.4
3,3302.8
31,3303.1
54,3303.4
14,3303.4
5,3303.8
48,3304.0
13,3304.5
21,3305.2
50,3305.6
53,3306.9
56,3307.3
2,3307.6
15,3307.9
42,3308.2
23,3308.4
0,3308.6
17,3308.8
11,3308.8
29,3309.2
12,3309.6
25,3309.8
24,3309.9
33,3310.2
28,3311.8
1,3312.0
7,3312.9
52,3315.6
58,3316.3
32,3317.0
8,3317.0
10,3318.7
49,3318.7
22,3320.8
16,3325.5
4,3331.6
2,3343.1
53,3371.8
27,3380.0
25,3380.1
9,3380.4
30,3381.1
14,3381.6
4,3382.0
45,3382.7
47,3382.9
3,3383.2
13,3383.3
54,3383.8
48,3383.9
31,3384.3
17,3385.9
50,3386.0
5,3386.8
21,3387.6
56,3388.3
23,3388.9
15,3388.9
29,3389.3
11,3389.7
42,3389.7
24,3390.1
2,3390.7
0,3391.1
28,3391.7
40,3391.8
12,3391.9
7,3392.3
49,3395.1
52,3395.2
1,3395.8
32,3396.3
37,3396.9
33,3397.3
58,3397.4
8,3398.0
18,3404.8
10,3405.1
27,3419.3
39,3431.4
8,3432.9
25,3468.9
33,3473.3
60,3512.1
3,3514.5
18,3554.1
23,3581.7
56,3591.3
12,3626.2
36,3647.2
31,3663.2
54,3681.1
48,3744.9
4,3751.3
3,3765.7
9,3766.2
45,3766.7
54,3766.8
27,3767.3
31,3767.6
50,3767.7
13,3768.2
47,3768.4
2,3768.4
30,3768.8
21,3768.9
4,3769.4
1,3770.1
14,3770.4
56,3770.5
11,3770.6
5,3770.9
15,3771.0
53,3771.6
24,3771.8
25,3772.8
23,3773.2
12,3773.2
48,3773.2
42,3774.5
26,3774.9
29,3775.3
7,3775.3
0,3775.4
58,3776.4
28,3776.8
17,3778.1
49,3778.4
8,3778.5
52,3779.0
33,3779.4
10,3783.0
22,3784.5
35,3785.1
40,3787.3
18,3789.0
16,3790.1
36,3790.5
38,3791.7
59,3797.7
4,3843.7
9,3845.1
3,3845.3
27,3845.4
45,3845.7
30,3846.0
47,3846.5
50,3847.1
21,3847.1
13,3847.2
31,3847.4
54,3847.7
2,3848.2
11,3848.2
5,3848.9
14,3850.1
48,3850.2
53,3850.9
1,3851.0
24,3851.1
23,3851.5
56,3851.9
15,3852.5
29,3853.1
0,3853.3
42,3853.3
25,3853.8
12,3854.8
52,3855.2
7,3855.3
28,3855.5
26,3856.3
8,3857.6
33,3860.1
58,3860.6
22,3861.3
49,3861.9
17,3862.1
10,3862.2
6,3870.0
4,3875.3
27,3884.8
0,3896.1
46,3913.5
9,3924.4
30,3925.0
50,3925.4
13,3926.1
3,3926.2
11,3926.3
54,3926.5
4,3926.6
47,3926.9
45,3927.1
31,3927.5
14,3927.5
27,3927.8
21,3927.9
2,3928.6
15,3929.8
1,3929.9
24,3930.1
53,3930.2
5,3930.9
48,3931.7
56,3931.8
42,3932.8
12,3933.2
23,3933.4
0,3933.7
52,3934.3
29,3934.5
25,3934.8
28,3936.7
7,3936.8
58,3937.7
8,3937.8
33,3941.1
17,3941.2
10,3942.1
49,3943.7
50,3945.1
22,3945.5
40,3947.9
35,3948.2
38,3950.6
16,3958.1
39,3958.6
18,3960.7
13,3991.5
4,4003.8
9,4005.3
30,4005.6
27,4005.8
3,4005.8
45,4006.4
54,4006.5
50,4006.9
31,4007.3
21,4007.4
47,4007.5
14,4008.1
2,4008.2
5,4008.8
15,4009.1
11,4009.8
1,4010.3
24,4010.8
53,4011.2
0,4011.2
23,4011.8
56,4012.1
48,4012.5
42,4012.6
13,4013.1
12,4013.4
25,4013.7
29,4013.8
58,4014.6
26,4015.9
7,4016.2
52,4017.1
28,4017.5
8,4019.3
33,4020.5
17,4021.9
49,4022.8
10,4023.4
22,4024.5
4,4032.7
61,4047.1
34,4053.0
27,4069.4
37,4141.9
13,4154.2
38,4208.6
26,4263.5
2,4308.0
45,4392.0
3,4392.5
27,4392.7
47,4393.0
30,4393.4
50,4394.2
4,4394.4
9,4394.6
1,4394.6
21,4394.8
2,4395.7
48,4396.0
0,4396.2
26,4396.3
15,4397.3
5,4397.6
31,4398.0
11,4398.0
24,4398.2
42,4398.5
23,4398.9
25,4399.5
13,4399.8
29,4400.4
28,4400.5
54,4400.9
22,4401.9
12,4401.9
14,4402.1
17,4405.7
52,4406.0
49,4406.1
33,4406.4
10,4407.4
56,4408.0
53,4408.5
7,4411.5
38,4412.4
32,4413.2
16,4415.4
40,4415.5
58,4416.2
35,4420.0
36,4423.0
18,4423.7
62,4431.0
27,4431.9
30,4470.2
45,4470.8
15,4471.1
47,4471.4
9,4471.7
3,4471.8
4,4472.0
2,4472.2
56,4472.5
21,4472.6
11,4472.7
50,4472.9
1,4473.1
27,4473.3
48,4473.7
0,4473.8
31,4474.9
5,4475.1
13,4476.0
24,4476.7
54,4477.0
26,4477.1
28,4477.2
23,4477.5
12,4477.7
29,4478.0
42,4478.1
25,4478.5
22,4479.3
14,4479.4
33,4482.5
17,4484.2
10,4484.7
52,4484.8
49,4487.3
8,4490.2
53,4492.3
38,4496.1
16,4497.1
39,4505.9
47,4510.6
9,4526.9
56,4529.3
15,4550.1
30,4550.4
27,4550.5
11,4551.3
54,4551.3
50,4551.9
45,4552.2
1,4552.3
36,4552.6
3,4552.7
47,4552.8
4,4553.0
21,4553.2
9,4554.0
2,4554.3
13,4554.7
48,4554.8
0,4555.2
5,4555.3
31,4556.5
23,4556.6
24,4556.9
12,4557.4
28,4557.7
26,4558.5
25,4559.0
42,4559.0
29,4559.1
14,4559.6
22,4560.7
33,4564.4
17,4565.3
52,4566.1
49,4566.8
10,4567.4
35,4569.8
7,4572.1
62,4573.0
40,4575.4
58,4579.3
38,4585.1
56,4586.0
18,4600.6
7,4628.0
27,4629.8
30,4631.1
25,4631.2
47,4631.6
3,4632.2
45,4632.4
50,4632.6
15,4632.7
9,4632.9
4,4633.4
21,4633.8
1,4634.0
11,4634.1
2,4634.6
54,4635.1
0,4635.3
48,4635.6
13,4636.3
31,4636.5
24,4636.6
5,4637.3
28,4638.5
12,4638.6
14,4638.9
29,4639.1
42,4639.2
23,4639.8
22,4641.1
26,4642.8
33,4644.8
17,4645.9
52,4646.8
49,4648.8
10,4650.5
8,4650.6
36,4651.5
56,4652.3
27,4659.5
16,4671.5
38,4673.6
50,4699.0
45,4725.0
5,4733.9
0,4735.7
42,4739.0
17,4744.6
58,4751.5
59,4801.6
18,4829.3
8,4837.4
51,4840.2
22,4848.2
33,4869.3
24,4904.2
43,4919.2
4,4927.3
15,4943.2
21,5012.9
47,5017.1
45,5017.3
27,5017.8
4,5018.5
31,5018.7
3,5019.0
30,5019.9
2,5020.3
0,5020.6
5,5020.7
15,5021.2
11,5021.6
50,5021.6
24,5021.7
22,5021.8
14,5022.6
26,5022.9
9,5023.1
1,5024.3
25,5024.6
48,5024.7
13,5024.9
10,5025.7
29,5025.7
28,5025.7
12,5026.0
54,5026.1
33,5029.9
42,5030.0
17,5030.0
52,5030.0
19,5032.8
56,5033.2
53,5033.6
43,5036.1
8,5036.4
23,5036.5
49,5037.7
35,5039.0
7,5039.3
16,5043.0
58,5043.7
38,5044.5
40,5045.0
21,5045.0
37,5045.5
18,5047.4
36,5049.5
27,5051.8
11,5064.3
2,5073.3
47,5094.2
4,5094.8
30,5096.1
45,5096.2
31,5096.4
0,5097.5
27,5098.2
15,5098.4
3,5098.8
14,5098.9
21,5099.0
5,5099.1
24,5099.4
10,5099.8
9,5100.2
50,5100.5
1,5101.2
53,5101.3
22,5102.0
28,5102.3
13,5102.4
29,5102.5
11,5103.4
26,5103.5
2,5103.7
48,5103.9
25,5104.3
12,5104.7
54,5104.9
6,5105.3
33,5106.5
52,5107.5
56,5110.1
17,5110.3
42,5110.6
23,5114.0
49,5123.8
40,5142.3
37,5144.9
35,5166.3
47,5176.3
27,5176.8
31,5177.7
4,5177.8
15,5178.0
21,5178.1
30,5179.1
45,5179.5
0,5179.7
3,5179.8
2,5179.8
14,5179.9
5,5181.1
11,5181.3
50,5182.0
24,5182.5
13,5183.1
1,5183.4
10,5183.5
9,5183.7
54,5183.8
22,5184.9
28,5185.4
29,5185.7
12,5185.7
48,5186.7
25,5187.2
26,5188.7
52,5189.0
8,5190.6
7,5192.7
33,5193.7
17,5194.3
23,5195.6
49,5196.2
42,5196.3
32,5197.6
37,5198.2
53,5200.4
38,5201.6
43,5202.0
56,5205.9
47,5209.2
39,5209.4
58,5212.2
21,5212.6
27,5212.7
6,5213.9
4,5214.7
2,5217.9
3,5220.5
18,5220.7
36,5221.0
5,5221.7
11,5227.2
40,5229.5
0,5254.1
4,5254.4
15,5254.4
31,5257.5
30,5257.5
45,5257.9
47,5258.0
27,5258.1
50,5258.9
14,5259.2
13,5259.9
21,5260.2
24,5260.6
1,5260.7
10,5261.6
28,5262.2
3,5262.3
2,5263.4
25,5263.8
5,5264.0
22,5264.4
29,5264.4
9,5264.5
11,5264.8
12,5265.2
48,5267.0
26,5267.6
52,5268.1
54,5268.2
33,5270.3
17,5274.9
35,5275.2
8,5275.3
7,5277.2
49,5277.5
56,5281.4
41,5289.7
4,5295.3
42,5303.9
34,5320.0
44,5398.3
56,5469.3
31,5538.1
40,5586.9
59,5599.5
30,5609.2
48,5619.4
31,5641.0
47,5642.1
27,5642.8
45,5643.0
30,5644.3
21,5644.5
15,5644.7
13,5646.2
4,5646.2
24,5646.4
2,5646.4
9,5647.4
3,5648.2
26,5648.6
11,5648.8
54,5648.9
22,5648.9
14,5649.4
5,5650.2
28,5650.6
0,5650.7
10,5650.7
48,5651.0
1,5651.0
12,5651.2
29,5653.1
50,5653.4
52,5653.5
25,5655.1
17,5656.9
42,5657.0
56,5658.5
33,5658.6
53,5660.8
49,5661.3
55,5661.4
8,5662.4
7,5662.8
43,5664.5
35,5666.7
58,5668.5
37,5670.7
40,5671.2
16,5672.7
27,5673.8
38,5674.3
36,5678.7
18,5678.9
15,5684.0
21,5685.9
20,5686.1
31,5686.5
30,5688.2
2,5692.2
11,5694.5
47,5719.1
16,5720.0
34,5720.6
45,5720.7
14,5720.9
27,5721.5
10,5722.0
31,5722.4
4,5722.6
30,5723.6
13,5723.6
24,5723.9
1,5724.0
9,5724.1
48,5724.9
21,5725.0
22,5725.4
28,5725.5
52,5725.7
26,5725.8
54,5726.2
3,5726.6
15,5726.7
0,5726.9
5,5726.9
12,5726.9
29,5727.4
2,5727.9
50,5727.9
11,5728.5
33,5732.8
17,5735.0
55,5735.3
56,5736.4
49,5738.9
7,5739.7
42,5739.8
58,5743.3
47,5745.6
8,5754.2
27,5765.5
2,5766.3
49,5797.1
30,5800.3
31,5800.7
47,5801.2
21,5802.1
11,5802.2
27,5802.8
14,5803.2
15,5803.2
45,5803.7
2,5804.3
13,5804.3
1,5804.4
24,5805.0
10,5805.6
4,5805.7
48,5807.2
9,5807.5
50,5808.7
3,5808.9
28,5808.9
52,5809.2
22,5809.3
29,5809.5
5,5809.9
26,5810.1
54,5810.9
12,5811.0
0,5811.1
55,5813.7
33,5815.6
17,5816.3
56,5819.2
37,5821.2
35,5821.3
7,5827.3
42,5834.7
38,5861.0
46,5864.1
30,5879.6
31,5879.9
27,5880.1
47,5880.3
15,5881.1
21,5881.1
14,5882.2
13,5882.3
11,5882.4
2,5882.4
45,5883.2
6,5884.7
10,5885.1
1,5886.2
4,5886.6
24,5887.1
9,5887.8
52,5888.2
12,5888.8
48,5889.0
28,5889.2
54,5889.2
29,5889.3
0,5889.4
26,5889.4
22,5889.4
5,5889.7
55,5890.0
3,5890.3
50,5890.6
49,5893.7
53,5894.9
25,5895.0
33,5895.3
17,5896.9
8,5897.9
16,5902.1
43,5902.4
56,5902.7
7,5906.3
38,5911.6
27,5913.2
37,5914.1
40,5915.3
58,5917.3
39,5918.5
30,5926.8
13,5929.7
11,5936.3
15,5936.6
14,5938.6
61,5987.3
27,6047.1
10,6185.9
24,6196.6
8,6225.5
43,6248.5
57,6260.5
27,6266.6
47,6267.1
45,6268.2
48,6269.1
31,6269.4
21,6269.9
53,6270.6
2,6270.8
30,6270.9
14,6271.1
11,6271.2
4,6271.4
28,6272.2
24,6272.3
10,6272.6
26,6273.5
17,6273.6
1,6274.6
29,6274.9
3,6275.0
22,6275.0
0,6275.1
5,6275.2
13,6275.4
54,6275.5
15,6276.0
12,6276.2
52,6276.8
50,6277.1
33,6277.7
42,6280.4
8,6281.6
55,6281.7
32,6282.0
9,6282.1
6,6282.3
49,6286.9
25,6289.8
16,6291.7
58,6291.7
37,6291.8
38,6292.8
56,6295.3
36,6295.5
40,6297.1
27,6300.8
43,6301.8
39,6309.7
3,6313.9
51,6344.0
47,6345.7
21,6346.9
2,6347.2
11,6347.4
27,6347.4
45,6347.4
28,6348.2
31,6348.8
48,6349.3
1,6349.6
30,6350.1
4,6350.4
24,6350.5
10,6350.6
14,6351.1
5,6351.8
29,6353.2
50,6353.5
0,6353.6
13,6354.2
26,6354.4
22,6354.6
3,6354.8
33,6355.0
15,6355.2
52,6355.4
53,6355.7
17,6355.8
12,6357.5
54,6358.2
8,6363.4
42,6369.9
49,6372.4
11,6386.9
27,6424.7
55,6425.4
21,6426.2
47,6426.3
2,6427.9
45,6428.0
1,6428.6
28,6429.0
50,6429.7
48,6429.8
31,6430.2
24,6430.5
14,6430.6
30,6431.1
11,6431.5
4,6431.5
3,6432.0
0,6433.6
29,6433.7
10,6433.8
5,6433.8
26,6434.3
22,6434.9
52,6436.1
33,6437.4
17,6437.4
15,6437.9
13,6438.0
6,6439.3
53,6439.5
12,6440.1
54,6441.5
32,6447.9
27,6506.0
47,6507.5
53,6507.7
45,6510.2
21,6510.5
31,6511.0
28,6511.2
48,6511.3
2,6511.3
14,6512.1
11,6512.2
4,6513.3
30,6513.4
24,6514.6
1,6515.0
10,6516.8
3,6516.9
0,6517.6
29,6518.0
50,6518.6
52,6518.8
13,6518.9
33,6519.0
17,6519.0
22,6519.3
5,6519.4
26,6519.6
15,6522.9
12,6523.1
8,6524.6
54,6525.2
42,6527.3
49,6532.8
37,6542.1
55,6544.9
27,6552.3
48,6626.0
62,6626.3
60,6636.3
4,6636.4
28,6636.8
40,6695.3
61,6704.8
45,6714.0
31,6749.4
37,6750.5
12,6758.8
55,6799.2
9,6871.7
49,6891.8
48,6894.3
27,6894.4
31,6894.7
47,6895.8
14,6896.0
11,6896.7
45,6897.1
26,6897.5
30,6897.6
24,6897.6
2,6898.2
33,6898.5
10,6898.7
53,6899.0
22,6899.4
0,6899.9
42,6900.3
12,6900.7
1,6901.0
17,6901.3
29,6901.9
13,6902.5
15,6902.8
32,6903.0
50,6903.6
21,6903.7
52,6904.0
54,6904.3
28,6904.7
4,6906.0
56,6907.9
9,6908.9
55,6909.2
16,6909.6
62,6911.3
40,6911.7
37,6914.1
18,6916.5
8,6917.2
58,6917.3
36,6921.5
1,6940.3
34,6943.6
26,6965.5
27,6972.1
31,6973.5
48,6974.2
30,6975.6
47,6975.9
11,6976.0
14,6976.7
33,6977.9
10,6978.5
24,6978.6
1,6979.5
2,6980.3
45,6980.4
29,6981.1
22,6981.3
0,6981.7
13,6982.7
17,6984.0
53,6984.0
21,6984.1
52,6984.2
12,6984.7
50,6984.8
15,6985.7
28,6986.7
54,6987.2
6,6987.9
49,6988.3
9,6988.7
4,6988.7
3,6990.4
32,6990.8
8,6993.0
56,6996.3
25,6999.6
16,6999.9
60,7000.2
40,7000.5
43,7002.6
5,7003.0
62,7004.3
55,7009.2
27,7016.3
1,7051.5
11,7053.4
31,7054.3
30,7054.4
48,7054.5
47,7054.5
14,7054.6
2,7055.4
27,7055.7
24,7055.8
33,7056.3
26,7056.6
0,7058.6
29,7058.7
10,7058.8
22,7059.3
45,7059.6
50,7059.7
17,7061.1
52,7061.7
13,7063.2
15,7063.5
21,7063.6
12,7064.1
54,7064.3
53,7064.8
28,7065.8
4,7067.1
3,7075.0
49,7075.5
16,7079.3
40,7088.7
34,7104.0
1,7133.2
27,7133.9
31,7135.2
14,7136.2
48,7136.2
30,7136.5
24,7137.5
11,7138.1
47,7138.2
50,7138.4
2,7139.4
33,7140.7
0,7141.7
26,7141.8
22,7141.9
21,7142.0
10,7142.3
45,7144.3
52,7144.3
17,7144.6
29,7144.6
13,7147.4
15,7147.9
53,7148.3
8,7149.1
54,7149.2
12,7150.4
4,7150.5
28,7150.7
55,7151.0
6,7151.2
3,7152.2
49,7153.9
62,7154.5
9,7154.7
32,7157.5
25,7157.7
56,7158.2
16,7160.4
5,7163.7
40,7168.6
37,7170.0
27,7173.0
59,7174.6
60,7178.0
24,7218.0
23,7241.0
2,7242.2
38,7256.9
5,7259.2
57,7272.7
37,7325.9
13,7378.4
27,7503.8
62,7503.9
47,7519.6
48,7519.9
26,7520.6
30,7521.5
53,7522.1
54,7522.7
45,7522.8
2,7523.5
29,7523.6
1,7524.0
0,7524.3
31,7524.3
11,7525.3
10,7525.4
14,7525.9
52,7526.0
22,7526.2
6,7528.1
28,7528.4
15,7529.2
21,7530.6
8,7530.7
4,7531.0
50,7531.1
32,7531.6
27,7532.9
24,7533.7
9,7534.0
25,7534.6
33,7535.0
13,7535.1
3,7535.8
17,7537.0
58,7537.5
43,7538.1
12,7538.6
40,7538.9
56,7539.0
16,7539.8
49,7541.2
55,7542.6
62,7542.8
37,7545.0
18,7545.2
5,7545.5
38,7546.3
60,7546.7
42,7548.6
23,7550.0
7,7554.9
51,7557.7
2,7558.4
11,7558.6
45,7559.7
47,7565.1
52,7570.0
10,7579.9
30,7596.0
53,7598.4
31,7599.0
14,7599.1
48,7599.4
27,7599.7
54,7600.1
28,7600.5
29,7601.1
34,7601.5
1,7604.4
47,7605.1
0,7605.4
11,7605.7
33,7605.7
52,7606.1
22,7606.3
15,7606.8
26,7607.7
50,7607.8
21,7608.1
6,7610.4
8,7611.9
56,7613.1
10,7614.2
45,7614.3
13,7614.9
4,7615.1
2,7616.5
58,7617.5
17,7618.0
32,7620.1
55,7622.0
9,7622.2
12,7622.7
40,7623.8
62,7624.2
16,7626.3
49,7628.2
24,7629.2
23,7636.1
30,7650.0
54,7656.4
14,7678.0
53,7678.9
11,7679.1
48,7679.3
52,7679.5
31,7679.6
27,7680.0
28,7681.0
1,7681.4
47,7681.5
54,7681.9
29,7682.5
10,7683.1
50,7683.2
30,7683.6
45,7684.3
22,7684.6
26,7685.4
2,7685.8
41,7685.8
0,7686.9
33,7687.2
21,7687.9
6,7688.9
15,7691.1
56,7692.6
4,7693.8
8,7694.5
58,7700.0
13,7703.2
43,7703.6
40,7706.7
55,7711.8
49,7714.7
59,7721.1
11,7725.4
14,7738.3
2,7751.4
30,7758.2
54,7758.3
52,7758.5
48,7759.7
53,7759.7
31,7761.0
47,7761.0
27,7761.1
1,7761.9
28,7762.0
10,7763.2
50,7763.3
11,7763.8
29,7765.5
24,7766.3
14,7766.9
26,7768.9
45,7769.5
15,7769.6
22,7769.6
0,7770.2
21,7770.4
6,7770.5
33,7770.6
62,7772.4
4,7774.2
17,7774.8
8,7775.5
37,7775.5
16,7776.0
56,7776.5
12,7777.4
32,7777.9
9,7779.0
58,7779.3
13,7782.3
60,7783.3
40,7785.5
55,7787.1
49,7793.2
2,7794.1
52,7810.8
40,7821.8
53,7836.4
33,7840.0
22,7849.1
57,7876.2
36,7906.8
52,7978.1
14,8074.2
30,8080.6
39,8102.8
45,8141.5
48,8143.7
52,8145.3
11,8146.1
1,8146.9
31,8146.9
30,8147.1
28,8147.8
14,8148.5
53,8149.0
22,8149.0
54,8149.1
50,8149.1
10,8150.4
55,8150.8
0,8151.0
6,8151.9
21,8153.0
26,8153.5
15,8154.1
29,8155.9
47,8156.2
27,8156.2
9,8156.4
17,8156.4
33,8156.8
3,8157.5
12,8158.0
32,8158.3
4,8160.2
58,8160.3
13,8160.5
56,8161.3
62,8161.5
25,8162.1
49,8163.1
24,8163.2
40,8163.4
16,8163.7
43,8163.8
2,8166.3
59,8166.6
39,8167.3
38,8169.6
7,8169.8
37,8169.9
18,8171.4
23,8174.1
5,8174.3
60,8176.5
45,8179.0
34,8181.2
52,8188.5
11,8221.5
30,8223.0
22,8223.3
14,8223.4
0,8223.7
48,8224.0
28,8225.3
1,8226.0
21,8226.2
10,8226.7
55,8227.2
15,8227.6
31,8227.9
54,8229.3
52,8229.4
53,8230.5
50,8231.2
17,8231.6
27,8232.5
6,8232.5
33,8232.6
47,8233.6
12,8235.1
26,8235.5
29,8235.7
9,8237.0
4,8237.8
58,8238.8
45,8239.1
56,8240.3
3,8241.3
2,8242.6
13,8242.7
40,8243.9
62,8244.5
61,8244.5
39,8245.9
32,8247.0
24,8247.9
16,8248.0
59,8252.9
43,8254.4
25,8255.7
48,8277.4
0,8277.9
12,8288.6
46,8299.3
11,8301.2
1,8303.1
30,8303.2
21,8304.1
22,8304.7
52,8304.8
48,8305.0
28,8306.0
14,8306.5
50,8308.4
10,8309.1
31,8309.2
33,8311.1
54,8311.2
55,8311.3
53,8311.7
27,8313.2
0,8314.3
6,8315.1
9,8317.2
29,8317.9
15,8317.9
45,8317.9
4,8319.5
49,8319.8
17,8321.5
56,8321.6
47,8323.4
7,8325.0
32,8329.5
58,8330.0
3,8331.5
2,8331.5
62,8332.2
13,8332.3
40,8338.7
37,8339.7
21,8341.3
26,8341.5
5,8349.3
11,8368.6
48,8381.4
1,8382.7
28,8383.0
52,8383.9
14,8384.5
30,8385.1
50,8385.3
0,8386.2
27,8387.0
22,8387.3
12,8387.9
31,8388.0
10,8389.0
21,8389.4
55,8389.4
24,8390.1
33,8390.4
53,8390.6
6,8390.7
17,8391.5
26,8392.0
54,8392.2
11,8393.1
29,8393.2
25,8394.1
47,8394.2
15,8394.8
45,8395.4
9,8396.2
32,8396.7
3,8397.8
4,8398.3
49,8399.8
39,8401.0
7,8401.2
59,8401.9
58,8402.1
56,8404.0
16,8404.4
62,8406.2
13,8406.6
2,8406.6
18,8410.4
37,8410.7
40,8411.1
60,8414.8
20,8416.5
38,8418.9
33,8441.2
53,8483.3
55,8527.3
3,8528.1
42,8531.7
45,8567.7
37,8570.7
0,8574.2
59,8577.3
6,8599.3
47,8712.8
50,8744.4
38,8753.0
13,8753.5
39,8760.4
30,8768.6
53,8769.6
52,8772.7
27,8773.3
1,8773.7
10,8773.8
31,8774.0
28,8774.2
14,8774.4
3,8775.4
54,8776.7
6,8777.2
47,8777.3
11,8777.3
55,8777.4
9,8779.8
15,8781.3
33,8781.7
58,8782.6
5,8782.6
48,8784.0
4,8785.1
2,8787.0
0,8787.5
16,8787.6
40,8788.5
25,8788.6
56,8788.9
62,8789.2
45,8789.9
17,8792.0
49,8792.1
26,8794.9
13,8795.1
59,8795.5
50,8796.1
37,8796.4
43,8797.9
21,8798.3
18,8800.2
22,8804.6
27,8824.3
56,8839.4
29,8841.2
30,8843.8
52,8849.0
53,8850.5
14,8850.9
28,8852.4
10,8852.7
11,8852.7
54,8853.1
31,8853.9
55,8854.8
1,8854.9
27,8855.7
9,8856.3
6,8857.1
15,8858.6
33,8859.9
48,8863.3
3,8863.9
47,8866.1
4,8866.5
2,8867.5
58,8869.7
5,8877.6
0,8877.9
30,8886.9
40,8887.7
13,8888.4
25,8898.6
25,8926.5
52,8929.3
27,8929.4
28,8930.0
14,8930.9
30,8930.9
53,8931.3
31,8933.4
11,8934.5
1,8934.8
54,8935.8
10,8937.3
6,8937.9
55,8938.0
15,8939.1
17,8939.5
47,8939.7
9,8940.2
33,8941.0
48,8941.5
3,8942.9
56,8943.8
16,8945.9
59,8946.0
62,8946.6
49,8948.0
58,8951.0
39,8951.4
37,8953.3
45,8954.2
4,8954.4
5,8955.4
2,8955.4
0,8956.3
22,8957.4
21,8959.3
50,8959.9
13,8961.6
1,8961.7
35,8966.8
7,8974.9
30,9006.8
27,9007.1
28,9008.0
14,9008.8
52,9009.6
53,9010.7
31,9011.2
11,9011.3
4,9015.2
1,9015.3
60,9016.5
10,9016.5
54,9016.9
6,9017.3
47,9018.7
55,9018.7
48,9019.8
33,9020.0
9,9021.6
51,9022.6
25,9026.2
56,9028.0
49,9030.9
15,9031.4
3,9032.1
34,9032.4
17,9035.2
2,9036.5
13,9037.3
59,9040.8
58,9041.3
5,9041.8
30,9049.2
62,9052.1
18,9055.1
40,9056.5
16,9059.8
43,9140.6
29,9197.4
31,9200.4
16,9234.8
12,9254.8
23,9267.8
10,9270.7
42,9324.0
6,9358.3
7,9376.4
28,9383.7
30,9393.5
27,9394.0
11,9396.1
1,9397.8
6,9398.2
31,9398.2
3,9399.0
53,9399.7
17,9400.6
14,9402.6
55,9404.9
2,9405.2
15,9405.8
21,9406.3
48,9406.7
52,9407.6
62,9407.7
16,9408.3
10,9408.9
33,9409.8
58,9411.0
8,9412.0
49,9412.4
40,9412.6
28,9414.4
5,9414.7
56,9415.5
32,9415.7
0,9415.7
22,9418.8
60,9421.0
37,9423.6
50,9424.4
34,9424.7
29,9424.7
18,9425.1
45,9427.9
43,9430.8
59,9432.1
38,9438.4
30,9445.5
13,9447.1
12,9452.1
4,9465.4
27,9470.9
11,9472.5
30,9474.7
17,9474.9
2,9476.0
6,9476.1
28,9476.7
1,9476.8
3,9478.1
31,9478.5
52,9479.7
55,9479.8
46,9480.0
21,9480.0
14,9480.9
53,9482.3
62,9484.6
48,9485.0
33,9486.1
58,9487.1
15,9488.2
54,9488.2
32,9488.7
49,9489.6
5,9490.2
16,9491.6
40,9492.1
56,9492.3
37,9494.2
0,9494.4
7,9495.2
50,9495.2
10,9496.3
9,9497.8
8,9497.8
19,9502.5
11,9502.8
45,9504.6
22,9505.0
18,9507.9
47,9508.0
13,9508.4
27,9514.5
23,9516.9
30,9517.0
41,9522.0
2,9522.3
43,9526.9
24,9529.1
17,9548.1
7,9549.7
30,9552.6
28,9553.0
1,9553.4
14,9554.7
27,9555.8
55,9556.0
52,9556.1
21,9557.5
31,9557.6
11,9557.6
6,9558.1
3,9558.7
53,9559.9
62,9560.7
33,9564.1
48,9565.6
56,9566.9
58,9567.5
60,9567.6
37,9569.4
40,9569.7
59,9574.4
49,9574.5
0,9575.2
2,9576.5
15,9578.1
4,9582.4
16,9582.7
22,9585.0
12,9594.9
62,9612.8
54,9616.3
30,9629.5
39,9631.7
27,9632.8
11,9634.6
1,9635.9
28,9638.0
3,9638.4
6,9639.2
55,9641.7
31,9642.1
14,9642.6
21,9643.1
52,9644.0
56,9646.4
53,9647.0
33,9647.4
62,9648.2
48,9648.2
50,9650.3
49,9651.5
17,9652.4
8,9653.0
2,9653.3
37,9655.0
5,9655.2
58,9656.7
10,9658.6
60,9660.9
30,9663.2
40,9666.0
13,9666.9
22,9683.6
35,9723.0
59,9820.6
58,9840.6
36,9906.2
5,9964.2
55,9975.4
26,9993.5
