28,87.4
11,87.8
17,87.9
6,87.9
0,88.0
20,88.0
12,88.0
24,88.1
26,88.2
25,88.4
1,88.4
27,88.5
22,88.5
9,88.6
3,88.6
23,88.7
8,88.9
31,88.9
5,88.9
4,88.9
13,89.4
16,89.6
11,94.5
28,94.6
17,94.9
12,95.0
0,95.4
24,95.4
1,96.1
25,97.0
5,97.8
27,98.1
20,98.1
6,98.2
26,98.2
4,98.3
8,99.2
9,99.6
13,99.8
11,100.6
28,101.5
17,101.6
3,101.7
0,101.8
22,101.8
12,102.1
24,103.0
18,103.4
16,103.5
25,104.6
1,107.0
11,107.3
0,109.0
17,113.5
12,115.3
25,117.4
28,167.3
11,167.6
6,167.7
17,167.7
0,167.8
12,167.8
20,167.9
24,168.0
26,168.1
1,168.2
25,168.2
27,168.3
9,168.3
22,168.3
23,168.4
3,168.5
4,168.6
5,168.6
31,168.6
8,168.7
16,169.2
13,169.2
11,174.3
28,174.4
17,174.7
12,174.9
24,175.2
0,175.2
1,175.8
25,176.3
5,177.0
4,177.5
20,177.7
26,177.7
6,177.9
27,178.1
9,178.1
8,178.7
13,178.8
11,180.3
28,181.1
17,181.2
22,181.4
3,181.4
0,181.5
12,181.7
16,182.4
24,182.6
25,183.7
23,185.3
1,185.9
31,186.0
11,186.7
0,188.2
17,190.5
12,191.2
28,192.3
25,194.8
4,194.9
24,195.7
11,196.5
0,200.8
28,247.2
11,247.5
17,247.7
20,247.7
6,247.7
12,247.8
0,247.8
24,247.9
26,247.9
1,248.1
25,248.1
27,248.2
22,248.2
9,248.3
23,248.4
3,248.5
31,248.5
4,248.6
5,248.7
8,248.7
13,249.2
16,249.3
11,254.2
28,254.3
17,254.6
12,254.8
0,255.1
24,255.1
1,255.6
25,256.3
20,256.9
5,257.0
4,257.3
26,257.3
6,257.4
27,257.6
9,258.2
8,258.8
13,258.9
22,259.8
11,260.1
3,260.6
28,260.9
17,260.9
0,261.3
12,261.5
24,262.2
16,262.5
25,263.5
1,264.8
7,264.9
23,265.6
11,266.2
0,267.8
17,268.3
5,269.8
28,271.1
12,271.3
11,273.7
25,274.0
24,274.8
0,277.9
25,346.0
3,410.4
29,435.3
6,476.0
5,496.7
0,569.9
17,570.4
28,632.4
11,632.8
17,632.8
6,632.9
12,633.0
0,633.0
20,633.0
24,633.1
26,633.2
1,633.3
22,633.4
27,633.4
25,633.4
9,633.5
23,633.6
3,633.6
8,633.8
5,633.9
31,633.9
4,633.9
13,634.4
16,634.5
28,639.5
11,639.5
17,639.7
12,640.1
24,640.3
0,640.3
1,640.8
25,641.7
5,642.2
20,642.5
6,642.6
26,642.8
27,642.9
4,643.0
8,643.4
22,643.7
9,643.8
13,643.9
11,645.4
3,645.8
28,645.9
17,646.2
0,646.6
12,646.8
24,647.5
16,648.4
25,649.1
1,649.7
18,649.8
23,650.0
14,651.2
11,651.4
31,652.8
0,653.2
17,654.3
28,655.0
5,655.2
30,656.6
12,656.8
11,658.5
24,658.9
25,659.9
0,662.6
28,712.2
11,712.6
0,712.7
6,712.7
17,712.7
12,712.8
26,712.9
20,712.9
24,713.0
25,713.2
27,713.2
1,713.2
9,713.4
23,713.4
22,713.4
3,713.6
5,713.6
8,713.6
4,713.7
31,713.7
16,714.1
13,714.2
28,719.2
11,719.3
17,719.6
12,719.8
0,719.9
24,720.1
1,720.6
25,721.4
5,721.8
6,722.1
26,722.2
20,722.3
27,722.3
4,722.4
8,722.8
9,723.1
13,723.8
22,724.4
3,725.1
11,725.2
28,725.5
0,726.1
17,726.1
12,726.5
16,727.1
24,727.2
25,728.8
1,729.4
23,730.3
11,731.3
0,732.3
28,733.2
5,733.6
17,734.4
12,735.2
24,737.6
11,738.4
25,739.8
0,740.0
12,760.6
5,782.4
22,782.9
3,783.8
28,792.2
11,792.5
6,792.6
26,792.6
12,792.7
17,792.7
0,792.8
20,792.8
25,793.0
24,793.0
1,793.1
27,793.2
9,793.3
23,793.3
31,793.5
8,793.7
4,793.7
13,794.1
16,794.1
5,795.6
22,795.7
3,796.1
28,799.3
11,799.3
17,799.6
12,799.7
0,800.0
24,800.1
1,800.6
25,801.0
26,801.5
20,801.7
6,801.8
4,802.2
27,802.5
9,802.9
8,803.2
13,803.7
5,804.5
11,805.1
28,805.6
17,806.0
0,806.2
12,806.3
23,806.8
24,806.8
16,807.3
25,808.0
22,809.0
3,809.0
1,809.3
11,811.1
31,812.3
0,812.5
28,813.8
17,814.0
4,814.3
12,814.4
19,816.4
10,816.7
24,816.8
25,816.9
11,818.1
0,820.7
3,837.0
24,842.9
28,872.2
11,872.5
6,872.6
17,872.7
12,872.7
20,872.7
0,872.8
24,872.9
26,872.9
1,873.1
27,873.2
22,873.2
25,873.2
9,873.3
23,873.4
3,873.4
31,873.5
8,873.6
4,873.6
5,873.7
13,874.2
16,874.4
11,879.3
28,879.3
17,879.6
12,879.8
0,880.0
24,880.0
1,880.6
25,881.4
20,881.7
5,881.9
6,881.9
4,882.1
26,882.3
8,882.3
27,882.5
9,883.0
13,883.6
22,884.2
3,884.2
11,885.1
28,885.6
17,886.0
0,886.1
31,886.2
12,886.3
23,886.6
24,886.8
16,887.5
25,888.6
1,889.2
11,891.2
0,892.5
5,893.7
28,893.9
17,894.0
12,894.7
4,895.1
24,896.5
11,898.2
25,899.2
20,900.5
0,900.6
11,939.2
26,1026.4
15,1080.1
5,1098.8
8,1116.8
22,1132.8
29,1230.4
27,1242.8
28,1257.4
11,1257.7
6,1257.8
17,1257.8
0,1257.9
12,1258.0
20,1258.0
24,1258.1
26,1258.1
1,1258.3
9,1258.4
22,1258.4
25,1258.4
23,1258.6
3,1258.6
8,1258.7
31,1258.7
5,1258.9
4,1258.9
13,1259.5
27,1259.6
16,1259.8
28,1264.4
11,1264.5
17,1264.8
12,1265.0
24,1265.2
0,1265.2
1,1265.8
25,1266.7
5,1267.2
20,1267.4
6,1267.5
26,1267.7
9,1268.0
4,1268.0
8,1268.0
13,1269.2
27,1269.9
22,1269.9
11,1270.4
3,1270.5
28,1271.0
17,1271.2
0,1271.4
12,1271.8
24,1272.3
16,1273.7
25,1274.0
18,1274.2
1,1274.6
23,1274.8
7,1274.8
11,1276.3
31,1277.5
0,1277.9
17,1279.1
28,1279.7
5,1280.0
2,1281.0
12,1282.1
20,1282.9
11,1283.0
25,1283.6
24,1283.7
0,1286.6
11,1296.6
3,1304.6
28,1337.3
11,1337.6
17,1337.7
6,1337.7
0,1337.8
12,1337.8
20,1337.9
24,1338.0
26,1338.0
1,1338.2
25,1338.2
22,1338.3
27,1338.3
3,1338.3
23,1338.4
9,1338.4
5,1338.5
31,1338.6
4,1338.6
8,1338.7
13,1339.2
16,1339.4
11,1344.3
28,1344.3
17,1344.6
12,1344.8
0,1345.0
24,1345.1
1,1345.6
25,1346.3
5,1346.7
20,1347.1
4,1347.3
27,1347.4
26,1347.6
6,1347.6
8,1348.0
9,1348.1
13,1348.6
3,1349.5
22,1349.9
11,1350.1
28,1350.7
17,1351.0
0,1351.1
12,1351.4
24,1352.1
16,1352.5
25,1353.6
30,1353.7
1,1354.0
18,1354.8
11,1356.0
31,1357.1
0,1357.2
17,1358.1
23,1358.2
28,1358.6
5,1358.8
21,1359.5
12,1360.2
4,1361.1
11,1362.6
24,1363.2
0,1363.4
25,1363.6
17,1367.3
0,1370.6
11,1375.7
29,1376.5
17,1400.0
0,1404.8
28,1417.2
6,1417.4
11,1417.5
20,1417.5
12,1417.6
17,1417.8
1,1417.9
24,1417.9
3,1418.0
22,1418.0
26,1418.0
27,1418.1
25,1418.1
0,1418.3
9,1418.3
23,1418.4
4,1418.4
5,1418.5
31,1418.6
8,1418.7
13,1419.2
16,1419.3
28,1424.2
11,1424.2
12,1424.6
17,1424.7
24,1425.0
1,1425.3
0,1425.6
25,1426.2
20,1426.3
5,1426.3
6,1426.5
4,1426.7
26,1426.9
27,1427.1
9,1427.8
8,1428.1
3,1428.4
22,1428.7
13,1428.8
11,1430.0
28,1430.4
17,1430.8
12,1431.1
24,1431.7
0,1431.7
16,1432.5
25,1433.2
1,1433.4
23,1435.3
11,1436.1
5,1436.4
31,1437.2
0,1437.8
17,1437.8
28,1437.9
4,1438.8
12,1439.6
24,1440.6
20,1442.0
25,1442.5
11,1443.2
0,1444.8
2,1446.8
17,1451.1
0,1458.6
5,1480.4
28,1497.2
11,1497.5
17,1497.6
6,1497.6
12,1497.8
20,1497.8
0,1497.8
1,1498.0
26,1498.0
24,1498.0
25,1498.2
22,1498.2
27,1498.2
9,1498.3
23,1498.4
3,1498.4
31,1498.6
4,1498.6
8,1498.7
16,1499.2
5,1499.3
13,1499.3
28,1504.2
11,1504.3
17,1504.5
12,1504.8
0,1505.0
24,1505.1
1,1505.4
25,1506.3
20,1506.8
6,1506.9
26,1507.3
27,1507.3
4,1507.3
5,1507.6
9,1508.1
8,1508.5
13,1508.7
22,1509.6
3,1509.9
11,1510.1
28,1510.6
17,1510.7
0,1511.0
12,1511.4
24,1512.0
16,1512.5
25,1513.3
1,1513.6
11,1516.1
31,1516.1
0,1517.2
17,1517.8
28,1518.6
5,1519.7
12,1520.2
4,1520.6
25,1521.8
24,1522.1
11,1523.4
0,1524.3
17,1536.3
0,1577.1
21,1596.9
10,1597.2
12,1612.8
14,1635.5
7,1751.6
28,1882.3
11,1882.7
6,1882.8
17,1882.8
0,1882.9
12,1883.0
20,1883.0
24,1883.1
26,1883.2
1,1883.3
22,1883.4
25,1883.4
27,1883.5
23,1883.6
3,1883.6
9,1883.6
4,1883.8
31,1883.8
5,1883.8
8,1883.8
13,1884.4
16,1884.7
28,1889.4
11,1889.5
17,1889.7
12,1890.0
0,1890.1
24,1890.3
1,1890.8
25,1891.6
5,1892.0
20,1892.1
6,1892.3
26,1892.7
4,1892.7
27,1893.1
8,1893.4
9,1893.7
13,1894.0
22,1894.6
11,1895.4
3,1895.5
28,1895.7
0,1896.2
17,1896.2
12,1896.7
24,1897.5
18,1898.5
16,1898.6
25,1898.7
23,1899.5
1,1899.8
11,1901.5
31,1902.5
0,1902.7
5,1903.5
28,1903.5
17,1904.5
12,1905.6
25,1908.0
11,1909.2
20,1910.0
24,1910.2
0,1911.0
21,1912.3
0,1932.2
12,1939.8
17,1941.4
25,1948.7
28,1962.3
11,1962.6
6,1962.7
12,1962.7
0,1962.8
17,1962.8
20,1962.9
26,1963.0
24,1963.0
1,1963.2
27,1963.3
3,1963.3
23,1963.4
22,1963.4
8,1963.4
9,1963.4
4,1963.5
5,1963.6
31,1963.7
25,1964.0
13,1964.2
16,1964.4
28,1969.3
11,1969.3
17,1969.7
12,1969.7
0,1970.0
24,1970.1
1,1970.7
20,1971.4
4,1971.9
5,1971.9
25,1972.0
6,1972.2
26,1972.3
8,1972.6
27,1972.8
9,1973.1
13,1973.9
22,1974.8
3,1974.8
11,1975.0
28,1975.7
23,1975.7
0,1976.0
17,1976.0
12,1976.2
16,1977.3
24,1977.3
18,1978.7
25,1979.1
1,1979.3
11,1981.0
31,1981.5
0,1982.1
4,1983.3
17,1983.7
5,1983.8
28,1984.0
21,1984.2
12,1984.7
11,1987.5
24,1988.3
25,1988.6
0,1989.1
11,1999.1
28,2012.7
28,2042.2
11,2042.5
6,2042.6
17,2042.7
12,2042.7
0,2042.8
20,2042.8
24,2043.0
26,2043.0
25,2043.1
1,2043.1
22,2043.2
27,2043.2
23,2043.4
9,2043.4
3,2043.5
5,2043.6
8,2043.6
4,2043.6
31,2043.7
13,2044.1
16,2044.4
11,2049.2
28,2049.2
17,2049.6
12,2049.7
0,2050.0
24,2050.1
1,2050.6
25,2051.1
5,2051.7
20,2051.8
6,2052.0
4,2052.1
26,2052.2
9,2052.8
27,2052.9
8,2053.1
13,2053.8
3,2054.2
22,2054.7
11,2055.0
23,2055.4
28,2055.5
10,2055.8
17,2055.9
0,2056.1
12,2056.1
24,2056.9
16,2057.6
25,2057.8
18,2058.3
7,2058.5
1,2058.9
11,2060.8
31,2061.5
0,2062.2
5,2062.4
28,2063.1
17,2063.5
12,2064.2
4,2065.1
25,2065.2
24,2066.3
11,2067.2
0,2069.0
11,2077.6
0,2082.6
7,2100.3
28,2101.2
0,2106.0
28,2122.2
11,2122.4
6,2122.6
17,2122.7
12,2122.7
20,2122.8
26,2122.9
24,2123.0
25,2123.1
0,2123.1
1,2123.1
22,2123.2
27,2123.2
9,2123.3
3,2123.4
23,2123.4
8,2123.6
31,2123.6
4,2123.6
5,2123.7
13,2124.2
16,2124.3
11,2129.1
28,2129.2
17,2129.6
12,2129.8
24,2130.0
0,2130.4
1,2130.6
25,2131.1
6,2131.5
5,2131.8
20,2131.8
26,2132.0
4,2132.2
9,2132.7
27,2132.7
8,2133.3
13,2133.8
22,2134.3
3,2134.6
11,2134.8
28,2135.5
17,2135.9
31,2136.1
12,2136.3
0,2136.4
16,2136.8
24,2136.8
23,2137.0
10,2137.5
25,2137.9
7,2138.8
1,2138.9
19,2140.0
11,2140.5
0,2142.5
5,2143.0
28,2143.1
17,2143.9
12,2145.1
25,2146.3
24,2146.4
11,2146.6
0,2149.6
20,2151.5
11,2154.1
0,2170.9
11,2178.7
2,2191.0
13,2410.8
22,2424.1
0,2428.1
28,2488.1
26,2488.1
11,2507.7
28,2507.7
6,2507.8
17,2507.8
12,2508.0
20,2508.0
0,2508.0
24,2508.1
1,2508.3
27,2508.4
25,2508.4
22,2508.4
23,2508.6
9,2508.6
3,2508.6
31,2508.8
26,2508.8
8,2508.8
5,2508.9
4,2508.9
13,2509.4
16,2509.5
29,2514.2
11,2514.5
17,2514.7
28,2514.8
12,2515.1
0,2515.2
24,2515.3
1,2515.8
25,2516.6
6,2517.1
5,2517.2
20,2517.4
27,2517.9
4,2518.1
8,2518.2
26,2518.6
9,2518.7
13,2518.8
22,2519.5
11,2520.2
3,2520.6
17,2521.2
28,2521.2
0,2521.4
12,2521.9
24,2522.8
16,2523.2
25,2523.7
1,2525.0
23,2525.2
31,2525.7
11,2526.2
0,2527.9
17,2529.9
28,2530.0
5,2530.2
21,2531.6
12,2533.1
25,2533.3
11,2533.3
6,2535.6
0,2536.2
0,2565.0
3,2566.3
17,2586.8
28,2587.1
11,2587.5
24,2587.5
0,2587.7
12,2587.7
6,2587.7
26,2587.9
20,2587.9
1,2588.1
22,2588.1
25,2588.2
27,2588.3
23,2588.4
9,2588.4
5,2588.6
31,2588.6
8,2588.6
4,2588.7
3,2588.7
16,2589.3
13,2589.3
17,2593.7
28,2594.1
11,2594.2
24,2594.6
12,2594.7
0,2594.8
1,2595.5
25,2596.3
20,2596.6
26,2596.6
6,2596.7
5,2596.9
4,2597.3
27,2597.5
8,2597.8
9,2598.1
13,2598.4
22,2598.8
11,2599.9
17,2600.0
3,2600.3
28,2600.4
0,2600.8
12,2601.2
24,2601.5
23,2601.7
16,2602.3
25,2603.5
14,2603.8
1,2604.0
11,2605.7
21,2606.3
0,2606.8
17,2606.9
28,2607.8
5,2608.6
12,2609.0
26,2609.4
31,2610.0
24,2610.6
11,2611.8
25,2613.1
0,2613.2
11,2619.7
17,2620.1
0,2623.5
28,2667.2
11,2667.5
6,2667.6
17,2667.7
12,2667.8
0,2667.8
20,2667.8
24,2667.9
26,2667.9
1,2668.1
25,2668.1
27,2668.2
22,2668.2
9,2668.3
23,2668.4
3,2668.5
31,2668.6
4,2668.6
8,2668.7
5,2668.7
13,2669.0
16,2669.5
11,2674.2
28,2674.3
17,2674.6
12,2674.8
24,2675.0
0,2675.0
1,2675.6
25,2676.3
20,2676.7
6,2676.7
5,2676.9
26,2677.1
4,2677.2
27,2677.4
9,2678.1
13,2678.2
8,2678.2
22,2679.7
11,2680.0
3,2680.1
28,2680.6
17,2680.8
0,2681.0
12,2681.3
24,2681.8
16,2682.6
25,2683.5
1,2684.4
18,2684.8
11,2685.8
0,2687.2
23,2687.8
17,2687.8
28,2688.7
5,2689.2
12,2689.2
31,2690.4
24,2691.0
11,2692.3
25,2693.2
0,2694.3
20,2695.8
17,2700.8
11,2702.6
28,2747.2
11,2747.5
6,2747.6
17,2747.7
20,2747.8
0,2747.8
12,2747.8
26,2747.9
24,2748.0
25,2748.1
1,2748.1
27,2748.2
22,2748.2
9,2748.3
23,2748.4
4,2748.4
3,2748.6
31,2748.7
5,2748.7
8,2748.7
13,2749.2
16,2749.4
28,2754.2
11,2754.2
17,2754.6
12,2754.8
0,2755.0
24,2755.1
1,2755.6
25,2756.3
4,2756.8
26,2756.8
20,2756.8
6,2756.9
5,2757.0
27,2757.3
9,2757.8
8,2758.1
13,2758.7
22,2759.1
11,2760.0
3,2760.5
17,2760.7
28,2760.7
0,2761.0
12,2761.3
23,2762.0
24,2762.0
16,2762.5
25,2763.5
1,2764.0
11,2765.8
31,2765.9
0,2767.2
17,2767.6
4,2768.4
5,2769.0
28,2769.6
12,2770.0
11,2772.2
24,2772.5
25,2774.1
0,2774.7
17,2780.3
11,2781.1
24,2807.9
11,2832.6
25,2832.9
28,2879.5
5,2879.5
11,2942.4
0,2991.1
17,2991.6
4,3012.2
0,3048.3
26,3049.7
20,3086.1
11,3114.3
28,3132.4
6,3132.7
17,3132.7
0,3132.9
20,3133.0
12,3133.0
24,3133.1
11,3133.1
26,3133.1
1,3133.3
27,3133.4
25,3133.4
22,3133.5
9,3133.5
23,3133.6
3,3133.6
31,3133.8
8,3133.8
5,3133.9
4,3133.9
13,3134.4
16,3134.7
2,3137.6
28,3139.5
17,3139.7
11,3139.8
12,3140.0
0,3140.1
24,3140.3
1,3140.8
25,3141.6
5,3141.9
6,3142.2
20,3142.2
26,3142.6
4,3142.8
27,3142.9
9,3142.9
8,3143.2
13,3144.1
3,3144.9
22,3145.2
11,3145.6
28,3145.9
17,3146.1
0,3146.2
12,3146.8
24,3147.7
18,3148.0
16,3148.1
25,3148.7
1,3149.8
7,3150.4
23,3150.6
11,3151.4
31,3151.6
0,3152.7
5,3153.7
17,3154.6
28,3155.3
11,3157.7
12,3158.1
25,3158.3
24,3159.9
0,3160.8
11,3167.7
28,3212.3
11,3212.6
6,3212.7
17,3212.7
12,3212.8
0,3212.8
20,3212.9
24,3212.9
26,3213.0
1,3213.2
25,3213.2
22,3213.3
27,3213.4
9,3213.4
23,3213.4
3,3213.5
8,3213.5
4,3213.6
31,3213.7
5,3213.7
13,3214.2
16,3214.4
11,3219.2
28,3219.3
17,3219.5
12,3219.8
0,3220.0
24,3220.1
1,3220.5
25,3221.2
20,3221.6
6,3221.8
5,3222.1
4,3222.3
8,3222.4
26,3222.5
27,3223.0
9,3223.3
13,3224.0
22,3224.8
11,3224.9
3,3225.1
28,3225.7
17,3225.8
0,3226.1
12,3226.4
23,3226.8
16,3227.2
24,3227.2
25,3228.3
1,3228.4
11,3230.5
0,3232.2
17,3233.2
31,3233.4
28,3234.0
7,3234.1
5,3234.9
12,3235.2
4,3235.9
11,3236.5
25,3238.4
0,3239.5
24,3239.5
11,3243.4
21,3269.3
28,3292.2
11,3292.5
6,3292.6
17,3292.7
26,3292.8
20,3292.8
12,3292.8
0,3292.8
24,3293.0
1,3293.1
25,3293.2
22,3293.2
27,3293.2
9,3293.3
3,3293.5
31,3293.5
23,3293.5
8,3293.6
4,3293.6
5,3293.7
13,3294.2
16,3294.4
11,3299.1
28,3299.2
17,3299.6
12,3299.8
0,3300.0
24,3300.1
1,3300.6
25,3301.3
20,3301.8
26,3301.9
6,3301.9
5,3301.9
4,3302.3
27,3302.5
9,3303.0
8,3303.1
13,3303.7
22,3304.5
11,3304.9
3,3305.4
28,3305.6
17,3305.9
0,3306.0
12,3306.4
23,3306.8
24,3307.1
16,3307.6
18,3308.1
25,3308.4
1,3308.6
11,3310.7
31,3311.1
0,3312.2
28,3312.9
5,3313.7
17,3313.8
4,3315.7
12,3316.0
11,3317.0
21,3317.9
26,3318.0
25,3318.1
24,3318.2
0,3319.5
11,3325.7
8,3327.5
11,3348.8
28,3372.2
0,3372.2
11,3372.5
6,3372.6
26,3372.6
17,3372.7
12,3372.7
20,3372.8
24,3372.9
1,3373.1
25,3373.1
27,3373.2
9,3373.3
22,3373.3
3,3373.4
8,3373.4
23,3373.4
31,3373.6
4,3373.6
5,3373.6
13,3374.1
16,3374.4
11,3379.1
28,3379.3
0,3379.3
17,3379.6
12,3379.7
24,3380.0
1,3380.6
25,3381.1
26,3381.4
6,3381.8
5,3381.8
20,3382.0
4,3382.1
8,3382.2
27,3382.6
9,3383.1
13,3383.5
3,3384.7
22,3384.8
11,3384.9
0,3385.3
28,3385.7
17,3385.9
12,3386.3
24,3386.8
16,3387.3
25,3388.2
1,3388.9
23,3390.4
11,3390.7
0,3391.5
5,3393.1
28,3393.1
17,3393.9
8,3394.5
12,3395.3
25,3396.8
11,3396.9
24,3397.2
21,3397.5
0,3398.9
11,3405.7
16,3408.5
15,3409.1
7,3409.9
3,3509.0
12,3558.3
0,3564.0
17,3564.5
21,3608.3
10,3669.5
11,3669.6
5,3695.2
0,3742.3
17,3742.7
13,3747.4
28,3757.4
0,3757.6
11,3757.7
17,3757.8
6,3757.8
12,3757.8
20,3758.0
24,3758.1
26,3758.2
25,3758.3
27,3758.3
1,3758.3
22,3758.5
9,3758.5
3,3758.6
31,3758.8
8,3758.8
4,3758.9
5,3758.9
16,3759.6
13,3761.8
11,3764.4
0,3764.4
17,3764.5
28,3764.5
12,3764.8
24,3765.3
1,3765.8
25,3766.7
5,3767.0
20,3767.3
26,3767.4
27,3767.6
6,3767.6
4,3767.8
8,3768.1
9,3768.5
22,3769.8
0,3770.1
11,3770.2
17,3770.3
3,3770.5
28,3770.9
12,3771.6
13,3771.9
18,3772.3
10,3772.4
24,3772.5
16,3773.1
25,3774.0
1,3774.3
0,3775.6
11,3776.1
17,3776.3
31,3777.4
19,3777.5
5,3777.6
28,3779.1
12,3780.1
2,3781.0
0,3781.1
11,3782.4
17,3782.9
24,3784.6
25,3784.7
0,3786.9
11,3791.9
0,3793.2
17,3795.0
0,3804.7
0,3837.2
28,3837.3
17,3837.3
11,3837.6
12,3837.7
6,3837.7
20,3837.9
26,3838.0
24,3838.0
9,3838.1
25,3838.2
1,3838.2
27,3838.3
22,3838.3
3,3838.5
8,3838.5
31,3838.5
5,3838.6
4,3838.7
13,3839.2
16,3839.4
0,3844.0
17,3844.1
28,3844.3
11,3844.3
12,3844.7
24,3845.1
1,3845.6
25,3846.4
5,3846.6
20,3847.1
8,3847.1
9,3847.2
4,3847.2
26,3847.4
6,3847.4
27,3847.7
13,3848.6
22,3849.4
0,3849.5
3,3849.8
17,3849.9
11,3850.0
28,3850.7
12,3851.2
16,3851.7
24,3852.1
19,3852.3
18,3852.4
1,3853.5
25,3853.7
31,3854.9
0,3854.9
17,3855.7
11,3855.9
5,3856.0
21,3856.8
28,3858.4
14,3859.9
12,3859.9
0,3860.1
17,3861.7
11,3862.2
24,3862.4
25,3864.6
0,3865.2
17,3868.5
0,3870.5
11,3871.7
0,3876.2
5,3877.1
17,3881.1
0,3882.6
1,3892.6
0,3895.7
17,3911.8
0,3912.5
28,3917.2
11,3917.5
6,3917.6
12,3917.7
20,3917.8
26,3917.9
1,3918.0
24,3918.0
25,3918.1
22,3918.2
27,3918.2
9,3918.3
3,3918.4
8,3918.6
31,3918.6
5,3918.6
17,3918.6
4,3918.7
0,3919.0
13,3919.2
16,3919.4
14,3924.0
11,3924.2
28,3924.2
17,3924.2
0,3924.4
12,3924.7
24,3925.1
1,3925.5
25,3926.1
5,3926.6
20,3926.8
26,3927.1
6,3927.2
4,3927.3
9,3927.4
27,3927.4
8,3928.0
13,3928.5
17,3929.3
0,3929.3
22,3929.6
11,3929.9
3,3930.4
28,3930.5
12,3931.1
24,3932.0
16,3932.4
25,3933.0
18,3933.5
1,3933.5
0,3934.2
17,3934.4
11,3935.6
5,3936.7
31,3937.3
28,3938.2
0,3938.9
12,3939.1
17,3939.5
19,3940.8
11,3941.7
25,3941.9
24,3942.3
0,3943.6
17,3944.8
0,3948.7
11,3949.4
17,3950.6
0,3954.2
17,3957.2
0,3960.2
0,3968.4
0,3997.2
28,3997.2
17,3997.3
11,3997.5
6,3997.6
12,3997.7
20,3997.8
26,3997.9
24,3998.0
1,3998.1
25,3998.1
27,3998.2
22,3998.2
9,3998.3
3,3998.5
31,3998.5
4,3998.6
5,3998.7
8,3998.7
13,3999.2
16,3999.3
0,4004.0
17,4004.0
28,4004.2
11,4004.2
12,4004.7
24,4005.1
1,4005.6
25,4006.2
20,4006.5
5,4006.8
27,4007.1
6,4007.3
26,4007.4
9,4007.4
4,4007.5
8,4008.4
13,4008.8
22,4009.0
0,4009.5
17,4009.7
3,4009.8
11,4009.9
28,4010.5
12,4011.2
24,4011.9
16,4012.3
25,4013.4
10,4013.5
14,4013.8
1,4013.9
18,4014.2
0,4015.0
17,4015.6
11,4015.7
5,4017.1
28,4017.9
20,4019.3
12,4019.3
0,4020.4
11,4021.7
24,4021.9
17,4021.9
25,4022.6
0,4026.0
27,4027.0
11,4028.9
0,4032.0
17,4032.2
3,4032.9
1,4033.5
0,4039.6
16,4045.5
17,4056.1
0,4056.1
3,4058.8
0,4069.0
25,4069.4
28,4077.6
5,4093.1
22,4093.2
21,4108.2
15,4128.4
30,4137.4
14,4152.4
21,4153.5
2,4191.9
13,4201.9
5,4304.6
0,4382.3
28,4382.4
17,4382.5
6,4382.8
1,4382.9
11,4382.9
12,4383.0
20,4383.0
24,4383.0
8,4383.1
26,4383.2
10,4383.2
27,4383.4
25,4383.4
22,4383.5
9,4383.5
3,4383.6
31,4383.8
4,4383.9
5,4384.0
13,4384.5
16,4384.6
0,4388.8
17,4389.3
28,4389.4
1,4389.7
12,4390.0
11,4390.0
24,4390.2
8,4390.2
10,4391.6
25,4391.7
21,4391.8
6,4391.9
20,4392.4
5,4392.6
27,4392.8
26,4393.0
4,4393.1
9,4393.8
0,4393.8
13,4394.0
17,4395.1
22,4395.1
3,4395.4
1,4395.7
28,4396.0
12,4396.7
8,4396.9
24,4397.0
11,4397.1
16,4398.1
0,4398.6
25,4398.9
23,4400.6
14,4400.6
31,4401.0
17,4401.3
1,4402.3
19,4402.6
0,4403.1
10,4403.9
12,4404.7
28,4405.2
7,4405.2
5,4405.5
24,4406.1
8,4406.3
0,4407.5
25,4408.4
29,4408.6
17,4409.2
11,4409.5
0,4412.0
1,4412.7
0,4416.7
0,4421.7
0,4427.2
0,4433.2
0,4441.7
0,4462.1
28,4462.3
17,4462.3
12,4462.7
1,4462.7
6,4462.7
20,4462.8
11,4462.8
8,4462.9
10,4463.0
24,4463.0
26,4463.0
3,4463.2
25,4463.2
22,4463.3
27,4463.3
9,4463.4
4,4463.7
31,4463.7
5,4463.8
13,4464.2
16,4464.2
0,4468.6
17,4469.1
28,4469.4
1,4469.5
12,4469.7
11,4469.9
8,4470.0
24,4470.1
25,4471.0
10,4471.2
26,4471.8
20,4472.0
6,4472.0
5,4472.1
4,4472.7
27,4472.9
0,4473.4
9,4473.4
13,4473.5
3,4474.9
17,4474.9
22,4475.0
1,4475.4
28,4475.8
12,4476.3
8,4476.7
11,4476.8
16,4477.0
24,4477.0
25,4478.0
0,4478.2
14,4480.8
17,4481.0
1,4481.8
31,4482.4
10,4482.5
0,4482.7
21,4483.6
28,4483.9
12,4484.6
5,4484.9
8,4486.1
24,4486.5
11,4486.8
0,4487.1
25,4487.7
17,4488.1
1,4490.8
0,4491.6
0,4496.2
13,4497.3
0,4501.2
0,4506.6
0,4512.4
0,4519.3
0,4542.1
28,4542.2
17,4542.3
6,4542.5
1,4542.6
11,4542.7
20,4542.8
12,4542.8
26,4542.9
8,4543.0
24,4543.0
10,4543.0
27,4543.2
25,4543.2
22,4543.2
9,4543.3
3,4543.5
4,4543.6
31,4543.6
5,4543.7
13,4544.2
16,4544.4
0,4548.5
17,4549.1
28,4549.3
1,4549.4
11,4549.8
12,4549.8
24,4550.1
8,4550.1
25,4551.1
10,4551.2
6,4551.6
5,4551.8
20,4551.9
26,4552.3
4,4552.4
27,4552.6
9,4553.1
13,4553.2
0,4553.4
17,4554.8
22,4555.1
1,4555.3
28,4555.7
3,4555.7
12,4556.4
11,4556.7
8,4556.9
24,4557.0
16,4557.4
25,4558.2
0,4558.2
18,4558.6
17,4560.7
19,4561.2
1,4561.5
10,4562.7
0,4562.7
5,4562.8
28,4563.2
31,4564.3
12,4565.0
20,4565.4
11,4566.1
8,4566.9
0,4567.0
24,4567.2
17,4567.2
25,4567.8
1,4568.9
0,4571.4
0,4575.9
17,4579.8
0,4580.6
0,4585.7
0,4591.1
0,4597.1
0,4604.2
0,4622.1
28,4622.2
17,4622.3
20,4622.6
1,4622.6
6,4622.6
11,4622.6
12,4622.7
8,4622.8
26,4622.9
10,4623.0
24,4623.0
25,4623.1
27,4623.2
3,4623.2
22,4623.2
9,4623.3
31,4623.6
5,4623.6
4,4623.7
13,4624.2
16,4624.3
0,4628.5
17,4629.1
28,4629.3
1,4629.4
11,4629.7
12,4629.7
8,4629.8
24,4630.1
10,4631.0
25,4631.3
20,4631.4
5,4631.5
6,4631.9
26,4632.3
27,4632.5
4,4632.5
9,4633.1
0,4633.4
13,4633.6
22,4634.0
17,4634.8
3,4634.9
1,4635.3
28,4635.6
12,4636.1
11,4636.3
8,4636.5
24,4636.9
16,4637.3
0,4638.2
25,4638.6
23,4640.1
17,4640.8
1,4641.4
10,4641.4
5,4641.7
28,4642.7
0,4642.8
12,4644.6
8,4645.6
11,4645.7
0,4647.1
17,4647.5
24,4648.2
1,4648.9
25,4649.4
0,4651.4
0,4655.9
22,4657.4
0,4660.5
0,4665.5
0,4670.9
24,4675.0
0,4676.8
0,4683.6
19,4715.7
8,4730.3
11,4748.9
12,4814.4
20,4872.4
31,4890.2
16,4940.9
20,4980.6
28,5007.3
0,5007.3
11,5007.5
20,5007.6
6,5007.8
1,5007.8
4,5007.9
12,5008.0
8,5008.1
26,5008.1
17,5008.2
10,5008.2
2,5008.3
18,5008.4
25,5008.4
22,5008.4
27,5008.4
24,5008.4
3,5008.5
9,5008.5
31,5008.8
5,5008.9
13,5009.4
16,5009.5
0,5013.8
28,5014.0
11,5014.2
20,5014.5
1,5014.6
4,5014.9
12,5015.0
8,5015.2
17,5015.6
24,5015.8
10,5016.3
25,5016.5
3,5016.8
26,5017.0
5,5017.1
18,5017.2
2,5017.3
6,5017.3
27,5017.5
9,5018.3
0,5018.7
13,5019.1
22,5019.4
28,5019.7
11,5019.8
1,5020.6
20,5020.7
4,5021.4
12,5021.7
8,5022.0
17,5022.9
16,5023.0
24,5023.5
25,5023.5
0,5023.8
11,5025.4
28,5025.5
1,5027.0
10,5027.0
20,5027.6
5,5027.7
21,5029.2
12,5029.7
31,5030.0
26,5030.2
4,5030.2
11,5031.3
28,5031.6
25,5032.1
17,5033.1
8,5033.1
27,5034.0
1,5037.6
11,5038.1
20,5039.0
28,5039.4
12,5042.9
0,5045.2
0,5049.5
0,5054.0
17,5058.0
8,5058.8
0,5058.9
20,5063.3
0,5064.1
0,5069.8
0,5076.0
0,5084.1
28,5087.1
11,5087.2
20,5087.4
6,5087.5
17,5087.5
4,5087.6
1,5087.7
12,5087.8
8,5087.8
10,5087.9
26,5088.0
18,5088.0
2,5088.1
3,5088.2
25,5088.2
9,5088.3
24,5088.3
22,5088.3
27,5088.3
5,5088.4
31,5088.7
16,5089.1
13,5089.1
0,5090.1
11,5093.9
28,5093.9
20,5094.3
1,5094.4
4,5094.5
12,5094.8
17,5094.9
8,5094.9
0,5095.1
24,5095.6
10,5095.9
18,5096.2
25,5096.3
5,5096.4
6,5096.7
3,5096.8
2,5096.9
26,5097.1
27,5097.7
9,5097.9
13,5098.5
11,5099.4
28,5099.4
22,5099.6
1,5100.4
20,5100.4
4,5100.9
12,5101.1
8,5101.4
16,5101.8
17,5102.5
24,5103.2
25,5103.4
11,5104.8
28,5104.9
14,5105.3
5,5105.9
10,5106.0
1,5106.8
20,5107.0
18,5107.6
12,5108.3
4,5108.5
8,5110.3
3,5110.4
11,5110.4
26,5110.5
28,5110.6
31,5111.7
25,5113.4
11,5116.3
1,5116.5
28,5116.8
20,5117.1
17,5117.4
11,5123.3
16,5123.8
28,5125.0
9,5128.9
0,5137.7
0,5142.1
0,5146.7
0,5151.5
0,5156.8
0,5162.5
28,5167.1
11,5167.3
20,5167.4
6,5167.6
17,5167.7
0,5167.7
1,5167.7
12,5167.7
4,5167.7
26,5167.9
8,5168.0
10,5168.0
18,5168.2
27,5168.2
25,5168.2
22,5168.2
3,5168.2
2,5168.2
9,5168.3
24,5168.3
31,5168.6
5,5168.6
13,5169.2
16,5169.3
0,5172.8
28,5173.9
11,5174.0
20,5174.3
1,5174.4
4,5174.6
12,5174.8
17,5175.0
8,5175.1
24,5175.6
10,5176.1
25,5176.3
18,5176.7
5,5176.8
3,5176.8
26,5177.1
6,5177.1
27,5177.5
2,5177.5
9,5177.9
13,5178.5
28,5179.4
11,5179.6
22,5179.9
20,5180.4
1,5180.4
4,5181.0
12,5181.3
8,5181.8
16,5182.3
17,5182.8
24,5183.4
25,5183.4
28,5185.0
11,5185.1
1,5186.7
20,5187.2
5,5187.6
10,5187.7
4,5188.7
12,5189.1
28,5190.8
11,5190.9
17,5190.9
8,5191.2
31,5191.3
25,5193.2
1,5195.8
11,5197.2
28,5197.3
20,5198.4
28,5207.3
11,5207.5
4,5211.3
0,5244.3
28,5247.1
20,5247.4
11,5247.4
4,5247.6
1,5247.6
6,5247.6
12,5247.7
8,5247.8
26,5247.9
27,5248.0
17,5248.0
2,5248.1
18,5248.1
25,5248.1
10,5248.1
3,5248.2
22,5248.2
24,5248.3
31,5248.3
9,5248.3
5,5248.5
13,5249.2
16,5249.4
28,5253.8
11,5254.0
20,5254.4
1,5254.4
4,5254.6
12,5254.7
8,5254.9
17,5255.3
24,5255.6
25,5256.1
10,5256.3
18,5256.5
5,5256.6
6,5256.6
3,5256.7
27,5256.9
2,5257.1
26,5257.2
9,5257.9
13,5258.1
11,5259.4
28,5259.4
22,5259.4
1,5260.3
20,5260.5
4,5260.9
12,5261.1
8,5261.3
16,5262.3
24,5263.0
25,5263.1
17,5263.2
31,5264.7
11,5264.8
28,5265.0
21,5265.3
1,5266.6
5,5266.7
20,5267.3
10,5268.3
4,5268.5
7,5268.7
8,5269.4
18,5269.7
12,5269.7
11,5270.2
3,5270.5
28,5270.8
25,5272.1
1,5275.8
11,5276.0
28,5277.2
20,5279.9
11,5282.5
9,5285.6
28,5287.3
11,5294.8
0,5311.2
0,5315.4
0,5320.0
0,5324.8
0,5330.1
0,5335.8
0,5342.2
0,5354.5
0,5382.1
20,5552.3
1,5583.6
29,5614.3
28,5632.1
20,5632.3
0,5632.3
11,5632.3
12,5632.4
3,5632.7
6,5632.8
1,5632.8
27,5632.8
4,5632.9
8,5633.1
26,5633.1
10,5633.2
17,5633.2
14,5633.2
2,5633.3
22,5633.4
18,5633.4
24,5633.4
9,5633.5
21,5633.6
25,5633.7
31,5633.8
5,5633.9
13,5634.4
28,5638.7
11,5638.9
12,5639.0
0,5639.0
20,5639.0
1,5639.6
3,5639.6
4,5639.9
27,5640.1
8,5640.2
17,5640.6
24,5640.6
10,5641.5
18,5642.0
5,5642.3
6,5642.4
14,5642.4
26,5642.5
2,5642.7
9,5643.3
21,5643.6
28,5643.8
11,5643.9
13,5644.0
0,5644.3
20,5644.5
12,5644.6
22,5644.7
1,5645.5
3,5645.9
25,5646.0
31,5646.3
4,5646.3
8,5646.9
27,5647.3
24,5647.9
11,5648.7
28,5648.7
17,5649.0
16,5649.1
0,5649.5
12,5650.0
20,5650.1
1,5651.8
15,5652.6
19,5653.5
11,5653.6
28,5653.6
3,5653.9
4,5654.1
18,5654.2
10,5654.5
5,5654.7
0,5654.8
12,5655.5
20,5655.9
8,5657.7
11,5658.6
28,5658.7
27,5659.9
1,5660.2
0,5660.4
24,5660.9
12,5661.3
20,5662.5
11,5664.0
28,5664.0
0,5666.4
12,5667.7
28,5669.6
11,5669.8
0,5674.3
28,5675.7
20,5676.5
11,5676.8
17,5678.3
12,5678.4
0,5682.1
22,5682.8
28,5683.2
5,5690.2
0,5693.0
28,5711.9
20,5712.1
12,5712.1
0,5712.1
11,5712.2
3,5712.4
27,5712.5
4,5712.7
6,5712.7
1,5712.7
17,5712.9
10,5713.0
8,5713.0
14,5713.0
2,5713.1
26,5713.1
18,5713.2
24,5713.3
22,5713.3
21,5713.4
9,5713.4
25,5713.6
31,5713.6
5,5713.8
13,5714.0
28,5718.5
0,5718.7
11,5718.7
12,5718.8
20,5718.8
3,5719.4
1,5719.5
4,5719.6
27,5719.7
8,5720.1
17,5720.3
24,5720.6
10,5721.2
18,5721.6
2,5721.8
14,5721.9
5,5722.0
6,5722.2
26,5722.4
9,5723.0
13,5723.2
22,5723.4
28,5723.4
11,5723.7
21,5723.7
0,5723.8
12,5724.2
20,5724.3
1,5725.4
3,5725.6
4,5725.9
25,5726.0
31,5726.3
27,5726.5
8,5726.7
17,5727.7
24,5727.9
28,5728.2
11,5728.4
7,5728.6
0,5728.7
12,5729.4
20,5729.6
19,5730.8
15,5731.6
1,5731.6
3,5732.8
4,5732.9
28,5733.0
11,5733.2
5,5733.2
0,5733.4
18,5733.6
10,5733.8
2,5734.6
12,5734.8
20,5735.2
27,5735.4
8,5735.5
17,5737.6
28,5737.8
0,5738.0
11,5738.1
1,5739.7
12,5740.3
24,5740.4
20,5741.1
28,5742.8
0,5742.9
11,5743.4
12,5746.2
4,5746.6
20,5747.7
0,5748.0
28,5748.1
11,5749.0
14,5749.6
12,5752.9
0,5753.5
28,5753.8
11,5755.2
0,5759.4
28,5760.0
20,5761.8
11,5765.0
12,5765.8
0,5766.2
28,5768.6
17,5777.7
0,5777.8
0,5790.7
28,5791.8
11,5792.1
20,5792.1
12,5792.1
3,5792.4
6,5792.6
27,5792.6
4,5792.7
26,5792.7
1,5792.7
8,5792.9
14,5793.0
10,5793.0
2,5793.1
18,5793.2
22,5793.2
9,5793.3
24,5793.3
21,5793.4
25,5793.4
5,5793.6
31,5793.6
17,5793.6
13,5794.2
0,5797.1
28,5798.4
11,5798.6
20,5798.8
12,5798.8
3,5799.4
1,5799.4
4,5799.6
27,5799.9
8,5800.0
24,5800.5
10,5800.7
17,5800.8
18,5801.2
5,5801.6
26,5801.9
14,5801.9
6,5802.0
2,5802.1
0,5802.2
9,5802.7
13,5803.3
28,5803.4
11,5803.6
22,5804.0
20,5804.1
12,5804.2
21,5804.4
1,5805.2
25,5805.4
3,5805.5
4,5806.0
8,5806.6
27,5806.9
0,5807.0
24,5807.7
17,5808.2
28,5808.3
11,5808.3
20,5809.3
12,5809.4
10,5810.7
1,5811.3
0,5811.8
16,5811.9
18,5812.0
3,5812.6
11,5813.0
28,5813.0
5,5813.2
4,5813.4
15,5813.5
20,5814.6
12,5814.7
2,5814.9
8,5815.1
0,5816.8
11,5817.8
28,5817.9
27,5818.2
1,5818.8
12,5820.2
20,5820.2
24,5821.0
0,5822.0
17,5822.0
11,5822.8
28,5823.0
12,5826.1
20,5826.3
0,5827.6
11,5828.3
28,5828.5
12,5832.8
0,5833.6
20,5834.1
11,5834.2
28,5834.3
28,5840.9
11,5841.1
0,5841.6
12,5845.1
10,5851.5
28,5854.0
28,5872.0
20,5872.1
12,5872.1
11,5872.1
0,5872.2
3,5872.4
27,5872.6
6,5872.6
1,5872.6
4,5872.7
14,5873.0
8,5873.0
26,5873.0
17,5873.0
2,5873.2
22,5873.2
18,5873.2
10,5873.3
24,5873.3
21,5873.4
9,5873.4
31,5873.6
5,5873.7
25,5873.7
13,5874.2
11,5878.6
28,5878.6
20,5878.8
12,5878.8
0,5878.8
3,5879.3
1,5879.4
4,5879.7
27,5879.9
8,5880.0
17,5880.3
24,5880.5
10,5881.2
18,5881.6
6,5881.8
5,5881.9
14,5881.9
2,5882.1
26,5882.3
9,5882.5
13,5883.3
11,5883.6
28,5883.6
21,5883.7
0,5884.1
20,5884.2
12,5884.3
22,5884.6
1,5885.3
3,5885.3
25,5886.0
4,5886.1
8,5886.5
27,5887.1
17,5887.8
24,5887.9
11,5888.3
28,5888.5
0,5889.0
20,5889.6
12,5889.7
1,5891.4
18,5891.6
10,5891.8
31,5892.0
3,5892.0
5,5892.5
11,5893.0
16,5893.0
28,5893.3
15,5893.4
4,5893.7
0,5893.9
12,5895.1
20,5895.2
2,5895.5
8,5896.5
17,5897.5
11,5897.8
28,5898.4
0,5898.9
1,5899.0
27,5900.0
12,5900.8
20,5901.2
3,5902.7
11,5902.9
28,5903.7
0,5904.2
12,5907.0
20,5908.3
11,5908.3
28,5909.4
0,5909.9
11,5914.2
28,5915.7
12,5915.9
0,5916.2
11,5921.2
28,5925.3
0,5927.1
3,5930.9
2,5960.6
22,5960.7
0,6017.4
30,6033.2
18,6037.2
0,6043.6
17,6044.3
17,6095.7
14,6149.8
30,6161.1
5,6175.8
3,6176.5
23,6221.6
28,6257.3
11,6257.3
0,6257.3
12,6257.4
20,6257.7
3,6257.7
1,6257.8
27,6257.9
4,6257.9
8,6257.9
14,6258.2
26,6258.2
17,6258.2
10,6258.2
25,6258.2
2,6258.3
18,6258.4
24,6258.4
9,6258.5
21,6258.7
5,6258.9
13,6259.4
11,6263.9
0,6264.0
12,6264.0
28,6264.2
8,6264.6
1,6264.6
3,6264.6
20,6264.8
4,6264.9
27,6265.0
25,6265.3
17,6265.6
24,6265.7
18,6266.4
10,6266.6
14,6267.0
5,6267.1
26,6267.3
2,6267.5
9,6268.1
11,6268.8
13,6268.9
0,6269.3
21,6269.3
12,6269.6
28,6270.2
8,6270.4
1,6270.6
3,6270.8
4,6271.4
20,6271.5
25,6272.0
27,6272.1
29,6272.2
24,6273.3
17,6273.6
11,6273.7
0,6274.6
12,6275.1
8,6276.3
28,6276.7
1,6277.2
18,6277.5
3,6277.9
11,6278.5
5,6278.5
14,6278.9
4,6279.4
10,6279.9
20,6279.9
0,6280.0
12,6280.8
2,6281.2
25,6281.6
16,6281.6
22,6281.7
8,6283.2
11,6283.5
0,6285.7
24,6285.9
27,6285.9
28,6286.0
12,6287.0
11,6288.9
1,6289.0
0,6292.2
11,6294.7
12,6295.4
11,6301.6
0,6305.9
17,6312.1
0,6314.8
5,6325.2
24,6326.2
28,6337.1
12,6337.1
0,6337.2
11,6337.2
20,6337.5
3,6337.5
27,6337.7
4,6337.7
1,6337.7
8,6337.7
17,6337.9
10,6337.9
14,6338.0
25,6338.0
26,6338.0
2,6338.1
21,6338.2
18,6338.2
9,6338.3
13,6339.1
24,6339.3
5,6340.0
11,6343.7
12,6343.7
0,6343.8
28,6344.0
3,6344.4
8,6344.4
1,6344.5
20,6344.5
4,6344.6
27,6344.9
25,6345.1
17,6345.3
10,6345.9
18,6346.5
14,6346.5
24,6346.6
2,6347.0
26,6347.4
13,6348.1
5,6348.2
9,6348.2
21,6348.3
11,6348.7
0,6349.1
12,6349.2
28,6349.9
8,6350.0
29,6350.2
1,6350.4
3,6350.5
4,6350.9
20,6351.0
25,6351.7
27,6351.7
16,6352.0
17,6352.8
22,6353.0
11,6353.4
24,6353.9
0,6354.0
12,6354.5
8,6355.7
28,6356.2
1,6356.8
3,6357.2
10,6357.2
18,6357.6
14,6358.0
11,6358.2
4,6358.2
7,6358.5
0,6358.9
20,6359.1
2,6359.6
12,6359.9
5,6360.8
25,6361.3
8,6361.7
17,6361.7
27,6362.2
11,6363.1
0,6363.8
28,6364.5
12,6365.6
24,6366.7
1,6367.5
11,6368.3
3,6368.6
8,6368.9
0,6369.1
12,6371.6
11,6373.9
0,6374.7
12,6379.1
11,6380.1
0,6380.9
31,6385.0
11,6389.5
0,6391.6
17,6401.0
0,6402.9
11,6417.1
28,6417.1
12,6417.2
3,6417.4
0,6417.4
20,6417.5
8,6417.6
27,6417.6
1,6417.7
4,6417.7
10,6418.0
14,6418.0
26,6418.0
25,6418.0
2,6418.1
17,6418.1
18,6418.2
24,6418.3
9,6418.3
21,6418.4
5,6418.7
13,6419.2
11,6423.7
12,6423.8
0,6424.0
28,6424.0
8,6424.3
3,6424.3
1,6424.5
20,6424.6
4,6424.6
27,6424.9
25,6425.0
17,6425.3
24,6425.6
10,6426.1
14,6426.6
18,6426.6
26,6426.7
5,6426.8
2,6427.2
9,6427.8
13,6428.0
11,6428.6
21,6429.0
0,6429.2
12,6429.3
8,6429.9
28,6429.9
1,6430.4
3,6430.4
4,6430.9
20,6431.1
25,6431.5
27,6431.8
17,6432.5
24,6432.8
11,6433.4
0,6434.3
12,6434.6
8,6435.5
28,6436.3
18,6436.6
1,6436.8
3,6437.0
10,6437.1
5,6437.8
23,6438.0
11,6438.1
4,6438.3
14,6438.7
0,6439.5
20,6439.6
12,6440.0
25,6440.7
2,6441.0
8,6441.5
27,6442.3
11,6442.9
17,6444.9
0,6445.0
24,6445.0
28,6445.4
12,6445.6
3,6446.1
1,6446.5
11,6448.0
8,6448.6
0,6450.9
12,6451.6
11,6453.5
0,6457.8
12,6458.6
11,6459.5
11,6466.9
28,6497.1
11,6497.1
0,6497.1
12,6497.2
3,6497.4
20,6497.4
4,6497.6
27,6497.7
1,6497.7
8,6497.7
26,6497.9
14,6498.0
17,6498.0
25,6498.0
10,6498.0
2,6498.1
18,6498.2
24,6498.3
9,6498.3
21,6498.5
5,6498.6
13,6499.2
0,6503.7
11,6503.7
12,6503.8
28,6504.0
3,6504.3
8,6504.4
1,6504.4
4,6504.5
20,6504.5
27,6504.9
25,6505.1
17,6505.3
24,6505.4
10,6506.0
18,6506.4
5,6506.8
14,6506.8
2,6507.2
26,6507.2
9,6508.0
13,6508.6
21,6508.6
11,6508.6
0,6508.9
12,6509.4
28,6509.9
8,6510.0
1,6510.2
3,6510.4
4,6510.8
20,6510.9
25,6511.7
29,6512.0
27,6512.0
24,6512.5
17,6512.7
11,6513.4
0,6514.0
12,6514.7
8,6515.7
1,6516.3
28,6516.3
3,6517.0
10,6517.8
4,6518.0
11,6518.2
5,6518.3
18,6518.3
20,6518.7
0,6519.3
12,6520.3
25,6521.4
8,6521.9
11,6523.2
14,6523.8
27,6523.8
1,6523.9
0,6524.7
24,6525.0
28,6525.7
12,6526.1
3,6526.8
17,6526.8
11,6528.5
8,6530.2
0,6530.3
12,6532.6
11,6534.2
0,6536.1
11,6540.5
23,6540.9
0,6542.4
12,6545.2
11,6552.7
0,6552.7
17,6554.0
26,6558.2
21,6566.2
19,6572.2
0,6578.6
17,6579.0
0,6597.6
3,6726.0
0,6754.5
20,6839.0
11,6882.3
0,6882.3
28,6882.3
12,6882.4
3,6882.6
20,6882.7
4,6882.9
27,6882.9
1,6883.1
14,6883.2
26,6883.2
10,6883.2
25,6883.2
8,6883.2
2,6883.3
18,6883.4
9,6883.5
21,6883.6
17,6883.6
24,6883.7
31,6883.9
5,6883.9
13,6884.3
23,6884.8
11,6888.9
0,6889.0
12,6889.1
28,6889.2
3,6889.6
20,6889.8
4,6889.9
27,6890.2
25,6890.3
8,6890.3
1,6890.4
10,6891.6
18,6892.0
5,6892.2
14,6892.5
2,6892.5
26,6892.6
13,6893.6
9,6893.7
11,6893.9
0,6894.3
24,6894.4
21,6894.5
12,6894.7
28,6895.2
3,6895.6
31,6896.1
4,6896.5
20,6896.6
8,6896.8
25,6896.9
27,6897.6
23,6898.2
1,6898.5
11,6898.8
0,6899.5
12,6900.2
28,6901.9
3,6902.3
11,6903.6
5,6904.7
0,6904.8
2,6904.8
4,6904.9
20,6905.3
18,6905.4
8,6905.5
12,6906.1
25,6906.4
30,6907.2
11,6908.7
0,6910.4
26,6910.8
3,6912.6
12,6912.6
28,6913.6
11,6914.2
13,6915.0
0,6916.5
11,6920.1
0,6925.2
12,6925.3
11,6927.4
8,6929.7
8,6957.9
25,6957.9
28,6962.1
0,6962.2
12,6962.2
11,6962.2
20,6962.5
3,6962.5
4,6962.7
27,6962.7
1,6962.9
26,6963.0
10,6963.0
2,6963.0
14,6963.0
18,6963.2
17,6963.3
9,6963.4
21,6963.4
24,6963.5
31,6963.6
5,6963.7
13,6964.1
23,6964.6
25,6964.9
8,6965.0
11,6968.7
0,6968.7
12,6968.8
28,6969.0
3,6969.4
4,6969.6
20,6969.6
27,6969.9
1,6970.1
25,6971.1
10,6971.2
8,6971.3
14,6971.5
18,6971.6
2,6971.7
5,6972.0
26,6972.0
21,6972.8
9,6973.1
13,6973.3
24,6973.5
11,6973.6
17,6973.7
0,6973.9
12,6974.3
31,6974.7
28,6974.9
3,6975.4
4,6976.0
20,6976.1
27,6977.1
25,6977.2
23,6977.5
1,6977.5
8,6977.6
11,6978.4
0,6978.8
7,6979.3
12,6979.5
28,6981.0
3,6982.1
14,6982.6
11,6983.1
4,6983.4
10,6983.5
0,6983.7
5,6984.0
2,6984.0
18,6984.1
20,6984.3
15,6984.8
12,6984.9
26,6984.9
25,6985.0
8,6985.3
31,6985.5
11,6987.9
28,6988.4
0,6988.8
27,6990.3
12,6990.4
3,6992.8
11,6993.0
0,6994.2
12,6996.4
11,6998.5
0,7000.1
12,7003.6
11,7004.4
0,7006.8
28,7008.5
11,7011.4
3,7016.0
27,7016.4
0,7020.3
17,7020.4
21,7029.5
0,7032.4
28,7041.5
12,7042.1
11,7042.1
3,7042.4
20,7042.5
0,7042.6
27,7042.6
4,7042.7
1,7042.8
26,7042.8
8,7042.9
10,7043.0
25,7043.0
14,7043.1
2,7043.1
18,7043.1
9,7043.3
24,7043.5
5,7043.6
31,7043.6
17,7043.6
13,7044.2
23,7044.5
21,7044.7
28,7048.3
11,7048.6
12,7048.8
0,7049.2
3,7049.3
4,7049.6
20,7049.6
27,7049.7
8,7050.0
1,7050.1
25,7050.1
10,7051.2
18,7051.4
26,7051.7
5,7051.8
14,7051.8
2,7051.9
13,7052.9
24,7053.2
9,7053.2
11,7053.6
28,7054.0
12,7054.3
0,7054.5
31,7055.1
21,7055.3
3,7055.4
4,7056.0
20,7056.2
8,7056.4
27,7056.7
25,7056.7
23,7057.4
1,7057.5
16,7057.9
11,7058.3
22,7058.7
0,7059.6
12,7059.6
28,7059.8
3,7062.0
2,7062.1
14,7062.2
5,7062.2
10,7062.7
17,7062.8
11,7063.0
4,7063.4
18,7064.0
8,7064.5
0,7064.6
20,7064.8
12,7065.1
28,7065.8
25,7066.3
27,7066.5
31,7066.9
11,7067.7
0,7069.6
12,7070.8
3,7072.5
28,7072.6
11,7072.7
0,7074.7
12,7077.1
24,7077.2
11,7078.2
0,7080.1
11,7084.0
28,7085.7
0,7086.0
12,7087.5
11,7091.0
0,7092.6
0,7104.8
17,7116.3
0,7117.6
28,7122.1
11,7122.1
12,7122.2
3,7122.4
20,7122.5
4,7122.6
27,7122.6
10,7122.9
1,7122.9
26,7122.9
14,7123.0
25,7123.0
8,7123.0
2,7123.0
18,7123.2
9,7123.3
21,7123.4
24,7123.5
5,7123.6
31,7123.7
0,7124.1
13,7124.2
23,7124.6
17,7128.0
11,7128.6
12,7128.8
28,7129.0
0,7129.2
3,7129.3
4,7129.5
20,7129.6
27,7129.8
25,7130.1
8,7130.1
1,7130.2
10,7130.8
18,7131.2
2,7131.6
14,7131.7
5,7131.8
26,7131.9
9,7132.9
21,7133.3
24,7133.4
13,7133.5
11,7133.6
0,7134.0
12,7134.4
31,7134.7
28,7134.9
3,7135.4
4,7135.9
30,7136.2
20,7136.3
8,7136.6
27,7136.7
25,7136.8
1,7137.7
23,7137.7
11,7138.4
0,7138.5
12,7139.8
28,7140.9
10,7141.1
3,7141.9
18,7142.6
5,7142.7
2,7142.9
0,7142.9
11,7143.1
4,7143.4
14,7143.9
20,7144.3
12,7145.4
8,7145.7
17,7146.2
31,7146.4
27,7146.5
0,7147.3
11,7147.9
28,7148.0
25,7148.4
12,7151.2
3,7151.6
0,7152.0
11,7153.0
0,7157.0
12,7157.8
21,7157.8
11,7158.5
0,7162.5
11,7164.3
0,7168.4
12,7170.8
11,7171.2
0,7175.7
3,7184.6
12,7194.6
27,7211.3
3,7239.4
28,7310.3
12,7310.4
6,7346.7
14,7397.1
20,7428.2
4,7471.7
22,7485.1
5,7486.1
28,7491.2
21,7503.9
13,7506.2
11,7507.3
0,7507.3
12,7507.4
20,7507.6
3,7507.7
28,7507.7
27,7507.8
1,7508.1
2,7508.1
8,7508.2
25,7508.2
14,7508.2
10,7508.3
4,7508.3
26,7508.3
9,7508.5
18,7508.5
17,7508.6
29,7508.8
31,7508.8
24,7508.8
23,7509.6
5,7509.9
21,7512.6
11,7513.9
0,7514.0
12,7514.3
20,7514.4
28,7514.6
3,7514.7
27,7514.7
25,7515.3
1,7515.4
8,7515.4
10,7516.7
29,7516.8
2,7516.8
4,7517.1
14,7517.2
18,7517.3
26,7517.8
9,7518.5
11,7518.8
24,7519.2
0,7519.3
20,7520.1
12,7520.1
28,7520.6
27,7520.6
3,7520.9
5,7521.1
31,7521.4
25,7522.1
8,7522.2
1,7523.4
23,7523.4
11,7523.6
21,7524.4
0,7524.6
20,7525.7
12,7525.9
29,7526.2
2,7526.8
27,7526.9
28,7527.1
3,7527.8
11,7528.2
10,7528.5
17,7529.6
0,7530.0
8,7531.4
20,7531.6
13,7531.9
12,7532.3
7,7532.8
11,7532.9
31,7534.1
25,7534.6
27,7534.8
0,7535.6
28,7537.0
11,7537.9
20,7538.3
3,7539.6
12,7541.5
0,7541.6
11,7543.2
0,7548.9
11,7549.0
20,7552.2
11,7555.9
28,7559.4
0,7566.4
11,7587.0
28,7587.1
0,7587.1
12,7587.2
20,7587.4
3,7587.4
27,7587.6
2,7587.8
14,7587.8
8,7587.8
26,7587.8
1,7587.9
25,7587.9
18,7588.0
4,7588.0
10,7588.0
17,7588.3
21,7588.3
9,7588.4
24,7588.5
31,7588.6
29,7588.8
5,7589.2
23,7589.6
11,7593.5
0,7593.7
28,7594.0
12,7594.0
20,7594.1
27,7594.4
3,7594.4
8,7594.9
25,7595.0
1,7595.2
2,7596.1
10,7596.2
14,7596.3
18,7596.4
29,7596.4
4,7596.7
26,7596.9
21,7598.1
9,7598.2
24,7598.3
11,7598.4
0,7598.9
20,7599.7
12,7599.7
31,7599.7
28,7599.9
5,7600.2
27,7600.3
3,7600.5
8,7601.3
25,7601.6
23,7602.4
1,7602.7
30,7603.1
11,7603.1
0,7603.9
29,7605.0
20,7605.2
12,7605.4
28,7606.1
27,7606.2
2,7606.3
3,7607.0
11,7607.6
14,7607.6
10,7607.6
18,7607.7
17,7607.8
0,7609.0
8,7609.5
25,7610.6
31,7610.9
20,7610.9
12,7611.3
11,7612.2
27,7612.8
28,7613.7
0,7614.2
11,7616.8
20,7616.9
12,7618.1
3,7618.3
0,7619.7
11,7621.7
20,7624.5
27,7625.0
0,7625.6
11,7626.8
11,7632.3
0,7632.8
18,7633.8
28,7634.2
11,7638.0
11,7644.4
22,7647.3
27,7648.2
11,7654.5
0,7659.0
17,7659.4
28,7667.1
12,7667.2
3,7667.4
20,7667.4
11,7667.4
0,7667.5
27,7667.7
1,7667.8
10,7667.8
26,7667.8
8,7667.9
4,7667.9
25,7668.0
14,7668.0
2,7668.1
21,7668.2
18,7668.2
9,7668.3
24,7668.4
31,7668.7
29,7668.7
5,7669.1
23,7669.6
17,7672.1
11,7673.8
12,7673.9
0,7673.9
28,7673.9
20,7674.1
3,7674.4
27,7674.5
8,7675.0
25,7675.1
1,7675.1
10,7675.8
29,7676.3
4,7676.4
18,7676.5
26,7676.7
14,7676.8
2,7677.0
9,7677.8
21,7678.0
24,7678.5
11,7678.7
0,7679.0
12,7679.6
20,7679.7
28,7679.8
31,7679.9
5,7680.1
27,7680.3
3,7680.5
8,7681.5
25,7682.0
23,7682.4
1,7682.5
11,7683.4
0,7683.9
29,7684.4
22,7684.8
20,7685.1
12,7685.2
28,7685.8
10,7686.1
27,7686.3
3,7687.3
19,7687.6
4,7687.8
18,7687.8
11,7687.9
0,7688.8
8,7688.9
14,7689.1
2,7689.6
26,7690.6
20,7690.7
31,7690.8
12,7691.1
28,7692.4
11,7692.5
27,7693.0
0,7693.9
25,7694.4
20,7696.7
11,7697.2
12,7697.8
0,7699.2
3,7700.5
11,7702.2
28,7702.8
20,7704.2
0,7704.9
27,7706.2
11,7707.5
12,7710.4
0,7711.3
11,7713.2
11,7719.7
0,7721.8
17,7725.6
20,7730.0
0,7731.0
11,7731.2
31,7737.8
28,7747.1
0,7747.2
12,7747.2
11,7747.3
3,7747.4
27,7747.5
20,7747.6
1,7747.8
26,7747.9
25,7748.0
8,7748.0
14,7748.0
10,7748.0
4,7748.1
2,7748.1
18,7748.2
9,7748.3
21,7748.4
24,7748.5
17,7748.7
29,7748.8
5,7749.4
23,7749.6
31,7750.5
0,7753.8
11,7753.8
12,7753.9
28,7754.0
27,7754.3
20,7754.3
3,7754.4
25,7755.0
8,7755.1
1,7755.1
10,7756.1
4,7756.2
18,7756.4
29,7756.5
26,7756.7
14,7756.8
2,7757.0
9,7757.9
21,7758.4
11,7758.7
24,7758.9
0,7759.0
12,7759.6
20,7759.8
28,7759.9
5,7760.0
27,7760.2
3,7760.5
31,7760.7
8,7761.6
25,7761.6
1,7762.5
23,7762.6
11,7763.4
0,7764.0
29,7765.1
20,7765.1
12,7765.4
28,7765.9
27,7766.2
3,7767.3
4,7767.3
10,7767.8
11,7767.9
18,7768.4
17,7768.7
0,7768.9
2,7769.4
26,7769.5
14,7769.6
8,7770.0
20,7770.5
25,7770.6
12,7771.4
11,7772.6
28,7772.7
31,7773.1
27,7773.3
0,7773.8
20,7776.2
1,7776.3
11,7777.3
0,7778.8
12,7778.8
3,7780.1
11,7782.4
20,7782.5
0,7784.1
28,7786.1
11,7787.9
0,7789.8
19,7790.6
20,7790.7
21,7791.2
11,7793.8
0,7796.1
11,7801.0
12,7801.7
0,7807.4
0,7826.4
17,7827.0
12,7834.4
0,7839.9
12,7859.8
23,7864.0
0,7865.6
25,7879.9
5,7890.5
6,7914.5
29,7915.2
11,8067.5
28,8132.0
0,8132.3
11,8132.3
12,8132.5
20,8132.5
2,8132.7
21,8132.7
3,8132.7
25,8133.2
29,8133.2
8,8133.2
10,8133.2
18,8133.2
30,8133.2
27,8133.2
4,8133.3
14,8133.3
1,8133.5
17,8133.6
31,8133.8
24,8133.8
13,8134.2
5,8134.4
23,8134.7
22,8137.2
28,8138.6
11,8138.9
0,8139.0
12,8139.3
20,8139.3
3,8139.6
21,8139.8
25,8140.3
8,8140.4
29,8140.5
27,8140.7
2,8141.4
18,8141.6
10,8141.6
30,8142.1
14,8142.3
4,8142.3
1,8142.7
28,8143.6
11,8143.8
0,8144.4
20,8144.9
12,8145.1
24,8145.1
5,8145.7
3,8145.7
21,8146.2
31,8146.3
8,8147.1
25,8147.2
29,8147.5
23,8148.2
27,8148.4
28,8148.5
11,8148.5
0,8149.6
20,8150.3
12,8151.1
9,8152.3
3,8152.4
11,8153.1
2,8153.3
28,8153.4
17,8153.7
18,8154.0
21,8154.3
0,8155.0
20,8155.9
8,8156.1
11,8157.7
12,8157.9
25,8158.5
28,8158.5
31,8158.6
29,8158.7
14,8158.8
0,8160.7
20,8161.8
11,8162.5
28,8163.8
3,8166.1
0,8167.0
11,8167.6
20,8168.7
28,8169.5
11,8173.0
28,8175.6
11,8178.9
0,8179.3
28,8183.4
11,8185.7
20,8191.4
28,8207.6
11,8212.1
0,8212.1
12,8212.3
20,8212.4
3,8212.4
21,8212.5
8,8212.9
10,8213.0
25,8213.0
4,8213.0
29,8213.0
27,8213.0
30,8213.0
14,8213.1
2,8213.2
18,8213.3
1,8213.4
17,8213.4
24,8213.5
13,8213.7
31,8213.7
28,8214.2
5,8214.5
23,8214.6
0,8218.7
11,8218.7
12,8219.1
20,8219.1
28,8219.2
3,8219.4
21,8219.5
8,8220.0
25,8220.1
29,8220.3
27,8220.5
10,8221.4
30,8221.6
18,8221.7
14,8221.7
4,8221.7
2,8222.0
1,8222.5
11,8223.6
24,8223.8
28,8223.9
0,8224.0
20,8224.7
31,8224.8
12,8224.9
3,8225.5
5,8225.5
21,8226.0
8,8226.5
23,8227.0
25,8227.0
29,8227.2
27,8227.6
28,8228.3
11,8228.3
0,8229.1
20,8230.0
12,8230.7
3,8232.3
17,8232.4
28,8232.7
11,8232.8
30,8233.2
18,8233.2
10,8233.2
21,8233.5
14,8233.5
8,8234.1
13,8234.1
0,8234.3
9,8234.9
20,8235.4
31,8235.5
7,8235.6
28,8237.0
12,8237.0
29,8237.1
11,8237.5
25,8238.4
0,8239.5
27,8240.1
20,8241.0
28,8241.6
11,8242.2
0,8244.8
12,8245.4
17,8245.8
3,8245.8
28,8246.3
20,8247.1
11,8247.2
0,8250.3
28,8251.4
11,8252.6
20,8254.4
0,8256.3
8,8256.8
28,8256.8
11,8258.4
28,8262.6
0,8263.8
11,8264.9
28,8269.0
20,8276.0
11,8277.2
28,8279.5
0,8286.9
29,8286.9
24,8287.3
17,8287.8
28,8292.2
11,8292.3
12,8292.3
3,8292.3
21,8292.4
20,8292.6
14,8293.0
10,8293.0
8,8293.0
30,8293.0
25,8293.0
27,8293.0
4,8293.1
2,8293.1
18,8293.2
1,8293.3
0,8293.5
13,8293.6
31,8293.7
29,8294.1
5,8294.3
23,8294.6
24,8296.4
17,8297.9
0,8298.8
28,8298.8
11,8298.8
12,8299.0
20,8299.2
3,8299.3
21,8299.4
25,8300.1
8,8300.1
29,8300.3
27,8300.3
10,8301.2
18,8301.3
30,8301.6
14,8301.7
4,8301.7
2,8301.9
1,8302.0
0,8303.6
11,8303.7
28,8303.8
12,8304.7
20,8304.8
31,8305.0
3,8305.4
5,8305.4
21,8305.8
29,8306.5
8,8306.6
13,8307.0
25,8307.1
27,8307.4
23,8307.4
24,8307.7
0,8308.2
11,8308.3
28,8308.7
20,8310.0
12,8310.5
17,8310.5
3,8312.1
18,8312.7
0,8312.8
11,8312.9
29,8313.3
10,8313.5
21,8313.5
28,8313.6
14,8313.7
22,8313.9
4,8314.0
30,8314.2
2,8315.0
20,8315.3
8,8315.3
12,8316.7
31,8317.3
11,8317.4
0,8317.4
28,8318.6
27,8319.3
25,8319.4
20,8320.8
11,8322.1
0,8322.4
28,8323.8
3,8323.8
12,8325.0
29,8325.9
20,8326.5
11,8327.1
0,8327.7
28,8329.4
11,8332.5
20,8332.9
0,8333.4
28,8335.5
21,8338.3
11,8338.4
14,8338.9
2,8339.4
0,8339.8
28,8343.0
20,8343.4
11,8345.0
0,8352.8
17,8354.6
11,8358.5
0,8364.8
21,8365.2
28,8371.8
20,8372.3
12,8372.3
3,8372.4
11,8372.4
0,8372.8
25,8373.0
29,8373.0
10,8373.0
8,8373.0
14,8373.0
27,8373.0
30,8373.0
2,8373.1
4,8373.1
18,8373.2
21,8373.2
1,8373.4
24,8373.5
31,8373.7
13,8373.8
17,8374.0
5,8374.5
23,8374.6
28,8378.4
11,8378.9
12,8379.0
20,8379.0
0,8379.1
3,8379.4
21,8379.9
29,8380.1
8,8380.1
25,8380.1
27,8380.3
10,8381.2
18,8381.6
30,8381.7
14,8381.8
4,8381.9
2,8381.9
1,8382.3
28,8383.4
11,8383.8
24,8383.9
0,8384.3
20,8384.5
12,8384.8
3,8385.5
31,8385.6
21,8386.1
5,8386.1
29,8386.6
8,8386.6
25,8387.1
23,8387.3
27,8387.4
28,8388.2
11,8388.5
0,8389.4
20,8389.8
12,8390.7
3,8392.3
16,8392.6
10,8392.9
11,8393.1
28,8393.1
21,8393.5
18,8394.0
14,8394.1
30,8394.2
29,8394.3
8,8394.4
0,8394.5
20,8395.1
12,8397.0
11,8397.6
28,8398.0
31,8398.6
0,8400.0
27,8400.2
25,8400.4
20,8400.7
11,8402.3
28,8403.2
3,8405.1
13,8405.7
0,8405.8
20,8406.7
12,8407.0
11,8407.2
28,8408.7
11,8412.4
0,8412.5
21,8413.7
20,8414.3
28,8414.7
11,8418.0
28,8421.9
11,8424.2
11,8432.5
16,8438.8
19,8510.5
28,8520.2
22,8626.4
10,8673.1
21,8701.1
12,8722.3
28,8757.0
10,8757.3
0,8757.3
3,8757.5
11,8757.5
2,8757.5
12,8757.5
21,8757.6
20,8757.6
19,8758.0
30,8758.1
26,8758.1
29,8758.1
27,8758.2
8,8758.2
18,8758.3
14,8758.3
4,8758.4
17,8758.5
1,8758.6
25,8758.7
24,8758.8
31,8758.9
13,8758.9
5,8759.2
23,8759.6
28,8763.6
0,8764.0
10,8764.2
12,8764.3
11,8764.3
3,8764.4
20,8764.4
2,8764.5
21,8764.7
8,8765.4
29,8765.4
27,8765.7
18,8766.9
19,8766.9
25,8767.0
30,8767.1
4,8767.6
14,8767.7
1,8768.1
26,8768.1
28,8768.7
0,8769.4
5,8769.5
24,8769.5
11,8769.9
12,8770.1
20,8770.1
10,8770.4
3,8770.5
2,8770.8
21,8771.3
31,8771.5
8,8772.1
29,8772.4
23,8772.6
27,8773.5
28,8773.7
0,8774.8
11,8775.4
20,8775.8
12,8775.9
22,8776.5
3,8777.3
10,8777.9
2,8778.2
18,8778.3
28,8778.7
17,8779.4
13,8779.8
19,8779.9
21,8780.2
0,8780.4
25,8780.4
11,8781.1
8,8781.6
20,8781.7
29,8781.8
12,8782.1
15,8783.3
31,8783.5
28,8784.0
30,8784.8
0,8786.3
11,8787.2
20,8788.2
28,8789.7
3,8790.7
12,8790.7
0,8793.1
11,8795.1
28,8795.8
20,8800.2
28,8804.8
5,8813.0
20,8823.8
26,8825.5
2,8834.6
28,8836.9
10,8837.1
0,8837.2
11,8837.3
12,8837.3
21,8837.4
3,8837.5
20,8837.7
19,8837.7
8,8837.8
30,8837.9
14,8838.0
27,8838.0
29,8838.0
4,8838.1
18,8838.3
24,8838.4
1,8838.4
17,8838.4
31,8838.7
25,8838.7
13,8838.8
5,8838.9
26,8839.1
23,8839.5
2,8841.3
28,8843.4
0,8843.8
10,8843.9
11,8844.0
12,8844.1
20,8844.4
21,8844.4
3,8844.4
8,8844.8
29,8845.2
27,8845.4
19,8846.3
30,8846.5
18,8846.6
14,8846.7
4,8847.0
25,8847.1
2,8847.1
1,8847.7
28,8848.4
5,8848.8
24,8848.8
26,8849.0
0,8849.0
11,8849.5
12,8849.8
31,8849.8
10,8850.0
20,8850.0
3,8850.4
21,8850.9
17,8851.4
8,8851.4
29,8852.0
23,8852.0
27,8852.5
2,8852.8
28,8853.3
0,8854.2
11,8854.8
20,8855.3
12,8855.5
10,8856.6
3,8856.8
18,8857.6
28,8858.1
30,8858.2
7,8858.3
2,8858.6
21,8858.8
8,8859.2
0,8859.3
25,8859.6
29,8859.7
11,8860.3
20,8860.6
19,8860.8
12,8861.3
31,8861.5
14,8861.6
5,8862.1
28,8863.0
13,8863.3
27,8864.0
0,8864.7
2,8864.8
11,8866.0
20,8866.2
3,8866.5
10,8866.8
12,8867.9
28,8868.2
0,8870.5
20,8872.2
11,8872.2
2,8873.5
28,8873.7
23,8875.8
0,8876.9
20,8879.1
12,8879.2
28,8879.7
11,8882.5
28,8886.9
0,8888.3
12,8908.3
7,8908.8
30,8910.2
28,8916.9
29,8917.1
10,8917.1
0,8917.1
2,8917.3
20,8917.4
3,8917.4
11,8917.4
21,8917.5
26,8917.7
19,8917.8
12,8917.9
27,8918.0
4,8918.0
8,8918.0
18,8918.1
14,8918.1
24,8918.3
17,8918.3
1,8918.3
25,8918.6
31,8918.7
13,8918.9
5,8919.2
30,8919.5
23,8919.5
28,8923.4
0,8923.7
10,8923.9
11,8924.0
20,8924.1
29,8924.3
3,8924.3
2,8924.3
12,8924.5
21,8924.5
8,8925.1
27,8925.3
18,8926.4
4,8926.5
19,8926.5
26,8926.8
25,8926.8
14,8926.9
1,8927.4
24,8928.3
30,8928.3
28,8928.4
0,8929.0
11,8929.5
20,8929.6
5,8929.7
10,8929.9
12,8930.1
3,8930.2
2,8930.3
31,8930.6
29,8930.7
21,8931.0
8,8931.6
17,8931.6
23,8932.2
27,8932.4
28,8933.2
0,8934.0
11,8934.8
20,8935.0
12,8935.7
10,8936.5
3,8936.7
2,8937.0
18,8937.9
28,8938.0
21,8938.3
29,8938.4
25,8938.7
4,8938.7
30,8938.8
19,8938.9
0,8939.1
8,8939.8
11,8940.3
20,8940.4
7,8940.5
12,8941.6
28,8942.8
31,8943.5
26,8943.9
0,8944.4
27,8945.4
20,8946.0
11,8946.1
3,8946.4
2,8947.0
10,8947.9
28,8947.9
12,8948.0
24,8948.0
0,8950.0
20,8952.0
11,8952.5
28,8953.3
0,8956.0
12,8957.9
21,8959.0
28,8959.2
22,8959.2
20,8959.6
11,8962.3
0,8963.6
28,8965.8
28,8979.6
12,8980.6
20,8984.8
28,8997.0
10,8997.1
0,8997.2
2,8997.3
11,8997.3
12,8997.4
3,8997.4
21,8997.5
8,8997.8
26,8997.8
14,8997.8
19,8997.8
20,8997.9
30,8997.9
29,8998.0
27,8998.0
4,8998.1
18,8998.2
1,8998.2
17,8998.3
24,8998.6
31,8998.7
25,8998.7
13,8998.8
5,8999.1
23,8999.4
28,9003.6
0,9003.8
11,9003.9
10,9003.9
12,9004.1
2,9004.3
3,9004.4
20,9004.5
21,9004.5
8,9004.9
29,9005.1
27,9005.2
30,9006.2
19,9006.4
14,9006.4
18,9006.6
4,9006.7
25,9007.0
26,9007.0
1,9007.0
28,9008.7
24,9008.8
0,9009.1
11,9009.4
12,9009.7
5,9009.8
10,9010.0
20,9010.1
2,9010.3
3,9010.4
31,9010.7
21,9011.1
8,9011.5
29,9011.6
23,9012.2
27,9012.6
28,9013.5
0,9014.2
11,9014.7
12,9015.1
20,9015.5
17,9015.6
10,9016.7
30,9016.9
3,9016.9
2,9017.0
28,9018.4
18,9018.8
4,9019.4
14,9019.4
0,9019.5
25,9019.7
21,9019.9
29,9020.1
8,9020.1
11,9020.1
12,9020.7
20,9021.1
31,9023.3
28,9023.4
0,9025.1
11,9025.8
12,9026.5
20,9027.0
2,9027.7
3,9028.2
28,9028.7
10,9030.0
0,9031.2
11,9032.3
12,9033.0
20,9033.8
28,9034.4
0,9039.6
28,9040.7
12,9044.1
11,9044.2
2,9050.3
28,9050.9
21,9057.8
3,9058.1
0,9080.0
28,9082.5
29,9083.8
28,9119.8
14,9168.2
13,9180.5
24,9195.9
15,9325.1
21,9339.3
0,9375.3
17,9375.7
10,9382.2
28,9382.3
12,9382.4
2,9382.5
11,9382.5
21,9382.6
20,9382.6
3,9382.7
19,9383.0
26,9383.0
29,9383.1
30,9383.1
27,9383.2
8,9383.2
14,9383.3
4,9383.3
18,9383.4
0,9383.5
1,9383.6
24,9383.7
5,9383.8
13,9383.9
6,9383.9
25,9383.9
31,9384.0
23,9384.8
17,9386.4
10,9389.1
28,9389.1
11,9389.2
12,9389.3
20,9389.4
2,9389.6
3,9389.6
21,9389.7
0,9390.1
8,9390.4
29,9390.4
27,9390.6
19,9391.6
5,9391.8
18,9392.0
30,9392.1
25,9392.1
4,9392.4
26,9392.4
1,9392.4
6,9392.5
14,9392.6
24,9394.4
11,9394.8
28,9394.9
12,9395.0
20,9395.2
10,9395.3
3,9395.8
2,9395.9
21,9396.1
0,9396.3
31,9396.4
8,9397.1
29,9397.6
27,9398.1
23,9398.3
5,9399.5
11,9400.3
20,9400.8
28,9400.8
12,9400.9
13,9401.9
10,9402.2
3,9402.6
19,9402.7
6,9403.2
0,9403.4
2,9403.6
18,9404.0
21,9404.0
17,9405.1
25,9405.2
11,9405.7
8,9406.6
15,9406.6
20,9406.7
28,9407.1
12,9407.4
29,9408.3
31,9408.5
27,9410.1
11,9411.3
5,9412.8
20,9413.2
0,9415.0
3,9415.2
28,9415.4
10,9415.8
12,9417.4
11,9417.5
20,9424.2
11,9425.5
11,9450.0
10,9462.0
28,9462.1
2,9462.3
12,9462.3
21,9462.3
20,9462.4
3,9462.4
0,9462.5
11,9462.8
19,9462.8
26,9462.8
27,9462.9
30,9463.0
8,9463.0
14,9463.0
29,9463.0
4,9463.1
18,9463.2
1,9463.3
17,9463.3
13,9463.3
31,9463.5
24,9463.5
5,9463.6
25,9463.7
6,9463.7
23,9464.6
10,9468.8
28,9468.9
12,9469.1
20,9469.2
2,9469.3
21,9469.3
3,9469.4
11,9469.4
0,9469.4
8,9470.1
29,9470.2
27,9470.3
19,9471.5
5,9471.5
30,9471.6
18,9471.7
14,9471.8
25,9471.9
4,9471.9
26,9472.0
1,9472.1
6,9472.3
24,9474.1
28,9474.6
20,9474.7
12,9474.8
31,9474.8
10,9474.9
11,9474.9
3,9475.4
2,9475.5
0,9475.6
21,9475.7
8,9476.7
29,9476.9
23,9477.5
27,9477.6
5,9479.8
20,9480.1
11,9480.1
28,9480.4
12,9480.5
10,9481.6
3,9482.2
6,9482.3
0,9482.3
2,9482.9
21,9483.0
17,9483.4
19,9484.1
29,9485.0
25,9485.1
8,9485.2
20,9485.4
11,9485.4
28,9486.6
12,9486.6
7,9486.8
31,9487.5
27,9489.8
0,9490.2
11,9491.0
20,9491.0
12,9493.7
3,9493.8
28,9493.8
10,9494.2
11,9496.9
20,9496.9
2,9502.3
21,9503.4
20,9503.7
11,9503.8
28,9513.8
30,9525.8
18,9531.7
3,9541.9
0,9542.0
10,9542.1
28,9542.1
2,9542.3
12,9542.3
21,9542.4
20,9542.4
11,9542.4
26,9542.8
17,9542.8
19,9542.8
14,9542.9
27,9542.9
4,9542.9
8,9543.0
29,9543.0
24,9543.2
1,9543.4
5,9543.6
6,9543.6
31,9543.6
30,9543.6
25,9543.7
13,9543.8
23,9544.6
18,9544.8
3,9548.7
10,9548.9
0,9548.9
28,9548.9
12,9549.0
11,9549.0
20,9549.1
2,9549.3
21,9549.4
8,9550.0
29,9550.0
27,9550.2
19,9551.4
4,9551.5
5,9551.5
14,9551.6
26,9551.8
25,9552.1
6,9552.2
1,9552.3
30,9552.3
24,9553.1
18,9554.2
11,9554.4
3,9554.6
20,9554.6
28,9554.6
12,9554.7
10,9555.0
0,9555.0
31,9555.0
2,9555.4
21,9555.8
17,9556.0
8,9556.5
29,9556.6
27,9557.6
23,9557.6
5,9559.4
11,9559.7
20,9560.0
28,9560.4
12,9560.5
3,9560.8
6,9561.7
0,9561.7
10,9561.8
2,9562.4
19,9563.3
21,9563.8
14,9564.4
8,9564.8
29,9564.8
11,9565.0
30,9565.3
20,9565.4
12,9566.6
28,9566.6
31,9567.2
3,9568.7
11,9570.6
20,9571.1
0,9571.6
5,9573.1
10,9574.1
12,9574.5
28,9574.7
2,9574.9
11,9576.6
20,9577.4
11,9584.2
20,9586.9
10,9622.0
28,9622.1
2,9622.3
12,9622.3
3,9622.4
20,9622.4
11,9622.4
21,9622.5
0,9622.5
19,9622.8
26,9622.8
27,9623.0
30,9623.0
4,9623.0
29,9623.0
8,9623.0
14,9623.1
18,9623.3
17,9623.4
1,9623.4
24,9623.5
6,9623.6
5,9623.6
31,9623.7
13,9623.8
25,9623.8
23,9624.7
10,9628.8
28,9628.8
12,9629.0
11,9629.0
20,9629.1
2,9629.3
3,9629.4
0,9629.4
21,9629.5
8,9630.1
29,9630.1
27,9630.3
19,9631.1
30,9631.4
5,9631.5
26,9631.6
4,9631.7
18,9631.8
1,9632.0
14,9632.1
6,9632.1
25,9632.2
24,9633.7
11,9634.5
31,9634.6
28,9634.6
20,9634.6
12,9634.7
10,9634.8
3,9635.4
2,9635.5
0,9635.6
7,9635.6
21,9635.9
8,9636.7
29,9636.7
23,9637.6
27,9637.7
13,9639.7
11,9639.7
20,9639.8
5,9639.9
28,9640.4
12,9640.5
10,9641.2
17,9641.4
6,9641.4
19,9641.8
3,9642.2
18,9642.6
2,9642.6
0,9642.7
21,9643.3
15,9643.6
30,9644.1
11,9644.9
14,9645.2
20,9645.2
29,9645.5
31,9645.5
8,9646.2
28,9646.6
12,9646.6
1,9649.6
10,9650.2
11,9650.5
20,9650.9
12,9653.8
3,9654.2
28,9654.4
0,9655.4
11,9656.4
20,9657.0
5,9663.3
11,9663.4
20,9665.2
2,9675.1
29,9678.0
6,9678.3
3,9679.1
12,9680.3
0,9689.8
21,9750.3
3,9811.2
11,9811.7
21,9858.5
5,9872.6
14,9873.1
14,9901.8
12,9902.2
0,9906.7
3,9945.4
29,9967.0
2,9989.3
8,9990.1
