11,102.5
26,102.9
12,103.9
10,105.8
25,111.9
13,114.2
17,114.6
4,115.9
3,119.9
11,180.6
12,180.9
10,181.6
2,181.9
26,181.9
20,182.1
16,183.4
18,183.5
17,183.6
19,183.9
5,184.0
28,184.1
25,184.9
8,188.4
24,190.0
1,192.6
16,229.0
8,230.0
10,230.5
25,233.8
19,235.6
17,236.7
12,238.7
18,238.9
13,239.3
24,244.3
20,247.3
3,260.0
11,260.1
27,262.0
26,262.4
2,262.6
28,263.2
12,263.5
10,264.1
9,265.4
25,269.0
8,270.2
19,270.3
16,271.2
0,271.4
17,273.1
18,277.1
11,301.0
12,316.5
4,319.8
13,326.0
8,331.4
9,333.6
2,333.9
20,335.1
22,335.7
5,337.0
26,338.8
17,340.3
3,340.8
25,343.2
18,343.6
16,344.2
11,347.1
10,357.2
12,365.5
1,369.1
19,369.9
18,379.5
9,380.6
2,380.8
17,390.2
25,390.5
26,391.5
27,392.8
16,394.1
3,395.3
10,409.4
11,409.7
9,429.1
1,431.4
17,432.9
8,433.5
20,439.5
12,448.7
19,450.5
28,452.4
21,454.8
29,459.7
27,473.5
2,476.0
26,476.1
9,478.6
5,478.8
13,479.4
14,479.8
4,479.8
11,481.9
20,482.0
12,482.2
18,486.7
1,488.5
17,488.9
16,503.0
30,512.3
9,515.5
21,515.5
3,516.9
25,519.8
19,521.0
10,522.8
11,522.9
13,523.3
14,525.8
8,536.6
18,538.4
9,553.7
12,554.2
22,557.0
27,564.6
4,573.3
1,586.9
10,604.9
25,609.7
11,609.9
18,611.5
17,622.5
2,625.9
20,629.1
13,644.4
21,645.0
28,645.7
22,645.8
11,646.0
26,646.5
3,646.7
12,647.0
10,647.1
19,647.7
18,648.0
9,649.1
5,649.5
4,649.7
16,650.0
8,650.0
2,650.7
20,652.1
1,652.7
25,652.8
24,653.5
17,653.9
15,655.1
12,680.7
11,681.7
22,691.2
10,692.4
30,692.7
19,693.3
9,702.4
3,707.0
21,707.6
20,708.0
8,708.5
2,708.8
29,709.1
17,713.3
11,716.7
26,725.8
12,725.9
10,726.7
25,727.4
18,727.7
28,728.1
4,729.7
13,730.9
19,732.0
22,732.3
24,734.5
16,735.0
20,735.5
17,735.5
27,735.9
1,736.2
21,737.0
9,738.1
0,740.0
2,740.0
3,740.4
25,758.5
26,760.3
5,762.7
6,763.3
14,764.9
17,768.0
11,768.3
18,768.6
12,770.1
13,771.7
28,771.8
10,773.3
27,776.6
19,778.8
20,779.5
8,779.9
16,780.4
21,782.2
3,783.6
4,783.7
22,788.0
9,788.1
24,795.0
17,799.8
26,800.9
25,801.9
18,804.5
27,805.0
11,805.0
7,806.3
10,806.3
12,807.8
2,807.9
5,810.4
13,810.5
3,810.7
19,810.9
20,812.2
28,813.7
8,815.2
14,815.9
16,817.6
22,819.3
9,827.5
17,829.0
25,830.0
10,830.3
18,840.6
12,841.4
11,843.0
26,846.6
13,846.8
3,859.5
20,862.0
30,862.2
5,862.7
19,862.9
2,864.7
10,867.1
17,867.5
12,869.8
16,871.3
22,878.9
11,881.6
9,885.5
18,886.2
25,886.4
26,886.6
3,888.5
27,888.6
4,889.0
8,889.1
28,889.4
17,890.0
12,890.1
13,890.3
10,891.0
19,891.6
0,891.9
24,891.9
1,893.6
20,894.2
2,899.0
14,908.4
22,912.8
29,914.3
11,919.4
21,926.7
12,927.2
16,928.1
9,928.8
19,929.1
15,933.1
17,933.3
8,935.3
25,935.6
18,937.4
10,938.4
13,938.5
24,942.1
1,944.3
11,950.7
28,955.0
26,957.5
22,959.0
19,965.4
0,965.5
12,966.2
9,966.6
3,968.3
17,970.5
14,970.8
2,972.6
10,975.0
1,975.5
18,975.5
20,976.3
21,981.1
13,981.3
29,983.0
11,984.7
16,990.0
25,1004.2
12,1008.8
19,1015.7
24,1015.8
17,1018.0
9,1019.2
11,1024.2
10,1025.0
28,1033.1
1,1033.5
8,1056.4
12,1058.9
22,1065.4
21,1068.1
26,1077.9
17,1078.4
11,1078.8
13,1086.4
5,1086.9
10,1089.6
24,1096.0
25,1096.7
14,1098.4
29,1100.1
19,1105.0
18,1106.0
6,1106.0
12,1111.7
23,1112.2
16,1113.2
30,1114.1
22,1115.8
20,1118.4
21,1121.4
27,1122.8
11,1125.2
28,1130.3
13,1131.3
4,1131.8
17,1132.6
12,1134.0
1,1134.9
31,1137.8
10,1139.2
19,1141.7
18,1146.8
21,1157.0
22,1159.6
8,1162.8
24,1164.6
17,1173.4
11,1174.7
28,1183.6
12,1189.9
29,1190.5
30,1191.0
19,1191.3
23,1194.5
27,1194.8
25,1201.5
18,1202.2
21,1202.3
26,1203.5
16,1204.6
17,1205.5
22,1213.7
8,1218.2
9,1226.4
13,1229.2
12,1237.3
17,1252.1
10,1254.7
3,1256.4
14,1257.3
15,1257.3
7,1258.3
11,1259.3
1,1259.6
21,1265.7
9,1267.0
16,1268.1
25,1269.4
2,1269.5
8,1270.5
22,1271.2
26,1271.2
18,1271.6
20,1271.6
12,1272.4
27,1273.5
23,1273.6
4,1274.0
28,1274.1
5,1274.2
10,1274.3
30,1274.5
19,1275.0
11,1275.2
13,1275.5
31,1277.3
17,1277.7
24,1281.7
0,1282.2
15,1296.3
21,1311.3
22,1312.4
12,1315.9
13,1320.3
11,1320.9
20,1321.7
10,1322.2
17,1323.1
28,1330.4
4,1341.2
11,1350.4
26,1350.9
3,1351.1
16,1351.6
12,1352.0
18,1352.1
2,1352.2
10,1352.5
19,1353.1
27,1353.1
25,1353.2
22,1354.6
5,1354.7
8,1355.9
21,1356.5
9,1356.9
20,1357.3
1,1357.5
13,1357.9
17,1358.4
24,1359.4
23,1361.4
28,1361.7
0,1363.0
11,1385.1
12,1387.6
10,1390.6
18,1391.2
2,1391.5
19,1394.2
31,1394.4
22,1396.6
6,1398.9
29,1401.2
21,1401.4
28,1401.6
27,1402.4
14,1403.7
17,1404.8
8,1412.1
12,1419.5
11,1420.3
15,1421.0
26,1422.3
4,1422.5
10,1426.7
25,1429.9
24,1430.9
20,1431.2
3,1432.3
7,1432.3
19,1432.5
5,1433.5
16,1433.5
11,1433.5
13,1434.0
12,1434.5
2,1434.7
28,1434.9
18,1435.2
17,1435.7
22,1436.2
21,1439.6
27,1440.9
1,1443.8
30,1465.2
10,1465.8
19,1468.5
26,1469.1
22,1469.4
20,1470.7
28,1472.0
18,1472.3
12,1472.5
9,1476.0
25,1476.5
16,1477.0
17,1478.5
23,1478.7
11,1479.0
29,1479.5
2,1481.4
4,1483.5
3,1485.5
21,1495.4
19,1496.2
27,1498.7
10,1506.5
22,1507.5
11,1510.4
26,1511.1
28,1511.6
18,1511.6
20,1511.8
12,1511.8
17,1513.5
5,1513.7
2,1514.3
13,1514.5
25,1515.4
30,1517.2
9,1518.3
1,1518.4
16,1518.4
8,1519.2
3,1525.3
15,1530.5
19,1531.8
7,1532.0
21,1540.2
13,1544.1
22,1548.8
11,1550.6
12,1551.6
18,1553.3
10,1556.7
25,1559.8
17,1559.8
9,1559.9
26,1560.1
24,1560.4
16,1560.7
8,1560.9
19,1569.8
28,1570.1
15,1576.2
27,1578.7
11,1581.4
20,1584.1
1,1586.6
3,1587.7
18,1593.8
22,1594.0
29,1594.5
9,1594.6
30,1595.3
10,1596.1
21,1603.7
13,1606.9
12,1607.7
17,1608.2
25,1610.1
19,1622.5
11,1623.5
7,1630.1
18,1630.7
15,1634.4
2,1634.5
10,1636.2
9,1643.7
27,1646.8
25,1649.1
14,1651.4
12,1653.6
22,1656.9
17,1657.8
21,1665.3
11,1671.0
3,1674.9
20,1675.2
19,1677.0
23,1678.9
18,1683.7
10,1693.4
16,1694.6
5,1705.0
13,1705.1
8,1715.7
2,1716.7
22,1717.5
25,1718.1
17,1718.8
11,1727.1
18,1729.0
4,1731.6
9,1732.3
10,1732.9
19,1736.0
20,1736.3
7,1749.5
15,1751.0
23,1751.1
12,1754.2
21,1755.1
13,1772.5
17,1774.5
29,1775.0
22,1776.4
5,1779.1
8,1780.4
18,1780.8
2,1781.6
25,1800.5
12,1804.3
4,1805.3
10,1811.8
20,1817.0
26,1822.3
14,1823.6
13,1827.9
24,1829.6
17,1830.7
5,1833.4
18,1836.0
27,1838.9
21,1839.3
12,1842.8
19,1846.6
25,1852.6
22,1853.1
11,1870.1
20,1874.1
23,1876.8
13,1878.6
14,1886.3
12,1888.3
21,1889.3
22,1891.8
26,1896.2
18,1896.5
2,1896.5
10,1896.6
11,1896.7
5,1897.8
28,1898.4
16,1898.8
19,1899.1
17,1899.9
8,1900.1
4,1900.4
3,1900.5
25,1901.1
20,1901.3
24,1901.9
27,1902.1
9,1903.9
1,1905.1
12,1917.5
11,1919.2
15,1931.3
10,1931.7
5,1931.8
6,1933.2
13,1938.0
17,1939.4
7,1940.0
22,1940.1
18,1940.9
19,1943.6
21,1943.8
9,1947.1
12,1948.4
11,1948.5
8,1950.7
4,1951.4
2,1951.9
24,1956.5
20,1957.8
29,1967.2
27,1968.1
10,1971.5
11,1975.3
18,1975.9
26,1975.9
12,1975.9
3,1976.0
22,1976.1
25,1976.2
28,1976.5
19,1977.2
16,1978.1
1,1978.8
17,1979.0
5,1979.2
4,1979.5
2,1980.3
13,1981.2
0,1981.8
23,1983.9
14,1984.2
21,1985.5
20,1985.5
24,1986.2
31,1996.7
11,2008.8
10,2010.8
12,2012.0
22,2013.9
19,2015.6
18,2019.1
17,2022.8
8,2027.7
3,2028.4
9,2028.6
21,2031.5
20,2034.5
12,2036.0
28,2036.3
10,2037.1
19,2037.3
2,2038.8
5,2040.1
4,2041.2
11,2042.4
14,2045.2
22,2048.1
25,2053.4
27,2053.7
15,2054.3
23,2055.4
6,2055.6
13,2055.7
26,2055.7
16,2055.9
7,2056.0
11,2056.3
18,2056.6
9,2056.7
12,2057.3
10,2057.9
1,2058.4
3,2058.8
17,2058.8
20,2059.5
19,2059.7
2,2061.3
24,2062.4
8,2063.1
30,2065.7
14,2084.6
15,2086.1
22,2087.2
12,2094.3
11,2095.6
10,2097.8
21,2099.3
19,2099.5
23,2099.9
20,2100.9
3,2101.1
5,2102.6
4,2103.0
13,2103.7
25,2104.4
17,2105.5
18,2105.6
16,2105.8
29,2119.7
7,2126.4
12,2133.9
26,2134.1
11,2134.9
3,2135.4
10,2135.5
22,2135.6
24,2135.7
25,2135.9
17,2136.0
9,2136.5
20,2136.7
18,2137.2
19,2137.5
5,2137.6
27,2137.7
2,2137.8
13,2138.0
4,2138.2
28,2138.4
8,2139.3
21,2140.5
14,2140.9
30,2142.4
31,2143.9
16,2145.8
23,2168.6
15,2168.8
11,2169.3
22,2173.8
12,2174.9
6,2177.1
9,2177.3
10,2177.6
18,2179.1
17,2179.4
3,2179.4
25,2179.5
2,2179.6
19,2181.7
8,2186.3
16,2187.8
0,2189.4
26,2192.8
24,2195.6
11,2196.3
20,2199.0
27,2199.2
22,2204.8
12,2223.0
18,2225.9
17,2226.8
19,2226.9
9,2227.9
10,2228.0
13,2229.3
11,2230.2
14,2230.9
30,2231.2
23,2232.8
3,2233.8
7,2236.9
15,2239.0
22,2253.7
21,2258.3
29,2258.3
5,2267.0
12,2275.0
8,2278.2
16,2280.0
18,2280.7
17,2280.8
2,2283.3
9,2283.7
26,2283.8
11,2284.1
4,2285.5
19,2286.4
1,2286.4
10,2293.9
30,2303.7
22,2305.0
23,2329.0
21,2329.8
11,2331.2
18,2332.7
17,2333.3
9,2338.0
26,2339.0
16,2340.8
22,2358.4
1,2368.0
2,2372.0
11,2372.5
10,2373.5
12,2374.3
18,2374.4
3,2375.1
9,2387.0
4,2387.8
8,2387.9
25,2390.8
23,2402.4
13,2407.0
21,2407.6
28,2407.9
22,2408.6
14,2408.9
29,2409.0
5,2409.1
10,2409.1
11,2409.2
17,2428.4
9,2438.7
3,2441.2
18,2448.9
19,2449.8
26,2453.6
13,2461.0
23,2462.4
21,2462.4
22,2464.5
14,2464.9
31,2465.7
2,2475.7
10,2475.8
4,2477.4
28,2480.1
1,2486.0
0,2486.1
11,2486.2
15,2490.0
30,2490.9
9,2495.6
19,2504.7
22,2505.4
18,2505.6
12,2512.5
21,2514.8
10,2517.1
23,2518.8
11,2520.5
26,2520.7
20,2520.7
27,2521.7
3,2521.8
17,2523.1
8,2523.5
5,2523.9
25,2524.3
16,2524.6
24,2524.8
13,2524.9
4,2525.1
2,2525.7
18,2529.3
22,2529.4
28,2529.5
14,2529.9
15,2533.3
19,2534.6
1,2535.1
9,2535.3
29,2535.8
31,2543.5
21,2545.2
12,2545.3
10,2545.6
11,2545.6
3,2548.4
13,2551.8
26,2558.1
17,2558.2
7,2559.0
6,2560.9
22,2563.7
23,2564.8
4,2572.7
14,2573.6
18,2577.3
30,2579.9
11,2582.2
12,2584.7
19,2584.8
21,2585.0
15,2585.2
10,2585.9
16,2585.9
28,2587.0
13,2587.2
20,2588.6
9,2589.0
1,2595.0
17,2595.0
3,2600.2
26,2600.2
11,2600.5
2,2600.8
27,2602.0
5,2602.2
12,2602.3
10,2602.7
22,2602.9
25,2603.1
24,2603.7
18,2603.8
4,2603.8
8,2604.6
19,2608.1
16,2611.3
21,2612.2
28,2612.3
14,2614.0
13,2615.4
29,2616.3
30,2620.8
17,2640.6
11,2641.1
12,2641.3
22,2643.4
10,2647.2
3,2648.3
18,2649.5
5,2650.1
2,2657.5
25,2657.8
9,2663.9
19,2668.3
7,2679.6
11,2680.0
26,2680.1
4,2680.5
27,2680.6
20,2680.7
12,2681.4
28,2681.5
13,2681.7
10,2682.0
6,2682.7
16,2683.3
21,2684.8
3,2685.0
17,2685.0
24,2685.0
8,2685.5
14,2686.1
22,2686.3
18,2686.4
0,2687.2
31,2688.0
25,2688.0
19,2689.1
2,2689.2
30,2690.0
1,2695.0
9,2695.9
11,2708.0
15,2722.2
12,2725.3
22,2727.2
5,2727.2
10,2729.0
21,2731.9
14,2733.7
28,2738.8
30,2739.8
27,2741.1
17,2742.9
16,2743.0
11,2743.6
19,2749.9
2,2750.3
10,2761.0
26,2761.1
11,2761.6
12,2762.2
20,2762.6
25,2763.3
3,2763.5
8,2763.8
18,2764.0
13,2764.1
22,2764.6
5,2766.1
28,2767.9
31,2768.0
24,2768.4
17,2769.3
16,2769.4
1,2770.2
21,2771.3
9,2772.2
14,2795.4
11,2796.6
19,2796.9
10,2798.7
23,2799.0
12,2802.6
22,2806.9
21,2813.0
13,2813.0
17,2815.4
3,2820.8
18,2824.5
5,2825.2
7,2828.6
30,2831.1
25,2831.3
11,2832.7
15,2832.8
10,2833.9
2,2836.1
20,2838.6
12,2841.8
22,2844.4
19,2851.9
4,2854.1
21,2855.0
27,2859.0
26,2859.5
13,2860.0
28,2861.8
3,2868.7
5,2874.9
11,2876.0
18,2878.1
8,2879.9
25,2881.3
10,2881.9
20,2882.5
22,2891.5
14,2893.3
19,2897.9
12,2899.8
29,2902.5
13,2903.4
26,2904.2
17,2915.1
3,2920.1
10,2923.4
11,2925.7
18,2927.5
28,2928.2
12,2931.4
20,2937.6
22,2944.5
23,2945.1
14,2952.3
26,2953.8
2,2960.3
1,2960.9
17,2961.0
10,2966.0
29,2966.9
11,2972.9
15,2979.7
19,2997.3
12,2999.0
27,2999.9
21,3005.8
20,3006.4
3,3006.5
9,3009.7
13,3010.6
5,3012.6
23,3014.4
28,3019.7
22,3025.1
14,3026.3
6,3037.7
30,3039.7
18,3043.2
29,3045.9
15,3046.8
21,3047.4
26,3050.9
28,3056.8
11,3066.4
25,3067.4
7,3073.3
23,3077.0
17,3077.2
14,3077.8
12,3084.8
20,3085.1
9,3085.8
24,3087.1
22,3088.6
18,3089.0
21,3090.6
28,3099.0
19,3101.0
11,3112.6
8,3113.2
10,3135.5
18,3136.0
1,3136.3
25,3137.1
9,3137.7
13,3140.7
16,3142.9
22,3144.9
12,3145.1
11,3145.2
3,3145.7
2,3146.2
26,3146.5
4,3146.5
27,3146.9
17,3146.9
19,3147.4
20,3149.0
5,3149.7
21,3150.2
24,3150.5
28,3151.1
8,3155.4
14,3159.8
10,3165.8
23,3173.0
11,3178.0
25,3178.3
12,3180.1
9,3180.7
16,3182.3
13,3184.5
18,3185.0
19,3186.1
17,3192.4
21,3192.7
29,3193.0
22,3194.0
26,3196.2
8,3210.7
24,3210.7
28,3217.5
12,3218.8
22,3221.1
15,3223.4
11,3224.5
10,3225.4
2,3225.4
20,3225.7
3,3226.3
26,3226.5
4,3226.5
27,3226.6
18,3227.1
16,3227.6
7,3227.9
5,3228.2
25,3228.2
13,3229.0
14,3229.5
19,3229.7
17,3230.2
1,3230.9
0,3231.3
9,3231.4
21,3233.1
12,3250.9
22,3263.3
28,3263.5
18,3264.6
31,3265.7
9,3268.4
2,3269.5
11,3270.0
10,3270.0
13,3270.6
30,3270.8
17,3271.3
4,3271.4
16,3272.6
24,3273.7
25,3281.2
26,3290.7
15,3297.1
12,3297.2
22,3300.2
14,3300.6
20,3304.6
8,3305.2
11,3305.3
18,3305.5
3,3305.5
27,3306.1
19,3307.0
28,3307.3
17,3307.5
10,3307.6
25,3308.9
4,3309.6
21,3310.0
5,3310.2
24,3310.2
2,3310.2
16,3310.2
9,3314.1
26,3314.4
12,3314.6
0,3315.1
13,3315.2
23,3315.8
1,3317.8
31,3330.5
30,3332.0
11,3335.6
17,3339.0
10,3345.9
19,3347.6
18,3347.9
20,3348.9
26,3349.0
22,3349.3
28,3350.2
25,3350.3
12,3351.0
8,3351.7
27,3354.5
9,3356.6
2,3357.8
29,3358.7
21,3364.7
15,3373.4
11,3373.4
24,3383.2
22,3383.4
16,3384.8
10,3385.8
11,3385.9
17,3386.0
18,3386.1
26,3386.3
19,3386.5
12,3386.6
3,3387.0
4,3387.3
28,3387.6
5,3387.9
25,3388.1
2,3388.2
20,3388.8
13,3390.2
8,3391.4
0,3395.1
14,3396.1
30,3396.1
9,3397.6
1,3398.3
27,3402.2
12,3410.4
11,3416.2
18,3434.8
26,3435.8
17,3438.0
22,3440.5
10,3440.9
19,3441.7
25,3445.4
28,3447.0
12,3447.7
4,3447.8
20,3451.9
21,3452.2
11,3455.5
27,3455.8
30,3467.8
14,3468.8
26,3476.8
28,3478.7
22,3481.5
19,3487.1
18,3488.7
17,3490.7
12,3490.7
11,3492.5
10,3493.7
16,3507.1
25,3509.4
9,3510.2
24,3510.8
27,3525.8
26,3531.7
17,3534.5
12,3535.6
29,3536.1
22,3537.2
2,3539.1
10,3539.9
28,3547.0
30,3549.5
21,3549.5
18,3550.1
25,3554.5
11,3555.8
15,3566.7
13,3569.7
14,3570.3
26,3575.6
20,3577.3
19,3577.4
12,3582.3
17,3585.6
18,3591.5
11,3593.3
25,3604.9
16,3606.2
22,3606.6
9,3609.5
20,3628.4
15,3628.5
12,3628.7
19,3629.0
21,3629.1
10,3633.6
28,3636.1
17,3636.7
11,3639.9
22,3643.9
26,3647.2
8,3648.3
1,3649.5
25,3651.5
24,3656.7
23,3660.8
29,3661.1
15,3666.7
9,3669.1
4,3669.4
5,3671.0
31,3672.0
14,3674.1
12,3677.4
16,3678.2
10,3680.4
11,3680.6
19,3685.3
13,3690.2
20,3691.7
22,3695.0
3,3696.7
2,3696.7
17,3696.9
18,3704.4
8,3719.8
1,3722.2
15,3727.5
23,3727.6
14,3728.2
7,3730.8
28,3735.3
25,3735.6
26,3736.7
0,3739.0
11,3740.4
29,3741.0
27,3741.3
10,3742.0
21,3745.4
9,3746.9
13,3750.5
17,3750.7
22,3754.5
12,3754.7
18,3760.5
15,3768.9
24,3769.3
19,3769.5
10,3770.0
3,3770.3
11,3770.5
28,3770.5
25,3770.9
2,3771.1
26,3771.3
16,3771.6
20,3771.9
30,3772.4
4,3772.4
17,3773.3
8,3773.7
12,3774.0
5,3774.9
21,3775.0
27,3775.1
1,3775.6
9,3775.7
29,3777.1
13,3784.1
11,3796.2
10,3797.1
19,3797.9
3,3800.2
20,3801.5
18,3802.1
16,3802.5
28,3803.0
9,3812.0
25,3812.4
26,3813.6
12,3813.9
2,3815.9
23,3815.9
8,3818.3
0,3818.5
17,3819.2
1,3823.9
10,3831.5
11,3832.0
22,3842.0
19,3842.7
30,3842.8
3,3842.9
21,3843.2
12,3845.9
20,3847.7
18,3850.2
26,3850.2
11,3850.3
16,3850.4
10,3850.5
28,3850.9
29,3850.9
4,3850.9
25,3851.0
17,3851.1
9,3851.5
24,3851.9
2,3852.6
13,3852.7
27,3853.3
8,3854.4
1,3858.5
0,3861.1
14,3862.8
17,3876.2
10,3880.1
12,3880.2
18,3882.4
11,3890.0
25,3890.5
19,3890.5
22,3890.6
16,3892.4
9,3892.6
31,3892.8
2,3894.7
8,3896.3
26,3898.2
14,3907.2
3,3910.9
13,3913.4
23,3913.9
5,3914.2
12,3916.0
21,3921.9
17,3922.6
11,3924.7
10,3927.3
30,3928.4
24,3928.4
25,3929.5
22,3929.7
16,3929.7
18,3929.9
26,3930.2
19,3930.2
9,3930.7
4,3930.8
27,3931.0
20,3931.2
28,3931.5
8,3931.8
2,3933.7
1,3934.3
12,3934.7
0,3935.3
13,3947.4
17,3949.3
10,3953.6
16,3956.5
8,3959.1
9,3961.6
25,3963.2
18,3968.2
19,3969.2
11,3971.1
28,3972.6
20,3975.8
2,3976.2
12,3976.5
5,3976.6
4,3977.0
22,3982.8
3,3983.6
1,3984.1
17,3986.0
26,3987.2
10,3987.3
27,3989.0
14,3991.4
24,3992.1
25,3992.6
18,3996.4
9,3996.4
8,4004.2
11,4005.1
21,4005.9
31,4008.5
16,4009.0
10,4010.2
19,4010.5
12,4010.5
20,4011.2
17,4011.6
2,4011.7
28,4012.1
26,4012.3
3,4012.9
25,4013.5
24,4013.7
4,4013.8
13,4014.3
5,4014.8
0,4016.2
22,4018.0
30,4019.9
23,4020.4
14,4021.0
18,4021.6
1,4023.0
7,4023.4
12,4033.3
11,4035.3
9,4045.2
10,4049.1
21,4051.3
19,4052.9
20,4054.1
13,4054.4
22,4058.4
17,4058.6
28,4058.8
12,4059.8
29,4060.1
30,4060.7
16,4060.8
25,4060.8
2,4061.8
8,4063.9
11,4065.4
18,4069.3
10,4075.7
4,4075.7
1,4076.2
3,4078.5
19,4079.5
12,4080.6
20,4087.8
22,4089.5
9,4090.9
15,4094.7
18,4094.9
21,4097.0
2,4098.7
11,4100.6
26,4102.2
13,4103.3
5,4104.6
23,4105.1
30,4106.2
6,4106.8
28,4107.2
31,4108.3
12,4110.1
10,4110.7
19,4111.7
17,4111.9
14,4113.4
0,4126.6
8,4126.6
25,4127.1
1,4133.4
18,4133.7
3,4133.9
20,4136.1
9,4136.9
11,4137.4
10,4141.4
27,4141.9
2,4142.3
12,4143.4
17,4144.6
13,4148.8
22,4149.5
19,4152.0
21,4154.9
11,4174.1
20,4175.9
23,4176.6
5,4178.0
18,4178.8
26,4179.3
9,4181.0
10,4181.9
17,4182.0
12,4183.7
22,4187.1
3,4187.3
29,4187.8
8,4188.6
25,4189.0
19,4189.7
27,4190.5
7,4192.0
21,4195.7
2,4198.8
28,4199.4
13,4200.1
14,4209.7
20,4210.5
12,4210.8
4,4211.2
22,4212.0
30,4212.0
24,4215.2
11,4216.7
23,4216.8
10,4219.1
31,4219.3
17,4222.8
18,4226.5
19,4232.1
21,4237.0
13,4242.7
20,4247.3
12,4254.1
14,4254.8
22,4255.0
6,4258.9
3,4260.5
11,4266.4
19,4267.2
8,4271.5
1,4271.5
17,4273.6
18,4274.7
10,4280.5
21,4281.5
15,4292.5
7,4292.6
13,4294.3
27,4294.8
16,4300.8
25,4303.0
20,4305.1
22,4307.9
12,4308.6
11,4311.8
9,4312.4
4,4316.3
10,4327.2
21,4343.7
29,4344.4
12,4345.5
28,4345.5
13,4350.6
11,4364.6
17,4369.2
9,4369.3
1,4369.8
22,4381.2
18,4390.0
30,4392.9
10,4394.2
19,4394.2
26,4394.9
25,4395.4
16,4395.8
24,4396.3
11,4396.6
3,4396.7
2,4396.9
12,4396.9
8,4397.4
17,4398.1
27,4398.3
20,4399.0
0,4399.3
9,4399.6
28,4400.6
1,4400.7
4,4401.3
21,4402.3
5,4402.6
22,4402.7
13,4403.9
14,4404.4
6,4405.7
7,4407.6
23,4407.8
10,4431.2
18,4433.2
12,4437.4
11,4437.8
17,4439.8
29,4440.4
9,4442.9
16,4443.0
25,4443.9
19,4445.2
8,4446.7
22,4447.2
15,4456.8
5,4458.4
2,4461.2
4,4462.0
1,4464.9
10,4465.6
13,4466.6
3,4469.5
11,4473.3
26,4473.4
17,4474.8
24,4475.1
16,4475.6
18,4476.2
25,4476.4
12,4476.8
28,4477.3
8,4478.0
0,4478.3
27,4478.4
9,4478.9
20,4479.1
19,4479.2
21,4480.1
22,4482.6
10,4483.1
14,4483.5
1,4483.9
30,4484.3
2,4484.9
23,4487.5
17,4497.9
5,4498.7
11,4506.2
8,4509.7
9,4512.3
16,4513.3
0,4514.5
26,4516.2
19,4519.1
3,4519.3
18,4521.0
25,4522.2
12,4522.6
10,4523.4
20,4525.9
21,4526.8
13,4527.9
28,4531.4
1,4533.9
17,4543.0
11,4544.6
27,4546.4
29,4547.5
8,4554.5
10,4555.0
16,4555.6
24,4556.1
26,4556.3
25,4556.6
9,4557.0
17,4557.7
2,4558.1
5,4558.6
3,4558.7
18,4559.2
4,4559.3
22,4559.4
0,4559.6
12,4559.7
11,4559.9
19,4560.3
20,4560.6
28,4561.8
1,4562.3
21,4562.8
14,4566.0
15,4566.3
23,4566.4
31,4567.1
10,4576.4
16,4577.2
17,4583.6
9,4585.3
13,4586.7
25,4586.9
18,4587.0
8,4587.8
24,4596.9
11,4599.1
12,4604.3
26,4604.6
20,4607.7
19,4607.9
10,4608.0
4,4608.3
16,4609.6
21,4610.6
22,4614.2
5,4615.0
28,4615.2
1,4616.2
0,4620.4
17,4625.8
9,4626.4
8,4626.7
24,4631.3
18,4633.7
25,4634.2
10,4635.0
11,4635.3
16,4635.9
15,4636.2
26,4637.0
3,4638.8
13,4638.8
12,4640.4
2,4640.4
4,4640.4
27,4640.9
17,4640.9
19,4641.2
20,4642.2
21,4642.3
22,4644.1
1,4646.4
30,4647.2
9,4647.8
25,4673.3
14,4675.6
12,4675.8
5,4676.0
18,4676.1
11,4677.6
8,4677.6
13,4678.2
21,4678.6
28,4679.0
22,4679.7
7,4680.4
10,4682.7
15,4685.6
20,4687.4
4,4688.2
16,4690.3
17,4691.2
19,4692.7
26,4700.1
9,4701.5
27,4702.9
1,4712.0
2,4716.0
18,4717.2
12,4717.3
25,4717.6
29,4717.6
3,4718.8
11,4719.0
22,4719.1
13,4722.5
21,4722.6
28,4725.5
10,4728.5
24,4731.9
17,4734.4
19,4738.5
8,4739.1
11,4746.8
6,4747.2
9,4747.8
16,4748.8
14,4748.8
30,4750.5
4,4752.3
18,4752.8
20,4753.4
10,4753.8
13,4754.1
2,4756.4
3,4757.3
12,4762.5
1,4765.3
21,4771.0
22,4780.3
11,4781.0
19,4781.2
28,4783.0
9,4786.9
17,4789.2
30,4794.7
24,4795.7
25,4796.9
18,4801.4
20,4801.9
12,4805.8
23,4806.5
29,4806.9
14,4813.0
16,4814.4
8,4815.1
13,4815.3
26,4815.9
10,4816.7
11,4819.4
17,4820.0
19,4823.8
27,4824.4
9,4826.1
22,4827.9
6,4829.5
5,4829.7
4,4830.4
21,4832.1
15,4834.0
1,4834.1
25,4854.0
12,4855.7
18,4857.8
11,4857.9
3,4858.2
2,4858.3
17,4861.8
0,4863.7
9,4867.5
30,4870.5
23,4871.0
22,4873.1
29,4874.1
1,4888.1
16,4890.1
5,4892.0
15,4896.8
17,4909.5
2,4911.2
8,4913.6
14,4917.3
10,4927.6
19,4934.0
9,4935.0
21,4935.4
11,4936.7
22,4938.2
30,4939.8
1,4944.5
29,4951.6
0,4951.7
20,4955.2
4,4959.2
15,4964.1
7,4964.9
18,4970.7
23,4971.7
10,4971.9
9,4974.6
27,4974.9
11,4978.6
8,4980.0
19,4980.3
14,4980.5
22,4987.3
31,4989.9
16,4995.7
13,5004.1
20,5015.0
28,5016.8
12,5017.4
26,5018.5
3,5018.7
10,5019.3
25,5020.1
17,5020.3
11,5020.4
9,5020.5
1,5020.7
2,5020.9
5,5020.9
18,5021.7
8,5021.7
24,5021.9
16,5021.9
19,5022.0
0,5022.2
30,5023.3
4,5023.3
27,5025.8
21,5027.9
22,5028.4
6,5032.3
29,5032.3
17,5053.9
13,5054.3
25,5054.6
10,5055.1
12,5055.4
9,5057.6
5,5057.9
14,5058.4
11,5060.5
20,5069.7
19,5070.0
18,5071.5
16,5071.6
6,5074.3
21,5074.4
22,5075.3
28,5079.1
8,5080.0
26,5080.3
27,5080.5
9,5084.5
24,5088.2
4,5092.9
3,5095.9
13,5095.9
14,5096.7
15,5097.1
10,5098.0
29,5098.6
25,5098.6
5,5098.8
17,5099.4
12,5099.7
11,5100.1
16,5101.2
2,5101.8
1,5102.4
30,5103.0
22,5103.1
19,5103.4
0,5103.4
18,5103.4
9,5105.3
20,5105.8
8,5107.7
21,5108.6
28,5108.8
23,5110.8
31,5111.3
24,5112.8
16,5122.6
10,5123.7
17,5124.2
12,5125.9
25,5127.2
4,5127.9
26,5129.7
5,5130.6
27,5134.4
11,5141.1
22,5150.3
19,5151.3
14,5151.9
18,5152.8
9,5153.1
20,5153.4
8,5153.7
2,5153.8
10,5168.5
12,5168.8
17,5169.9
16,5177.9
24,5178.7
26,5178.8
25,5179.6
11,5180.1
28,5180.3
9,5180.5
0,5180.8
1,5181.3
30,5181.9
27,5182.1
21,5182.2
5,5182.4
4,5182.7
20,5183.1
19,5183.3
3,5183.3
8,5183.3
22,5183.3
18,5183.4
12,5184.1
10,5184.8
2,5185.4
17,5188.1
29,5189.3
13,5191.2
14,5192.3
11,5204.9
16,5211.1
9,5212.9
3,5213.5
19,5213.6
26,5216.4
22,5218.9
27,5220.9
20,5223.1
18,5223.9
5,5228.7
12,5229.3
21,5229.4
1,5230.1
11,5230.4
8,5232.9
30,5233.6
13,5234.5
2,5239.6
25,5239.8
17,5240.3
9,5240.3
10,5241.4
24,5249.6
18,5253.6
16,5254.6
19,5255.4
26,5257.8
12,5258.0
11,5258.7
23,5259.7
3,5259.9
22,5260.0
31,5260.3
10,5260.6
9,5261.2
1,5262.1
17,5262.2
25,5262.3
0,5262.3
27,5262.6
20,5262.7
28,5263.0
4,5263.1
5,5263.6
2,5263.6
15,5264.2
8,5265.2
13,5267.7
14,5268.2
30,5268.7
21,5270.6
10,5283.6
16,5286.4
17,5289.6
18,5289.6
9,5289.9
29,5291.6
11,5292.3
22,5293.7
28,5294.3
12,5295.4
19,5296.0
26,5298.5
20,5308.0
25,5314.2
8,5317.5
13,5318.4
1,5320.0
10,5320.2
9,5320.3
5,5320.5
18,5321.2
11,5321.3
23,5321.5
2,5321.5
14,5322.2
17,5329.0
7,5329.3
16,5330.3
12,5343.3
3,5347.6
22,5354.8
20,5363.4
15,5363.9
10,5364.7
21,5365.8
9,5368.1
26,5369.1
11,5370.8
18,5374.2
25,5377.8
17,5378.0
12,5378.1
19,5379.5
31,5380.8
30,5381.0
8,5382.6
29,5385.3
22,5388.7
16,5403.0
10,5404.6
9,5409.5
11,5410.7
17,5411.7
4,5414.2
12,5417.3
23,5421.6
19,5422.9
28,5422.9
18,5431.9
1,5437.7
24,5438.0
14,5442.3
6,5442.8
20,5447.8
29,5449.7
30,5451.7
10,5452.9
21,5453.7
12,5455.6
11,5460.9
5,5463.5
17,5468.1
9,5468.2
3,5468.5
25,5469.2
18,5473.5
1,5477.1
16,5478.7
19,5478.8
8,5481.5
13,5482.8
10,5485.1
4,5491.4
21,5492.8
12,5492.9
11,5497.1
27,5504.1
15,5514.1
9,5514.3
17,5515.2
22,5523.4
18,5532.0
25,5532.7
8,5532.8
3,5535.9
19,5539.4
10,5539.4
12,5539.7
5,5540.9
14,5541.0
28,5541.4
20,5545.3
13,5546.4
21,5548.2
6,5549.4
23,5549.7
11,5550.1
30,5551.2
15,5551.5
7,5553.9
2,5562.9
1,5574.0
17,5578.2
12,5578.6
9,5579.5
13,5581.8
8,5584.3
4,5584.6
5,5587.6
21,5589.4
6,5598.2
11,5598.3
23,5610.6
7,5611.5
27,5613.1
15,5613.8
13,5623.7
12,5624.5
20,5625.4
5,5625.9
17,5627.2
10,5628.4
9,5641.3
28,5643.0
18,5643.4
19,5643.6
26,5643.7
11,5644.4
2,5645.4
25,5645.6
30,5646.0
1,5646.5
12,5646.6
24,5646.6
0,5646.6
10,5646.7
8,5646.9
16,5647.2
21,5647.4
4,5647.5
17,5647.9
22,5648.5
3,5649.0
27,5649.8
20,5650.0
5,5652.8
13,5661.3
14,5672.3
7,5673.4
23,5675.5
29,5677.6
9,5679.3
12,5679.7
10,5679.9
11,5680.4
1,5680.9
4,5681.0
8,5681.0
17,5681.1
28,5684.0
18,5684.9
16,5685.0
26,5685.5
2,5685.5
25,5687.1
21,5688.6
20,5689.2
22,5690.2
19,5690.4
27,5692.2
3,5696.8
5,5699.2
13,5707.9
9,5712.4
12,5715.1
17,5715.8
10,5722.1
11,5722.7
1,5722.8
8,5723.3
26,5723.5
25,5724.8
2,5724.9
20,5724.9
18,5725.6
24,5725.6
28,5725.9
3,5726.4
19,5726.9
0,5727.3
4,5727.5
9,5727.5
21,5727.8
5,5727.8
16,5728.7
22,5728.9
27,5729.4
17,5729.4
6,5732.6
29,5737.5
14,5740.2
12,5740.6
13,5741.2
20,5754.6
30,5757.3
9,5758.6
21,5759.3
19,5761.9
11,5762.4
10,5763.3
3,5767.5
22,5767.8
28,5767.9
1,5769.2
26,5773.7
27,5773.8
25,5775.8
17,5776.9
18,5779.3
8,5780.9
9,5787.0
5,5788.1
14,5793.9
12,5794.3
13,5795.1
20,5796.7
6,5797.2
15,5797.9
11,5799.7
21,5800.8
10,5802.5
26,5803.2
19,5803.6
31,5803.6
2,5804.4
24,5805.2
28,5805.2
0,5805.8
22,5805.9
4,5805.9
1,5806.0
17,5806.1
16,5806.1
9,5806.3
25,5806.8
8,5807.3
18,5808.4
27,5808.6
3,5809.1
29,5811.5
11,5813.9
12,5822.0
20,5823.8
10,5834.4
17,5837.1
13,5840.9
9,5847.8
22,5849.8
19,5851.6
5,5853.5
4,5855.0
1,5856.3
14,5857.4
12,5859.0
18,5859.7
21,5859.8
8,5861.6
28,5865.7
11,5866.8
7,5868.6
26,5871.5
17,5874.1
30,5880.4
13,5880.7
10,5882.7
2,5883.6
12,5885.4
19,5885.7
24,5885.9
25,5885.9
9,5885.9
5,5886.5
16,5886.7
22,5887.1
11,5887.2
3,5887.4
18,5887.7
1,5887.9
20,5888.4
28,5889.2
27,5889.3
8,5889.7
29,5890.3
26,5890.4
4,5890.8
17,5891.0
21,5891.9
0,5891.9
10,5914.4
9,5918.5
19,5926.3
11,5927.8
18,5931.2
17,5932.2
1,5936.4
12,5936.4
26,5937.1
20,5937.6
3,5937.9
27,5938.3
10,5943.5
28,5947.2
21,5950.7
22,5952.2
14,5953.2
23,5956.8
11,5957.1
30,5959.0
29,5959.6
31,5959.6
9,5965.2
19,5968.6
18,5968.7
13,5970.6
12,5971.5
2,5971.5
17,5972.8
16,5976.9
26,5977.5
10,5977.7
8,5982.2
11,5987.8
28,5991.9
20,5993.8
25,5994.4
19,5999.0
22,6000.0
18,6000.5
3,6002.0
9,6005.1
14,6006.6
17,6008.4
26,6010.5
10,6015.9
12,6018.4
21,6019.9
27,6021.6
2,6023.0
11,6026.2
29,6028.6
4,6028.7
16,6031.2
5,6035.0
9,6035.4
18,6035.6
17,6038.0
19,6040.6
15,6052.2
10,6053.3
23,6054.9
13,6057.6
28,6059.4
14,6060.3
11,6063.8
12,6069.5
22,6070.4
21,6072.8
18,6078.6
9,6087.0
19,6093.7
14,6094.6
5,6094.8
17,6095.1
6,6095.7
15,6095.8
1,6096.1
4,6097.3
13,6099.2
20,6099.5
2,6100.6
27,6101.3
10,6103.0
11,6105.8
22,6116.3
25,6118.3
18,6119.3
16,6120.4
21,6122.1
9,6122.7
17,6124.6
3,6130.9
11,6140.9
10,6141.3
19,6146.0
8,6147.6
12,6148.1
9,6158.4
18,6159.7
31,6161.4
27,6162.4
13,6162.5
17,6164.9
22,6166.2
28,6168.5
5,6175.7
11,6183.3
1,6185.7
10,6187.5
30,6188.4
18,6203.8
19,6204.4
12,6205.1
21,6205.7
9,6206.0
20,6208.4
4,6219.2
3,6219.7
17,6220.3
8,6222.4
16,6225.6
15,6226.3
23,6226.9
24,6227.3
10,6232.0
11,6233.2
12,6236.2
28,6237.1
30,6237.2
22,6238.2
29,6238.6
1,6238.9
27,6240.7
9,6250.3
26,6266.2
21,6267.5
19,6267.6
20,6267.7
11,6267.7
10,6268.4
12,6269.4
25,6270.0
17,6270.4
2,6270.5
28,6271.1
18,6271.1
0,6271.7
5,6271.8
9,6271.9
3,6273.0
27,6273.6
4,6274.2
1,6274.4
16,6275.4
24,6276.3
8,6276.5
14,6276.5
30,6276.7
13,6278.6
11,6279.6
22,6280.0
29,6286.2
10,6293.2
17,6300.6
9,6303.0
26,6305.2
19,6306.2
12,6306.6
18,6308.3
25,6312.5
15,6313.3
11,6317.2
28,6318.0
2,6319.2
1,6319.6
8,6325.0
5,6325.9
4,6326.2
10,6327.4
3,6329.3
30,6332.7
17,6337.3
16,6340.0
12,6342.6
18,6343.0
9,6343.6
26,6347.6
22,6349.1
19,6349.2
11,6349.2
20,6349.6
28,6349.6
25,6349.7
10,6349.9
24,6349.9
27,6350.9
1,6351.1
2,6352.2
17,6353.3
29,6354.1
4,6354.7
5,6354.8
8,6355.0
3,6357.0
14,6358.6
13,6360.4
30,6361.0
23,6362.4
16,6365.2
12,6365.3
9,6370.7
11,6377.6
17,6379.3
19,6379.4
20,6381.1
21,6381.4
10,6383.5
6,6383.9
8,6385.9
28,6386.5
1,6387.4
18,6388.0
4,6391.9
27,6393.1
12,6394.1
22,6395.0
2,6399.6
25,6402.6
9,6402.9
11,6405.4
26,6405.5
0,6414.2
17,6416.8
23,6417.7
3,6426.5
10,6427.0
19,6427.3
16,6427.9
12,6428.5
28,6428.7
24,6429.5
18,6429.7
25,6429.9
26,6430.1
11,6430.1
9,6430.4
1,6430.5
27,6431.0
8,6431.0
2,6431.6
17,6431.6
20,6431.7
5,6432.3
21,6433.9
29,6434.0
4,6434.2
13,6435.4
30,6436.0
15,6438.2
14,6442.7
6,6449.1
10,6455.3
9,6456.3
17,6456.7
18,6457.6
16,6459.0
11,6459.3
24,6460.7
25,6463.0
19,6467.3
22,6472.7
12,6478.9
20,6480.6
27,6482.8
21,6486.3
26,6487.9
28,6488.9
11,6492.9
1,6495.1
10,6496.6
17,6499.3
19,6501.7
9,6506.8
18,6507.8
4,6509.2
25,6509.8
16,6510.2
24,6510.3
26,6510.3
11,6510.8
5,6510.8
12,6510.9
2,6511.0
0,6511.0
10,6511.2
15,6511.2
8,6511.4
1,6513.1
28,6513.7
27,6514.0
21,6514.7
20,6515.1
19,6515.6
17,6515.7
29,6517.4
30,6517.8
22,6517.8
14,6519.9
23,6519.9
3,6522.0
12,6536.0
11,6536.7
5,6536.7
4,6536.9
9,6538.0
18,6539.1
2,6540.4
1,6548.4
10,6552.8
28,6555.2
17,6556.5
21,6557.4
20,6560.0
19,6560.4
22,6561.9
14,6563.5
25,6564.3
11,6564.5
26,6565.9
16,6566.2
27,6567.9
9,6570.1
3,6570.3
8,6572.0
13,6574.2
0,6577.9
2,6581.5
17,6581.5
18,6582.3
6,6584.0
10,6585.4
5,6588.9
12,6590.0
1,6592.4
11,6597.7
28,6598.5
19,6601.1
9,6604.1
25,6605.7
17,6607.8
18,6614.3
16,6620.7
14,6624.2
7,6624.8
13,6625.7
4,6626.0
30,6626.2
2,6627.5
23,6627.6
3,6630.3
10,6631.1
12,6632.9
11,6636.3
9,6639.8
1,6643.2
19,6644.1
5,6647.1
28,6648.6
17,6653.7
26,6656.0
27,6658.3
15,6664.3
20,6675.7
13,6677.0
30,6677.9
22,6679.7
25,6680.3
11,6681.2
10,6685.2
12,6686.0
4,6686.8
19,6690.1
6,6694.5
5,6695.0
27,6698.7
9,6699.2
8,6699.7
17,6700.2
21,6710.6
2,6717.8
18,6722.8
11,6725.5
12,6726.1
16,6727.3
17,6729.1
13,6732.1
19,6733.7
9,6736.8
10,6738.8
25,6739.8
29,6744.8
22,6745.5
30,6746.7
1,6753.5
8,6758.5
18,6761.8
26,6762.0
17,6764.7
11,6770.7
7,6774.8
12,6775.6
21,6777.9
4,6779.8
9,6780.5
19,6781.4
5,6784.0
15,6787.9
22,6796.7
20,6813.3
6,6814.1
26,6814.6
23,6816.1
11,6818.0
31,6818.9
30,6818.9
17,6823.6
22,6831.8
19,6836.2
25,6836.2
10,6836.8
1,6836.9
9,6837.1
18,6839.2
28,6839.4
27,6848.3
14,6863.0
15,6863.5
13,6866.3
17,6869.0
3,6870.8
8,6870.9
12,6871.5
16,6873.2
6,6886.2
20,6891.2
19,6891.7
26,6893.1
11,6893.1
25,6894.5
27,6895.3
18,6895.5
28,6895.6
10,6895.9
24,6896.0
5,6896.2
4,6896.5
9,6896.5
2,6896.6
1,6896.8
12,6897.5
21,6897.8
29,6898.2
17,6898.6
0,6898.7
22,6899.3
16,6902.9
30,6903.0
13,6906.3
31,6906.6
14,6907.8
8,6909.2
11,6923.8
19,6926.4
25,6927.2
26,6929.0
10,6931.0
12,6936.1
5,6936.8
18,6937.0
22,6937.6
21,6937.8
23,6938.1
17,6939.7
9,6941.9
13,6942.4
28,6945.3
16,6954.4
1,6954.8
20,6956.1
11,6960.2
2,6965.3
3,6965.9
10,6966.5
9,6967.5
8,6967.6
19,6970.4
25,6971.0
17,6972.0
18,6973.2
26,6973.2
12,6973.7
21,6973.8
24,6974.6
27,6975.0
4,6975.4
28,6975.6
22,6975.9
11,6975.9
5,6975.9
6,6976.2
14,6977.4
30,6978.0
0,6978.1
20,6979.2
15,6979.4
9,6979.9
1,6980.1
16,6980.7
13,6985.6
10,6989.2
25,6998.7
19,6998.8
17,6999.0
11,7003.2
18,7003.9
26,7003.9
2,7007.5
12,7008.0
27,7014.1
21,7016.0
24,7017.4
14,7019.0
22,7020.5
20,7021.2
5,7021.4
4,7022.4
3,7024.4
7,7026.0
13,7027.1
23,7027.9
9,7029.8
11,7032.8
10,7033.8
1,7038.7
19,7039.8
15,7040.3
18,7041.9
28,7043.4
25,7045.3
16,7046.0
12,7048.3
26,7048.6
17,7050.0
2,7050.9
11,7055.1
19,7055.5
10,7055.9
21,7056.1
1,7056.4
27,7056.7
9,7056.8
20,7057.0
8,7057.0
24,7057.0
5,7057.1
4,7057.1
3,7057.2
0,7057.6
22,7058.2
18,7059.1
30,7059.1
14,7059.4
13,7062.4
29,7062.7
6,7064.3
28,7066.9
17,7075.9
16,7079.0
12,7084.3
10,7087.7
11,7088.6
26,7092.2
9,7094.3
18,7094.8
22,7095.2
5,7098.1
21,7099.8
1,7100.1
14,7100.2
2,7100.3
29,7110.8
20,7111.1
27,7111.4
3,7111.9
4,7113.1
19,7113.3
13,7118.4
11,7121.9
12,7122.0
15,7124.5
25,7124.7
17,7126.6
26,7132.8
22,7133.1
10,7133.3
24,7133.4
28,7133.6
9,7134.3
8,7134.6
0,7134.7
16,7134.7
18,7135.4
1,7135.7
21,7135.7
11,7136.1
31,7136.2
19,7136.8
12,7136.9
5,7137.1
2,7137.5
14,7137.7
30,7137.8
20,7138.0
23,7139.5
4,7140.2
27,7140.8
3,7142.4
6,7145.7
13,7146.2
17,7146.5
25,7149.0
29,7152.9
10,7164.6
9,7173.7
11,7173.9
18,7177.5
22,7178.2
26,7178.7
12,7179.0
19,7180.6
20,7182.5
14,7182.6
1,7184.5
5,7184.8
13,7186.4
2,7187.6
21,7195.6
17,7202.8
25,7210.7
10,7211.7
11,7215.2
12,7218.7
28,7221.7
26,7222.4
14,7222.9
18,7223.5
20,7224.5
9,7226.4
23,7227.6
16,7227.8
19,7228.4
22,7230.4
13,7231.2
11,7239.8
3,7245.4
8,7247.6
4,7248.6
5,7249.3
10,7250.0
21,7250.3
12,7251.1
7,7257.7
9,7266.8
17,7267.8
11,7269.6
19,7274.4
13,7276.9
20,7284.3
25,7286.0
6,7294.2
5,7298.7
21,7299.2
10,7299.2
22,7302.1
12,7306.6
3,7308.7
29,7309.8
11,7312.6
28,7312.8
4,7313.6
13,7323.6
20,7331.5
23,7332.8
21,7339.6
12,7340.4
17,7343.6
27,7347.2
22,7353.6
7,7356.0
2,7356.7
18,7358.3
11,7358.5
9,7362.8
5,7364.7
28,7365.4
14,7365.9
24,7367.0
13,7369.6
16,7370.5
20,7377.1
12,7379.4
15,7381.1
26,7381.1
11,7390.7
4,7393.9
1,7394.8
3,7395.2
13,7409.7
18,7412.3
12,7418.2
21,7424.9
11,7425.2
10,7426.1
17,7426.6
26,7433.7
8,7435.7
25,7436.0
30,7436.0
15,7446.0
27,7447.7
12,7449.2
14,7453.2
7,7453.3
13,7465.5
19,7468.0
11,7475.5
5,7484.4
22,7492.4
15,7494.2
8,7495.8
14,7496.5
9,7497.3
3,7497.7
18,7497.9
1,7498.1
23,7500.6
12,7505.2
20,7509.7
13,7510.6
16,7511.4
27,7512.9
17,7513.7
19,7518.8
10,7519.4
25,7520.1
26,7520.1
11,7520.5
28,7520.6
2,7521.9
18,7522.5
24,7522.7
4,7522.8
12,7523.6
0,7524.7
21,7525.3
9,7525.4
30,7525.5
29,7525.6
20,7525.7
5,7526.4
6,7527.0
1,7527.2
22,7528.7
31,7528.9
8,7529.0
3,7529.6
17,7533.2
14,7534.5
27,7538.5
10,7541.3
28,7548.4
26,7548.4
11,7548.5
9,7552.2
12,7556.0
2,7557.1
18,7558.0
5,7558.6
19,7559.5
4,7562.5
15,7563.0
25,7565.5
20,7566.1
3,7568.2
22,7569.9
17,7571.9
21,7572.0
11,7572.1
23,7573.1
10,7574.9
30,7576.5
16,7577.6
8,7580.8
9,7581.6
13,7588.8
27,7590.2
29,7591.8
12,7592.0
26,7592.3
5,7592.7
18,7597.7
28,7598.4
19,7598.9
11,7599.8
25,7600.5
20,7600.7
1,7600.8
10,7600.9
24,7601.1
4,7601.2
17,7601.3
6,7601.7
2,7602.9
31,7603.8
9,7604.1
14,7604.5
7,7604.9
22,7604.9
3,7605.9
21,7606.3
15,7606.4
30,7606.7
12,7607.0
16,7609.2
23,7609.2
27,7612.9
8,7613.0
0,7615.7
5,7620.9
11,7629.7
10,7635.0
1,7636.2
9,7636.4
13,7637.0
26,7641.2
17,7641.8
19,7642.4
14,7644.0
18,7644.2
12,7645.0
21,7647.2
20,7647.3
30,7647.4
22,7651.6
4,7653.1
28,7654.7
11,7661.6
6,7666.7
5,7668.8
9,7672.3
19,7678.1
26,7678.4
27,7678.5
10,7679.0
12,7679.5
20,7680.4
25,7680.5
11,7680.6
24,7680.8
18,7681.0
17,7681.4
2,7681.6
16,7681.8
3,7681.9
4,7682.5
1,7682.8
30,7682.8
8,7682.9
28,7683.3
22,7683.9
9,7684.0
21,7684.9
0,7685.2
14,7685.5
29,7685.5
7,7686.8
13,7688.1
23,7690.7
5,7691.9
15,7693.4
11,7700.7
10,7701.1
20,7703.9
26,7704.6
27,7708.6
12,7709.6
28,7712.4
18,7713.8
19,7715.5
6,7717.3
2,7717.5
22,7719.4
21,7719.7
4,7722.3
3,7722.6
30,7723.2
29,7725.1
13,7725.7
17,7726.3
11,7727.6
25,7729.5
9,7729.9
20,7730.8
16,7732.1
14,7733.9
10,7735.3
1,7736.8
12,7738.7
5,7753.7
26,7754.5
27,7755.0
19,7756.4
3,7757.4
11,7758.1
28,7759.0
22,7759.0
20,7759.3
10,7760.0
12,7760.2
4,7760.2
24,7760.5
23,7760.8
18,7761.1
2,7761.4
9,7762.0
17,7762.1
25,7762.4
8,7762.7
21,7763.1
1,7764.8
30,7764.9
16,7765.3
31,7765.7
29,7766.9
6,7769.7
14,7771.1
13,7771.6
11,7783.7
12,7791.7
26,7792.3
17,7792.4
20,7793.4
19,7793.4
18,7793.4
10,7794.0
27,7794.1
9,7800.3
15,7803.3
22,7804.0
3,7804.2
7,7805.4
5,7808.0
28,7810.0
4,7813.7
11,7815.7
2,7816.0
25,7816.1
30,7819.5
21,7820.7
13,7822.6
14,7827.1
19,7829.4
29,7831.8
20,7831.8
12,7834.7
10,7838.4
22,7842.6
18,7843.6
26,7843.7
17,7844.0
8,7844.9
9,7847.0
28,7851.2
5,7855.0
27,7857.2
14,7859.0
11,7859.3
25,7859.3
15,7859.8
3,7861.8
24,7862.2
7,7865.4
13,7865.5
21,7865.7
19,7870.4
20,7873.6
12,7875.9
30,7878.2
2,7879.6
10,7879.7
18,7880.0
22,7882.0
11,7883.6
9,7885.4
17,7890.7
26,7891.2
14,7907.8
8,7908.4
19,7909.1
6,7912.0
23,7912.9
21,7913.3
20,7913.7
5,7913.8
4,7913.9
13,7914.1
11,7917.1
9,7919.3
12,7919.3
22,7919.8
17,7930.1
10,7931.7
1,7933.4
25,7937.9
18,7938.0
27,7938.1
26,7943.9
2,7951.9
14,7959.3
13,7960.7
12,7964.8
20,7967.1
5,7967.3
19,7967.3
4,7970.3
11,7970.6
9,7975.8
6,7978.1
28,7978.6
10,7978.9
22,7979.2
7,7980.5
15,7982.5
21,7984.3
17,8002.9
25,8002.9
18,8008.1
30,8010.2
13,8017.4
26,8018.2
12,8020.0
3,8020.3
19,8020.3
20,8020.4
27,8020.6
22,8020.7
29,8021.5
2,8022.1
11,8023.3
9,8023.5
28,8024.3
10,8036.7
8,8041.8
23,8044.0
1,8055.5
17,8057.6
20,8062.9
9,8063.1
19,8064.1
30,8080.1
21,8081.3
15,8085.2
22,8100.3
13,8103.3
12,8105.7
11,8107.2
19,8113.0
28,8113.1
20,8114.1
24,8121.6
29,8122.4
17,8122.8
2,8127.9
18,8128.2
26,8130.3
1,8133.3
30,8134.6
22,8136.8
21,8137.1
15,8138.3
27,8143.7
16,8144.2
28,8144.5
11,8145.0
25,8145.1
26,8145.4
20,8145.5
12,8145.7
19,8145.8
9,8146.8
10,8147.1
13,8147.8
14,8148.8
18,8150.9
5,8151.3
6,8151.5
4,8151.7
29,8152.8
30,8153.3
17,8153.6
22,8155.5
0,8157.7
8,8159.9
2,8169.4
11,8180.2
22,8180.8
20,8181.1
3,8182.8
31,8186.6
10,8186.8
28,8188.6
29,8190.8
12,8191.4
21,8191.6
9,8193.0
30,8196.3
19,8197.7
27,8198.0
13,8201.3
26,8206.0
23,8209.7
15,8210.4
18,8211.5
11,8211.9
14,8212.4
25,8213.9
17,8214.1
1,8217.9
22,8221.0
20,8222.8
19,8224.2
10,8224.7
28,8225.1
26,8225.3
27,8226.0
12,8226.2
11,8226.5
30,8226.7
24,8227.1
31,8227.3
5,8227.5
4,8227.7
9,8228.2
16,8229.0
21,8229.7
29,8229.8
7,8229.9
0,8229.9
8,8230.4
2,8230.6
6,8232.0
13,8232.4
18,8232.4
20,8233.7
22,8238.2
15,8238.6
14,8238.7
23,8241.2
28,8260.6
19,8261.4
12,8262.1
21,8262.5
20,8264.1
22,8264.9
11,8267.2
30,8270.0
9,8276.2
29,8276.8
2,8277.4
10,8277.9
6,8278.6
1,8279.0
5,8279.2
16,8280.8
13,8281.1
8,8281.2
7,8281.4
4,8281.5
25,8282.4
27,8283.5
14,8284.1
17,8284.3
26,8285.8
12,8287.5
18,8292.5
23,8295.2
20,8295.2
3,8296.2
21,8299.5
19,8299.8
22,8299.9
11,8300.3
28,8303.2
24,8304.5
2,8304.7
26,8304.7
10,8305.2
9,8305.5
25,8306.0
27,8306.6
18,8307.2
30,8307.3
31,8307.3
12,8307.6
17,8308.5
0,8309.3
16,8310.1
1,8310.6
20,8311.3
29,8313.4
4,8313.7
5,8314.6
13,8314.8
14,8315.1
8,8315.4
6,8317.9
15,8319.9
21,8326.0
11,8329.6
22,8335.1
19,8337.2
12,8338.4
10,8343.5
13,8343.9
2,8343.9
28,8344.0
9,8349.7
14,8350.1
18,8350.5
20,8351.7
26,8351.9
30,8354.3
5,8358.8
27,8359.6
17,8362.7
4,8364.3
1,8368.7
11,8369.4
21,8373.0
25,8373.8
12,8375.8
8,8379.0
29,8379.5
19,8381.6
28,8383.3
26,8383.6
3,8383.7
20,8385.5
11,8385.6
27,8385.7
10,8385.8
23,8386.3
18,8386.3
16,8386.4
22,8386.7
24,8387.1
9,8387.2
31,8387.5
2,8388.9
30,8389.1
17,8389.3
13,8390.7
14,8391.1
6,8391.3
4,8391.3
5,8391.9
12,8392.6
7,8393.5
0,8393.5
15,8393.7
21,8395.0
1,8396.0
19,8412.5
29,8421.5
20,8422.3
28,8424.3
27,8425.5
22,8431.6
3,8433.6
11,8434.4
5,8434.5
4,8434.6
12,8434.8
10,8434.9
2,8436.5
18,8439.4
26,8439.5
25,8440.3
9,8440.7
13,8441.8
17,8441.9
14,8442.5
19,8445.4
21,8445.7
30,8445.9
6,8447.3
1,8452.7
20,8463.1
23,8463.5
27,8471.2
22,8472.5
11,8477.8
12,8478.4
5,8482.7
18,8484.0
2,8484.1
10,8486.0
7,8486.1
15,8486.9
4,8488.6
21,8491.2
19,8494.5
0,8517.7
20,8518.4
13,8519.1
22,8519.6
23,8519.9
31,8520.1
29,8521.7
18,8522.3
11,8523.1
30,8524.1
26,8526.9
14,8531.5
15,8532.6
12,8534.2
19,8550.8
27,8551.3
10,8553.8
9,8563.9
2,8565.7
6,8566.3
18,8566.3
3,8567.1
21,8567.6
22,8568.5
13,8568.8
25,8573.5
1,8576.0
26,8599.3
5,8604.9
15,8608.5
23,8610.0
19,8616.2
12,8616.8
20,8617.2
27,8621.6
10,8622.0
11,8625.4
18,8628.1
21,8629.3
30,8630.8
22,8632.1
14,8633.2
7,8636.7
28,8642.8
8,8644.1
9,8645.8
16,8646.3
29,8651.4
20,8663.8
12,8664.7
19,8665.4
13,8668.2
15,8673.1
22,8673.2
21,8674.4
23,8678.1
28,8682.8
11,8689.9
26,8692.6
18,8698.2
4,8700.1
12,8701.8
29,8702.3
20,8705.5
9,8707.2
24,8720.6
17,8721.8
31,8736.1
30,8737.2
15,8737.4
12,8742.1
10,8743.2
19,8743.2
4,8746.2
11,8746.8
13,8747.5
2,8757.8
21,8760.2
27,8769.4
26,8769.5
5,8769.7
25,8769.7
11,8770.8
28,8770.8
12,8770.8
18,8771.0
20,8771.0
14,8771.3
19,8771.8
1,8772.1
9,8772.4
22,8772.4
17,8773.6
3,8774.3
10,8774.5
29,8775.5
30,8776.6
8,8776.9
7,8777.2
4,8777.2
0,8777.8
13,8779.0
6,8779.8
21,8780.4
16,8780.9
23,8782.9
2,8783.8
15,8784.7
31,8785.0
27,8799.4
28,8799.7
12,8801.1
29,8801.2
20,8803.2
22,8803.4
11,8809.1
26,8810.0
14,8813.1
18,8814.2
10,8816.2
9,8816.4
1,8818.3
19,8819.4
17,8822.3
21,8824.0
8,8828.0
27,8828.7
12,8828.8
4,8833.0
13,8834.0
22,8834.2
20,8834.8
30,8835.7
28,8837.1
11,8846.4
25,8847.2
24,8849.5
26,8849.9
18,8850.1
19,8850.2
27,8851.0
28,8852.2
12,8852.3
9,8852.6
14,8853.0
20,8853.3
17,8853.3
2,8853.3
3,8853.7
1,8853.9
21,8855.0
10,8855.2
29,8855.8
31,8856.1
22,8856.4
5,8856.6
6,8857.2
0,8857.2
4,8857.4
23,8857.7
15,8858.6
13,8859.3
30,8860.6
7,8861.7
8,8862.6
16,8877.7
12,8881.5
26,8883.1
11,8883.3
27,8884.7
20,8885.2
9,8885.3
21,8885.3
17,8885.8
28,8886.6
14,8887.3
22,8888.7
18,8889.0
19,8889.2
1,8890.9
10,8895.1
25,8900.1
30,8904.6
29,8905.0
12,8905.6
13,8909.7
5,8911.2
4,8911.2
3,8913.5
27,8916.0
17,8917.3
20,8917.6
19,8918.1
11,8918.3
28,8918.7
18,8918.9
26,8919.7
21,8920.2
6,8920.7
9,8921.1
10,8921.4
2,8922.4
14,8930.7
12,8931.5
1,8932.8
22,8933.1
28,8933.2
27,8933.6
24,8933.7
11,8933.8
20,8933.9
31,8934.2
19,8934.5
13,8935.0
30,8936.5
18,8936.6
25,8937.1
26,8937.1
29,8937.9
17,8937.9
15,8938.2
8,8938.6
5,8939.1
4,8939.2
7,8941.3
9,8942.1
21,8942.3
23,8952.0
3,8955.0
22,8957.4
14,8959.3
20,8960.6
27,8961.6
29,8962.0
11,8964.3
12,8971.2
21,8975.8
13,8975.9
19,8982.0
28,8985.2
18,8987.5
4,8988.6
9,8990.8
10,8992.7
30,8995.7
1,8995.9
25,8996.7
2,8996.8
17,8997.7
26,8997.7
22,9003.3
11,9005.3
27,9005.9
20,9007.4
12,9011.1
19,9011.6
28,9012.0
18,9012.1
9,9012.3
14,9012.8
8,9013.9
5,9014.1
26,9014.2
23,9014.5
6,9015.0
29,9015.2
31,9015.4
21,9016.4
13,9016.6
30,9017.6
3,9017.8
4,9018.9
7,9020.0
16,9020.4
2,9020.5
10,9020.6
1,9020.7
0,9021.2
17,9021.2
15,9023.4
22,9034.6
20,9046.8
21,9047.4
27,9048.0
11,9048.2
28,9048.4
12,9048.9
29,9051.4
18,9051.9
9,9053.4
19,9054.3
25,9057.7
26,9063.1
10,9064.9
17,9066.1
13,9066.7
30,9067.2
22,9069.5
24,9070.1
14,9070.4
12,9070.5
28,9077.8
11,9078.4
8,9079.1
1,9079.2
18,9080.9
9,9081.6
2,9085.0
20,9086.0
21,9089.4
19,9092.0
17,9100.5
12,9100.7
27,9100.8
10,9101.9
13,9102.6
5,9102.6
22,9103.2
29,9103.8
4,9104.9
11,9111.7
9,9121.4
28,9123.6
21,9127.7
18,9128.1
20,9134.3
1,9136.9
12,9137.1
2,9139.4
10,9146.2
17,9149.1
8,9151.6
9,9154.5
22,9154.7
11,9157.0
23,9158.0
15,9158.6
13,9159.2
14,9160.2
25,9161.1
18,9167.8
16,9168.1
5,9173.7
12,9174.2
26,9175.2
1,9175.2
17,9176.5
9,9177.7
30,9179.6
19,9181.8
29,9184.3
10,9186.1
22,9186.3
21,9187.4
20,9187.9
28,9188.1
11,9191.4
4,9193.3
18,9196.8
13,9197.9
14,9198.0
9,9210.1
17,9225.3
12,9227.4
2,9231.0
22,9236.9
21,9237.7
30,9240.0
11,9245.2
10,9245.8
18,9247.7
27,9255.1
28,9256.5
29,9260.0
9,9260.2
13,9260.3
4,9262.7
5,9262.9
20,9263.2
14,9265.4
12,9265.4
19,9273.1
17,9275.9
21,9285.3
22,9286.6
7,9287.6
2,9294.3
30,9294.3
11,9295.9
10,9296.9
31,9299.5
25,9301.4
18,9302.2
1,9302.9
16,9303.6
28,9303.7
26,9307.7
13,9308.7
12,9310.0
15,9318.8
21,9322.8
8,9323.1
23,9323.7
20,9324.7
0,9325.9
22,9328.3
11,9333.8
6,9342.4
5,9343.5
9,9343.6
29,9344.0
17,9344.9
18,9348.2
30,9351.7
31,9355.7
21,9361.2
12,9363.7
2,9385.5
1,9386.4
10,9390.5
19,9390.6
11,9391.7
28,9392.0
20,9393.1
3,9393.5
26,9393.9
13,9394.4
27,9394.7
9,9395.6
12,9396.2
25,9396.3
18,9396.3
17,9396.3
5,9396.4
4,9396.5
8,9396.7
14,9397.6
21,9398.0
7,9398.5
16,9398.7
22,9398.8
30,9400.8
6,9401.3
0,9401.4
29,9402.2
2,9403.2
15,9404.3
11,9420.0
9,9425.0
10,9426.5
13,9427.8
19,9428.2
12,9428.7
20,9428.8
21,9433.1
28,9434.0
22,9434.8
4,9435.6
27,9437.1
26,9439.1
18,9439.6
25,9441.1
5,9445.9
17,9448.7
3,9452.0
11,9460.7
14,9462.6
12,9463.3
8,9465.3
7,9466.1
10,9467.6
13,9468.0
6,9468.6
9,9469.2
15,9470.1
19,9471.5
20,9473.4
22,9475.3
2,9475.7
27,9476.0
18,9476.1
1,9476.2
21,9476.3
12,9476.7
26,9476.8
4,9476.8
28,9476.9
11,9476.9
24,9477.0
5,9477.9
17,9478.0
25,9480.1
30,9480.8
16,9483.4
31,9484.2
0,9484.3
9,9487.3
10,9491.4
23,9492.4
22,9504.3
19,9512.9
29,9513.2
1,9513.4
11,9513.5
20,9515.1
12,9515.4
9,9517.1
21,9518.4
28,9519.1
13,9520.3
18,9520.7
30,9524.8
27,9527.5
17,9527.7
10,9530.2
26,9530.5
4,9530.9
25,9531.6
24,9540.9
23,9541.6
16,9543.8
14,9544.5
22,9544.9
11,9549.1
12,9549.4
5,9553.7
9,9554.6
13,9555.2
19,9555.3
20,9555.3
18,9555.6
2,9556.1
27,9556.6
4,9556.8
17,9557.1
28,9557.3
26,9557.4
21,9558.3
1,9558.6
15,9558.9
30,9560.2
0,9561.4
7,9561.5
25,9561.9
10,9562.1
29,9563.8
8,9564.2
3,9565.7
22,9569.9
12,9584.2
11,9585.0
5,9589.7
21,9593.5
9,9594.0
27,9594.6
20,9597.4
28,9597.9
19,9600.6
1,9601.8
30,9602.4
13,9603.2
17,9603.2
10,9603.5
2,9603.9
4,9604.0
18,9607.2
22,9612.5
12,9616.4
11,9621.0
9,9631.2
20,9632.3
21,9633.7
27,9634.8
5,9635.2
14,9635.6
24,9635.7
26,9635.8
19,9636.1
13,9636.3
12,9636.3
18,9636.9
28,9637.2
11,9637.3
4,9637.4
1,9637.5
8,9637.6
17,9638.0
7,9638.0
6,9638.5
22,9638.6
15,9639.6
30,9639.8
10,9640.6
2,9640.9
25,9642.0
29,9642.3
9,9645.6
0,9647.0
13,9675.3
9,9676.0
22,9676.4
21,9676.7
19,9676.9
5,9678.0
27,9679.0
16,9679.1
23,9679.8
14,9680.4
20,9680.9
10,9682.4
25,9683.0
31,9685.0
12,9685.2
18,9685.3
15,9686.0
30,9686.6
17,9686.9
6,9688.0
8,9688.1
11,9688.9
2,9694.5
4,9695.9
28,9698.7
26,9699.6
3,9709.8
9,9710.9
19,9712.8
13,9716.0
1,9718.3
22,9720.3
11,9723.9
10,9725.8
20,9727.9
12,9729.2
17,9729.6
21,9731.3
18,9731.8
27,9733.1
25,9738.2
14,9740.8
16,9745.5
19,9745.8
26,9748.7
2,9750.1
6,9753.2
11,9755.0
10,9756.1
9,9758.0
12,9758.8
1,9759.1
18,9764.2
13,9766.5
27,9766.5
20,9766.9
30,9767.6
7,9767.6
22,9769.1
17,9771.0
21,9771.0
25,9773.8
14,9774.1
15,9779.2
4,9782.0
8,9782.8
2,9788.9
19,9791.4
12,9792.6
10,9794.6
11,9795.5
28,9797.3
3,9798.1
18,9800.8
9,9802.9
20,9806.0
13,9810.9
30,9815.0
5,9818.7
27,9822.8
19,9824.2
17,9829.4
21,9830.3
22,9835.6
10,9836.9
23,9843.8
29,9843.9
11,9846.0
12,9846.3
18,9849.1
26,9852.2
2,9853.7
4,9853.7
19,9854.1
13,9855.4
25,9858.9
1,9867.4
17,9868.2
7,9870.0
15,9872.4
30,9874.9
22,9875.2
31,9876.8
3,9878.2
18,9894.2
11,9895.3
12,9898.5
16,9899.8
6,9900.5
8,9905.6
14,9905.7
13,9907.5
5,9907.9
2,9916.5
10,9917.0
17,9918.5
9,9919.7
12,9931.2
20,9933.7
11,9943.8
30,9944.6
13,9946.2
23,9948.6
15,9950.2
14,9954.2
27,9970.3
17,9973.3
9,9975.7
12,9977.4
19,9980.4
5,9988.7
13,9990.7
22,9991.0
4,9991.2
3,9992.9
21,9995.3
