36,25.0
128,47.2
252,53.0
315,54.0
31,66.3
286,71.3
216,89.7
298,91.1
211,92.8
316,94.6
232,96.1
296,96.6
274,97.3
174,98.2
44,99.5
67,99.8
144,99.9
231,100.6
325,100.9
199,101.3
206,102.4
62,103.4
88,103.7
370,104.0
31,104.5
195,105.2
13,105.2
77,105.4
227,105.6
281,105.9
115,106.3
278,106.5
277,106.6
269,107.4
173,107.6
171,108.3
86,108.5
294,108.5
160,109.1
222,109.1
83,109.6
99,110.0
123,113.7
46,128.5
130,146.3
259,149.0
29,149.8
376,155.1
297,158.4
131,164.6
148,165.5
339,166.4
281,170.8
90,174.0
103,175.0
232,175.3
296,175.9
274,176.6
174,177.4
165,178.5
44,178.7
65,179.1
67,179.1
298,179.3
62,179.6
231,179.8
325,180.1
160,180.4
258,181.5
206,181.6
348,182.7
88,183.0
370,183.2
31,183.8
353,183.9
13,184.3
195,184.3
363,184.5
77,184.8
227,184.8
260,185.3
115,185.6
76,185.7
278,185.8
71,186.0
277,186.0
286,186.4
266,186.5
98,186.5
269,186.6
375,186.7
173,187.0
294,187.2
34,187.4
171,187.7
230,188.1
378,188.1
222,188.2
86,188.3
99,189.0
366,189.5
217,190.0
322,191.5
287,193.5
12,199.7
298,199.9
212,203.9
192,206.0
340,210.2
139,214.2
191,215.0
51,215.9
165,218.3
127,218.9
330,219.2
242,220.6
102,224.2
244,225.6
1,226.0
32,227.5
42,228.6
294,229.4
303,231.7
268,232.8
279,233.1
253,233.3
173,233.7
137,235.2
297,237.7
41,238.2
338,238.6
354,242.9
31,249.3
121,252.3
232,255.3
73,255.7
296,255.9
274,256.6
174,257.6
88,258.4
44,258.7
67,259.2
298,259.7
231,260.0
115,260.0
325,260.3
62,261.5
206,261.7
281,261.8
378,262.3
370,263.1
13,264.2
195,264.3
160,264.8
77,265.2
227,265.7
170,266.1
294,266.1
278,266.2
66,266.6
269,267.3
171,267.8
277,268.0
222,270.3
342,271.5
289,272.8
214,273.9
99,278.2
60,278.2
50,281.4
120,284.5
193,289.2
84,291.0
257,292.8
124,297.1
288,300.9
33,301.7
319,309.2
163,310.8
221,313.1
5,314.1
249,316.3
144,316.5
185,319.0
53,325.2
292,326.5
327,327.6
36,328.5
16,329.7
267,329.8
70,330.4
316,330.9
79,331.4
59,336.6
203,336.7
97,336.8
375,337.5
277,337.7
261,338.4
281,340.6
254,340.7
61,341.0
40,346.0
151,347.4
94,347.6
124,347.7
55,351.4
4,356.4
263,357.6
187,359.0
96,361.0
255,366.1
366,369.2
161,371.7
72,372.2
62,374.3
351,375.0
206,375.6
289,380.2
172,383.2
204,385.0
242,387.2
164,388.0
299,388.4
122,390.2
157,390.3
107,391.0
222,392.2
332,397.8
240,399.0
53,400.3
378,402.4
65,404.2
14,405.0
118,405.8
15,406.0
361,415.5
153,417.3
148,424.6
101,425.3
202,426.6
364,427.6
226,428.6
91,428.9
245,429.5
295,432.2
372,434.5
342,444.8
213,445.5
311,445.6
120,448.4
218,449.3
244,450.4
184,455.4
366,456.1
352,459.6
92,460.0
343,465.8
270,469.2
346,470.0
212,470.1
275,470.3
19,471.7
13,472.3
40,472.7
195,473.4
76,475.4
126,475.9
58,475.9
165,476.5
175,477.1
135,477.7
216,477.9
68,480.2
151,481.5
149,481.8
0,483.2
16,484.8
185,487.1
183,490.7
15,491.2
247,494.5
174,497.7
121,498.9
63,504.4
370,507.7
82,508.1
369,509.0
173,509.7
324,509.9
16,512.1
249,513.6
166,515.2
93,515.2
36,515.5
102,517.8
38,519.6
14,520.3
24,521.3
238,522.2
108,529.6
202,529.7
146,530.8
96,533.8
293,534.8
8,536.3
123,537.6
86,539.8
52,542.8
117,543.4
105,546.6
167,546.8
130,549.9
220,550.9
56,551.3
261,552.4
45,556.0
11,556.3
354,560.0
228,560.1
184,563.2
22,568.1
182,572.9
290,572.9
43,576.5
368,579.0
12,581.3
96,583.9
37,587.9
191,590.5
211,592.5
137,592.7
291,592.8
328,595.5
155,600.5
371,602.4
249,603.9
326,605.7
356,606.9
40,610.0
150,615.7
333,617.0
301,617.6
142,618.4
199,619.7
23,620.4
6,621.8
123,624.7
111,633.7
312,638.1
315,639.9
232,640.8
296,641.3
139,641.6
274,642.0
174,642.3
44,644.0
67,644.4
157,644.7
231,645.1
325,645.3
206,645.7
298,646.0
195,646.2
13,646.2
247,646.6
168,646.7
370,646.9
62,647.5
88,647.5
319,648.0
294,648.6
173,648.8
37,649.0
86,649.2
227,649.3
115,649.3
77,649.4
281,649.5
367,649.8
76,649.9
278,650.4
277,650.6
282,650.6
71,650.8
366,651.2
269,651.4
70,651.4
31,651.6
222,652.0
345,652.0
99,652.6
171,652.7
375,653.9
207,656.2
371,656.3
304,656.9
280,658.9
4,660.0
187,663.0
243,664.9
266,665.8
133,667.1
7,668.6
170,672.2
309,672.9
334,674.0
28,682.0
60,683.6
276,684.9
215,686.5
324,688.0
335,695.2
59,700.1
192,700.1
122,701.0
365,703.3
71,703.5
107,704.0
181,704.1
194,708.8
88,709.0
216,712.6
57,714.9
343,720.0
232,720.3
317,720.7
296,720.8
274,721.4
174,722.2
44,723.3
67,724.3
231,724.6
325,725.1
298,726.5
206,726.7
269,726.9
370,727.1
195,727.7
62,727.8
13,728.0
266,728.8
227,729.3
77,729.6
281,730.3
278,730.4
294,731.1
86,731.2
34,731.4
173,731.6
260,731.8
217,731.9
378,732.1
115,732.4
345,732.7
160,733.8
99,733.9
222,734.4
349,734.4
31,734.9
375,735.2
381,735.7
353,738.6
15,739.6
176,743.0
361,744.8
27,745.9
359,747.0
296,747.2
206,748.0
302,750.1
285,751.3
338,752.5
248,755.8
308,757.7
132,760.2
34,760.6
86,760.7
303,761.5
151,762.7
305,765.2
125,767.0
25,767.0
311,767.8
295,768.0
265,772.8
211,775.0
244,776.4
178,776.4
55,776.8
374,778.0
121,778.3
197,778.6
355,781.1
47,784.5
246,787.1
252,789.7
200,790.9
359,791.2
273,793.3
330,794.6
349,794.7
83,799.9
232,800.2
296,800.6
141,800.7
39,801.0
274,801.5
350,801.6
320,802.0
174,802.3
251,803.3
44,803.4
67,804.3
88,804.6
231,804.7
325,805.2
206,805.4
85,805.7
71,807.4
298,807.4
158,807.5
370,807.7
269,807.8
62,808.1
34,808.6
195,808.7
171,808.9
116,809.1
13,809.2
86,809.3
140,809.4
77,809.7
227,809.7
119,810.2
338,810.8
194,811.8
278,812.0
294,813.4
115,813.8
56,816.8
21,817.5
351,819.3
147,820.7
285,821.7
229,823.7
67,826.4
191,828.1
301,830.7
30,833.4
170,834.9
329,835.4
108,839.5
75,839.8
241,841.7
126,843.6
128,844.5
19,850.5
91,854.1
120,855.1
323,857.5
357,858.0
341,859.5
114,859.7
258,861.0
290,866.6
182,870.7
2,871.7
34,873.5
167,874.2
272,874.7
283,876.5
232,880.3
296,880.6
316,881.1
274,881.5
65,882.4
174,882.5
44,883.4
67,883.7
303,884.3
105,884.5
231,884.8
371,885.2
325,885.2
206,886.1
88,886.9
298,887.1
370,887.6
62,888.3
51,888.3
195,888.5
13,888.9
200,889.0
281,889.1
171,889.2
15,889.5
227,890.4
269,890.6
99,890.7
76,891.3
77,891.6
375,891.7
294,892.6
152,892.7
71,892.9
31,894.2
224,894.8
183,899.9
276,902.1
374,902.4
116,903.1
96,907.6
110,907.7
275,909.0
378,915.4
210,915.9
63,916.5
360,918.2
130,918.5
272,921.4
195,923.0
97,923.5
144,924.7
340,927.5
334,928.0
138,928.9
289,930.5
100,931.3
291,931.6
190,932.2
87,933.7
213,934.0
177,934.2
98,935.0
108,935.7
13,941.2
192,941.2
102,941.8
147,942.8
58,944.1
309,944.4
214,945.2
126,947.3
225,949.2
304,949.3
326,949.7
180,952.2
256,952.3
364,955.5
168,956.1
54,958.4
49,961.2
153,961.6
201,962.6
196,962.9
123,963.3
135,965.4
278,965.9
115,967.9
112,970.7
48,971.3
79,972.7
313,977.7
366,978.3
217,978.6
69,980.6
342,983.9
253,985.0
51,988.2
344,990.4
266,992.7
137,997.7
181,1000.6
351,1001.5
297,1001.7
262,1002.5
3,1011.3
149,1011.5
114,1015.3
18,1016.1
234,1017.4
27,1019.0
186,1020.2
260,1021.1
341,1021.2
173,1025.7
306,1026.5
155,1027.8
91,1031.4
340,1034.1
140,1036.2
42,1038.9
125,1045.5
244,1051.3
99,1053.1
267,1061.0
331,1063.1
235,1067.2
296,1074.0
307,1074.5
113,1075.7
291,1077.3
2,1078.3
20,1081.2
303,1081.4
281,1083.5
198,1085.3
1,1089.3
337,1089.3
216,1091.1
203,1092.3
339,1093.1
318,1094.0
38,1094.4
284,1096.2
78,1098.1
300,1099.2
132,1100.0
210,1100.9
381,1101.2
258,1102.7
227,1105.0
336,1107.2
57,1107.2
286,1108.1
212,1109.2
383,1109.4
47,1111.4
176,1113.5
120,1114.9
352,1118.7
268,1119.8
97,1120.7
217,1121.3
21,1123.3
230,1124.1
293,1126.5
310,1126.7
295,1126.8
73,1127.3
175,1127.5
319,1128.2
160,1128.6
347,1129.9
169,1132.9
87,1133.8
383,1134.1
70,1134.5
263,1139.2
4,1139.7
298,1140.7
321,1140.9
64,1141.6
311,1142.3
328,1142.6
218,1146.4
315,1151.9
325,1152.3
157,1153.1
8,1154.2
229,1154.8
239,1156.6
290,1159.0
291,1159.8
252,1160.1
121,1160.8
13,1162.5
322,1163.9
186,1164.8
376,1170.1
148,1170.4
145,1170.6
118,1171.0
236,1173.3
287,1176.8
5,1178.5
264,1179.4
14,1181.6
368,1184.7
273,1186.9
356,1189.3
189,1192.7
85,1193.0
155,1194.1
215,1195.9
254,1195.9
93,1196.8
145,1198.4
159,1199.4
76,1204.7
329,1205.8
181,1210.8
193,1212.3
106,1215.4
280,1216.3
88,1217.6
365,1217.7
199,1222.5
2,1224.8
179,1225.5
262,1225.6
362,1226.4
59,1227.3
52,1229.3
202,1233.2
313,1233.6
44,1237.5
350,1237.9
234,1238.4
159,1247.9
39,1248.0
105,1249.0
17,1249.9
90,1251.9
148,1252.2
18,1254.4
107,1254.5
295,1257.0
172,1257.3
265,1261.5
323,1263.4
103,1263.9
98,1265.6
232,1265.8
345,1266.0
296,1266.1
106,1266.4
274,1266.9
174,1267.7
188,1268.2
44,1268.8
164,1269.3
67,1269.4
325,1269.5
231,1269.9
88,1270.0
335,1270.4
298,1270.5
13,1271.2
206,1271.8
293,1272.1
62,1272.4
76,1272.5
227,1272.8
370,1273.0
28,1273.1
281,1273.8
77,1273.8
195,1274.1
135,1274.2
160,1274.9
115,1275.0
294,1275.0
31,1275.3
178,1275.3
118,1275.4
278,1275.5
193,1275.5
173,1275.7
99,1275.9
269,1276.9
277,1277.1
86,1277.3
171,1277.6
87,1277.7
182,1277.7
30,1277.8
191,1277.9
248,1278.1
149,1278.2
375,1278.7
222,1278.9
381,1278.9
207,1279.4
71,1279.7
2,1279.7
22,1280.7
250,1289.2
333,1290.1
337,1290.8
228,1294.1
362,1295.9
285,1298.6
33,1298.9
109,1301.8
139,1306.9
363,1306.9
371,1309.4
267,1310.4
375,1314.0
126,1316.5
161,1318.2
219,1318.3
123,1321.8
226,1322.9
25,1335.9
276,1336.8
266,1338.5
259,1338.9
232,1345.3
296,1345.7
274,1346.5
45,1347.2
174,1347.4
44,1347.5
67,1349.1
231,1349.6
325,1349.9
298,1350.5
88,1350.7
206,1351.4
13,1352.0
62,1352.0
370,1352.3
195,1353.1
227,1354.0
77,1354.0
345,1354.5
294,1354.5
281,1354.6
375,1355.2
160,1355.6
260,1355.7
76,1355.7
115,1355.7
31,1355.8
278,1356.5
99,1356.6
366,1356.7
172,1357.4
71,1358.5
198,1358.7
8,1359.1
118,1359.5
269,1360.1
348,1360.7
184,1362.7
361,1362.7
102,1363.0
168,1363.9
193,1365.0
2,1367.9
378,1368.4
257,1369.8
238,1370.8
262,1372.9
6,1374.1
23,1375.1
95,1375.5
323,1378.7
289,1379.1
340,1380.5
208,1383.0
60,1383.3
264,1384.6
54,1385.2
42,1387.6
189,1388.7
26,1389.8
191,1391.3
166,1392.8
177,1393.3
360,1393.4
179,1394.1
89,1394.1
314,1395.8
308,1396.7
275,1397.2
36,1398.4
1,1399.4
317,1399.9
44,1407.8
96,1408.4
279,1409.7
206,1410.7
75,1412.8
213,1414.1
239,1414.3
71,1414.5
65,1417.4
327,1420.6
216,1422.4
347,1422.5
39,1424.5
232,1425.3
296,1425.7
117,1426.1
274,1426.5
174,1427.4
339,1429.0
294,1429.4
67,1429.6
231,1429.9
325,1430.0
298,1430.4
88,1432.1
13,1432.2
195,1432.4
370,1432.6
160,1432.7
62,1432.8
378,1433.4
10,1434.2
227,1434.3
77,1434.6
284,1434.9
375,1435.2
281,1435.6
278,1436.3
222,1437.2
306,1437.5
44,1437.6
328,1437.7
381,1438.1
269,1438.1
277,1438.2
266,1438.9
194,1439.3
81,1443.8
118,1443.9
51,1445.4
299,1455.9
29,1459.7
210,1460.0
223,1461.7
56,1463.5
382,1465.2
170,1465.9
362,1466.7
58,1468.3
293,1469.0
304,1470.6
277,1470.7
292,1472.9
147,1473.9
192,1474.2
280,1474.4
162,1474.5
25,1475.0
367,1475.1
163,1476.3
73,1479.2
190,1480.9
107,1483.2
32,1484.1
252,1489.6
267,1489.7
159,1491.8
360,1493.7
231,1496.0
316,1496.4
232,1505.4
296,1505.9
274,1506.5
253,1507.2
174,1507.5
44,1507.7
298,1508.3
364,1508.7
67,1509.4
206,1509.6
325,1510.5
88,1512.3
294,1512.5
71,1512.7
370,1512.9
62,1512.9
195,1513.3
13,1514.0
31,1514.3
77,1514.4
227,1514.6
277,1514.7
118,1515.2
99,1515.5
281,1516.4
115,1516.5
173,1517.1
375,1517.4
278,1517.6
86,1517.8
378,1518.2
171,1518.9
160,1519.7
158,1521.6
154,1521.7
74,1522.1
50,1524.1
137,1526.6
178,1527.5
136,1527.5
269,1528.5
175,1531.5
268,1531.7
383,1532.7
83,1535.4
228,1541.7
209,1544.8
77,1546.6
330,1547.5
108,1550.3
212,1550.9
194,1551.3
247,1554.2
300,1554.6
43,1555.8
203,1557.5
31,1558.9
199,1561.2
239,1561.6
206,1562.2
195,1562.8
143,1565.5
260,1565.6
368,1567.5
15,1569.4
278,1571.2
88,1572.2
304,1572.7
349,1574.9
257,1576.7
96,1576.9
16,1581.3
274,1581.9
12,1583.0
17,1584.4
322,1589.0
232,1591.1
205,1591.7
62,1591.8
119,1592.1
181,1596.6
115,1602.3
87,1603.5
289,1604.3
292,1604.5
226,1605.3
275,1607.4
222,1608.3
202,1614.7
177,1617.4
135,1620.3
46,1621.6
212,1622.0
13,1623.1
176,1624.6
186,1626.0
305,1626.8
61,1627.8
343,1628.5
9,1629.3
331,1629.4
66,1630.4
346,1635.9
138,1636.1
351,1640.0
251,1640.5
286,1643.4
339,1645.3
217,1647.3
37,1648.5
130,1649.3
91,1653.5
249,1654.0
95,1657.9
164,1662.3
224,1670.3
274,1670.5
197,1672.1
180,1673.5
68,1677.1
132,1677.9
375,1683.5
259,1689.0
200,1689.2
98,1690.4
363,1691.5
379,1697.7
92,1697.9
72,1698.8
319,1700.7
96,1703.4
369,1709.3
194,1709.3
106,1711.9
85,1712.6
7,1712.9
90,1713.0
323,1714.8
117,1720.8
97,1721.6
110,1721.8
134,1722.4
124,1724.0
58,1724.8
21,1725.8
237,1727.0
303,1727.5
168,1732.4
77,1737.6
190,1745.4
69,1746.0
89,1746.7
219,1746.9
126,1747.9
263,1750.2
338,1752.4
336,1752.5
159,1755.8
5,1755.8
259,1759.6
269,1765.2
55,1765.9
265,1767.2
271,1768.8
78,1769.3
207,1769.9
365,1772.2
1,1773.4
324,1774.0
208,1777.3
245,1778.8
41,1779.6
170,1781.3
216,1792.1
206,1794.7
292,1796.0
30,1796.4
123,1801.6
163,1801.6
76,1802.3
342,1805.2
154,1807.8
116,1808.5
187,1809.0
362,1813.9
142,1814.6
345,1817.6
78,1819.2
234,1820.2
344,1821.6
48,1822.0
202,1823.9
360,1824.1
79,1824.1
129,1828.3
352,1831.3
317,1832.0
246,1832.3
140,1833.8
17,1835.8
311,1836.1
339,1837.7
215,1838.0
261,1839.6
179,1846.5
296,1847.2
87,1848.7
192,1855.0
120,1855.1
229,1858.3
371,1858.3
117,1866.3
307,1868.5
250,1869.3
328,1870.0
82,1871.7
178,1871.8
227,1873.9
321,1876.9
210,1877.6
188,1881.5
91,1882.1
172,1884.0
377,1884.6
225,1884.9
122,1890.3
296,1890.7
232,1890.9
274,1891.8
282,1892.9
174,1893.0
44,1893.9
67,1894.3
231,1894.9
206,1894.9
325,1895.9
298,1896.4
62,1897.0
11,1897.1
370,1897.6
189,1897.9
196,1897.9
13,1898.0
88,1898.2
195,1898.2
77,1898.8
76,1899.2
294,1899.3
269,1899.6
354,1899.8
115,1900.2
99,1900.3
281,1900.5
153,1900.9
157,1901.1
278,1901.3
87,1901.8
375,1902.4
345,1902.9
222,1903.0
31,1903.8
8,1904.6
194,1904.9
70,1906.3
291,1908.0
209,1909.0
35,1909.4
72,1909.7
252,1915.4
89,1919.0
214,1925.9
334,1926.7
84,1927.0
176,1929.4
339,1929.7
183,1931.9
75,1933.9
285,1935.3
96,1935.4
149,1935.8
382,1936.4
150,1937.1
213,1940.4
10,1941.4
332,1942.4
63,1942.9
61,1943.2
66,1943.8
202,1946.1
98,1948.0
88,1948.9
234,1949.4
192,1951.4
37,1952.1
312,1953.6
54,1954.2
47,1957.3
224,1962.9
365,1963.7
343,1963.8
95,1964.1
257,1964.3
152,1965.8
259,1966.3
124,1968.5
232,1970.2
296,1970.4
311,1970.8
274,1971.4
174,1972.3
44,1973.4
271,1973.6
67,1974.1
62,1974.4
231,1974.7
325,1975.1
160,1975.4
206,1975.7
227,1976.2
298,1976.4
370,1977.2
195,1978.2
13,1978.7
109,1978.8
77,1979.0
281,1979.3
294,1979.8
71,1979.9
173,1980.2
34,1980.8
269,1980.9
277,1981.1
278,1981.2
183,1981.4
366,1981.4
171,1981.4
115,1981.8
86,1981.9
378,1982.0
222,1982.0
172,1982.1
381,1982.4
260,1982.6
99,1982.9
375,1982.9
76,1983.3
372,1984.6
313,1989.5
340,1990.0
53,1995.0
182,1995.8
131,1996.1
8,2002.9
321,2003.9
14,2004.0
274,2004.1
121,2004.3
374,2006.6
205,2007.8
254,2008.8
218,2010.8
356,2012.2
364,2013.1
228,2018.8
101,2019.3
306,2020.1
240,2022.9
27,2024.2
64,2024.5
283,2024.6
0,2025.7
218,2032.3
165,2032.7
267,2032.9
70,2034.6
201,2035.4
255,2035.8
139,2036.6
26,2037.5
277,2040.8
116,2041.0
261,2050.0
233,2050.2
232,2050.3
329,2050.5
212,2050.6
296,2050.7
304,2050.9
274,2051.1
193,2051.7
137,2051.8
127,2052.0
174,2052.4
44,2053.0
15,2054.2
12,2054.3
250,2054.4
67,2054.5
88,2054.6
231,2055.0
325,2055.4
62,2056.2
206,2056.5
298,2056.7
366,2056.9
34,2057.4
191,2057.6
37,2057.9
370,2057.9
195,2058.4
220,2058.5
13,2058.7
86,2058.9
227,2059.0
294,2059.5
160,2059.8
91,2060.4
131,2061.2
85,2061.8
347,2061.9
77,2062.2
31,2062.7
375,2064.5
351,2067.5
314,2069.6
57,2069.9
118,2070.2
289,2070.5
40,2070.8
235,2076.4
323,2079.0
239,2079.6
210,2079.8
190,2079.9
51,2082.6
225,2086.6
130,2089.7
19,2090.4
184,2092.6
154,2092.8
66,2095.1
28,2095.8
174,2095.8
168,2096.6
292,2098.1
337,2099.2
3,2100.5
128,2102.4
18,2102.8
198,2106.3
266,2106.9
92,2109.6
327,2110.9
155,2111.8
359,2116.9
93,2117.3
37,2122.0
346,2122.9
300,2125.1
317,2125.6
272,2126.7
54,2129.5
167,2129.7
31,2130.2
232,2130.5
248,2130.6
297,2130.6
296,2130.7
274,2131.3
174,2132.1
44,2132.1
79,2132.8
38,2132.8
316,2133.1
242,2133.7
67,2134.3
231,2135.2
325,2135.6
298,2136.4
206,2136.4
257,2136.5
62,2137.1
370,2137.3
88,2137.8
195,2138.2
193,2139.2
281,2139.4
227,2139.6
277,2139.6
286,2139.8
99,2139.9
13,2140.0
294,2140.1
189,2140.3
366,2141.2
269,2141.6
118,2141.7
222,2141.9
77,2142.6
141,2144.9
5,2145.1
381,2146.1
351,2151.4
293,2153.0
22,2156.7
69,2161.4
50,2162.9
106,2164.7
286,2165.3
90,2168.2
178,2169.1
81,2169.5
374,2170.3
326,2171.0
98,2172.3
24,2174.4
61,2175.3
200,2176.8
209,2177.9
288,2178.9
97,2184.3
183,2184.6
100,2185.7
155,2186.1
204,2187.6
194,2191.3
95,2191.7
322,2192.6
254,2193.2
335,2194.0
256,2194.0
162,2194.5
125,2207.4
34,2208.5
150,2208.6
108,2219.8
145,2220.4
255,2220.7
371,2221.1
130,2223.3
273,2224.3
36,2225.0
338,2225.2
175,2226.7
373,2227.3
151,2229.6
105,2230.0
140,2231.9
143,2234.1
215,2234.5
57,2238.8
265,2241.7
350,2242.6
103,2243.4
280,2246.6
181,2250.6
59,2252.2
56,2252.7
275,2253.7
383,2254.3
317,2261.6
127,2262.0
196,2262.5
227,2272.5
240,2274.2
15,2276.0
206,2277.9
304,2279.9
160,2281.6
121,2281.7
8,2289.0
236,2290.3
177,2292.4
152,2295.7
6,2296.1
369,2297.9
271,2298.3
28,2302.8
348,2303.3
359,2303.9
238,2309.1
36,2312.2
320,2316.7
301,2318.9
349,2323.0
210,2323.9
176,2324.3
169,2325.3
203,2329.2
206,2334.0
180,2334.7
375,2335.0
242,2337.8
89,2339.2
280,2340.8
252,2342.9
111,2349.9
277,2354.0
305,2355.3
225,2355.7
366,2360.0
10,2361.3
35,2364.6
98,2365.3
291,2365.7
114,2366.1
378,2367.6
158,2368.2
156,2370.0
13,2370.0
330,2371.7
107,2372.1
45,2375.0
81,2376.3
371,2378.1
118,2381.7
25,2382.2
104,2383.1
105,2383.3
351,2386.7
76,2390.5
352,2392.0
183,2394.7
332,2396.7
221,2399.6
148,2401.5
281,2401.7
166,2401.7
20,2404.0
185,2404.5
260,2404.6
219,2405.1
275,2405.2
67,2405.5
27,2410.3
58,2413.1
78,2416.9
24,2418.2
7,2418.5
269,2419.3
146,2422.4
250,2423.0
3,2423.0
187,2425.0
379,2431.6
17,2432.1
54,2432.8
204,2434.0
68,2440.8
310,2445.0
345,2448.6
182,2449.2
212,2449.6
136,2450.4
361,2452.0
180,2455.2
205,2455.6
331,2457.1
167,2459.1
184,2459.5
374,2460.2
334,2461.8
115,2469.5
244,2470.1
134,2470.1
315,2471.5
84,2472.8
130,2474.3
367,2478.3
56,2478.8
308,2479.5
2,2481.2
139,2481.5
370,2482.3
48,2482.4
141,2482.7
111,2482.7
57,2485.6
235,2485.8
312,2489.1
149,2490.2
286,2494.7
268,2494.9
250,2499.7
267,2500.2
280,2504.6
198,2508.0
163,2508.4
357,2509.0
238,2509.2
118,2510.2
230,2510.7
232,2515.7
296,2516.2
274,2516.9
207,2517.3
174,2517.6
67,2518.5
44,2518.8
231,2519.7
325,2520.2
359,2520.4
206,2520.8
126,2520.9
298,2521.4
370,2521.6
115,2521.8
13,2522.0
88,2522.3
62,2522.4
281,2522.5
127,2522.9
195,2523.3
227,2523.3
76,2523.4
269,2523.4
77,2523.6
260,2523.8
294,2524.0
173,2524.3
188,2524.3
277,2524.3
31,2524.5
278,2524.7
171,2525.0
366,2525.2
378,2525.4
86,2525.6
71,2525.9
183,2526.0
375,2526.0
345,2526.2
34,2526.3
160,2527.1
222,2527.8
99,2527.8
212,2528.0
374,2528.8
282,2529.3
8,2530.7
329,2530.8
229,2531.7
46,2534.5
356,2536.6
117,2536.6
335,2537.2
214,2539.5
120,2540.6
325,2541.5
376,2544.4
93,2544.5
164,2545.0
31,2546.0
113,2548.9
1,2549.2
264,2549.3
9,2550.9
143,2552.0
147,2553.6
19,2553.9
95,2554.1
377,2556.3
343,2557.6
80,2559.2
321,2559.8
341,2560.6
278,2561.9
293,2564.0
271,2565.6
273,2571.3
157,2576.8
129,2579.8
265,2580.2
178,2580.9
149,2581.8
245,2581.8
360,2582.5
174,2583.1
327,2583.2
333,2586.0
78,2586.4
133,2586.5
4,2589.4
195,2589.4
99,2590.0
209,2591.6
156,2591.9
345,2594.2
302,2594.3
181,2594.8
232,2595.4
60,2595.4
296,2595.8
59,2596.5
274,2596.7
44,2598.2
67,2598.8
231,2599.7
325,2599.8
33,2600.3
298,2601.3
370,2601.3
206,2601.3
70,2601.9
254,2602.3
13,2602.4
62,2602.4
31,2602.9
115,2603.4
88,2603.4
118,2603.9
305,2604.3
191,2604.7
281,2605.1
269,2605.3
77,2605.3
227,2605.4
278,2605.5
294,2606.3
173,2606.6
143,2606.9
382,2607.0
165,2607.3
313,2607.4
219,2607.8
134,2607.9
2,2608.1
381,2608.2
375,2609.8
32,2611.1
241,2613.8
224,2614.7
105,2617.8
16,2619.3
166,2621.8
259,2625.5
35,2628.1
290,2630.4
47,2631.7
318,2636.9
158,2637.9
75,2639.0
196,2640.6
76,2640.6
294,2644.8
218,2646.7
190,2650.5
206,2654.1
5,2654.3
63,2660.7
284,2666.1
307,2672.5
232,2675.3
296,2675.8
46,2676.2
174,2676.3
274,2676.5
92,2676.9
44,2678.2
67,2678.9
88,2679.1
325,2679.4
231,2679.6
41,2680.1
195,2680.2
298,2681.1
370,2681.7
340,2682.0
99,2682.5
62,2682.7
294,2682.7
13,2683.1
31,2683.2
281,2683.4
76,2683.9
278,2683.9
77,2684.3
263,2684.3
227,2684.6
258,2684.8
71,2684.9
115,2685.4
269,2685.6
345,2685.7
248,2686.0
222,2686.1
86,2686.3
173,2686.6
366,2686.8
171,2686.9
375,2689.2
211,2691.9
40,2693.7
110,2694.0
49,2699.4
132,2700.5
309,2702.8
81,2704.1
80,2704.2
288,2707.1
327,2716.2
37,2716.8
369,2721.6
70,2723.1
279,2723.8
240,2726.5
313,2728.0
179,2729.1
342,2729.2
131,2731.0
373,2733.1
192,2734.2
231,2734.5
142,2736.5
216,2736.5
203,2738.8
189,2741.0
109,2741.2
71,2741.5
22,2748.3
17,2751.0
366,2752.7
324,2754.5
232,2755.3
296,2755.9
274,2756.6
174,2757.0
67,2757.6
44,2758.3
206,2759.7
325,2759.8
154,2760.3
88,2761.1
281,2761.3
298,2761.5
195,2761.6
300,2761.6
370,2762.0
14,2762.0
294,2762.3
62,2762.5
328,2763.7
13,2763.8
173,2763.9
37,2764.3
99,2764.4
227,2764.6
77,2765.4
76,2765.8
278,2765.8
31,2765.9
98,2766.0
115,2766.9
269,2767.2
231,2768.0
21,2768.3
381,2768.7
222,2769.7
12,2775.1
221,2775.7
338,2779.0
106,2782.2
184,2786.0
265,2788.3
261,2788.9
303,2789.1
161,2791.2
321,2792.2
330,2794.7
345,2795.5
125,2799.0
229,2799.7
138,2801.9
148,2802.6
199,2803.2
1,2804.9
217,2807.1
169,2810.0
132,2810.1
232,2810.9
30,2817.0
251,2817.2
6,2818.9
168,2819.2
378,2820.5
248,2822.4
43,2823.9
94,2824.5
351,2825.6
375,2826.2
287,2828.0
207,2828.1
14,2828.8
213,2831.1
355,2832.3
20,2832.5
277,2833.9
314,2838.1
56,2838.4
44,2838.4
376,2841.6
164,2842.5
219,2847.2
266,2848.2
362,2848.3
237,2849.6
32,2849.8
276,2850.0
339,2853.2
354,2855.0
54,2855.3
315,2856.9
166,2858.2
271,2863.4
28,2863.5
337,2865.9
321,2867.1
87,2869.4
249,2872.8
7,2874.0
202,2874.1
363,2876.0
340,2877.7
91,2878.0
270,2878.1
205,2880.4
55,2880.7
353,2881.7
208,2884.5
85,2887.4
257,2887.5
218,2894.1
123,2895.7
315,2898.1
297,2898.2
291,2907.4
158,2910.8
272,2912.1
289,2914.9
25,2915.1
104,2919.2
192,2920.2
267,2921.1
88,2923.7
312,2923.9
171,2924.7
18,2925.0
8,2928.6
369,2933.5
33,2934.0
162,2934.1
341,2936.5
222,2938.2
235,2940.3
204,2940.7
335,2942.2
293,2943.5
319,2944.4
238,2945.9
141,2948.0
316,2948.7
337,2950.1
62,2952.6
155,2956.0
272,2960.6
373,2963.7
301,2964.2
57,2964.8
246,2966.6
327,2969.0
236,2974.9
322,2975.5
191,2976.4
16,2977.3
334,2979.2
308,2990.5
177,2991.5
26,2991.5
240,2992.3
360,2995.0
352,2997.4
42,3000.4
274,3001.8
144,3001.8
85,3003.4
374,3004.3
253,3004.9
83,3006.2
135,3006.8
72,3007.9
363,3010.8
127,3012.2
255,3012.3
170,3014.7
251,3016.9
93,3017.7
271,3020.6
275,3022.6
383,3030.2
89,3031.5
292,3032.3
283,3034.5
80,3034.6
184,3035.4
311,3036.4
262,3039.6
330,3040.7
225,3042.0
219,3042.4
366,3043.5
278,3043.6
347,3045.1
138,3045.2
206,3047.3
226,3049.8
141,3055.7
203,3056.5
196,3056.8
337,3060.8
164,3061.2
213,3063.8
188,3067.0
190,3068.2
4,3071.0
344,3072.5
143,3072.5
84,3075.6
68,3079.1
137,3079.1
317,3079.7
364,3080.2
248,3080.3
29,3080.5
169,3083.1
220,3085.3
41,3087.2
48,3089.1
15,3090.2
343,3091.6
227,3093.1
3,3095.2
348,3095.4
124,3102.4
114,3102.6
200,3103.1
194,3108.3
13,3109.0
229,3109.3
207,3110.0
333,3123.1
151,3126.1
8,3128.4
64,3130.6
52,3132.5
371,3132.5
180,3132.5
153,3133.6
350,3134.0
148,3134.7
192,3135.8
130,3137.8
212,3138.2
232,3140.7
296,3141.1
128,3141.2
274,3141.5
349,3141.5
59,3142.0
174,3142.6
44,3143.7
67,3144.3
231,3144.6
325,3145.2
206,3145.5
298,3146.3
62,3146.6
88,3146.6
227,3146.7
13,3147.0
370,3147.3
278,3148.1
77,3148.5
366,3148.9
195,3149.1
71,3149.3
281,3149.5
173,3149.9
115,3150.1
171,3150.1
31,3150.1
294,3150.5
222,3150.7
277,3151.1
86,3151.3
269,3151.7
143,3152.0
375,3153.4
45,3157.6
288,3160.5
351,3161.7
150,3165.0
160,3165.1
282,3166.1
291,3166.8
286,3167.7
54,3170.9
340,3171.8
50,3173.5
362,3174.9
108,3175.3
82,3176.2
6,3177.0
283,3177.9
265,3178.0
67,3178.8
310,3183.0
151,3183.3
378,3184.2
167,3189.5
368,3189.6
273,3189.7
136,3192.5
290,3193.3
226,3194.9
48,3195.3
39,3200.1
241,3201.4
307,3201.5
300,3202.2
193,3206.7
170,3207.8
368,3213.0
335,3216.3
230,3217.0
198,3218.8
232,3220.3
296,3220.7
274,3221.3
233,3221.4
222,3222.0
174,3222.2
67,3223.0
32,3223.2
44,3223.2
231,3224.5
243,3224.7
18,3224.8
325,3225.3
280,3225.4
59,3225.4
115,3225.5
206,3225.7
298,3225.9
13,3226.1
71,3226.4
62,3226.5
88,3226.8
227,3227.2
160,3227.3
370,3227.4
195,3227.9
77,3228.4
194,3228.8
378,3229.1
99,3229.2
294,3229.6
173,3229.8
31,3229.9
281,3230.0
278,3230.1
286,3230.4
171,3230.7
153,3230.8
269,3231.2
260,3231.2
34,3231.3
86,3231.7
172,3231.9
381,3231.9
76,3232.2
342,3232.3
366,3233.5
372,3234.0
375,3234.1
0,3235.5
223,3235.8
324,3236.8
302,3240.2
137,3240.6
175,3241.0
9,3246.5
304,3248.8
58,3253.2
34,3254.0
56,3254.5
237,3256.3
220,3259.4
336,3259.5
73,3261.1
231,3262.2
251,3263.7
99,3264.0
62,3264.6
92,3266.4
267,3266.5
292,3268.4
377,3269.6
165,3274.6
202,3277.6
89,3278.5
146,3281.1
11,3284.6
293,3285.4
77,3287.3
370,3287.5
182,3292.8
349,3293.7
42,3297.7
232,3300.3
296,3300.7
274,3301.4
357,3302.1
174,3302.2
122,3302.2
44,3303.3
105,3303.5
67,3303.5
231,3303.8
294,3304.0
325,3305.2
62,3305.6
298,3306.0
206,3306.2
138,3306.4
13,3307.4
222,3307.4
88,3307.7
195,3307.9
99,3307.9
227,3308.4
193,3308.7
115,3308.7
34,3308.8
71,3309.0
160,3309.6
281,3309.7
113,3310.0
378,3310.4
346,3310.7
172,3310.7
327,3310.9
278,3311.3
307,3312.0
253,3312.4
260,3314.1
269,3314.1
254,3314.6
36,3318.7
189,3321.2
256,3321.5
313,3322.5
286,3325.1
332,3325.6
238,3326.0
18,3331.7
150,3332.2
308,3335.8
103,3335.9
15,3340.4
381,3340.6
355,3341.6
375,3341.7
205,3342.7
300,3343.6
46,3343.6
211,3345.9
218,3346.0
31,3346.8
204,3347.2
149,3350.4
269,3351.4
316,3352.9
12,3353.0
383,3353.2
221,3358.9
47,3362.1
208,3365.3
334,3366.1
45,3366.9
366,3368.0
278,3368.5
10,3370.4
187,3371.5
260,3374.0
337,3374.6
98,3378.2
232,3380.3
296,3380.7
174,3381.1
274,3381.5
194,3381.5
44,3383.3
231,3383.8
67,3384.0
370,3384.9
325,3385.4
294,3385.6
62,3385.8
77,3386.1
298,3386.2
206,3386.8
31,3387.5
88,3387.5
195,3387.8
99,3388.2
13,3388.3
227,3389.1
375,3389.1
353,3389.6
286,3389.8
281,3389.9
34,3389.9
381,3390.0
173,3390.0
222,3390.2
269,3390.2
23,3390.3
86,3390.6
115,3391.0
49,3392.5
171,3392.6
71,3393.2
372,3394.0
37,3395.2
309,3397.3
295,3399.5
360,3399.7
209,3400.2
287,3402.3
371,3403.1
79,3403.5
50,3404.8
133,3404.9
69,3410.0
13,3410.3
155,3411.0
261,3411.1
319,3411.1
151,3422.9
38,3428.8
26,3432.8
152,3437.6
382,3438.1
349,3442.2
219,3442.7
302,3444.1
66,3444.1
217,3447.0
257,3451.3
345,3454.4
110,3456.2
234,3458.4
272,3458.8
350,3459.0
361,3460.7
90,3462.6
314,3463.4
370,3464.7
85,3466.2
328,3466.9
307,3467.8
356,3473.2
123,3473.6
306,3474.9
195,3479.3
159,3483.2
138,3484.9
114,3488.7
3,3489.1
367,3489.3
52,3490.5
33,3492.7
284,3498.2
71,3500.8
340,3502.0
341,3503.3
73,3503.4
245,3504.6
344,3505.0
63,3507.0
121,3508.5
191,3510.2
290,3517.5
356,3520.2
42,3524.5
31,3525.3
51,3527.0
246,3527.7
368,3528.3
1,3530.1
163,3531.4
329,3531.6
316,3532.7
55,3534.7
190,3536.4
6,3537.1
232,3541.2
70,3541.6
134,3543.9
242,3546.2
348,3547.0
347,3547.4
296,3551.5
19,3552.5
0,3553.0
332,3553.1
222,3553.4
371,3556.1
255,3559.0
91,3562.1
285,3562.6
27,3563.8
141,3565.0
154,3568.6
268,3570.8
302,3571.4
315,3571.6
12,3572.7
215,3572.9
350,3577.9
212,3579.3
168,3579.7
340,3580.8
62,3588.1
121,3593.2
180,3595.7
210,3598.3
206,3600.0
365,3600.0
339,3601.2
294,3601.5
105,3601.8
325,3602.7
328,3605.6
162,3607.3
152,3607.6
142,3610.4
353,3611.1
130,3614.5
279,3614.9
126,3615.7
312,3619.2
290,3621.7
372,3624.2
201,3624.4
278,3624.4
165,3625.6
89,3628.2
153,3628.7
267,3631.7
192,3632.7
202,3633.4
65,3635.5
191,3637.3
354,3639.7
275,3640.4
237,3640.8
297,3643.0
145,3643.9
161,3646.2
17,3649.4
224,3651.8
3,3652.6
115,3652.7
182,3655.4
140,3656.1
87,3656.9
327,3657.6
333,3662.2
230,3664.3
119,3664.6
76,3664.7
383,3667.1
186,3669.1
57,3671.5
56,3672.2
240,3673.1
288,3673.4
213,3673.8
169,3675.7
107,3677.3
340,3677.4
131,3679.8
234,3680.6
344,3681.4
307,3682.1
14,3684.6
225,3687.4
184,3689.4
29,3689.7
25,3690.6
196,3692.1
241,3692.2
204,3692.7
86,3694.2
19,3694.4
16,3696.0
262,3697.5
342,3700.9
227,3704.1
84,3704.6
174,3707.4
200,3708.2
53,3714.5
96,3717.3
246,3718.1
135,3721.3
239,3723.5
329,3723.5
39,3724.8
351,3729.0
170,3730.6
364,3730.9
99,3734.1
107,3735.2
216,3735.6
31,3737.5
68,3739.6
104,3741.1
236,3741.5
90,3742.7
197,3743.5
141,3744.7
128,3744.9
199,3749.4
138,3750.3
220,3750.3
298,3753.6
203,3755.2
373,3758.0
272,3759.8
58,3761.5
219,3763.4
166,3764.1
174,3765.5
237,3766.0
296,3766.1
331,3766.3
274,3766.9
232,3767.0
120,3767.1
27,3767.7
318,3767.8
214,3768.0
173,3768.5
44,3768.8
294,3769.4
131,3769.5
13,3769.8
325,3769.8
195,3769.9
206,3770.0
67,3770.1
57,3770.1
231,3770.1
266,3770.2
118,3770.3
115,3770.5
11,3771.0
175,3771.8
62,3772.1
323,3772.2
193,3772.7
370,3772.7
71,3772.7
179,3772.7
88,3773.0
364,3773.6
340,3773.8
99,3774.1
216,3774.9
278,3775.1
180,3775.2
2,3775.5
281,3775.7
149,3776.0
76,3776.2
32,3776.6
194,3777.3
222,3777.4
31,3777.5
92,3777.6
269,3778.3
327,3779.7
109,3782.5
15,3783.3
299,3787.9
117,3790.2
211,3790.5
276,3794.3
223,3794.5
154,3795.6
336,3796.0
261,3800.0
65,3802.7
3,3803.3
351,3806.3
334,3810.3
62,3810.9
240,3812.6
49,3812.7
122,3812.9
48,3817.1
347,3818.5
189,3818.8
77,3823.3
158,3823.6
21,3825.6
339,3826.4
349,3828.6
362,3832.4
103,3833.5
278,3834.6
218,3834.7
172,3836.8
283,3838.0
164,3838.8
107,3840.0
22,3843.2
108,3843.6
374,3843.9
174,3845.3
322,3845.5
296,3845.6
274,3846.5
232,3846.7
14,3847.4
338,3847.5
293,3847.8
173,3848.1
44,3848.2
298,3848.7
214,3849.1
67,3849.3
118,3849.8
231,3849.9
131,3850.1
51,3850.2
325,3850.3
266,3850.5
62,3850.9
57,3851.0
206,3851.0
144,3851.6
323,3852.0
360,3852.2
175,3852.3
88,3852.3
370,3852.4
195,3852.4
294,3853.1
179,3853.3
219,3853.3
54,3853.5
13,3853.6
31,3853.8
99,3854.0
17,3855.2
74,3855.6
157,3855.7
281,3855.9
238,3856.0
32,3856.2
309,3856.4
115,3856.4
302,3857.6
310,3859.8
146,3864.1
305,3865.0
371,3869.3
55,3870.8
178,3871.7
9,3873.9
383,3882.3
249,3886.3
11,3886.7
335,3887.0
133,3887.5
147,3887.5
169,3888.0
175,3888.3
231,3888.8
368,3889.7
57,3891.1
40,3894.8
165,3898.4
58,3902.6
382,3903.5
94,3903.8
174,3904.5
75,3907.5
332,3908.6
284,3909.4
228,3916.5
227,3917.2
194,3917.8
309,3918.0
122,3920.1
131,3920.9
208,3923.3
229,3923.5
177,3923.6
193,3924.6
296,3925.7
274,3926.5
232,3926.9
174,3927.7
173,3928.1
44,3928.2
231,3928.9
214,3929.2
379,3929.2
67,3929.4
245,3929.8
118,3929.8
266,3930.0
298,3930.0
294,3930.0
325,3930.4
57,3930.6
175,3930.6
62,3931.1
206,3931.4
88,3932.5
179,3932.6
370,3932.7
195,3933.2
81,3933.2
258,3933.3
328,3933.3
278,3933.5
13,3933.7
15,3933.7
31,3935.6
99,3935.7
269,3935.9
219,3937.5
32,3937.6
201,3939.5
102,3941.9
120,3943.8
145,3947.9
364,3949.9
125,3951.6
98,3952.0
244,3952.4
363,3953.1
263,3954.6
205,3965.6
216,3968.1
106,3969.3
168,3970.2
77,3970.9
79,3973.7
173,3977.0
257,3977.2
72,3978.7
299,3979.4
95,3979.4
1,3979.9
297,3983.4
57,3985.1
111,3985.3
262,3985.8
279,3986.2
343,3986.3
317,3987.9
349,3988.4
208,3992.6
157,3997.7
369,4000.6
325,4002.4
211,4004.0
296,4005.1
174,4005.2
274,4006.5
232,4006.9
44,4008.3
173,4008.3
9,4008.8
88,4008.8
131,4008.9
231,4008.9
214,4009.3
67,4009.5
221,4009.5
118,4010.0
266,4010.5
298,4010.6
294,4011.1
175,4011.1
27,4011.4
206,4011.7
62,4012.3
370,4012.4
179,4012.5
309,4012.5
281,4013.6
195,4013.7
75,4013.7
229,4014.6
193,4014.8
13,4015.1
194,4015.3
185,4015.7
37,4016.2
276,4016.4
41,4016.4
238,4016.4
99,4017.2
323,4017.4
31,4017.8
278,4018.1
115,4018.2
32,4018.3
300,4018.4
222,4018.5
60,4019.3
159,4021.9
335,4021.9
133,4023.9
286,4025.7
81,4027.2
177,4027.5
293,4028.5
44,4029.4
176,4034.7
285,4036.1
364,4038.0
50,4040.4
63,4041.3
273,4044.2
295,4046.0
352,4047.0
353,4048.7
118,4049.2
282,4049.3
213,4049.5
265,4050.5
361,4052.8
375,4053.1
321,4053.4
155,4054.7
336,4055.4
267,4056.4
83,4061.2
252,4063.4
253,4063.9
55,4066.8
163,4067.3
372,4067.3
367,4068.3
368,4068.9
170,4069.5
124,4071.1
233,4071.4
7,4072.1
66,4072.2
160,4073.5
52,4074.0
139,4074.6
116,4075.3
61,4085.3
171,4087.4
254,4087.5
93,4088.4
183,4088.7
357,4089.0
19,4091.7
69,4097.6
364,4098.9
259,4099.0
78,4100.5
329,4100.5
179,4102.1
264,4103.3
132,4103.3
281,4103.6
214,4106.1
330,4107.4
58,4107.8
121,4110.5
217,4111.6
251,4113.9
222,4115.6
292,4120.9
303,4121.7
4,4122.6
56,4123.2
239,4123.8
43,4124.2
73,4128.0
107,4128.7
119,4131.0
86,4131.8
250,4131.9
100,4133.0
311,4135.2
55,4135.3
8,4138.9
258,4139.5
112,4141.5
38,4143.4
257,4145.8
175,4146.4
342,4146.8
274,4147.0
105,4147.5
88,4148.6
381,4156.3
378,4156.3
365,4156.5
50,4161.1
118,4162.9
319,4163.8
249,4163.8
6,4165.8
341,4169.0
24,4169.9
284,4171.3
356,4173.1
241,4174.1
294,4175.2
218,4175.4
207,4178.3
331,4178.3
320,4180.3
309,4180.3
77,4180.6
90,4182.4
275,4183.1
117,4183.5
145,4183.6
301,4185.2
346,4186.1
130,4187.2
95,4187.2
352,4187.2
234,4190.2
12,4193.0
201,4193.4
271,4193.4
237,4195.1
204,4196.0
226,4197.0
120,4198.2
43,4198.7
362,4202.4
47,4202.4
187,4202.6
291,4203.0
32,4203.3
238,4205.0
172,4206.4
221,4206.4
232,4207.6
67,4208.7
192,4210.3
290,4211.5
273,4212.5
333,4214.1
215,4215.1
18,4215.6
272,4217.6
380,4221.2
46,4223.0
244,4227.4
178,4228.0
323,4233.2
163,4234.1
308,4236.1
126,4237.5
97,4239.1
143,4240.0
369,4240.1
263,4243.1
382,4246.2
148,4249.6
85,4250.2
340,4255.1
268,4258.8
255,4261.2
377,4261.5
300,4262.0
46,4262.1
30,4264.6
150,4265.8
53,4267.2
243,4269.2
324,4271.0
21,4273.5
350,4277.5
227,4283.6
95,4285.6
293,4286.3
373,4286.9
90,4288.3
296,4294.3
144,4299.0
122,4299.5
355,4299.8
305,4300.5
176,4302.8
378,4304.3
167,4304.8
226,4306.0
108,4306.5
75,4307.1
62,4309.2
84,4317.5
9,4323.2
359,4324.2
40,4332.9
58,4334.9
313,4338.0
179,4339.9
226,4340.7
149,4345.9
121,4347.9
316,4354.3
6,4355.4
12,4356.3
309,4356.4
315,4357.5
199,4361.0
166,4362.7
51,4364.5
152,4366.0
169,4366.2
190,4366.9
168,4369.3
191,4373.8
158,4376.5
136,4380.2
376,4385.7
205,4386.4
111,4386.6
74,4386.9
108,4389.7
174,4390.3
296,4391.9
232,4391.9
330,4392.3
284,4392.5
75,4393.2
274,4393.5
71,4393.6
214,4394.5
172,4394.6
231,4394.7
179,4395.1
325,4395.2
131,4396.0
88,4396.3
298,4396.3
217,4396.7
85,4396.8
361,4396.9
121,4397.1
173,4398.0
195,4398.1
57,4398.1
117,4398.2
60,4398.2
281,4398.5
370,4398.6
13,4398.7
32,4398.9
366,4399.1
294,4399.1
118,4399.5
277,4399.6
44,4400.1
309,4400.5
323,4400.7
132,4401.0
180,4401.4
278,4401.5
91,4401.6
42,4401.6
77,4401.8
238,4402.0
34,4402.6
86,4402.7
115,4402.7
176,4403.3
56,4405.4
177,4406.2
363,4406.3
339,4409.2
264,4410.3
247,4419.4
263,4421.5
230,4424.1
326,4427.5
79,4431.5
161,4431.8
121,4434.7
366,4434.9
246,4439.3
197,4440.0
266,4444.7
84,4452.2
76,4453.3
238,4453.6
106,4453.6
14,4457.3
75,4457.9
107,4459.8
6,4460.0
92,4464.2
72,4468.2
252,4468.4
174,4469.8
232,4471.6
296,4472.0
97,4472.3
71,4473.1
274,4473.3
214,4474.4
231,4474.6
267,4474.8
325,4474.8
172,4475.2
298,4476.0
131,4476.2
179,4476.5
361,4476.7
217,4477.0
366,4477.0
41,4477.3
88,4477.4
195,4477.6
57,4477.7
36,4478.7
85,4478.8
60,4478.9
294,4479.3
13,4479.5
121,4479.5
44,4479.8
281,4480.0
309,4480.3
173,4482.0
375,4482.7
277,4483.0
343,4483.7
203,4485.8
344,4486.7
66,4489.1
33,4490.5
149,4491.8
51,4492.2
212,4492.9
224,4493.1
28,4494.6
307,4498.2
273,4503.1
178,4503.4
104,4505.0
194,4505.3
96,4510.5
303,4511.0
265,4516.1
64,4517.5
7,4518.2
336,4519.7
306,4520.2
232,4523.4
81,4524.6
318,4525.7
236,4535.4
155,4537.7
346,4540.2
163,4540.9
216,4541.3
270,4543.2
187,4546.5
174,4549.1
34,4552.0
232,4552.1
296,4552.1
75,4552.4
71,4553.0
274,4553.4
231,4554.4
214,4554.4
325,4554.9
172,4555.1
298,4555.9
131,4556.0
363,4556.2
179,4556.7
238,4556.7
88,4556.9
361,4557.0
366,4557.1
217,4557.2
57,4557.6
195,4557.8
121,4557.9
76,4557.9
338,4558.0
85,4558.3
13,4558.3
60,4558.5
198,4558.9
194,4559.0
278,4559.0
258,4559.1
281,4559.1
32,4559.1
239,4559.2
173,4559.5
118,4559.5
294,4559.6
44,4560.1
40,4560.2
180,4560.5
277,4561.1
115,4561.6
307,4562.1
332,4563.9
192,4564.3
193,4564.8
146,4565.3
147,4568.5
52,4568.7
237,4574.1
210,4574.1
30,4575.8
152,4579.8
93,4581.2
251,4582.5
126,4582.9
242,4582.9
57,4584.2
138,4591.1
349,4593.9
289,4594.3
213,4595.3
151,4596.1
280,4597.7
56,4599.0
102,4600.8
221,4602.6
215,4604.5
364,4604.5
120,4604.9
323,4605.9
324,4610.6
7,4614.0
277,4615.7
3,4616.6
290,4619.3
288,4619.3
33,4619.8
118,4622.7
181,4625.6
254,4627.9
174,4629.6
331,4629.8
232,4631.3
153,4631.6
296,4632.2
71,4633.3
81,4633.4
274,4633.5
75,4633.6
13,4634.5
214,4634.7
231,4634.9
172,4635.5
57,4635.5
325,4635.5
24,4635.9
131,4636.2
278,4636.2
298,4636.3
34,4637.0
88,4637.3
217,4637.7
179,4637.9
361,4637.9
356,4638.8
195,4638.9
366,4638.9
193,4639.0
60,4639.3
114,4639.4
85,4639.5
363,4639.7
44,4640.4
173,4640.7
281,4641.3
294,4641.5
121,4642.0
340,4643.9
119,4647.7
176,4649.6
334,4650.2
191,4652.7
333,4659.1
105,4660.4
46,4661.5
314,4662.5
253,4666.9
129,4667.1
175,4667.8
300,4669.4
133,4670.7
269,4671.3
91,4672.2
4,4672.5
132,4673.9
139,4675.8
381,4676.5
185,4677.8
82,4678.5
285,4680.7
123,4681.9
218,4689.6
329,4690.6
206,4692.2
168,4694.6
200,4696.7
317,4699.2
37,4702.1
67,4703.9
373,4704.7
58,4707.6
6,4708.5
302,4709.3
354,4709.8
351,4710.3
59,4711.1
368,4712.6
220,4714.1
75,4714.3
265,4714.3
275,4714.9
45,4715.2
71,4716.8
332,4718.0
318,4719.9
342,4722.0
256,4723.7
205,4725.1
339,4727.0
245,4730.6
15,4735.4
167,4736.9
124,4738.5
135,4740.7
33,4743.6
19,4743.6
207,4743.6
204,4743.7
85,4743.8
380,4744.6
362,4745.0
288,4746.2
227,4746.5
120,4747.3
157,4749.8
103,4749.9
61,4750.0
192,4752.5
169,4757.3
111,4757.6
366,4758.9
307,4761.5
298,4763.3
276,4767.0
142,4771.9
58,4773.6
177,4773.7
364,4774.6
65,4774.7
371,4775.1
255,4776.3
112,4783.6
347,4785.2
372,4785.9
72,4786.2
382,4786.9
292,4789.8
291,4790.9
18,4791.6
361,4797.1
27,4799.4
365,4799.6
370,4800.1
367,4802.2
140,4802.9
373,4803.2
171,4803.5
377,4808.2
225,4808.9
131,4809.8
296,4811.0
252,4812.3
123,4812.4
245,4812.9
164,4813.7
208,4814.7
101,4815.5
259,4817.8
89,4817.8
284,4821.1
69,4822.4
36,4823.2
215,4824.1
186,4824.6
281,4826.2
80,4826.7
99,4828.3
26,4828.3
34,4828.3
144,4828.7
88,4829.4
137,4830.2
24,4831.2
67,4831.6
343,4836.6
150,4837.9
209,4840.4
293,4850.2
169,4851.1
22,4851.9
70,4852.6
62,4854.7
197,4856.8
100,4857.2
189,4861.4
280,4863.8
311,4863.8
143,4867.1
297,4867.6
335,4868.0
375,4868.1
224,4869.8
317,4870.9
249,4879.7
48,4882.8
139,4883.3
152,4884.3
78,4885.4
58,4885.4
359,4885.5
97,4885.6
6,4890.2
140,4892.0
131,4894.3
233,4898.2
77,4898.8
54,4900.8
98,4905.2
193,4909.7
180,4913.6
374,4914.1
138,4914.3
153,4923.1
94,4925.1
306,4926.7
157,4928.5
2,4929.1
267,4930.0
261,4932.6
183,4935.7
375,4936.0
148,4936.9
282,4937.9
107,4939.4
223,4940.9
302,4941.4
3,4944.6
212,4947.2
270,4948.1
104,4950.1
71,4952.2
181,4952.9
160,4953.8
57,4955.7
372,4956.3
95,4959.8
287,4959.9
161,4966.1
179,4967.4
380,4968.1
360,4969.0
102,4969.9
16,4971.2
257,4972.8
1,4974.3
141,4975.8
306,4976.3
100,4977.0
324,4980.2
383,4984.3
45,4984.5
146,4987.9
234,4989.4
116,4989.7
244,4991.9
86,4994.7
226,4995.9
331,4996.2
259,5002.0
221,5010.5
363,5011.5
260,5012.7
97,5013.7
138,5013.7
174,5015.4
74,5015.9
232,5017.2
296,5017.4
274,5019.0
75,5019.5
131,5019.8
71,5020.0
231,5020.0
325,5020.3
153,5020.4
172,5020.4
57,5020.5
179,5020.8
183,5021.4
88,5021.8
295,5022.1
361,5022.3
217,5022.8
99,5023.0
375,5023.2
180,5023.3
281,5023.6
318,5023.7
13,5023.9
60,5024.0
173,5024.4
85,5024.4
366,5024.6
77,5024.9
44,5025.0
34,5025.1
278,5025.2
118,5025.3
125,5025.4
277,5025.7
10,5025.9
2,5027.0
84,5027.1
320,5028.1
343,5028.2
32,5028.3
368,5028.4
193,5028.9
100,5029.0
214,5029.5
145,5029.9
298,5031.1
248,5032.5
134,5032.7
31,5035.3
340,5035.7
230,5038.7
39,5045.3
345,5047.1
82,5051.1
279,5051.4
76,5052.7
80,5053.5
83,5055.5
52,5055.9
178,5058.5
91,5060.2
310,5062.0
274,5063.8
92,5067.2
212,5067.6
88,5070.0
225,5070.5
176,5071.0
312,5071.7
217,5073.6
304,5075.7
319,5076.8
251,5077.1
169,5077.3
240,5080.4
288,5080.6
87,5083.7
192,5083.9
41,5084.3
302,5086.1
141,5086.2
30,5087.9
28,5090.6
182,5092.4
174,5095.0
280,5096.4
232,5096.9
296,5097.3
75,5097.7
289,5098.3
274,5098.4
237,5099.8
231,5100.2
71,5100.5
325,5100.6
131,5101.2
172,5101.2
57,5101.3
153,5101.4
370,5101.6
337,5102.5
179,5102.5
361,5103.0
13,5103.1
99,5104.5
363,5104.7
60,5105.1
44,5105.2
108,5105.5
76,5105.7
70,5106.0
366,5106.1
345,5106.2
340,5106.3
281,5106.5
375,5106.9
245,5107.2
118,5107.2
328,5109.7
135,5111.5
244,5113.9
21,5114.8
26,5117.9
254,5119.6
150,5120.4
232,5121.1
131,5123.5
344,5124.9
259,5126.7
294,5127.1
204,5132.3
332,5132.5
215,5139.9
194,5140.9
17,5143.8
78,5146.9
188,5147.6
360,5147.9
252,5149.0
69,5155.5
86,5159.9
239,5167.0
156,5167.5
377,5174.5
174,5174.9
232,5176.2
296,5177.2
274,5177.8
198,5177.9
369,5178.4
354,5178.6
75,5178.9
231,5179.5
88,5179.5
131,5179.7
325,5179.9
217,5180.0
172,5180.6
375,5181.0
343,5181.4
71,5181.4
153,5181.6
57,5182.0
278,5182.4
179,5182.5
361,5182.6
60,5182.9
13,5183.1
99,5183.5
48,5184.2
173,5184.3
85,5184.7
44,5184.8
281,5185.1
366,5185.4
277,5185.5
32,5186.1
118,5186.3
238,5187.8
363,5187.8
132,5188.6
374,5189.0
81,5190.4
72,5194.6
352,5195.0
54,5196.7
207,5197.0
130,5198.1
307,5201.8
336,5204.0
10,5204.3
378,5204.9
85,5206.9
6,5207.9
255,5208.1
229,5208.8
170,5210.9
175,5216.9
309,5217.4
326,5217.9
56,5221.7
144,5222.0
0,5224.5
111,5226.0
169,5226.1
214,5226.3
177,5229.0
299,5234.9
109,5235.0
154,5238.6
12,5238.8
357,5244.5
349,5245.4
370,5247.1
43,5247.2
256,5247.4
293,5247.7
128,5250.9
46,5251.9
224,5253.2
17,5253.4
210,5253.7
174,5254.9
286,5255.1
232,5256.3
189,5256.6
296,5257.4
274,5258.1
234,5259.1
75,5259.2
231,5259.5
325,5259.9
353,5260.1
131,5260.2
27,5260.4
3,5260.5
163,5260.5
172,5260.6
13,5260.8
60,5261.2
88,5261.3
71,5261.8
217,5261.8
153,5262.0
185,5262.0
278,5262.0
85,5262.1
179,5262.5
57,5262.7
361,5263.2
141,5263.6
79,5264.0
99,5264.2
229,5264.2
309,5264.6
44,5264.9
173,5264.9
281,5264.9
49,5264.9
343,5265.0
76,5265.2
366,5266.6
375,5266.8
118,5267.7
202,5268.0
121,5269.4
122,5271.3
291,5272.2
228,5273.2
7,5276.2
105,5276.3
147,5277.0
65,5278.6
282,5279.7
35,5280.0
218,5281.9
42,5285.3
304,5286.3
312,5286.8
106,5287.2
379,5287.3
329,5287.4
159,5287.9
270,5287.9
361,5295.5
137,5303.1
301,5304.3
262,5304.7
8,5306.2
80,5310.0
249,5310.8
102,5315.0
277,5315.5
212,5316.8
35,5317.4
111,5317.9
272,5320.5
186,5321.2
201,5321.3
340,5322.8
211,5335.5
273,5341.8
68,5342.6
341,5350.8
275,5351.9
312,5355.0
6,5356.9
129,5357.3
173,5358.6
236,5361.3
187,5361.4
87,5361.6
316,5363.8
19,5366.4
69,5367.4
346,5369.1
22,5370.7
290,5372.0
348,5374.3
106,5375.4
213,5375.7
327,5376.3
369,5376.8
10,5378.1
283,5378.4
366,5379.2
371,5381.3
184,5383.6
140,5389.6
250,5392.7
241,5397.4
86,5399.2
63,5399.5
55,5399.8
117,5401.3
32,5405.8
100,5407.2
115,5408.0
9,5412.5
8,5413.7
125,5415.2
347,5416.3
335,5416.4
160,5416.5
216,5418.0
376,5418.6
98,5422.8
42,5426.2
4,5427.5
311,5428.6
151,5430.0
242,5430.7
75,5432.1
367,5432.2
359,5435.2
315,5437.0
90,5438.3
41,5438.8
2,5438.8
124,5440.9
218,5441.0
381,5444.9
373,5445.6
271,5446.7
262,5447.3
186,5449.3
118,5450.4
139,5452.1
281,5460.1
20,5460.6
323,5460.9
364,5463.9
246,5463.9
181,5464.2
54,5464.9
152,5465.5
349,5468.9
4,5469.3
99,5471.5
218,5472.4
185,5472.5
45,5475.3
193,5475.8
50,5477.5
223,5477.7
104,5477.8
240,5479.6
1,5480.6
280,5482.1
263,5482.6
318,5483.0
116,5484.0
291,5484.1
69,5487.5
160,5488.1
125,5489.3
209,5491.3
173,5496.4
91,5496.8
337,5497.6
343,5497.8
121,5500.4
59,5506.5
231,5507.9
155,5509.8
134,5511.8
327,5517.6
294,5519.2
37,5522.9
300,5525.9
106,5528.6
371,5528.9
71,5530.2
368,5532.8
141,5533.5
362,5536.3
84,5536.5
131,5537.5
168,5537.6
376,5539.1
226,5542.5
361,5544.3
174,5544.9
178,5546.3
334,5546.5
143,5546.9
83,5549.9
90,5550.2
380,5551.3
98,5556.3
18,5559.2
123,5559.4
96,5563.4
372,5564.5
215,5566.5
58,5569.8
70,5572.4
309,5572.5
283,5572.7
59,5575.6
34,5578.1
175,5578.3
344,5578.3
133,5578.4
222,5579.1
51,5579.5
295,5580.7
120,5583.1
207,5585.3
77,5586.6
289,5586.8
135,5589.3
122,5593.2
36,5593.4
119,5593.8
132,5595.5
146,5596.0
296,5597.6
53,5598.5
190,5601.7
75,5601.9
316,5603.9
140,5606.2
330,5608.3
314,5608.3
91,5609.1
329,5612.3
35,5614.2
254,5615.5
379,5617.7
21,5617.8
126,5620.9
28,5622.0
179,5622.1
57,5623.0
338,5623.2
195,5634.3
63,5637.1
267,5638.1
174,5639.4
357,5639.7
34,5640.3
258,5640.5
296,5641.8
272,5643.3
75,5644.0
292,5644.0
231,5644.1
67,5644.5
278,5644.6
60,5644.7
172,5645.6
71,5645.7
232,5646.2
361,5646.2
340,5646.8
225,5647.2
310,5647.3
275,5647.3
153,5647.4
367,5647.6
206,5647.6
217,5647.7
99,5648.2
281,5648.2
13,5648.3
101,5648.3
88,5648.3
118,5648.7
285,5648.8
77,5648.8
366,5648.9
184,5649.1
309,5649.1
44,5649.7
327,5650.1
37,5650.6
121,5650.8
199,5651.5
313,5651.9
323,5652.0
128,5652.1
343,5654.1
222,5654.3
147,5656.7
94,5657.2
269,5658.3
84,5659.8
83,5659.8
48,5660.5
3,5662.2
89,5667.0
274,5668.1
142,5668.1
305,5672.8
184,5673.0
14,5673.2
26,5673.7
55,5676.1
30,5676.4
227,5676.7
115,5677.0
308,5677.3
335,5677.4
297,5678.9
149,5679.4
380,5680.7
298,5681.8
284,5682.1
93,5683.4
360,5683.9
23,5684.6
144,5684.8
214,5686.3
351,5687.4
270,5689.5
264,5690.2
381,5690.8
156,5692.2
137,5692.2
365,5692.5
104,5693.6
191,5694.8
81,5696.4
312,5701.5
199,5701.7
127,5708.9
60,5713.8
369,5718.7
174,5719.0
112,5719.7
106,5720.7
296,5721.7
357,5722.8
85,5723.2
75,5723.7
231,5723.9
67,5724.1
278,5724.3
71,5724.4
57,5724.6
13,5725.2
172,5725.5
34,5725.8
206,5725.8
232,5726.0
82,5726.3
184,5727.3
88,5727.4
310,5727.4
153,5727.4
225,5727.6
361,5727.6
217,5727.8
367,5728.3
285,5728.3
275,5729.0
2,5729.0
99,5729.1
281,5729.3
44,5729.3
118,5729.5
274,5730.1
340,5730.2
366,5730.3
298,5730.6
180,5731.4
245,5732.1
325,5732.7
33,5733.4
16,5739.4
154,5743.4
235,5744.6
268,5746.1
186,5746.4
248,5747.6
229,5750.7
38,5750.8
120,5752.1
125,5754.1
280,5756.7
107,5760.5
126,5760.6
304,5761.1
238,5764.7
5,5766.7
307,5769.6
255,5776.7
327,5777.8
199,5778.8
153,5781.6
90,5783.7
252,5787.5
262,5790.3
133,5790.5
178,5792.1
285,5794.5
237,5794.8
331,5796.5
96,5797.6
65,5797.9
174,5799.1
87,5799.8
271,5800.8
296,5802.0
60,5803.3
232,5803.5
357,5803.6
75,5804.0
67,5804.2
231,5804.3
278,5804.6
217,5805.1
172,5805.4
180,5806.4
71,5806.5
57,5806.9
206,5807.8
310,5808.2
225,5808.3
13,5808.4
352,5808.5
340,5808.8
361,5808.8
88,5809.1
184,5809.2
367,5809.4
44,5809.4
113,5809.8
34,5810.4
99,5810.4
118,5810.8
229,5810.8
275,5811.1
366,5811.3
160,5812.0
77,5812.3
313,5812.4
121,5812.6
86,5816.4
305,5816.5
210,5817.0
198,5817.0
62,5818.2
347,5820.3
176,5821.2
1,5825.2
314,5827.7
202,5828.3
205,5828.8
230,5836.4
75,5836.8
322,5844.1
335,5845.3
171,5845.4
129,5848.9
20,5851.2
51,5852.9
32,5853.3
340,5858.9
100,5860.7
136,5863.8
15,5864.9
151,5866.1
132,5874.1
177,5875.9
233,5876.1
266,5876.3
57,5878.8
174,5879.2
70,5880.0
368,5881.9
296,5882.2
197,5883.4
75,5883.6
357,5884.0
60,5884.1
278,5884.4
231,5884.6
381,5884.6
67,5884.7
232,5885.0
172,5885.3
153,5885.3
285,5886.2
217,5886.5
99,5886.6
161,5887.0
71,5887.2
322,5887.3
88,5887.6
350,5887.6
310,5887.7
225,5887.8
108,5888.0
206,5888.4
361,5888.5
367,5889.0
63,5889.1
281,5889.2
275,5889.5
327,5889.5
44,5889.6
13,5889.7
0,5889.7
184,5890.2
378,5890.3
366,5890.3
325,5890.4
180,5890.7
118,5891.8
55,5892.5
363,5895.3
276,5896.5
204,5899.4
150,5902.5
170,5906.5
250,5908.7
48,5912.2
303,5919.7
234,5921.5
255,5922.7
61,5926.9
33,5927.1
174,5928.8
166,5933.6
117,5934.2
256,5934.3
367,5935.8
211,5940.7
274,5941.7
124,5942.4
219,5944.1
317,5946.1
78,5949.1
230,5949.2
383,5950.0
329,5954.4
323,5955.2
332,5955.2
312,5955.6
375,5956.3
206,5957.6
272,5958.2
333,5960.4
257,5961.6
175,5964.1
293,5965.2
212,5966.3
11,5967.3
258,5968.8
338,5969.0
260,5970.1
249,5973.4
14,5974.2
55,5975.4
241,5975.8
200,5977.6
353,5979.9
91,5980.5
225,5984.4
362,5987.3
370,5988.0
208,5988.5
201,5990.9
27,5991.9
139,5995.1
306,5996.9
255,5998.0
321,5998.1
298,5998.2
112,5999.6
84,6000.2
69,6003.7
247,6005.0
217,6008.9
3,6011.5
64,6012.5
299,6014.8
267,6015.6
229,6016.1
6,6019.2
141,6023.1
216,6023.1
74,6025.0
147,6026.8
73,6027.1
167,6027.8
103,6028.0
41,6030.7
253,6031.1
109,6032.0
36,6032.7
34,6033.3
341,6038.1
201,6041.7
135,6046.8
282,6048.7
379,6052.0
80,6052.6
148,6054.4
68,6054.7
318,6054.9
210,6055.3
279,6063.8
221,6065.0
173,6065.4
132,6066.9
336,6067.3
161,6067.6
94,6077.7
224,6078.9
278,6079.5
39,6080.2
371,6084.6
346,6085.4
187,6086.5
195,6088.6
183,6088.9
129,6090.2
134,6090.3
110,6090.6
169,6091.5
303,6092.4
49,6092.7
37,6092.7
31,6093.6
118,6094.6
197,6095.0
5,6096.9
360,6097.1
301,6099.7
105,6102.2
124,6105.6
334,6107.7
248,6108.2
72,6109.1
353,6111.7
275,6113.0
297,6114.4
343,6114.7
111,6114.7
292,6115.0
245,6116.1
236,6116.9
89,6121.0
202,6121.7
131,6124.2
107,6125.0
127,6125.1
325,6128.0
63,6130.2
156,6134.5
167,6136.0
119,6137.2
363,6139.8
351,6140.3
102,6141.0
209,6143.2
166,6143.4
381,6144.0
194,6144.1
247,6144.7
341,6149.6
330,6153.4
250,6154.4
266,6154.9
369,6155.4
311,6156.0
222,6159.0
259,6160.0
305,6160.2
130,6163.5
277,6164.0
114,6165.9
343,6168.2
144,6170.3
261,6170.4
32,6171.3
56,6174.3
359,6176.5
328,6177.0
184,6179.3
98,6181.7
383,6182.8
152,6183.0
52,6183.0
368,6184.6
34,6185.3
380,6187.8
69,6194.2
356,6197.4
116,6199.7
214,6201.4
220,6202.2
304,6209.8
59,6213.4
171,6214.1
35,6215.1
121,6215.7
24,6216.0
296,6216.4
374,6217.0
247,6221.0
287,6222.1
239,6222.5
213,6224.9
106,6227.2
149,6227.2
7,6227.5
235,6227.9
96,6231.1
172,6231.2
357,6231.4
109,6231.6
260,6233.2
313,6234.2
376,6234.7
322,6234.9
297,6235.9
187,6238.9
82,6240.8
117,6244.1
26,6250.1
218,6257.1
157,6260.9
18,6262.2
267,6263.1
151,6263.2
308,6263.8
361,6264.4
174,6264.7
142,6266.2
230,6266.3
357,6266.9
217,6267.7
315,6267.8
278,6269.4
67,6269.6
296,6269.6
172,6269.8
231,6269.8
326,6269.9
75,6270.0
60,6270.1
350,6270.5
307,6271.1
232,6271.5
88,6271.9
62,6271.9
372,6272.0
169,6272.4
275,6272.5
225,6272.5
34,6272.5
184,6272.8
57,6272.9
310,6273.1
206,6273.7
121,6273.8
285,6274.0
118,6274.3
367,6274.5
44,6274.5
281,6274.6
366,6274.9
345,6274.9
252,6275.7
99,6275.7
37,6275.8
13,6276.4
313,6276.5
284,6276.5
17,6277.5
363,6278.2
76,6278.3
107,6280.3
263,6280.5
219,6282.9
248,6287.0
6,6293.1
199,6296.6
155,6296.7
356,6297.5
47,6300.0
163,6300.4
286,6302.4
348,6303.5
332,6306.5
95,6308.1
93,6313.5
196,6314.6
182,6316.2
9,6316.5
29,6319.8
25,6320.1
251,6321.6
66,6322.0
279,6328.0
317,6329.4
298,6330.8
110,6334.0
103,6335.3
131,6336.7
56,6336.9
272,6339.8
54,6341.7
262,6343.0
63,6343.0
92,6343.2
174,6344.3
183,6345.6
337,6346.0
357,6346.0
318,6346.6
217,6347.3
223,6349.1
278,6349.3
231,6349.3
326,6349.4
67,6349.7
75,6349.7
172,6349.8
60,6350.0
361,6350.5
350,6350.6
184,6350.7
206,6350.8
296,6350.8
307,6350.9
13,6351.0
232,6351.4
308,6351.7
88,6352.0
57,6352.6
225,6352.8
62,6352.9
310,6353.2
275,6353.6
169,6354.0
285,6354.0
44,6354.1
281,6354.6
113,6354.6
366,6354.8
367,6354.9
99,6355.7
185,6356.0
146,6356.2
2,6356.6
313,6357.0
34,6357.0
121,6357.2
154,6358.0
289,6358.8
345,6359.6
14,6359.6
264,6362.6
333,6365.2
12,6366.4
18,6370.0
200,6370.4
53,6370.9
197,6371.7
44,6375.0
169,6378.1
123,6378.7
102,6378.9
270,6379.8
134,6380.0
125,6380.4
330,6382.3
133,6382.5
90,6386.6
371,6386.7
16,6389.3
166,6389.4
150,6395.6
159,6396.0
46,6397.1
190,6398.8
359,6400.5
84,6402.0
145,6408.3
189,6411.6
26,6413.1
164,6413.5
273,6417.0
210,6421.4
61,6421.7
174,6424.2
340,6425.0
318,6425.1
342,6425.3
357,6426.3
217,6427.4
351,6428.4
67,6429.2
278,6429.5
75,6429.6
231,6429.6
60,6429.6
326,6429.6
307,6429.7
172,6430.1
350,6430.2
296,6430.4
341,6430.9
232,6431.3
169,6431.4
44,6431.7
25,6431.8
62,6432.0
88,6432.4
361,6432.5
241,6432.7
57,6433.0
245,6433.1
184,6433.8
206,6433.8
310,6433.9
308,6434.3
225,6434.4
118,6434.7
183,6434.8
285,6434.8
366,6435.1
367,6435.4
13,6435.9
345,6436.5
298,6436.7
339,6436.8
99,6436.8
265,6437.0
275,6437.4
281,6437.7
37,6437.8
375,6438.4
95,6440.9
258,6442.0
344,6442.1
195,6442.5
84,6443.8
246,6447.2
255,6447.5
158,6450.9
291,6453.3
13,6458.6
372,6461.4
183,6461.7
81,6461.8
276,6464.5
186,6465.0
252,6468.4
14,6472.2
120,6475.5
192,6478.3
330,6478.7
181,6482.7
262,6485.5
267,6487.5
15,6488.2
4,6491.1
232,6492.6
259,6494.7
118,6497.1
67,6501.4
62,6503.2
242,6504.0
174,6504.3
88,6505.1
357,6506.6
129,6507.5
217,6507.7
115,6508.9
307,6509.1
278,6509.5
231,6509.5
75,6509.6
60,6509.8
326,6509.9
172,6510.5
350,6510.6
285,6510.7
296,6511.2
356,6511.7
44,6512.5
57,6512.7
169,6512.7
13,6513.1
361,6513.6
123,6513.9
39,6513.9
43,6514.1
310,6514.2
216,6514.3
206,6514.3
225,6514.6
183,6514.6
99,6515.1
184,6515.3
366,6515.7
367,6515.7
281,6515.9
135,6516.2
73,6516.3
345,6516.8
275,6516.8
76,6517.3
121,6518.0
308,6518.1
238,6521.3
319,6528.3
26,6529.3
111,6532.5
329,6534.7
124,6534.8
11,6536.8
367,6539.9
272,6546.1
60,6547.1
382,6547.8
113,6548.4
61,6548.9
190,6550.4
247,6550.6
324,6551.2
366,6553.1
307,6557.6
47,6558.9
105,6559.8
271,6560.0
283,6562.4
359,6564.3
17,6567.1
354,6567.4
99,6569.2
36,6569.9
54,6571.1
348,6572.7
360,6572.8
204,6575.2
326,6576.8
80,6576.8
104,6576.8
145,6582.6
85,6585.4
109,6586.8
5,6590.7
92,6592.4
3,6593.5
213,6595.0
363,6595.0
262,6597.7
348,6598.9
1,6599.0
18,6601.3
144,6601.4
291,6603.7
138,6605.4
305,6605.5
16,6607.0
55,6615.7
122,6616.8
135,6621.2
175,6621.4
185,6622.8
71,6624.7
0,6627.2
208,6631.8
59,6634.7
118,6635.0
22,6636.9
36,6639.6
33,6640.7
370,6641.5
97,6642.3
27,6642.7
379,6645.7
177,6646.4
323,6646.4
23,6647.6
362,6650.0
39,6652.6
119,6653.0
259,6653.6
346,6653.6
246,6656.2
189,6659.1
37,6660.0
375,6664.0
325,6671.9
126,6672.0
330,6672.9
170,6673.1
78,6674.0
314,6677.0
346,6677.1
285,6677.2
142,6679.5
160,6682.6
32,6683.0
252,6683.3
38,6687.6
132,6688.4
207,6692.7
321,6693.5
141,6694.5
291,6695.6
107,6696.2
217,6699.1
165,6702.5
371,6705.1
312,6706.5
331,6708.5
42,6709.0
157,6710.6
51,6712.3
359,6716.3
204,6717.4
75,6720.0
365,6720.6
195,6721.4
194,6723.6
150,6724.2
148,6724.5
309,6726.2
171,6728.0
308,6729.2
325,6732.2
184,6734.2
292,6734.4
249,6736.0
44,6738.2
201,6738.3
56,6740.7
280,6740.9
320,6741.0
376,6743.2
15,6748.6
156,6749.1
278,6749.4
58,6749.7
306,6751.1
101,6752.1
281,6752.2
104,6753.3
152,6756.4
84,6756.6
302,6756.8
332,6763.5
185,6764.9
153,6766.3
8,6768.2
31,6768.2
88,6768.3
262,6768.5
310,6772.2
69,6773.1
95,6774.0
66,6775.9
134,6776.7
311,6777.4
316,6778.7
29,6778.8
327,6782.2
286,6782.5
337,6788.7
183,6792.8
151,6797.1
334,6799.6
10,6799.6
83,6801.4
172,6801.5
113,6802.5
295,6803.0
176,6807.7
345,6808.1
377,6810.2
35,6811.3
370,6812.6
257,6813.1
383,6814.3
382,6814.7
291,6819.7
166,6820.2
279,6821.8
14,6825.0
85,6828.6
251,6831.4
57,6832.6
307,6833.5
173,6833.6
248,6833.6
156,6834.0
52,6834.2
317,6834.4
219,6841.6
195,6843.3
348,6843.5
352,6844.2
45,6846.5
208,6848.8
187,6852.7
338,6853.8
39,6856.0
256,6856.2
331,6858.2
2,6859.1
133,6862.2
246,6862.9
105,6863.8
125,6865.3
94,6866.8
295,6866.9
55,6868.8
221,6869.8
356,6871.8
134,6881.8
176,6883.3
34,6883.5
261,6885.2
306,6888.1
118,6889.5
174,6890.7
245,6891.7
357,6892.3
217,6892.5
57,6892.6
60,6892.7
309,6892.8
212,6893.0
99,6893.8
307,6894.5
278,6894.5
172,6894.5
75,6894.5
231,6894.8
288,6894.9
298,6895.2
121,6895.3
350,6895.9
88,6896.0
310,6896.6
296,6896.7
194,6896.8
226,6897.1
345,6897.1
62,6897.6
25,6897.9
225,6898.2
214,6898.6
361,6898.9
67,6899.0
285,6899.1
206,6899.5
308,6899.8
366,6900.0
367,6900.1
252,6900.4
355,6901.7
294,6901.8
184,6901.8
353,6901.9
13,6902.0
12,6902.1
322,6902.3
198,6904.4
327,6904.9
200,6905.0
146,6905.4
227,6909.4
20,6910.3
243,6914.4
65,6916.7
300,6916.8
19,6923.6
76,6923.9
244,6924.6
96,6924.9
33,6925.7
137,6927.1
139,6927.7
324,6931.6
9,6931.7
229,6933.6
93,6934.6
266,6934.7
280,6935.0
197,6935.7
209,6938.7
304,6940.3
102,6949.5
382,6951.2
47,6952.5
154,6952.5
257,6953.2
112,6957.3
104,6960.9
106,6962.2
247,6962.9
216,6963.1
274,6965.3
120,6967.1
214,6967.4
348,6969.7
174,6970.1
252,6970.1
90,6970.9
357,6971.8
122,6972.0
60,6972.2
217,6972.3
306,6972.4
309,6972.7
57,6972.8
298,6973.1
99,6973.5
75,6974.1
231,6974.1
278,6974.1
2,6974.6
194,6974.6
172,6974.7
121,6974.8
13,6974.8
188,6974.8
307,6975.0
330,6975.6
206,6975.9
88,6975.9
350,6976.2
129,6976.4
44,6976.6
50,6976.8
118,6977.0
296,6977.0
195,6977.3
310,6977.5
255,6977.7
225,6977.7
25,6977.8
59,6977.9
361,6978.4
62,6978.7
115,6978.7
285,6978.9
221,6978.9
67,6980.0
367,6980.1
339,6980.1
366,6980.6
243,6980.6
77,6981.1
345,6981.1
7,6981.2
229,6981.3
184,6981.3
375,6981.3
176,6982.1
182,6984.1
132,6984.2
189,6986.3
149,6990.5
11,6991.5
254,6993.0
245,6994.0
233,6999.5
84,6999.9
174,6999.9
162,7003.3
351,7003.6
25,7011.5
357,7012.1
143,7013.3
275,7014.4
29,7018.0
62,7021.1
175,7021.3
337,7023.1
329,7024.3
184,7026.0
117,7027.0
23,7027.8
161,7031.1
87,7032.6
124,7033.2
343,7034.5
6,7035.0
225,7037.5
107,7037.6
308,7038.9
262,7043.3
219,7043.4
241,7047.9
315,7048.5
35,7049.5
174,7049.8
67,7050.0
381,7051.3
357,7051.5
210,7051.7
60,7052.4
217,7052.5
309,7052.8
183,7053.0
57,7053.0
99,7053.4
306,7053.4
297,7053.7
115,7053.7
231,7054.4
75,7054.6
278,7054.8
121,7054.9
298,7055.2
214,7055.2
307,7055.6
172,7055.7
249,7056.0
350,7056.4
359,7056.8
25,7057.0
39,7057.0
296,7057.2
252,7057.5
62,7057.7
194,7057.7
88,7058.0
275,7058.1
344,7058.3
361,7058.5
310,7058.5
118,7059.6
206,7059.8
285,7059.9
12,7059.9
246,7060.2
367,7060.8
366,7061.4
2,7062.1
30,7062.4
13,7063.2
91,7067.1
327,7067.4
374,7070.8
40,7072.4
198,7072.6
286,7077.5
9,7078.0
250,7078.9
311,7082.8
179,7083.0
282,7086.2
111,7086.4
94,7088.0
229,7089.3
41,7092.3
70,7094.7
278,7097.6
155,7097.7
113,7102.0
274,7108.0
365,7108.1
16,7108.4
36,7109.5
328,7113.2
177,7115.6
173,7117.7
121,7119.1
180,7120.3
248,7121.0
140,7121.0
139,7122.3
194,7123.2
341,7128.1
174,7129.9
196,7130.2
123,7130.7
99,7131.3
357,7131.3
235,7131.4
369,7131.5
60,7132.3
217,7132.6
309,7133.0
298,7133.1
57,7133.1
361,7133.6
306,7133.8
278,7134.6
231,7134.6
75,7134.7
171,7134.9
225,7135.6
350,7135.9
172,7135.9
307,7135.9
62,7136.3
296,7136.4
67,7136.7
308,7136.8
25,7137.1
214,7137.5
228,7137.7
88,7137.9
310,7138.7
184,7138.9
345,7139.1
178,7139.6
206,7139.8
367,7140.4
252,7140.4
285,7140.7
229,7141.6
70,7142.0
327,7142.2
366,7142.5
339,7142.6
118,7142.6
110,7142.9
7,7143.9
182,7144.2
259,7152.4
90,7152.4
4,7153.9
157,7154.2
76,7164.8
379,7167.7
183,7171.1
212,7171.6
73,7172.1
49,7174.0
50,7174.9
137,7176.1
188,7179.3
261,7180.0
75,7180.5
136,7181.5
199,7186.9
116,7189.2
163,7193.3
232,7199.9
176,7200.2
175,7205.4
350,7205.6
352,7209.8
227,7212.9
211,7213.3
86,7215.9
349,7219.7
243,7221.0
187,7223.0
92,7223.3
370,7223.6
195,7223.8
159,7226.1
149,7226.4
119,7230.3
50,7230.8
209,7231.0
286,7233.5
71,7234.9
63,7236.4
38,7237.4
169,7239.3
300,7239.4
21,7241.1
29,7242.0
245,7242.6
27,7245.2
213,7245.3
333,7247.5
185,7250.8
0,7253.0
87,7254.1
313,7254.7
260,7256.5
341,7259.1
168,7259.8
241,7263.9
329,7265.2
89,7268.8
326,7269.0
10,7272.5
222,7272.8
273,7274.8
28,7278.8
192,7279.1
57,7281.7
345,7284.5
76,7288.9
283,7290.4
143,7291.0
132,7294.5
191,7298.7
13,7299.9
317,7303.3
274,7304.9
19,7305.1
225,7305.3
72,7305.3
364,7307.8
69,7310.2
223,7314.1
252,7316.8
180,7319.0
20,7319.1
270,7320.5
373,7323.8
263,7324.0
272,7324.4
163,7326.0
308,7327.6
239,7328.5
363,7329.1
281,7331.6
26,7332.1
170,7335.7
17,7337.3
240,7339.1
303,7339.3
339,7340.9
346,7340.9
282,7341.6
133,7342.6
367,7346.2
267,7350.0
140,7350.5
93,7352.3
161,7353.2
104,7356.1
381,7357.2
302,7359.9
87,7360.8
36,7361.1
145,7361.3
244,7363.6
79,7366.0
372,7368.1
215,7368.5
202,7370.7
82,7371.8
43,7376.5
203,7376.7
255,7377.1
353,7380.6
288,7381.2
209,7383.0
165,7387.4
160,7388.4
22,7388.8
224,7390.5
9,7391.1
74,7391.6
18,7392.7
164,7393.6
137,7398.7
304,7401.1
130,7403.4
108,7404.7
326,7407.8
2,7407.9
227,7412.8
142,7413.6
159,7414.6
318,7416.0
313,7416.7
123,7418.6
230,7419.7
167,7421.3
237,7422.6
206,7422.7
356,7423.8
42,7423.9
241,7428.3
283,7429.5
297,7429.6
242,7431.4
323,7431.4
19,7433.4
218,7433.6
351,7435.9
43,7439.8
9,7441.6
217,7442.8
179,7444.3
132,7448.8
94,7449.6
155,7450.4
285,7454.1
264,7454.4
382,7459.0
134,7460.6
160,7463.6
364,7463.9
198,7464.5
135,7465.9
348,7465.9
319,7468.1
77,7476.6
100,7477.1
126,7479.1
333,7480.1
14,7480.2
122,7480.5
300,7482.7
97,7485.0
139,7486.5
225,7487.1
37,7489.1
59,7491.9
56,7492.3
74,7492.6
334,7492.7
58,7493.8
52,7494.4
337,7494.4
47,7498.7
269,7498.8
251,7500.9
226,7500.9
78,7501.0
359,7504.1
306,7505.8
200,7507.4
296,7508.4
343,7510.8
152,7511.3
174,7515.7
217,7517.2
201,7517.4
214,7517.4
357,7517.5
75,7517.6
77,7517.6
60,7517.7
206,7518.2
309,7518.6
99,7518.8
361,7518.8
326,7519.2
65,7519.3
19,7519.5
231,7519.6
171,7519.6
278,7519.8
304,7519.9
121,7520.4
98,7520.9
324,7521.0
172,7521.0
350,7521.4
307,7521.6
27,7522.2
18,7522.3
285,7522.4
88,7522.6
21,7522.7
62,7523.3
367,7523.3
225,7523.5
169,7523.8
25,7523.9
313,7524.2
310,7524.2
26,7524.3
366,7524.3
377,7524.8
292,7525.0
73,7525.0
67,7525.1
339,7525.6
13,7525.7
51,7525.8
252,7527.0
118,7527.6
127,7528.1
184,7528.3
159,7529.0
308,7529.3
158,7529.4
59,7529.5
166,7530.3
301,7531.2
258,7531.7
295,7532.3
89,7537.7
151,7538.2
119,7540.1
304,7543.7
364,7547.0
72,7549.6
162,7551.8
253,7551.9
321,7551.9
111,7553.1
240,7554.8
164,7556.2
339,7557.8
250,7558.3
61,7559.7
225,7560.6
64,7560.7
330,7562.3
168,7564.1
378,7568.2
63,7569.0
328,7569.9
204,7570.3
193,7572.0
288,7574.4
148,7577.8
21,7578.2
352,7582.3
87,7583.2
366,7584.2
153,7584.7
76,7585.1
35,7587.5
26,7589.9
217,7591.6
163,7593.1
174,7595.1
146,7596.4
357,7596.9
214,7597.1
75,7597.2
93,7597.2
60,7597.3
77,7597.3
306,7597.9
309,7598.2
235,7598.2
361,7598.3
206,7598.3
99,7598.4
65,7599.1
231,7599.3
234,7599.3
304,7599.3
278,7599.6
215,7599.7
326,7599.9
140,7599.9
121,7600.1
172,7600.9
19,7601.1
307,7601.4
350,7601.4
225,7601.7
269,7601.7
59,7602.0
368,7602.5
27,7602.5
88,7602.7
285,7603.2
147,7603.9
62,7603.9
310,7604.0
367,7604.0
362,7604.2
339,7604.3
169,7604.6
233,7605.0
377,7605.1
18,7605.1
25,7605.5
12,7605.9
72,7606.5
375,7606.9
13,7607.7
67,7607.7
91,7610.2
305,7610.5
40,7612.5
277,7613.7
133,7616.2
129,7618.9
107,7623.3
57,7623.5
276,7625.5
39,7627.1
297,7628.3
34,7628.4
12,7630.2
50,7632.8
174,7633.7
101,7635.2
238,7636.9
266,7637.9
175,7641.3
135,7641.8
7,7642.7
8,7642.9
177,7643.3
299,7643.7
279,7644.2
159,7645.6
152,7646.3
362,7651.4
211,7652.8
136,7657.0
383,7659.9
212,7661.4
90,7661.7
224,7664.2
138,7664.7
342,7666.2
47,7668.5
22,7669.0
174,7674.9
214,7675.1
13,7675.8
206,7676.4
217,7676.5
372,7676.6
357,7676.8
75,7677.1
60,7677.2
59,7677.4
77,7677.6
95,7677.8
309,7678.2
99,7678.3
115,7678.4
361,7678.4
68,7678.5
298,7678.8
306,7678.9
65,7679.2
231,7679.6
304,7679.6
240,7679.7
278,7679.8
121,7680.2
326,7680.5
21,7680.7
26,7680.9
172,7680.9
2,7681.1
366,7681.3
350,7681.3
225,7681.3
307,7681.5
19,7682.1
27,7682.5
12,7683.4
62,7683.7
73,7684.5
285,7684.6
310,7684.7
269,7684.8
88,7685.0
208,7685.1
339,7685.2
367,7685.5
25,7685.6
297,7685.8
377,7686.1
205,7686.2
252,7686.6
117,7686.6
169,7686.9
165,7687.7
84,7687.8
57,7688.5
280,7689.0
272,7693.0
85,7694.8
308,7695.2
116,7696.3
14,7697.5
71,7701.5
82,7702.8
164,7704.5
269,7707.3
356,7707.3
169,7709.8
226,7711.2
25,7712.1
188,7713.0
265,7716.5
376,7717.0
364,7717.7
121,7717.9
312,7718.9
314,7720.4
295,7723.0
264,7724.4
54,7724.8
143,7725.2
178,7725.9
206,7727.0
198,7729.2
192,7730.1
31,7731.9
112,7732.6
53,7734.0
360,7734.7
163,7738.5
367,7743.4
274,7746.7
45,7747.1
125,7747.5
69,7750.3
0,7751.7
28,7753.1
174,7754.8
357,7755.9
214,7757.1
217,7757.3
60,7757.3
75,7757.3
277,7757.5
26,7757.5
65,7757.6
66,7757.6
77,7758.1
309,7758.2
326,7758.4
361,7758.4
99,7758.5
206,7758.7
306,7759.3
121,7759.3
70,7759.4
231,7759.5
278,7759.7
304,7760.6
362,7761.2
350,7761.6
307,7761.6
172,7761.7
88,7762.7
169,7762.8
25,7762.8
59,7762.9
269,7762.9
27,7763.1
225,7763.3
308,7763.4
366,7763.4
21,7763.5
19,7763.7
62,7763.8
13,7764.7
18,7765.4
310,7765.4
294,7765.4
285,7765.7
85,7765.9
12,7766.4
377,7766.6
67,7766.7
296,7768.5
184,7768.7
155,7769.1
42,7771.2
235,7775.7
4,7776.5
203,7776.5
309,7780.9
338,7784.1
354,7785.9
51,7786.7
214,7787.2
78,7787.3
140,7787.7
250,7788.0
315,7788.5
287,7793.2
47,7793.2
103,7797.6
141,7798.4
180,7802.6
161,7803.6
371,7806.5
116,7809.7
223,7815.4
156,7817.2
278,7822.5
317,7827.2
228,7828.7
120,7829.9
325,7833.6
301,7835.5
197,7838.2
81,7840.2
318,7840.4
300,7840.8
316,7842.2
36,7846.1
272,7847.1
87,7851.0
141,7851.1
254,7852.9
345,7853.3
134,7855.1
54,7856.2
261,7856.2
248,7857.7
86,7858.8
340,7859.2
329,7859.3
186,7860.7
75,7862.9
270,7865.0
196,7867.3
382,7867.5
267,7869.2
161,7871.9
287,7874.7
160,7875.5
157,7875.9
361,7876.8
208,7877.4
204,7883.6
239,7883.7
136,7884.9
202,7885.0
253,7886.8
362,7888.7
303,7888.7
155,7889.2
295,7889.5
323,7892.1
224,7892.5
313,7898.5
88,7899.2
8,7900.6
149,7903.9
227,7904.0
53,7904.0
344,7905.5
306,7907.2
176,7909.0
179,7909.1
15,7909.3
74,7909.5
238,7910.1
183,7910.2
216,7910.2
79,7912.7
153,7913.3
195,7913.5
381,7915.4
368,7916.3
123,7919.2
48,7921.7
268,7925.0
1,7925.8
40,7927.1
199,7930.1
147,7933.6
346,7933.7
272,7934.9
351,7939.6
245,7941.1
232,7941.3
6,7943.2
11,7946.6
315,7948.3
220,7949.7
43,7951.3
77,7953.7
131,7956.2
42,7957.0
166,7959.9
129,7962.5
64,7964.7
116,7968.6
283,7972.6
102,7973.4
343,7973.7
135,7974.1
169,7975.2
90,7976.8
114,7981.6
308,7985.2
152,7988.9
335,7990.0
106,7998.6
231,8004.3
60,8009.3
229,8010.3
302,8012.3
93,8012.6
223,8013.2
273,8015.5
172,8016.6
36,8017.2
264,8017.4
357,8017.5
115,8017.5
253,8017.7
143,8019.7
314,8020.7
218,8031.7
333,8032.8
55,8035.1
105,8037.1
342,8037.9
168,8038.6
343,8039.1
232,8039.5
378,8041.1
56,8042.0
61,8049.2
33,8050.8
125,8051.4
124,8053.2
98,8053.8
103,8054.2
107,8055.6
259,8058.4
41,8062.7
207,8062.7
92,8066.5
148,8070.6
128,8073.1
379,8075.0
233,8076.8
112,8077.5
198,8082.8
164,8083.2
369,8087.4
131,8093.5
269,8094.0
338,8095.1
383,8097.9
212,8098.5
191,8101.6
210,8102.1
306,8104.2
240,8104.9
288,8106.9
325,8108.8
218,8108.9
2,8109.6
376,8112.5
290,8114.6
302,8117.0
289,8118.2
264,8118.6
182,8119.1
158,8122.1
37,8122.4
161,8124.0
315,8126.4
307,8127.0
275,8127.0
381,8128.5
52,8128.7
7,8130.9
111,8131.0
237,8131.4
319,8131.4
138,8132.0
22,8133.3
226,8134.2
139,8134.3
311,8136.0
374,8136.9
99,8137.8
357,8140.4
174,8141.8
309,8142.0
60,8142.2
214,8142.4
77,8143.0
212,8143.2
361,8143.8
206,8143.9
306,8144.0
231,8144.1
75,8144.1
334,8144.9
209,8145.0
217,8145.1
172,8145.2
121,8145.5
251,8145.8
304,8146.3
350,8146.4
326,8146.7
62,8147.6
88,8147.8
169,8148.2
59,8148.4
20,8148.8
19,8149.0
302,8149.2
21,8149.3
167,8149.5
65,8149.5
318,8149.6
310,8149.6
105,8149.7
115,8150.4
367,8150.5
345,8150.5
366,8150.5
151,8150.7
53,8150.8
225,8151.5
67,8151.8
13,8152.1
308,8152.4
25,8152.4
280,8152.6
26,8153.0
48,8153.6
18,8154.2
362,8154.6
145,8155.9
360,8161.3
6,8161.6
282,8161.8
162,8162.4
230,8169.3
332,8171.7
322,8173.4
320,8173.8
167,8176.4
126,8180.4
109,8181.4
157,8182.7
318,8182.8
259,8186.4
369,8188.3
192,8193.4
38,8197.6
10,8198.2
221,8198.8
249,8202.3
323,8203.6
96,8204.3
235,8206.0
189,8206.7
239,8207.8
108,8208.3
106,8209.1
255,8215.5
107,8215.8
285,8220.1
357,8220.1
173,8221.1
174,8221.2
309,8221.5
214,8222.1
60,8222.1
99,8222.3
150,8222.4
77,8222.9
361,8223.4
332,8223.5
206,8223.5
212,8223.6
75,8223.7
306,8223.8
326,8224.0
159,8224.2
231,8224.3
302,8224.4
34,8224.5
217,8224.7
74,8224.9
209,8224.9
121,8225.2
251,8225.6
172,8225.7
304,8226.0
350,8226.3
45,8226.5
18,8226.7
88,8226.8
167,8226.8
32,8227.4
318,8227.4
268,8228.1
362,8228.2
2,8228.7
62,8228.7
219,8229.0
59,8229.3
19,8229.6
310,8230.0
184,8230.5
169,8230.5
73,8230.6
366,8230.7
367,8230.7
225,8230.9
20,8231.1
252,8231.5
21,8231.6
25,8231.9
345,8232.3
135,8236.3
356,8238.4
137,8240.5
120,8242.1
293,8245.1
13,8247.4
296,8247.7
47,8249.8
223,8251.7
88,8252.7
238,8257.0
122,8258.2
267,8258.2
95,8259.5
12,8261.1
44,8266.2
364,8267.9
8,8268.4
114,8270.3
377,8270.7
312,8273.1
206,8273.6
97,8275.0
87,8275.1
144,8275.9
126,8277.2
66,8278.3
133,8280.3
53,8281.4
380,8281.5
284,8281.9
337,8282.3
262,8282.7
261,8284.9
132,8287.5
77,8288.2
14,8288.3
59,8290.7
92,8291.0
64,8292.1
294,8292.3
13,8295.2
246,8297.0
206,8300.1
357,8300.2
157,8300.4
328,8301.0
174,8301.4
309,8301.6
214,8301.8
60,8302.3
99,8303.0
378,8303.3
350,8303.5
361,8303.5
212,8303.9
75,8304.0
306,8304.4
231,8304.5
217,8304.8
104,8305.0
326,8305.3
121,8305.3
209,8305.3
302,8305.3
251,8305.7
172,8305.9
304,8306.0
88,8306.0
362,8307.4
318,8308.1
305,8308.7
62,8308.8
12,8308.9
167,8308.9
18,8309.1
65,8309.5
26,8309.7
275,8309.8
310,8309.8
19,8310.5
225,8310.6
67,8310.7
367,8310.7
221,8310.8
21,8310.9
298,8311.1
25,8311.3
2,8311.3
366,8311.5
20,8311.9
112,8315.2
266,8319.6
349,8321.0
106,8321.4
257,8323.5
241,8324.5
75,8330.8
177,8332.4
9,8333.4
217,8334.8
366,8336.0
80,8337.8
36,8338.0
211,8339.7
156,8339.9
37,8347.1
127,8356.3
62,8360.0
310,8361.2
10,8364.1
82,8366.7
243,8366.9
363,8372.1
49,8373.6
2,8374.1
51,8375.5
373,8375.6
303,8379.9
357,8380.3
174,8381.3
309,8381.6
77,8382.0
206,8382.3
214,8382.3
60,8382.4
240,8382.7
119,8383.0
75,8383.0
99,8383.2
361,8383.6
217,8383.8
231,8384.3
212,8384.3
125,8384.8
306,8384.9
121,8385.4
300,8385.5
88,8385.6
350,8385.6
326,8385.6
19,8385.7
209,8385.8
331,8385.9
251,8385.9
59,8385.9
302,8386.2
172,8386.2
304,8386.2
207,8386.3
53,8387.1
366,8387.3
13,8388.0
54,8389.2
345,8390.0
76,8390.2
184,8390.5
57,8390.9
169,8391.0
12,8391.6
318,8392.2
252,8392.4
367,8392.4
225,8392.5
67,8392.6
25,8392.8
362,8392.9
290,8393.9
332,8395.0
40,8399.4
256,8401.2
224,8401.4
38,8402.1
131,8403.6
282,8406.2
0,8407.9
184,8411.9
24,8413.4
365,8415.0
20,8425.5
274,8429.4
347,8431.0
66,8431.2
371,8431.4
28,8431.6
27,8431.8
6,8432.6
84,8432.6
11,8434.3
254,8436.9
357,8437.5
181,8439.3
29,8439.8
62,8440.6
336,8442.3
142,8443.0
307,8455.5
269,8456.0
190,8458.3
72,8459.8
188,8460.5
344,8465.0
141,8466.6
208,8469.6
40,8470.6
122,8474.1
61,8476.9
293,8479.1
236,8481.1
135,8482.0
258,8482.2
266,8483.3
3,8486.4
174,8486.4
276,8487.4
91,8488.9
242,8492.5
277,8494.2
183,8496.5
212,8502.6
5,8504.8
213,8505.5
201,8511.8
335,8514.1
321,8514.2
124,8514.5
325,8516.7
48,8517.1
329,8518.2
232,8520.1
306,8520.9
104,8521.9
88,8524.5
90,8528.0
173,8531.0
126,8531.4
314,8543.9
190,8544.4
116,8547.4
94,8549.8
207,8552.5
359,8553.1
356,8556.1
251,8559.1
12,8560.1
39,8560.8
315,8562.5
85,8563.2
280,8565.3
338,8565.8
341,8568.9
380,8569.3
144,8570.7
114,8575.1
110,8578.7
240,8582.9
362,8586.8
21,8592.3
304,8594.6
96,8598.2
76,8600.6
33,8602.3
140,8603.0
23,8604.5
360,8609.4
171,8612.5
259,8614.1
1,8615.7
270,8617.0
218,8617.5
340,8617.8
312,8619.6
61,8620.2
7,8621.5
154,8623.9
336,8624.6
273,8625.0
324,8626.6
320,8628.7
222,8630.4
47,8631.6
91,8634.3
351,8634.6
164,8637.4
219,8637.7
99,8639.0
193,8641.8
108,8642.3
367,8647.6
364,8648.1
165,8649.3
40,8650.1
216,8654.2
211,8657.4
130,8660.8
308,8661.8
172,8663.0
333,8667.3
233,8667.8
232,8669.2
122,8670.1
326,8670.6
230,8671.1
263,8671.9
335,8674.3
22,8675.1
8,8675.8
316,8678.6
325,8679.9
125,8681.0
112,8683.7
185,8683.9
352,8687.7
273,8689.9
147,8691.6
24,8694.6
182,8695.4
214,8695.8
122,8696.7
102,8699.3
166,8700.0
2,8700.6
38,8700.8
113,8713.4
289,8715.7
82,8716.3
248,8716.8
204,8718.0
7,8718.2
221,8722.0
164,8724.5
189,8727.6
84,8728.9
302,8729.1
77,8729.5
281,8732.1
235,8733.3
32,8736.2
218,8737.1
261,8739.0
207,8739.5
210,8739.9
229,8742.1
24,8742.3
25,8745.7
43,8746.5
209,8751.0
68,8753.4
15,8754.4
297,8763.4
357,8765.9
313,8765.9
70,8766.2
214,8766.7
309,8767.0
132,8767.4
59,8767.4
251,8767.6
60,8767.7
352,8768.3
174,8768.6
350,8768.6
167,8768.9
2,8768.9
361,8768.9
206,8769.0
212,8769.3
75,8769.4
310,8769.6
326,8769.7
306,8770.0
217,8770.0
213,8770.3
121,8770.5
21,8770.8
250,8771.6
71,8772.3
367,8772.6
225,8773.9
99,8774.3
19,8774.5
169,8775.0
243,8775.2
65,8775.2
29,8775.5
20,8775.5
67,8776.1
329,8776.2
77,8776.2
318,8776.3
221,8776.3
345,8776.4
184,8776.9
13,8778.5
4,8779.0
296,8779.1
254,8780.1
157,8785.7
278,8788.7
365,8789.2
41,8792.6
349,8796.6
115,8797.9
319,8798.0
49,8803.7
133,8806.6
161,8808.6
239,8809.4
192,8810.0
223,8813.1
102,8813.7
122,8814.0
309,8815.6
75,8816.9
146,8817.3
141,8817.9
252,8820.1
110,8822.8
217,8823.2
184,8823.7
64,8824.3
200,8824.4
371,8825.0
237,8826.9
199,8829.2
170,8829.6
30,8829.9
221,8831.1
179,8831.2
354,8831.2
108,8833.6
138,8833.8
118,8837.5
312,8841.4
196,8842.7
359,8843.4
357,8845.3
309,8846.7
214,8846.8
59,8847.1
60,8847.3
251,8847.4
298,8847.6
174,8848.1
350,8848.3
361,8848.4
206,8848.7
209,8848.9
352,8848.9
167,8849.0
75,8849.0
2,8849.2
310,8849.3
212,8849.6
306,8850.1
121,8850.2
326,8850.3
367,8850.5
213,8851.1
21,8851.4
25,8852.0
250,8852.0
71,8852.1
257,8853.1
313,8853.8
217,8854.1
225,8854.7
331,8855.0
19,8855.5
249,8855.7
343,8856.7
18,8857.0
99,8857.2
73,8857.3
26,8858.1
278,8858.2
187,8858.4
69,8858.7
180,8859.5
293,8861.8
0,8861.9
303,8867.2
336,8868.4
268,8869.9
148,8870.0
219,8871.7
86,8872.2
296,8873.5
275,8874.0
220,8876.0
185,8877.1
155,8880.2
101,8882.0
372,8882.8
38,8884.4
61,8886.5
299,8892.0
105,8895.8
264,8896.6
361,8900.4
224,8900.7
129,8901.8
147,8903.1
228,8903.4
348,8903.4
383,8904.5
20,8907.8
216,8908.9
204,8909.8
21,8910.8
310,8911.3
15,8912.4
238,8912.5
308,8915.3
201,8915.5
80,8917.1
156,8917.3
35,8917.7
71,8919.9
42,8924.1
266,8924.8
357,8925.3
309,8926.0
59,8927.1
214,8927.1
60,8927.3
251,8927.7
131,8927.7
174,8928.0
75,8928.1
350,8928.5
206,8928.8
25,8929.1
217,8929.1
167,8929.2
361,8929.4
250,8929.4
2,8929.7
212,8929.8
352,8929.8
209,8930.1
306,8930.3
121,8930.3
265,8930.7
326,8930.7
213,8932.1
110,8932.4
184,8932.5
252,8932.8
367,8933.3
294,8933.4
354,8933.4
329,8933.8
67,8934.4
225,8934.5
243,8934.7
169,8934.8
221,8935.2
19,8935.9
318,8936.3
65,8936.3
186,8938.9
229,8941.2
10,8943.8
280,8945.1
255,8946.9
235,8947.8
135,8948.2
322,8948.7
206,8950.8
269,8954.0
183,8954.9
270,8955.6
222,8956.7
54,8956.9
261,8957.1
33,8957.8
119,8965.5
121,8968.4
75,8974.9
69,8979.7
311,8980.5
323,8981.9
26,8984.1
353,8988.3
152,8989.5
342,8991.3
60,8992.2
383,8993.2
11,8994.6
103,8996.9
149,8997.8
305,9000.1
150,9002.9
355,9003.3
302,9004.0
357,9005.4
309,9006.3
59,9007.2
214,9007.2
251,9007.7
361,9007.7
310,9008.0
174,9008.1
206,9008.1
350,9008.5
75,9008.6
167,9008.9
121,9009.2
217,9009.4
21,9009.5
212,9009.9
352,9010.1
2,9010.1
306,9010.2
71,9010.2
209,9010.4
326,9010.8
250,9010.8
25,9011.5
148,9011.6
20,9011.7
213,9012.0
67,9013.0
367,9014.3
225,9014.3
184,9014.8
73,9017.3
144,9017.8
132,9018.2
343,9019.1
81,9030.1
271,9030.4
95,9033.6
330,9036.1
13,9037.7
369,9040.7
207,9040.9
363,9044.1
263,9045.1
30,9046.2
203,9047.4
327,9048.7
301,9051.3
8,9051.6
234,9053.4
368,9055.0
128,9058.2
264,9061.5
260,9062.1
62,9062.2
173,9064.2
254,9064.3
338,9065.9
42,9070.4
202,9071.8
208,9073.2
86,9073.5
97,9074.8
130,9077.7
119,9077.9
160,9077.9
227,9078.3
220,9078.7
106,9078.8
199,9081.0
36,9083.6
145,9086.0
112,9088.3
251,9089.4
219,9091.0
79,9091.3
372,9092.3
282,9095.2
229,9095.4
204,9098.8
50,9099.1
143,9099.9
315,9100.4
78,9100.6
14,9103.3
375,9105.3
267,9111.3
88,9112.7
29,9113.9
345,9114.7
71,9115.1
239,9117.1
246,9121.5
120,9121.7
4,9122.1
329,9125.9
262,9127.2
58,9127.9
290,9132.1
17,9132.9
152,9143.2
307,9144.3
383,9144.4
247,9144.7
109,9147.6
233,9153.3
140,9153.7
174,9156.0
196,9157.4
249,9162.1
99,9162.2
163,9163.0
74,9163.0
155,9164.9
195,9165.7
72,9167.4
151,9169.2
248,9171.1
111,9172.4
357,9173.6
57,9173.7
191,9174.7
197,9175.6
250,9179.4
230,9180.4
375,9181.2
377,9181.3
256,9181.3
271,9183.4
124,9184.4
382,9186.0
157,9186.2
319,9186.3
92,9188.1
356,9190.0
245,9190.1
333,9191.0
277,9192.6
232,9193.9
63,9196.2
148,9200.3
7,9203.3
154,9205.8
269,9207.8
175,9210.0
298,9220.1
288,9225.2
65,9225.7
312,9226.6
37,9227.7
129,9234.2
283,9234.5
367,9240.5
100,9241.2
214,9242.4
242,9243.5
359,9250.0
364,9250.9
360,9251.4
9,9254.8
220,9254.9
135,9256.1
16,9257.6
81,9257.7
361,9258.8
156,9263.3
18,9264.1
215,9267.1
356,9271.8
38,9280.2
185,9282.0
139,9282.5
52,9283.7
365,9285.4
116,9285.5
366,9286.8
328,9289.2
19,9290.1
287,9291.0
113,9292.9
169,9295.1
243,9297.5
153,9298.3
223,9298.5
210,9298.6
181,9299.7
254,9302.5
297,9304.0
293,9304.0
209,9304.5
27,9306.1
207,9307.4
272,9311.2
236,9311.7
89,9313.1
12,9314.4
50,9317.9
193,9318.3
308,9318.8
56,9320.1
233,9320.1
189,9320.2
219,9320.7
239,9320.7
300,9321.5
47,9324.3
3,9324.5
107,9330.0
194,9333.7
46,9333.9
132,9334.0
178,9334.8
330,9334.9
54,9339.0
212,9339.4
36,9339.9
281,9340.1
270,9342.0
40,9343.9
379,9345.0
371,9345.8
294,9345.8
284,9346.1
380,9348.7
20,9351.1
165,9352.6
356,9355.7
272,9356.3
347,9356.8
34,9359.7
29,9360.7
350,9368.0
139,9369.1
58,9376.1
49,9379.5
370,9382.7
320,9383.3
115,9386.0
13,9386.1
213,9387.3
118,9389.1
317,9389.2
214,9390.1
59,9390.2
206,9392.0
2,9392.1
357,9392.2
79,9392.3
135,9392.4
243,9392.6
60,9392.6
193,9392.8
251,9393.0
71,9393.2
361,9393.3
212,9393.4
167,9393.8
75,9394.0
209,9394.1
310,9394.6
217,9394.7
352,9395.1
306,9395.1
255,9395.1
350,9395.2
121,9395.2
309,9395.7
169,9395.7
19,9396.0
326,9396.2
21,9396.4
174,9396.7
250,9396.8
20,9397.4
18,9398.0
225,9398.0
65,9398.8
25,9398.8
379,9400.2
73,9400.5
318,9400.8
345,9401.0
184,9401.2
366,9401.2
99,9402.2
133,9402.4
44,9403.7
83,9405.6
91,9405.8
238,9406.2
159,9410.1
154,9411.1
324,9411.5
192,9418.7
57,9422.4
216,9424.1
222,9424.5
128,9424.9
353,9425.5
21,9425.8
122,9428.0
73,9432.1
314,9432.7
205,9437.1
125,9443.8
207,9445.5
146,9455.9
166,9457.6
90,9458.9
175,9460.0
148,9460.1
228,9462.3
37,9463.2
177,9463.8
292,9464.2
375,9470.2
152,9470.7
59,9471.8
357,9471.8
214,9472.0
60,9472.1
350,9472.4
251,9472.7
361,9473.1
206,9473.5
212,9473.7
167,9473.8
75,9473.8
213,9474.2
310,9474.3
217,9474.6
2,9474.8
209,9474.8
306,9474.9
21,9475.0
352,9475.2
121,9475.2
309,9475.5
326,9475.8
13,9476.1
238,9476.2
6,9476.6
71,9476.8
250,9476.8
174,9477.0
19,9477.8
73,9478.2
20,9478.4
169,9478.7
246,9478.9
225,9478.9
243,9479.1
57,9479.4
65,9479.8
334,9479.9
25,9481.0
111,9481.0
18,9481.0
99,9481.5
53,9481.9
343,9482.1
379,9482.4
252,9482.5
184,9483.8
8,9485.5
129,9487.3
286,9487.7
258,9488.5
351,9489.8
161,9493.5
191,9495.0
342,9495.0
278,9495.6
170,9495.7
361,9496.9
51,9496.9
1,9498.0
10,9507.1
374,9508.5
2,9509.4
213,9509.5
109,9514.4
294,9514.7
327,9516.4
123,9518.4
167,9519.2
279,9521.7
133,9522.3
270,9523.7
323,9523.9
341,9524.6
243,9525.2
349,9526.1
218,9527.4
65,9527.5
259,9528.4
346,9528.8
263,9530.8
190,9532.0
209,9535.7
245,9537.2
188,9537.5
241,9538.2
78,9539.9
80,9546.8
87,9548.7
251,9549.0
262,9549.1
357,9551.9
59,9552.1
214,9552.2
60,9552.3
361,9553.0
31,9553.0
350,9553.1
374,9553.5
206,9553.7
167,9553.8
75,9553.8
2,9553.8
310,9554.5
212,9554.6
119,9554.7
217,9554.8
213,9554.9
306,9555.1
121,9555.2
21,9555.4
309,9555.8
352,9555.9
326,9556.1
71,9557.2
250,9557.4
174,9557.5
6,9558.2
73,9558.6
340,9558.6
13,9559.0
225,9559.1
19,9559.2
169,9559.6
238,9559.7
318,9559.8
25,9560.8
20,9562.0
54,9562.1
223,9563.0
184,9563.7
335,9567.7
14,9570.3
376,9572.7
222,9575.4
29,9576.4
268,9585.0
281,9586.3
351,9590.0
99,9590.6
314,9591.4
5,9592.2
175,9594.3
166,9597.7
116,9597.8
190,9600.6
208,9600.7
265,9601.0
381,9605.8
290,9606.2
85,9608.2
172,9609.2
305,9609.2
191,9609.3
36,9611.9
287,9614.0
68,9616.0
212,9616.6
4,9621.8
96,9623.0
82,9625.3
45,9626.0
269,9626.9
102,9627.3
41,9629.9
176,9629.9
251,9631.6
357,9631.9
382,9632.0
59,9632.1
214,9632.4
60,9632.4
361,9633.0
310,9633.1
350,9633.3
167,9633.4
206,9633.9
2,9634.0
75,9634.1
209,9634.5
134,9634.5
20,9634.8
217,9634.9
306,9635.2
213,9635.3
99,9635.4
121,9635.5
352,9635.8
309,9635.8
326,9636.1
133,9636.2
65,9636.2
243,9636.4
21,9637.0
250,9637.6
174,9637.8
346,9637.8
273,9638.0
71,9638.2
225,9638.9
141,9639.0
13,9641.5
204,9641.9
345,9642.8
261,9643.2
238,9643.3
25,9643.5
38,9643.5
56,9643.7
240,9644.2
252,9644.9
184,9645.0
379,9645.1
324,9645.6
144,9654.9
34,9656.3
57,9658.2
183,9659.6
16,9668.7
153,9669.3
130,9669.9
346,9670.0
87,9671.7
142,9672.6
378,9672.8
197,9673.6
266,9673.6
322,9676.6
147,9677.5
188,9677.5
333,9679.5
215,9683.6
93,9683.7
106,9684.4
292,9684.7
110,9687.2
84,9692.6
247,9694.1
368,9695.2
379,9695.7
303,9698.3
186,9699.3
137,9700.6
255,9703.8
173,9704.9
100,9708.3
298,9710.4
117,9710.6
67,9713.2
49,9715.5
125,9720.4
194,9725.3
250,9725.6
66,9727.1
68,9728.5
362,9730.5
339,9734.5
146,9735.3
88,9736.8
171,9739.2
138,9739.3
254,9740.2
163,9741.6
184,9742.6
15,9743.3
62,9745.5
307,9746.0
352,9746.1
297,9748.3
203,9749.0
35,9749.1
25,9751.4
19,9752.6
218,9754.2
257,9757.8
26,9759.2
14,9759.5
250,9759.7
181,9761.4
346,9763.4
185,9764.6
30,9765.2
229,9765.3
336,9765.7
262,9767.1
354,9769.6
180,9771.0
271,9771.0
235,9773.2
46,9774.4
24,9776.1
9,9778.2
114,9780.0
58,9780.6
23,9782.8
263,9788.2
168,9788.2
43,9790.3
108,9790.9
363,9791.7
54,9794.0
259,9794.1
317,9794.3
207,9795.8
364,9796.9
98,9799.0
82,9802.0
116,9802.8
285,9805.2
33,9806.1
81,9806.7
300,9806.9
370,9807.9
156,9808.2
129,9809.7
102,9811.6
0,9818.4
362,9818.5
265,9819.2
248,9823.5
159,9825.6
132,9826.5
231,9829.8
374,9839.4
280,9839.7
221,9842.5
263,9844.7
312,9845.2
252,9846.2
66,9850.1
146,9850.1
208,9850.8
36,9853.0
291,9853.0
182,9854.5
18,9858.5
149,9861.3
87,9863.9
249,9865.8
94,9866.5
49,9866.9
141,9867.1
237,9868.1
6,9869.8
324,9870.8
380,9872.0
328,9872.1
71,9873.3
74,9874.8
321,9875.1
292,9875.2
69,9879.3
333,9880.0
302,9881.2
335,9882.8
322,9883.4
295,9894.1
164,9894.6
92,9895.3
336,9896.1
91,9896.3
289,9896.9
298,9899.7
96,9900.6
53,9900.7
278,9901.3
32,9903.1
75,9904.3
383,9906.1
162,9909.2
198,9910.5
102,9912.8
204,9913.8
9,9918.4
158,9918.4
131,9918.8
72,9923.1
176,9926.5
214,9926.9
318,9928.4
354,9928.6
0,9932.2
317,9938.7
80,9939.7
75,9940.6
313,9942.1
331,9943.2
39,9943.5
191,9946.4
227,9948.5
115,9950.8
299,9961.6
21,9961.9
42,9963.6
349,9963.9
320,9966.5
40,9968.8
105,9969.1
119,9970.1
372,9970.2
174,9971.2
103,9972.0
156,9972.9
165,9974.1
177,9978.5
359,9983.6
170,9983.7
66,9984.1
76,9984.3
343,9984.7
47,9985.3
127,9987.5
294,9990.0
234,9990.7
222,9991.6
223,9991.7
78,9994.7
253,9994.9
200,9997.8
218,9998.5
89,9998.5
183,9999.1
91,9999.8
