18,107.4
13,108.7
14,109.3
30,110.8
15,111.2
11,111.4
12,111.4
4,111.8
22,112.0
20,112.1
21,112.4
5,113.1
15,181.7
23,182.7
14,183.3
13,184.5
22,184.8
30,185.5
16,185.8
29,186.1
19,186.1
12,186.2
4,186.5
18,186.7
6,186.7
27,186.8
11,187.4
5,187.6
9,187.6
28,188.9
21,189.2
20,189.4
10,189.7
26,189.9
31,190.6
8,191.3
3,194.8
13,232.8
22,237.7
6,240.5
20,241.9
25,242.3
4,258.1
23,260.4
15,261.9
14,262.4
30,262.5
29,263.2
11,265.1
13,266.4
19,266.7
21,266.9
7,267.3
17,267.3
18,267.4
22,267.8
27,268.3
28,269.6
12,269.6
16,269.8
5,270.1
6,271.1
2,272.6
24,278.6
4,307.2
13,307.2
11,317.1
9,319.1
20,319.4
12,320.3
0,321.1
8,331.1
5,333.6
27,334.1
3,334.9
22,336.1
16,340.0
18,341.6
10,342.0
19,342.8
13,343.1
11,345.5
9,376.0
25,380.0
11,391.3
12,392.4
18,393.5
13,394.9
10,395.1
21,395.4
8,403.3
22,404.9
1,406.4
2,407.9
3,408.1
19,421.1
9,428.6
28,432.1
25,434.3
11,449.0
20,449.9
27,450.3
22,474.2
10,474.3
29,475.0
18,475.2
2,476.0
13,478.7
11,479.0
12,479.4
25,479.4
19,480.4
9,485.0
3,485.1
4,485.3
8,486.1
30,511.9
21,512.1
12,515.1
11,516.1
13,517.7
2,524.1
3,527.1
4,533.9
26,534.1
0,535.8
16,538.1
25,538.5
22,542.5
5,544.7
6,545.1
10,550.3
20,551.7
19,552.7
11,553.8
9,556.0
12,556.5
13,560.0
2,560.9
11,594.5
14,595.7
22,601.3
9,606.6
25,607.2
18,607.8
29,608.5
16,609.9
17,625.9
10,637.6
21,642.8
20,645.0
27,645.3
7,645.8
14,646.5
23,647.0
15,647.2
30,647.8
11,648.4
13,648.8
19,649.0
12,649.0
22,649.4
29,649.4
5,649.6
18,650.7
4,651.2
26,651.3
8,651.4
31,651.6
9,651.7
6,652.5
3,653.7
28,654.0
2,654.9
17,663.4
10,676.9
13,679.2
22,681.5
15,689.0
11,693.5
5,694.7
29,697.6
9,706.2
20,706.6
14,708.3
4,708.7
28,708.8
12,712.0
19,715.2
13,716.0
23,726.3
30,727.4
7,727.6
21,727.7
15,728.1
22,728.3
31,728.9
29,729.8
18,730.7
11,730.9
17,731.1
8,731.4
13,731.7
6,732.2
5,732.4
14,732.9
27,733.4
12,734.9
10,736.0
20,736.1
26,736.6
4,738.1
25,738.5
9,741.4
19,742.5
13,765.8
18,766.4
28,766.6
5,769.0
27,769.1
17,770.7
11,771.0
26,771.4
29,778.4
20,779.9
23,780.0
19,780.0
9,781.0
10,781.5
1,781.6
4,782.0
16,783.4
25,785.7
6,789.2
21,798.0
28,799.9
18,800.0
13,805.1
14,805.2
15,805.8
7,806.0
23,808.4
30,808.7
5,809.5
12,810.2
22,810.4
3,810.5
11,810.7
31,810.9
27,811.3
17,811.5
4,811.9
2,812.2
29,812.3
6,812.7
9,812.7
8,813.0
10,813.9
19,814.1
20,814.7
26,814.9
15,839.7
18,841.0
13,841.5
11,844.3
4,844.8
12,846.3
21,846.5
14,846.8
5,850.1
28,853.5
19,859.6
20,862.4
10,863.3
16,863.6
27,864.4
13,875.4
11,878.2
23,881.5
21,886.5
15,886.9
7,886.9
30,887.2
14,887.2
12,887.6
4,889.2
29,889.7
22,890.4
6,890.8
3,890.9
2,891.0
31,891.1
18,891.1
5,891.5
17,891.7
9,891.9
8,892.3
1,892.3
28,892.8
13,893.7
19,894.4
20,895.3
25,896.0
26,896.2
27,897.3
16,900.0
11,905.5
10,922.6
21,925.7
18,928.7
0,929.2
13,931.9
15,933.6
30,934.3
24,934.4
14,934.8
22,935.4
23,936.1
8,936.7
20,937.1
12,937.6
6,938.1
25,938.3
16,938.9
5,938.9
4,939.2
9,940.1
11,941.0
2,946.6
17,946.9
19,947.2
27,949.7
1,951.4
13,960.5
10,964.3
18,965.7
21,966.3
9,968.5
22,969.2
14,977.7
5,978.7
28,980.7
29,981.2
11,983.5
4,984.9
20,988.3
19,988.4
26,989.6
16,996.2
6,1001.9
13,1005.5
27,1006.6
22,1011.8
17,1015.3
18,1015.8
10,1018.5
2,1020.2
9,1022.5
15,1024.3
23,1025.1
11,1031.2
16,1033.1
25,1039.4
13,1052.6
30,1066.1
19,1078.0
18,1079.0
12,1080.3
11,1081.5
17,1082.8
16,1082.9
6,1097.3
21,1099.2
22,1100.9
13,1103.0
23,1103.6
27,1103.7
14,1104.2
15,1104.8
9,1113.8
20,1114.1
11,1119.9
19,1124.7
18,1128.4
25,1130.2
28,1130.5
30,1130.7
26,1130.7
13,1131.8
3,1132.0
10,1133.7
17,1134.9
5,1136.9
21,1137.1
31,1137.5
2,1139.2
29,1144.4
27,1146.3
22,1150.8
11,1154.0
20,1155.9
15,1158.9
14,1161.1
23,1161.2
19,1163.0
1,1166.5
30,1167.7
18,1169.1
25,1176.1
12,1177.4
13,1179.3
31,1181.9
28,1192.6
22,1197.7
9,1199.0
11,1201.1
19,1201.3
8,1201.7
10,1201.9
17,1202.0
16,1202.1
0,1203.5
18,1205.0
15,1221.2
13,1221.3
29,1221.5
27,1231.4
1,1234.9
9,1236.9
28,1238.4
19,1244.0
18,1249.4
2,1252.2
10,1252.7
11,1260.9
17,1261.8
8,1262.0
21,1266.4
30,1267.7
16,1268.4
9,1269.6
23,1270.7
15,1271.5
31,1272.0
7,1272.0
13,1272.7
14,1273.1
12,1273.4
5,1274.8
4,1274.9
29,1275.4
22,1275.4
25,1275.4
18,1276.1
19,1276.3
6,1277.2
27,1278.1
11,1278.7
3,1279.0
20,1280.1
28,1280.9
26,1281.4
23,1303.5
5,1304.3
13,1305.7
29,1311.3
14,1312.1
15,1313.1
30,1314.2
22,1315.3
21,1319.3
9,1321.7
18,1323.8
28,1325.0
6,1325.9
12,1326.0
19,1326.8
11,1328.6
27,1343.5
17,1344.3
7,1350.6
5,1350.7
23,1350.9
13,1351.2
15,1352.5
22,1353.3
30,1353.5
31,1354.1
4,1354.9
14,1354.9
29,1355.5
10,1356.5
21,1356.6
18,1357.4
8,1357.8
11,1358.3
26,1359.0
16,1359.2
20,1359.3
6,1359.5
12,1359.8
28,1359.9
3,1360.0
9,1360.1
19,1360.1
2,1362.7
25,1383.3
18,1387.3
27,1388.7
15,1389.5
1,1390.1
9,1392.2
13,1392.3
29,1393.6
23,1394.6
20,1394.6
19,1394.7
4,1395.6
30,1396.6
14,1396.8
22,1396.8
11,1397.2
21,1397.8
28,1398.8
10,1399.2
5,1400.4
6,1408.4
3,1420.7
18,1429.6
13,1430.9
23,1431.1
15,1431.3
14,1431.4
30,1432.7
29,1433.0
11,1434.1
20,1434.1
19,1434.2
17,1434.5
22,1434.6
16,1434.7
7,1435.1
21,1435.2
10,1435.7
12,1436.0
5,1436.2
27,1437.1
4,1437.2
8,1437.8
31,1438.0
28,1438.7
9,1439.0
6,1441.2
2,1449.6
18,1462.7
13,1469.1
11,1471.1
15,1472.4
19,1472.9
23,1473.8
26,1474.1
10,1475.2
30,1476.4
29,1476.5
17,1476.5
12,1478.6
16,1479.4
5,1481.1
4,1482.0
22,1483.2
14,1484.5
27,1486.9
9,1491.5
28,1492.5
18,1493.2
1,1496.1
21,1497.0
13,1507.1
15,1511.4
7,1511.5
23,1511.6
30,1512.9
11,1513.7
31,1514.1
22,1514.8
19,1515.3
8,1516.4
29,1516.9
6,1518.1
17,1518.3
14,1518.3
18,1519.0
10,1519.1
25,1520.0
4,1520.1
5,1520.6
20,1521.5
12,1521.6
2,1523.1
28,1523.4
3,1528.0
9,1528.2
13,1536.6
21,1537.7
22,1539.9
14,1541.1
29,1548.3
18,1552.1
11,1556.5
19,1557.2
23,1557.8
30,1558.9
4,1559.0
26,1559.4
15,1559.7
10,1560.3
20,1562.0
17,1564.6
13,1570.5
9,1573.0
6,1574.6
18,1577.5
2,1587.7
12,1588.0
21,1588.7
29,1590.0
22,1591.8
11,1594.3
3,1594.6
10,1596.9
14,1600.0
23,1601.0
19,1604.2
15,1609.2
17,1610.3
13,1613.2
18,1615.5
31,1623.3
20,1626.8
7,1627.8
22,1630.3
11,1631.0
9,1631.5
28,1632.3
26,1632.9
27,1633.3
2,1633.5
14,1633.6
6,1634.2
30,1635.4
23,1645.9
29,1651.0
4,1651.5
13,1652.8
5,1653.7
15,1662.4
18,1666.0
19,1669.2
11,1677.1
12,1681.3
10,1681.6
21,1681.8
14,1687.2
13,1693.1
9,1693.2
25,1694.1
17,1694.7
16,1694.8
29,1707.4
18,1714.8
22,1715.7
7,1715.7
5,1726.8
12,1727.8
11,1729.1
23,1730.6
4,1731.0
14,1731.9
13,1737.2
15,1751.0
21,1751.3
28,1753.5
9,1759.9
18,1762.8
17,1764.1
20,1771.0
29,1773.5
19,1775.8
5,1775.9
16,1776.4
13,1777.8
12,1778.8
10,1783.8
6,1784.7
4,1801.5
18,1804.4
11,1810.4
14,1818.2
23,1820.7
25,1829.4
20,1829.8
28,1831.7
30,1837.9
2,1839.1
27,1840.9
29,1842.6
18,1844.3
12,1848.8
24,1852.6
13,1857.8
19,1871.2
10,1872.0
22,1875.9
5,1876.9
21,1880.9
20,1889.4
28,1892.3
14,1895.9
4,1896.2
23,1896.6
15,1896.8
30,1897.0
13,1897.0
29,1897.4
7,1898.6
11,1898.8
12,1899.2
18,1899.9
9,1900.0
8,1900.5
6,1901.2
17,1901.3
27,1901.6
16,1902.3
19,1903.0
5,1903.2
22,1903.4
31,1904.2
1,1907.1
10,1907.9
2,1908.1
3,1909.0
21,1914.2
15,1930.7
11,1933.6
14,1934.6
22,1936.1
13,1942.6
18,1944.0
19,1947.3
23,1947.4
10,1948.6
9,1949.7
8,1949.9
5,1952.1
27,1957.5
7,1962.1
21,1964.8
20,1966.0
15,1967.1
29,1968.5
28,1969.2
26,1969.8
25,1973.1
11,1973.9
30,1976.3
13,1976.8
14,1977.0
23,1977.4
6,1979.2
22,1979.3
18,1979.8
3,1980.0
19,1980.0
31,1980.1
17,1980.5
12,1980.6
4,1980.6
5,1981.4
2,1981.6
10,1983.2
9,1983.3
16,1987.9
27,1989.0
15,1990.2
29,2006.9
13,2008.4
11,2010.5
20,2011.8
21,2011.9
30,2013.1
19,2014.4
10,2014.5
18,2014.5
22,2016.0
14,2019.6
28,2020.3
8,2026.7
5,2027.1
6,2028.7
2,2029.4
11,2035.7
27,2036.0
22,2036.1
20,2036.6
19,2036.8
4,2037.1
13,2038.2
18,2038.8
9,2041.3
21,2045.3
15,2049.6
29,2054.2
7,2054.4
23,2055.2
30,2055.8
14,2055.8
10,2057.8
22,2058.4
17,2059.0
11,2059.5
31,2060.1
12,2060.5
16,2060.5
3,2061.1
5,2061.5
18,2061.8
6,2061.8
25,2062.1
9,2062.4
8,2062.6
13,2063.1
4,2065.6
2,2067.8
28,2069.9
27,2070.8
20,2080.6
19,2082.0
22,2086.7
23,2090.0
11,2093.0
14,2093.2
13,2093.3
21,2095.3
15,2095.6
6,2095.8
30,2097.4
10,2099.3
5,2100.9
1,2101.3
12,2101.8
29,2102.5
17,2104.5
3,2107.4
4,2109.5
9,2109.6
8,2110.5
7,2113.3
18,2113.6
13,2125.2
27,2128.2
20,2129.7
28,2130.2
11,2130.9
19,2132.9
22,2134.3
14,2135.6
6,2136.0
21,2136.9
23,2137.0
15,2137.6
30,2137.8
31,2140.0
29,2140.0
25,2140.3
12,2140.5
5,2140.9
18,2141.4
4,2142.8
7,2143.0
10,2144.1
17,2144.3
13,2145.5
9,2146.6
26,2158.2
11,2164.5
3,2168.1
5,2171.8
15,2172.5
4,2172.7
23,2174.1
14,2176.0
12,2177.2
22,2178.0
21,2178.5
6,2178.7
13,2180.1
2,2183.3
18,2187.8
0,2190.0
17,2190.6
10,2191.8
30,2192.3
9,2194.5
29,2195.3
11,2198.1
19,2198.5
31,2203.3
5,2213.9
13,2218.7
4,2227.1
18,2227.6
27,2229.2
28,2230.9
6,2231.0
10,2233.1
14,2233.1
21,2235.9
15,2236.7
30,2236.9
12,2237.2
7,2238.1
19,2238.6
11,2240.7
20,2247.7
1,2257.0
8,2257.2
13,2258.4
22,2272.2
5,2275.3
10,2278.1
25,2282.5
2,2282.7
9,2284.6
18,2285.0
19,2286.8
11,2291.6
31,2296.4
14,2297.2
21,2301.6
13,2301.7
30,2304.2
6,2319.2
27,2330.4
3,2330.5
4,2330.7
11,2331.8
10,2332.4
18,2336.9
23,2340.2
22,2340.6
15,2341.7
9,2342.0
13,2342.4
5,2344.9
19,2359.8
29,2360.3
16,2368.4
17,2370.2
8,2370.3
11,2370.6
2,2372.0
10,2372.4
9,2375.2
7,2381.0
13,2386.0
14,2400.7
11,2406.0
21,2406.9
22,2407.2
3,2407.6
28,2408.8
27,2409.1
15,2410.9
5,2412.3
2,2419.9
16,2424.8
9,2425.0
13,2426.6
17,2428.2
10,2436.8
11,2451.9
19,2454.7
14,2456.7
23,2461.0
22,2464.9
30,2474.7
6,2477.7
18,2483.5
9,2484.3
10,2485.3
28,2485.7
20,2485.9
1,2486.1
2,2486.1
27,2501.8
11,2503.7
5,2513.3
13,2517.6
21,2521.5
15,2521.5
14,2521.6
23,2521.7
9,2521.9
30,2522.1
22,2523.8
18,2523.9
29,2525.1
31,2525.2
12,2525.4
4,2525.5
6,2525.7
17,2525.9
11,2527.3
3,2527.8
5,2528.1
16,2528.5
10,2528.6
19,2529.4
20,2530.1
2,2531.2
27,2543.7
15,2546.6
14,2546.8
30,2548.9
13,2549.5
23,2549.6
31,2552.8
1,2554.1
11,2556.6
21,2557.7
22,2563.4
29,2563.4
12,2563.9
18,2566.7
5,2566.9
9,2569.6
10,2580.3
19,2582.9
13,2585.2
17,2585.5
20,2585.6
14,2585.7
30,2587.9
15,2589.4
23,2591.7
21,2593.0
2,2595.3
26,2598.3
27,2598.5
31,2602.7
22,2603.2
18,2603.4
11,2603.5
5,2603.7
4,2603.8
29,2603.9
10,2604.0
16,2604.3
9,2604.7
30,2605.2
8,2605.4
13,2605.5
6,2605.5
7,2605.8
28,2606.5
12,2606.7
14,2607.0
15,2607.5
19,2608.8
20,2610.8
21,2626.6
11,2629.6
13,2636.5
6,2643.4
17,2644.0
12,2644.8
4,2645.1
5,2645.9
18,2649.2
22,2649.8
10,2655.8
9,2656.0
14,2656.4
19,2656.9
23,2658.1
15,2660.3
2,2666.9
30,2667.4
11,2675.1
7,2679.5
13,2679.9
5,2682.4
23,2682.7
21,2683.7
6,2684.1
22,2684.3
31,2684.3
27,2685.5
20,2685.5
29,2685.6
25,2685.7
28,2686.0
14,2686.0
12,2686.5
18,2686.5
19,2686.6
16,2686.7
4,2686.9
15,2687.1
17,2687.7
26,2688.4
30,2688.7
10,2697.2
13,2708.7
5,2709.9
3,2721.8
11,2726.7
6,2728.0
22,2728.6
23,2730.6
19,2731.9
30,2732.0
29,2732.2
21,2733.5
28,2735.0
4,2736.0
14,2736.7
15,2737.4
12,2737.8
13,2738.3
18,2742.0
20,2743.8
9,2751.1
5,2754.7
7,2761.4
23,2762.3
3,2764.1
31,2764.3
22,2764.6
30,2764.8
15,2765.0
8,2765.5
17,2765.6
14,2765.8
16,2766.4
2,2766.5
10,2767.1
11,2767.2
27,2767.2
13,2767.8
6,2767.9
29,2768.1
19,2768.5
4,2768.6
12,2769.7
18,2778.7
28,2792.7
26,2794.2
27,2795.5
19,2795.6
13,2795.7
11,2800.1
14,2805.4
23,2805.5
15,2806.0
30,2806.7
12,2812.1
5,2812.6
21,2815.2
4,2816.4
13,2827.3
7,2828.9
3,2831.1
29,2831.3
17,2832.9
28,2833.5
23,2834.8
18,2836.4
2,2837.5
19,2838.6
20,2841.8
11,2842.7
22,2852.6
15,2855.1
13,2857.4
30,2857.4
14,2859.3
27,2860.0
10,2860.3
21,2860.9
12,2862.0
28,2867.8
4,2868.4
5,2868.6
25,2871.1
29,2875.7
9,2876.6
26,2879.2
8,2881.9
6,2882.0
20,2885.1
18,2888.5
19,2891.7
13,2897.7
22,2899.1
27,2901.8
21,2908.2
16,2915.6
30,2916.1
4,2928.6
20,2930.6
29,2937.2
13,2941.0
22,2945.0
19,2945.8
18,2946.0
23,2947.2
27,2950.8
14,2951.0
28,2953.3
21,2954.5
9,2960.2
11,2960.4
16,2961.0
10,2964.6
31,2978.5
15,2984.5
29,2984.7
20,2997.4
25,2999.2
11,3000.8
13,3006.8
21,3008.3
22,3009.3
30,3009.4
19,3013.4
26,3018.4
10,3020.3
9,3022.1
15,3038.7
6,3039.1
4,3042.3
20,3043.1
22,3043.6
28,3044.3
27,3044.8
14,3044.9
13,3045.5
29,3046.4
11,3047.1
21,3047.2
23,3050.4
30,3053.0
17,3061.8
16,3063.8
25,3065.3
19,3068.7
9,3075.2
31,3076.2
15,3084.3
12,3085.2
13,3085.6
28,3088.1
5,3088.3
22,3088.4
20,3088.5
11,3096.2
21,3107.1
16,3113.5
9,3113.6
17,3114.6
2,3114.7
18,3115.4
10,3138.1
25,3138.4
13,3141.3
14,3143.2
20,3144.2
19,3145.3
7,3146.0
15,3146.5
22,3146.9
23,3147.5
5,3148.4
30,3148.6
12,3149.1
11,3149.1
4,3150.2
31,3150.3
29,3150.4
18,3150.8
27,3151.0
9,3151.3
6,3151.4
3,3152.4
28,3152.9
21,3153.3
17,3167.7
15,3174.1
26,3178.4
22,3179.3
10,3179.4
11,3180.3
30,3180.6
23,3181.9
18,3184.7
14,3185.6
9,3186.0
28,3188.8
13,3194.2
27,3194.5
19,3194.6
29,3195.1
20,3195.5
5,3198.3
21,3200.0
24,3208.5
12,3214.1
18,3216.4
31,3220.9
22,3221.8
28,3224.7
15,3225.0
30,3225.5
23,3225.9
14,3226.7
7,3227.4
29,3227.5
13,3228.0
1,3228.7
11,3229.3
9,3229.4
8,3229.4
10,3229.5
17,3229.8
5,3230.2
4,3230.5
21,3230.9
6,3231.4
3,3233.6
27,3233.7
16,3233.8
19,3234.7
20,3237.9
12,3239.2
18,3247.5
22,3251.3
14,3254.2
13,3261.2
15,3264.0
11,3266.9
2,3267.3
9,3268.6
5,3269.7
23,3270.2
7,3270.7
30,3274.0
28,3278.9
4,3279.1
22,3291.3
6,3291.6
21,3292.9
29,3293.6
18,3293.9
13,3302.9
14,3305.4
11,3306.0
15,3306.2
23,3307.2
12,3308.1
31,3309.3
10,3309.4
5,3309.8
17,3310.1
30,3310.3
25,3310.6
19,3311.1
16,3311.1
7,3312.2
27,3312.3
22,3313.4
9,3313.8
4,3313.8
26,3314.3
18,3314.7
1,3314.8
8,3314.9
3,3315.3
2,3315.7
24,3316.0
28,3316.5
29,3319.8
6,3320.1
15,3340.6
20,3340.8
23,3346.1
9,3348.1
18,3348.6
11,3348.9
14,3349.5
19,3349.5
10,3350.4
13,3350.8
27,3351.2
5,3351.4
22,3354.1
21,3354.1
30,3355.6
17,3355.9
3,3358.7
12,3368.6
31,3373.9
16,3382.0
8,3382.2
18,3383.7
14,3385.7
15,3385.9
23,3386.5
7,3386.9
13,3388.5
11,3388.7
22,3388.7
21,3388.8
9,3389.3
4,3389.7
19,3390.3
26,3390.9
20,3390.9
6,3391.1
30,3391.3
29,3391.4
5,3391.5
27,3391.6
10,3391.8
28,3393.5
25,3394.7
2,3395.7
12,3396.5
11,3414.5
27,3418.5
29,3419.0
13,3419.2
23,3422.7
5,3422.9
18,3425.6
19,3425.9
9,3433.6
21,3446.1
14,3446.5
15,3448.5
11,3449.5
26,3449.7
13,3455.4
31,3463.3
25,3463.5
12,3465.2
29,3467.4
19,3468.3
18,3469.7
30,3469.9
22,3471.0
7,3471.3
17,3474.4
27,3474.8
5,3479.4
9,3493.3
0,3493.5
11,3494.5
13,3495.9
16,3508.0
24,3511.4
3,3512.1
23,3515.2
19,3521.6
18,3530.9
2,3532.1
29,3534.0
22,3536.4
10,3537.1
11,3544.5
14,3547.1
30,3549.8
13,3550.9
25,3550.9
5,3552.0
17,3555.9
31,3558.9
23,3560.7
15,3566.5
6,3567.1
7,3567.7
27,3574.3
28,3575.2
3,3575.3
20,3575.5
10,3575.9
19,3576.3
21,3577.1
26,3582.4
11,3582.4
2,3584.5
1,3593.9
9,3594.1
8,3596.3
19,3605.0
24,3605.3
25,3607.6
17,3608.1
22,3609.0
10,3610.3
18,3613.6
14,3614.4
15,3616.1
23,3620.9
5,3621.6
11,3622.1
13,3622.2
30,3627.7
9,3642.8
27,3646.2
19,3649.3
2,3653.4
10,3655.6
21,3657.7
6,3659.2
7,3660.6
29,3663.6
11,3664.1
13,3664.3
30,3665.5
4,3669.0
28,3670.1
15,3674.8
25,3682.3
10,3686.4
24,3688.4
14,3694.7
16,3696.0
22,3696.1
13,3697.4
17,3697.6
8,3698.1
18,3699.9
5,3700.3
11,3701.1
12,3715.5
1,3722.3
15,3728.0
31,3729.8
23,3731.3
13,3733.8
30,3734.7
18,3738.6
19,3739.0
2,3739.5
9,3740.1
10,3740.8
5,3745.6
22,3746.7
14,3746.8
11,3747.7
25,3748.6
4,3751.2
21,3766.6
12,3768.1
8,3770.2
3,3770.3
0,3770.8
15,3771.9
23,3772.6
30,3772.7
13,3772.8
29,3772.9
14,3772.9
6,3773.5
16,3773.6
27,3775.1
22,3775.2
18,3775.6
31,3776.0
20,3776.0
19,3776.0
28,3776.3
11,3776.5
5,3776.7
4,3776.8
7,3779.6
10,3781.0
9,3784.6
2,3785.1
21,3801.6
12,3803.6
3,3812.2
11,3816.4
14,3816.9
13,3817.1
15,3817.2
25,3817.4
22,3817.6
30,3819.7
18,3822.0
9,3824.0
10,3825.7
17,3828.3
5,3830.0
4,3830.9
21,3840.1
20,3841.2
6,3845.8
12,3846.8
19,3846.9
11,3848.9
23,3849.1
31,3851.3
0,3851.5
14,3852.1
2,3852.1
8,3852.4
30,3852.6
29,3852.7
22,3852.9
15,3853.4
1,3853.4
13,3854.3
16,3854.5
18,3855.6
3,3856.3
27,3857.2
9,3857.3
4,3857.7
28,3857.9
10,3858.4
7,3859.4
17,3859.9
5,3861.1
13,3891.0
23,3891.5
9,3891.7
30,3892.1
14,3893.4
22,3894.3
19,3896.3
5,3896.9
12,3897.2
18,3897.4
21,3898.4
6,3901.4
10,3901.5
20,3903.7
11,3904.7
15,3905.9
1,3907.0
4,3909.8
31,3914.6
23,3921.1
29,3924.9
13,3925.6
14,3925.6
28,3928.9
9,3929.2
5,3929.7
27,3929.8
16,3929.9
8,3930.2
30,3931.1
0,3931.7
17,3932.1
22,3932.1
25,3933.4
21,3934.1
15,3934.2
12,3934.8
18,3935.0
7,3935.3
23,3935.4
6,3936.3
31,3936.7
4,3937.4
2,3937.7
19,3938.4
3,3939.6
11,3941.9
20,3943.4
13,3965.5
18,3972.0
12,3974.2
9,3974.4
29,3974.7
30,3977.2
21,3978.3
17,3979.6
5,3981.5
4,3982.1
6,3983.1
10,3983.6
14,3985.3
11,3988.3
19,3988.7
22,3989.7
25,3990.2
26,3991.3
23,3991.5
15,3992.0
20,3994.4
18,4003.0
30,4012.4
13,4013.0
9,4013.2
31,4013.2
23,4013.7
21,4014.1
12,4014.3
7,4014.8
29,4015.0
0,4015.5
6,4015.6
4,4016.2
1,4016.4
5,4016.6
22,4016.7
15,4017.0
14,4017.2
27,4018.0
3,4019.8
16,4020.5
11,4022.3
28,4022.5
10,4026.7
17,4029.8
18,4037.1
13,4039.5
21,4052.0
30,4053.0
20,4054.8
22,4054.9
11,4055.2
19,4055.5
29,4055.8
27,4056.3
15,4057.2
28,4060.0
23,4060.2
9,4061.8
5,4063.4
4,4064.0
12,4065.1
10,4069.3
18,4071.4
13,4073.5
14,4074.3
2,4075.4
6,4075.7
1,4077.5
17,4079.7
11,4079.7
22,4094.2
19,4100.3
30,4101.6
29,4102.1
27,4102.5
13,4105.2
15,4105.3
12,4105.5
21,4105.9
4,4106.9
5,4107.2
28,4107.7
23,4107.7
20,4108.1
18,4109.6
14,4111.6
10,4114.7
11,4115.6
9,4121.0
17,4126.2
13,4131.7
1,4133.2
3,4134.7
19,4141.8
10,4141.9
18,4143.6
12,4145.7
6,4149.2
21,4150.3
22,4150.5
4,4151.1
26,4153.4
25,4153.4
30,4153.7
11,4155.1
29,4156.5
13,4162.0
9,4167.8
2,4171.4
27,4177.2
19,4178.4
18,4182.0
17,4182.4
16,4184.5
28,4184.6
23,4185.0
14,4185.2
20,4189.3
11,4189.5
10,4190.3
15,4191.2
7,4191.6
22,4191.7
12,4194.0
5,4194.1
13,4196.7
31,4200.1
4,4201.4
6,4211.2
11,4214.2
29,4216.3
19,4219.1
21,4219.9
28,4222.5
23,4224.9
18,4230.0
20,4238.5
13,4239.6
10,4240.8
22,4246.3
15,4246.5
30,4248.0
21,4257.7
19,4258.7
11,4263.1
14,4263.6
27,4265.0
26,4266.0
17,4266.1
18,4270.9
8,4271.3
1,4272.8
4,4279.0
13,4284.3
28,4290.6
9,4303.7
20,4305.8
11,4308.6
19,4308.6
21,4309.6
23,4309.8
5,4311.6
2,4311.9
18,4315.0
28,4343.2
9,4360.1
27,4360.5
29,4361.7
11,4364.0
21,4366.4
8,4369.8
12,4371.4
10,4371.8
17,4372.1
13,4373.2
22,4373.5
2,4391.6
4,4393.2
23,4395.4
14,4395.6
30,4395.9
15,4395.9
20,4397.1
7,4397.8
6,4398.2
5,4398.3
13,4399.6
21,4401.0
18,4401.4
28,4401.9
11,4401.9
29,4402.0
12,4402.2
31,4402.5
16,4402.7
22,4402.9
27,4404.4
3,4405.4
19,4406.7
9,4410.1
17,4423.2
5,4433.0
30,4433.9
13,4433.9
23,4435.4
21,4442.5
15,4443.2
4,4443.4
18,4443.8
12,4445.6
14,4447.0
28,4447.9
6,4449.0
11,4452.5
7,4458.0
29,4459.9
5,4473.1
23,4475.8
13,4477.0
19,4477.5
30,4477.7
20,4477.8
22,4477.8
31,4478.0
15,4478.2
18,4478.3
21,4478.3
6,4478.4
14,4479.6
7,4480.7
4,4480.9
12,4481.4
16,4481.6
27,4481.7
28,4482.9
11,4483.8
29,4484.9
2,4486.5
17,4486.6
10,4486.8
3,4487.0
9,4487.5
26,4488.8
1,4492.6
13,4500.7
5,4507.3
28,4515.9
22,4518.2
8,4518.3
27,4518.8
19,4523.4
21,4523.9
4,4526.4
6,4527.8
12,4529.0
14,4529.7
23,4529.8
30,4530.0
18,4532.0
13,4533.4
11,4537.3
10,4541.9
29,4547.1
20,4549.3
31,4554.5
15,4554.8
5,4555.9
7,4556.2
22,4556.7
14,4557.1
13,4557.6
6,4558.0
23,4558.2
21,4559.5
12,4559.8
30,4559.9
17,4561.0
4,4561.7
28,4561.9
27,4562.4
16,4563.4
19,4563.4
18,4566.2
2,4567.5
29,4570.1
8,4570.8
9,4577.1
11,4584.7
13,4587.2
10,4589.2
15,4589.5
5,4598.3
25,4599.3
14,4600.4
23,4601.3
4,4607.2
20,4608.2
30,4608.4
21,4608.9
22,4609.0
19,4610.8
28,4611.2
12,4612.0
6,4613.7
29,4616.3
13,4616.9
9,4621.8
0,4622.1
18,4626.3
2,4626.9
7,4634.8
23,4635.0
14,4635.1
31,4636.0
15,4636.0
5,4637.2
13,4638.6
30,4639.5
6,4639.6
4,4640.8
17,4640.9
27,4641.2
22,4641.5
21,4641.6
11,4642.5
12,4642.7
16,4643.6
19,4643.7
28,4643.7
20,4644.4
29,4644.9
10,4648.8
13,4671.9
14,4672.8
23,4673.6
21,4673.7
6,4676.3
15,4677.5
12,4677.9
7,4678.0
9,4678.4
5,4678.5
22,4684.9
30,4686.5
19,4686.8
11,4694.8
27,4695.4
29,4698.4
18,4699.0
20,4699.3
13,4700.9
3,4706.5
28,4708.5
31,4712.4
10,4713.5
17,4714.3
21,4715.0
25,4717.3
12,4718.2
14,4720.5
22,4721.0
6,4722.3
27,4723.1
19,4725.6
5,4730.6
23,4731.1
11,4731.6
30,4733.1
16,4737.9
13,4740.7
4,4741.0
2,4747.5
18,4747.6
20,4750.3
12,4751.3
10,4752.9
29,4753.0
22,4754.1
14,4757.6
28,4757.7
19,4759.9
3,4760.8
21,4761.7
11,4773.3
15,4776.4
9,4777.4
27,4778.0
13,4778.6
30,4780.0
5,4790.4
25,4799.4
19,4803.1
29,4805.2
12,4805.7
28,4807.2
20,4810.6
21,4812.2
13,4812.4
30,4812.4
22,4814.3
16,4816.0
17,4816.9
14,4817.2
18,4817.6
1,4820.7
2,4820.7
26,4823.1
27,4825.9
11,4826.9
23,4828.1
15,4828.7
5,4829.7
4,4831.4
7,4833.0
6,4834.4
3,4834.4
13,4837.1
19,4843.5
11,4856.4
17,4858.9
10,4859.0
8,4860.8
18,4864.0
4,4866.3
28,4867.4
29,4867.5
30,4871.7
22,4873.6
13,4874.3
9,4886.6
16,4890.4
27,4890.5
25,4891.0
14,4891.6
1,4891.7
15,4896.9
7,4898.1
21,4902.2
12,4903.3
13,4910.4
23,4918.3
5,4918.7
9,4931.3
18,4933.0
22,4933.6
19,4935.0
30,4942.2
29,4942.2
14,4950.1
20,4951.4
11,4954.8
21,4957.8
13,4959.1
9,4961.9
15,4965.3
6,4967.3
23,4971.6
18,4972.6
2,4974.8
19,4978.2
10,4979.1
27,4981.6
1,4982.8
28,5002.0
13,5014.4
11,5016.4
12,5018.9
16,5019.1
18,5019.2
23,5020.3
5,5020.8
29,5020.8
30,5021.1
21,5021.6
4,5021.7
14,5022.4
15,5022.5
22,5023.0
20,5024.0
31,5024.9
8,5025.8
6,5026.3
27,5027.4
26,5027.9
19,5028.7
17,5029.3
13,5030.1
28,5030.3
7,5031.2
5,5043.6
21,5044.5
14,5048.3
22,5056.6
13,5057.3
30,5058.0
4,5060.5
15,5064.3
23,5064.4
11,5064.8
6,5065.4
9,5066.5
29,5067.3
2,5072.4
20,5073.7
21,5074.4
18,5075.9
13,5077.6
19,5078.9
27,5079.5
5,5080.4
28,5080.8
12,5081.2
14,5090.1
6,5096.3
4,5098.0
30,5099.8
23,5100.6
22,5101.0
15,5101.3
29,5102.0
13,5102.1
31,5102.3
21,5102.5
5,5104.3
11,5104.6
8,5107.2
16,5109.6
12,5109.9
3,5110.9
27,5112.0
7,5112.8
17,5113.0
25,5113.4
18,5114.2
14,5117.5
22,5127.1
23,5128.2
26,5130.7
30,5134.6
19,5135.0
4,5139.1
13,5140.6
29,5146.5
28,5152.7
5,5156.9
11,5157.0
21,5158.3
6,5164.0
14,5169.6
13,5177.2
23,5179.8
30,5179.9
31,5180.0
29,5180.2
22,5180.3
15,5181.9
5,5182.0
17,5182.7
20,5182.7
12,5183.2
27,5185.3
21,5185.4
4,5185.8
18,5186.5
28,5187.4
6,5187.8
19,5188.0
16,5188.2
9,5188.6
3,5189.6
14,5191.3
7,5191.5
1,5191.9
11,5193.5
2,5194.7
26,5201.2
13,5207.4
18,5217.5
23,5220.9
19,5221.9
12,5223.6
30,5224.0
9,5228.5
5,5229.2
28,5230.6
27,5230.9
11,5231.2
20,5232.7
21,5232.9
4,5232.9
22,5233.0
10,5237.7
13,5238.4
3,5240.8
17,5242.5
14,5247.1
11,5257.6
31,5259.7
15,5259.9
19,5259.9
23,5260.0
6,5260.5
5,5260.6
30,5261.5
29,5261.6
18,5262.0
12,5262.6
13,5262.9
21,5262.9
7,5263.2
22,5265.3
14,5265.7
4,5266.2
20,5266.2
27,5266.3
28,5267.6
16,5269.0
25,5277.0
9,5279.4
2,5281.9
5,5286.4
11,5287.7
13,5289.3
29,5290.3
22,5290.4
18,5290.5
17,5291.1
23,5291.1
21,5291.2
19,5292.3
30,5292.4
15,5292.7
14,5293.4
12,5303.9
20,5307.3
10,5319.7
4,5320.3
13,5320.5
11,5321.4
9,5323.3
5,5324.3
22,5330.5
14,5331.2
18,5332.4
30,5334.1
19,5341.7
21,5344.1
29,5345.1
23,5345.2
16,5355.6
27,5355.9
12,5359.3
13,5359.9
20,5363.7
31,5364.6
6,5364.9
14,5365.5
22,5367.9
4,5370.3
11,5370.7
5,5370.9
3,5371.9
25,5379.0
26,5379.8
18,5379.9
10,5380.2
30,5384.4
29,5385.5
21,5391.7
15,5392.0
13,5396.9
2,5405.1
14,5405.2
19,5405.4
8,5405.9
11,5409.9
10,5415.9
0,5418.1
18,5419.4
9,5419.5
12,5423.4
20,5432.6
29,5436.6
27,5442.3
13,5443.4
21,5444.4
30,5449.1
5,5449.5
31,5449.7
14,5452.0
11,5454.7
15,5458.9
22,5463.9
18,5466.9
2,5468.7
9,5469.5
17,5469.8
10,5473.9
19,5479.9
8,5480.2
20,5483.7
13,5483.8
21,5485.2
29,5485.9
12,5486.5
28,5488.4
11,5489.7
6,5491.8
3,5492.8
18,5498.8
30,5521.2
11,5536.0
29,5539.7
12,5539.7
14,5540.3
15,5540.4
13,5542.6
18,5542.8
5,5546.1
28,5546.7
22,5548.8
23,5549.2
21,5549.4
31,5551.4
4,5552.3
25,5576.1
30,5577.3
10,5577.3
13,5581.0
9,5583.9
16,5584.6
11,5585.9
5,5586.7
8,5586.9
12,5587.3
22,5592.8
18,5595.3
21,5596.2
4,5596.8
6,5598.2
14,5611.9
13,5612.2
17,5621.1
23,5621.1
29,5622.0
15,5625.6
30,5626.5
5,5628.5
12,5635.9
19,5642.5
28,5642.9
27,5642.9
11,5643.0
3,5643.9
20,5646.0
22,5646.2
21,5646.4
31,5647.7
13,5648.2
7,5648.9
23,5649.1
14,5649.7
16,5650.3
9,5650.8
18,5650.9
8,5651.2
29,5651.4
6,5651.6
30,5652.1
5,5652.2
12,5652.5
4,5653.1
17,5655.6
15,5670.6
22,5679.3
13,5679.7
14,5679.9
4,5680.2
10,5684.7
18,5686.0
11,5687.4
23,5687.9
9,5688.3
20,5688.4
3,5688.8
25,5689.2
21,5689.7
19,5690.3
27,5690.6
28,5691.2
30,5692.4
29,5693.4
12,5698.2
1,5699.5
7,5699.7
6,5700.4
5,5702.5
13,5711.2
14,5719.1
4,5720.4
0,5724.6
22,5724.9
15,5726.1
23,5726.6
18,5726.9
29,5727.1
11,5727.1
30,5727.2
31,5727.3
12,5728.7
10,5728.7
16,5729.0
21,5729.1
5,5729.2
13,5729.4
8,5729.5
19,5729.6
27,5729.7
9,5729.8
28,5730.3
17,5730.5
20,5731.8
6,5733.4
2,5734.6
3,5737.6
14,5749.6
22,5754.3
13,5755.2
11,5755.3
4,5757.0
12,5757.0
23,5758.2
30,5758.5
15,5761.0
5,5767.3
18,5767.9
21,5769.6
29,5773.1
1,5773.6
19,5774.1
10,5777.6
9,5778.2
27,5779.4
17,5782.7
11,5790.5
20,5794.0
6,5794.4
13,5794.5
14,5794.5
22,5798.4
23,5800.8
5,5803.9
31,5804.0
15,5804.7
30,5805.2
12,5806.9
8,5807.3
29,5807.7
16,5807.8
4,5809.1
18,5809.6
11,5810.1
21,5810.5
28,5811.1
27,5811.9
9,5812.4
13,5812.5
19,5812.9
24,5813.8
25,5814.2
3,5816.0
10,5816.9
2,5816.9
7,5817.2
26,5818.1
17,5819.6
1,5821.4
14,5827.7
21,5848.8
20,5849.8
5,5850.0
23,5850.7
30,5850.8
12,5851.7
22,5852.3
29,5853.1
13,5853.3
18,5855.6
4,5856.5
11,5858.7
9,5863.1
28,5864.9
8,5870.5
10,5871.7
14,5873.1
6,5880.3
13,5883.5
5,5885.1
23,5886.1
22,5886.5
30,5886.6
29,5886.7
21,5887.0
15,5887.1
11,5887.1
7,5887.4
31,5887.7
16,5888.4
18,5888.8
17,5889.2
2,5890.6
9,5891.1
0,5891.3
12,5891.8
10,5892.0
27,5892.0
4,5892.6
28,5892.7
1,5894.2
26,5894.2
19,5894.6
8,5894.8
3,5894.9
20,5895.9
14,5900.5
18,5921.9
13,5923.2
9,5929.8
11,5929.8
5,5935.5
10,5936.3
23,5937.8
2,5938.1
22,5944.2
4,5944.2
21,5944.5
19,5944.6
29,5945.0
20,5945.5
12,5946.8
28,5948.1
30,5948.5
14,5948.7
13,5952.0
31,5958.2
27,5964.6
18,5965.9
11,5973.2
19,5974.8
10,5975.4
9,5976.6
16,5976.9
2,5977.3
1,5978.4
8,5981.5
26,5992.5
30,5995.1
13,5997.0
21,5998.5
4,5998.9
18,5999.8
22,6002.6
27,6004.8
14,6006.0
29,6006.5
12,6007.9
10,6008.6
25,6009.8
19,6013.8
11,6014.6
17,6016.0
9,6017.5
20,6027.5
18,6032.9
13,6036.2
5,6036.6
16,6037.4
10,6045.0
30,6053.1
15,6054.4
23,6054.8
11,6058.9
3,6059.1
22,6063.0
9,6063.9
21,6069.8
13,6070.5
19,6070.7
18,6079.9
14,6082.5
7,6082.7
20,6085.8
30,6094.1
6,6094.2
5,6095.1
28,6095.5
4,6097.7
10,6098.2
2,6099.6
11,6100.2
12,6100.3
13,6100.5
1,6101.1
9,6105.0
18,6111.6
19,6114.0
27,6116.0
22,6117.7
26,6117.8
25,6118.1
17,6118.6
16,6120.0
15,6125.3
14,6128.6
5,6130.9
10,6137.6
11,6141.1
3,6144.4
2,6145.2
20,6145.5
21,6146.1
12,6147.6
9,6147.9
19,6148.3
26,6154.1
18,6156.7
13,6158.4
28,6159.1
29,6159.3
17,6159.7
27,6162.8
22,6163.7
14,6180.6
11,6183.1
10,6184.6
6,6185.2
9,6185.7
0,6186.2
8,6186.7
5,6188.3
13,6196.7
12,6203.7
19,6203.8
4,6218.4
16,6223.5
17,6224.6
10,6225.5
23,6225.8
31,6226.7
11,6229.3
9,6233.2
20,6233.9
21,6234.9
14,6235.0
18,6235.9
2,6236.1
28,6236.6
29,6238.4
22,6238.5
13,6242.1
5,6244.4
27,6267.1
19,6267.1
11,6269.4
15,6269.9
30,6271.0
10,6271.9
20,6272.5
17,6273.3
18,6273.3
9,6273.7
21,6273.8
31,6274.0
29,6274.5
12,6274.9
28,6274.9
26,6275.1
25,6275.1
16,6275.8
5,6276.0
4,6276.1
3,6276.6
1,6277.1
13,6277.4
23,6277.4
22,6277.8
14,6278.6
24,6280.0
6,6280.9
2,6281.6
27,6297.2
9,6302.1
18,6303.0
19,6304.7
17,6305.9
16,6306.1
11,6306.6
10,6312.4
30,6320.3
21,6321.9
13,6324.2
12,6325.3
28,6328.8
22,6335.5
9,6339.3
2,6340.4
29,6340.6
18,6343.4
27,6347.4
10,6349.2
19,6350.7
16,6350.7
8,6350.9
11,6351.5
25,6351.8
6,6352.4
20,6352.5
5,6352.5
14,6352.7
15,6352.7
31,6353.4
17,6353.4
12,6353.5
21,6354.0
23,6354.1
13,6354.6
0,6354.7
30,6354.8
24,6355.0
28,6355.9
4,6356.3
26,6357.1
9,6357.3
1,6360.3
22,6362.6
18,6369.0
8,6376.7
2,6376.8
10,6382.5
5,6383.2
12,6384.1
11,6384.5
13,6386.1
14,6387.3
30,6389.5
9,6393.6
19,6394.3
27,6395.3
3,6395.3
17,6396.9
21,6400.5
16,6401.0
18,6407.7
11,6421.3
28,6422.1
12,6423.9
1,6427.7
25,6428.0
10,6429.1
26,6430.5
13,6432.0
5,6432.4
8,6432.6
27,6433.1
19,6433.3
15,6433.8
31,6433.9
30,6434.0
24,6434.0
9,6434.1
29,6434.4
0,6434.6
16,6435.4
18,6435.4
17,6435.6
14,6436.1
4,6437.1
21,6437.7
6,6437.8
3,6438.4
20,6438.5
2,6438.8
28,6439.7
22,6439.8
11,6440.1
12,6444.4
9,6467.8
17,6468.5
30,6472.5
5,6475.4
18,6477.1
19,6480.1
10,6481.1
13,6481.5
14,6481.5
27,6482.2
11,6484.6
22,6490.3
16,6491.2
21,6491.9
20,6492.2
28,6493.2
4,6494.9
12,6495.7
6,6496.6
26,6499.0
2,6500.4
3,6502.9
9,6505.8
25,6509.5
1,6512.6
8,6512.6
17,6512.7
11,6512.8
15,6513.1
24,6513.6
13,6513.7
18,6513.9
29,6514.5
27,6514.9
0,6514.9
30,6515.3
19,6516.0
10,6516.1
5,6516.9
16,6517.1
28,6517.2
14,6517.4
21,6517.5
23,6519.0
22,6520.0
12,6524.6
4,6539.3
13,6547.8
11,6549.7
2,6550.9
9,6551.2
10,6553.6
18,6554.0
30,6555.8
15,6557.6
29,6560.1
27,6561.7
19,6562.7
28,6562.8
17,6562.9
16,6563.6
6,6565.7
5,6566.3
21,6566.4
23,6568.0
12,6568.8
3,6572.8
1,6578.9
18,6579.1
13,6589.2
9,6592.6
11,6593.6
10,6598.1
0,6599.7
26,6601.4
24,6602.0
20,6602.8
16,6604.5
27,6606.0
18,6606.9
28,6609.7
19,6610.6
17,6612.1
14,6624.7
12,6624.9
21,6625.3
5,6625.4
15,6625.5
22,6628.5
13,6629.7
9,6638.1
4,6639.3
2,6639.7
11,6639.9
6,6644.5
18,6646.5
29,6649.9
30,6650.1
19,6655.9
3,6657.3
27,6657.6
26,6659.4
16,6662.7
12,6676.0
13,6677.3
11,6677.3
21,6679.5
24,6680.2
15,6683.0
23,6684.8
10,6686.8
28,6687.4
18,6688.1
5,6692.0
9,6696.3
14,6699.6
19,6702.9
2,6703.8
1,6705.4
20,6707.2
11,6712.8
27,6713.0
30,6714.8
13,6723.8
17,6724.3
16,6724.4
12,6727.5
18,6728.2
8,6728.8
9,6731.0
4,6731.4
29,6731.6
28,6733.5
22,6738.3
6,6742.5
10,6743.5
31,6746.3
25,6754.1
14,6754.6
2,6756.7
9,6758.7
27,6758.9
17,6760.0
18,6766.4
5,6770.3
11,6774.8
28,6782.1
4,6782.4
13,6784.1
12,6784.3
30,6787.4
10,6801.7
1,6804.5
22,6805.5
20,6806.3
9,6807.8
11,6811.6
14,6811.9
6,6814.7
18,6815.0
26,6815.6
5,6816.0
29,6816.4
19,6817.6
15,6819.9
16,6826.2
4,6829.7
2,6830.8
17,6836.1
13,6836.8
27,6836.8
10,6839.1
9,6839.5
28,6842.7
21,6847.7
18,6856.0
14,6861.1
19,6867.6
26,6872.8
12,6873.0
13,6876.1
9,6876.2
5,6887.4
6,6888.6
4,6893.0
24,6896.5
11,6896.6
2,6896.8
25,6896.9
30,6897.4
10,6897.5
18,6897.6
15,6897.6
23,6897.7
28,6897.7
29,6898.4
20,6898.9
16,6899.1
31,6899.6
12,6899.7
27,6899.8
19,6900.0
21,6900.8
3,6901.1
17,6901.3
14,6901.9
13,6902.2
22,6902.9
7,6906.8
8,6907.6
26,6909.9
9,6910.0
5,6927.4
1,6929.0
11,6929.9
13,6930.3
17,6933.1
18,6934.6
2,6935.5
10,6937.6
15,6939.5
30,6940.9
25,6945.0
27,6945.3
19,6951.7
9,6957.4
18,6965.5
11,6969.1
16,6969.2
29,6969.7
17,6971.0
20,6971.4
1,6972.8
10,6974.3
22,6975.0
13,6975.2
28,6976.0
4,6976.1
12,6976.1
5,6976.5
3,6977.1
6,6977.3
14,6977.4
2,6977.5
19,6977.7
21,6977.9
31,6978.1
30,6978.3
27,6979.0
23,6980.4
25,6981.1
0,6981.5
26,6982.0
8,6982.5
7,6982.6
15,6982.7
9,6983.0
18,6983.3
11,6984.4
17,7004.0
14,7004.6
12,7005.3
13,7006.0
21,7009.1
27,7016.3
22,7017.5
11,7018.8
5,7021.2
10,7024.1
19,7027.2
16,7027.8
18,7030.0
13,7030.2
14,7031.3
2,7032.3
12,7034.3
8,7036.6
20,7039.5
1,7039.6
9,7040.0
6,7040.6
28,7047.9
21,7051.3
27,7051.6
29,7055.3
23,7055.4
30,7055.6
31,7055.8
11,7056.1
3,7056.2
25,7056.6
10,7057.3
18,7057.5
4,7057.6
13,7057.8
24,7057.8
12,7057.9
5,7058.1
15,7058.3
17,7058.4
26,7058.4
19,7059.4
22,7059.5
2,7059.5
16,7060.1
14,7060.2
9,7061.8
0,7062.1
8,7069.1
6,7078.7
11,7091.4
30,7093.3
18,7094.3
15,7094.9
23,7095.3
27,7095.6
14,7096.7
19,7098.1
29,7098.8
12,7099.1
13,7099.2
10,7100.2
5,7104.3
21,7104.4
2,7105.1
17,7105.1
9,7106.6
4,7112.7
20,7114.2
11,7122.5
13,7124.3
22,7125.3
14,7126.1
7,7126.1
6,7127.6
16,7131.8
30,7133.1
26,7136.1
12,7136.2
18,7136.2
28,7136.4
27,7136.5
31,7136.6
1,7136.8
29,7137.2
5,7137.3
23,7137.9
15,7138.5
3,7138.6
4,7139.6
2,7139.6
10,7140.0
19,7140.3
9,7140.6
25,7140.8
21,7142.2
11,7143.4
20,7143.8
24,7144.2
13,7145.5
14,7152.8
22,7171.7
18,7176.0
5,7179.4
27,7182.8
12,7183.0
11,7183.2
29,7185.2
13,7185.4
15,7186.2
10,7195.2
14,7200.4
20,7204.2
28,7206.9
19,7210.6
18,7215.3
4,7219.6
13,7221.7
12,7224.6
16,7226.8
5,7226.9
11,7227.2
23,7227.4
17,7228.0
9,7229.1
22,7230.9
21,7239.0
27,7242.2
19,7246.4
20,7250.5
14,7256.8
18,7259.8
29,7260.3
5,7264.3
13,7267.6
15,7273.3
11,7274.0
10,7277.3
22,7278.5
8,7284.4
6,7295.6
4,7299.1
23,7300.9
7,7301.5
21,7307.8
13,7308.0
30,7309.1
19,7309.4
28,7309.6
12,7314.2
5,7315.3
11,7315.4
22,7325.8
20,7328.8
18,7329.9
15,7332.6
24,7343.5
28,7344.6
25,7345.3
13,7346.2
29,7350.5
30,7353.1
11,7354.5
14,7354.8
19,7356.5
10,7361.1
23,7361.9
27,7366.1
2,7367.7
5,7368.9
18,7371.3
9,7380.8
17,7382.4
11,7389.7
19,7392.8
4,7393.2
13,7393.5
3,7393.9
20,7397.5
21,7398.3
12,7401.0
18,7411.3
14,7418.5
15,7419.5
5,7421.8
22,7422.5
27,7426.2
19,7426.8
13,7427.2
25,7434.5
11,7434.5
30,7436.7
7,7445.2
23,7452.3
4,7453.7
18,7457.3
12,7459.1
15,7459.1
13,7461.1
26,7467.9
28,7468.4
17,7468.8
9,7468.9
19,7472.5
30,7474.0
11,7483.2
21,7485.2
5,7489.2
13,7495.2
1,7495.8
22,7496.6
2,7496.7
4,7498.9
18,7500.6
6,7505.4
12,7508.3
27,7511.0
9,7511.5
8,7514.0
17,7514.3
20,7521.5
28,7521.9
29,7522.5
23,7522.7
5,7522.7
11,7523.1
13,7523.4
19,7523.4
12,7523.5
16,7523.6
10,7524.2
30,7524.3
3,7524.5
31,7524.8
21,7525.0
14,7525.1
15,7525.9
22,7526.4
4,7526.7
18,7527.4
24,7528.4
2,7528.7
26,7529.1
25,7534.4
17,7549.0
11,7555.4
19,7556.1
10,7556.5
18,7557.6
12,7560.1
21,7560.9
13,7561.3
16,7561.8
28,7564.2
30,7565.0
5,7567.2
20,7568.8
29,7570.1
22,7572.8
1,7573.8
3,7573.8
4,7584.2
9,7587.6
11,7588.1
25,7590.6
6,7594.1
14,7594.6
13,7595.0
18,7597.4
19,7597.6
12,7599.3
27,7600.2
2,7600.4
10,7600.4
5,7600.4
15,7601.8
23,7602.0
20,7602.5
31,7602.8
28,7603.0
29,7603.1
30,7603.4
16,7605.4
21,7605.5
11,7605.6
22,7605.8
17,7606.6
8,7606.9
26,7608.3
4,7608.8
3,7613.9
13,7620.4
1,7624.2
9,7625.4
10,7632.8
6,7633.8
18,7635.5
5,7636.0
14,7636.6
2,7639.5
12,7642.2
22,7644.0
21,7644.5
19,7644.7
13,7645.3
0,7646.0
11,7647.3
30,7648.1
8,7649.1
17,7651.9
28,7654.4
9,7656.4
29,7659.6
7,7668.7
15,7669.4
4,7670.8
10,7671.3
5,7672.2
25,7672.3
13,7674.2
11,7674.8
14,7678.0
19,7678.7
3,7680.3
12,7680.5
2,7680.7
18,7680.8
27,7681.2
20,7682.2
24,7683.2
6,7683.4
30,7684.0
22,7684.1
9,7684.6
28,7684.9
21,7685.2
13,7685.8
8,7686.4
1,7686.9
31,7687.1
17,7687.7
10,7689.0
29,7689.3
23,7691.6
0,7691.6
4,7692.5
15,7693.5
12,7703.6
11,7706.1
5,7707.4
20,7709.0
3,7709.5
19,7710.6
13,7714.1
18,7714.5
28,7715.9
14,7715.9
21,7719.9
27,7721.4
30,7722.6
26,7728.4
7,7730.2
22,7730.5
9,7730.6
4,7730.8
29,7731.1
10,7734.0
2,7735.6
8,7736.7
12,7737.1
1,7740.2
19,7741.3
11,7745.0
20,7748.6
18,7749.4
13,7751.1
5,7752.0
4,7760.0
3,7761.1
12,7761.6
28,7761.7
29,7762.4
27,7762.7
30,7762.7
2,7763.0
11,7763.2
23,7763.9
9,7764.3
13,7764.4
14,7764.7
31,7764.8
21,7765.3
17,7765.9
25,7766.1
24,7766.2
22,7766.7
10,7766.9
6,7768.5
19,7769.8
15,7769.8
5,7772.0
7,7773.6
18,7778.3
20,7790.4
13,7792.8
30,7793.3
14,7797.6
27,7798.1
21,7799.6
9,7803.1
28,7803.7
10,7805.0
15,7805.5
29,7806.7
12,7806.9
11,7810.6
4,7816.0
19,7818.5
5,7826.4
18,7826.8
22,7827.8
13,7832.1
30,7834.5
31,7839.9
25,7845.3
26,7845.7
6,7845.7
11,7846.1
14,7846.2
20,7847.6
10,7848.7
21,7850.0
12,7850.2
28,7851.8
29,7852.5
7,7855.1
19,7859.4
1,7861.1
9,7862.5
13,7863.1
5,7863.1
23,7863.5
30,7869.1
18,7869.6
4,7869.7
22,7872.9
17,7879.3
27,7880.4
10,7881.1
19,7885.4
15,7887.4
26,7892.2
11,7893.3
14,7893.5
13,7898.0
29,7901.9
21,7901.9
28,7903.1
20,7903.9
8,7908.1
12,7911.8
30,7912.2
18,7913.0
2,7913.2
6,7913.2
22,7914.0
5,7914.2
4,7918.3
23,7920.4
15,7920.6
19,7921.8
9,7933.8
14,7934.3
25,7943.4
3,7946.7
21,7951.5
27,7952.5
13,7952.6
1,7954.0
28,7956.0
12,7958.1
29,7959.2
30,7961.4
18,7962.1
15,7968.0
6,7969.2
11,7975.0
22,7976.3
17,7979.3
19,7981.9
14,7984.2
13,7990.3
9,7993.5
18,8015.8
15,8019.7
20,8019.9
30,8019.9
27,8020.1
21,8020.6
11,8022.3
29,8022.4
28,8022.4
13,8022.6
3,8025.1
19,8025.5
22,8036.1
23,8037.1
12,8042.3
25,8044.0
10,8045.0
9,8047.8
2,8048.1
5,8055.7
16,8057.8
13,8058.8
1,8059.9
18,8066.3
19,8082.3
30,8092.7
10,8099.7
29,8101.5
20,8102.5
13,8103.0
11,8103.2
14,8106.9
15,8107.4
27,8107.6
22,8113.6
21,8113.6
9,8114.1
18,8115.4
25,8120.3
24,8120.7
17,8123.9
4,8124.1
6,8124.2
19,8125.2
2,8126.3
10,8134.1
30,8134.3
12,8135.7
23,8137.8
13,8140.4
11,8141.1
27,8142.1
16,8144.1
29,8145.0
5,8145.0
20,8147.3
21,8147.5
9,8148.0
28,8148.9
22,8149.3
14,8149.5
1,8149.7
4,8149.9
18,8150.0
2,8151.9
12,8152.1
19,8152.1
26,8152.9
10,8153.1
8,8154.8
0,8155.6
3,8155.6
17,8157.2
30,8165.9
13,8179.9
11,8182.9
27,8183.0
15,8183.7
5,8185.2
21,8185.6
29,8187.0
28,8188.4
18,8188.5
9,8188.7
19,8189.3
10,8191.5
22,8192.7
12,8195.8
23,8210.7
31,8212.0
30,8212.6
2,8212.7
13,8213.2
20,8214.5
14,8214.8
1,8217.9
18,8219.6
11,8219.7
9,8223.3
4,8225.0
10,8225.2
19,8225.3
17,8225.5
12,8225.7
5,8225.8
27,8226.0
6,8226.5
24,8226.6
29,8226.8
21,8227.4
3,8227.9
16,8228.1
13,8228.2
28,8228.4
25,8228.7
2,8229.2
15,8229.4
22,8229.6
8,8229.7
20,8231.1
30,8231.2
14,8233.1
26,8233.6
18,8247.1
11,8249.1
21,8261.0
19,8261.5
13,8262.3
4,8262.4
12,8262.4
29,8264.2
27,8266.2
10,8268.5
5,8269.1
28,8269.3
9,8269.8
6,8271.3
22,8274.3
2,8277.7
20,8279.7
11,8280.5
30,8280.6
14,8283.7
3,8283.7
1,8284.5
23,8284.6
13,8284.7
18,8285.5
21,8290.0
26,8291.5
15,8291.6
12,8292.9
7,8296.8
4,8298.2
10,8299.2
19,8299.5
17,8302.6
9,8303.2
2,8304.1
27,8304.1
25,8304.8
18,8305.1
5,8305.5
16,8305.9
29,8306.3
24,8306.6
28,8307.2
11,8307.3
13,8307.6
12,8308.9
20,8309.2
22,8309.6
8,8310.3
21,8310.9
1,8311.7
31,8311.7
0,8311.8
30,8312.3
14,8312.6
23,8314.4
3,8314.9
4,8319.0
26,8322.5
19,8328.3
18,8329.9
11,8338.1
13,8338.2
29,8341.2
28,8341.3
5,8341.5
10,8342.9
9,8344.2
20,8345.2
2,8345.6
27,8355.4
21,8356.6
12,8359.6
22,8361.6
11,8367.6
4,8368.3
1,8368.3
18,8370.8
13,8373.9
14,8374.0
10,8376.6
9,8377.3
28,8381.5
0,8381.7
19,8382.0
5,8383.8
2,8384.7
12,8385.5
25,8385.8
3,8386.0
16,8386.3
27,8386.3
11,8386.7
29,8386.8
24,8387.2
20,8387.3
8,8387.4
26,8387.5
17,8388.1
4,8388.8
13,8388.8
18,8389.3
23,8389.3
21,8390.1
9,8391.6
31,8392.8
22,8393.1
10,8393.4
1,8393.4
6,8394.0
30,8394.7
7,8403.3
14,8414.0
13,8416.3
5,8416.7
19,8422.3
29,8423.3
11,8427.0
12,8427.2
28,8429.5
27,8433.0
2,8433.0
4,8434.6
9,8437.1
3,8437.1
18,8440.0
30,8441.8
21,8442.7
10,8443.4
17,8443.5
13,8443.7
6,8443.8
1,8444.1
5,8456.2
14,8461.5
19,8467.8
11,8468.6
12,8472.5
4,8477.3
7,8477.9
13,8484.6
27,8484.8
28,8485.3
22,8485.5
2,8485.9
9,8487.1
10,8487.5
20,8489.8
21,8491.0
15,8491.5
18,8492.3
6,8497.0
14,8499.7
5,8502.3
1,8509.6
11,8514.1
23,8519.2
29,8520.5
30,8520.5
22,8525.1
13,8526.4
21,8526.9
4,8534.3
12,8534.4
15,8535.7
28,8548.6
20,8551.5
18,8556.1
2,8556.4
26,8558.3
27,8559.9
9,8561.9
5,8565.1
11,8566.7
13,8569.5
10,8570.7
29,8573.4
21,8573.8
4,8605.2
14,8607.6
13,8611.5
27,8618.3
20,8620.5
18,8621.0
22,8621.5
21,8622.5
9,8628.6
11,8628.8
16,8630.1
29,8631.6
30,8633.9
12,8636.0
0,8646.3
28,8651.5
19,8656.1
13,8659.8
20,8664.1
4,8664.8
18,8665.8
10,8667.8
6,8669.3
23,8671.2
21,8671.9
14,8674.1
27,8676.1
30,8676.6
31,8676.8
22,8682.8
11,8683.9
15,8686.5
28,8699.7
5,8700.2
21,8701.2
13,8701.3
20,8703.8
4,8704.4
9,8704.5
3,8706.7
12,8707.0
16,8720.2
1,8721.0
11,8726.0
18,8727.2
19,8730.9
14,8732.3
6,8733.4
13,8740.3
22,8743.0
27,8743.4
21,8744.6
5,8747.8
2,8756.7
11,8759.2
12,8769.6
29,8770.4
9,8770.9
23,8770.9
3,8771.0
10,8771.0
13,8771.3
28,8771.3
4,8771.3
18,8771.3
19,8771.5
5,8771.9
17,8772.0
27,8773.2
20,8773.5
8,8774.1
30,8774.1
16,8774.9
14,8775.2
11,8775.3
26,8775.7
0,8776.6
1,8776.8
21,8776.9
15,8778.4
22,8779.4
2,8779.8
25,8780.9
24,8781.9
6,8782.0
19,8793.8
18,8795.7
10,8797.4
9,8803.7
13,8804.6
29,8806.4
27,8806.8
12,8815.0
14,8816.3
4,8816.3
5,8816.4
21,8817.4
28,8818.2
3,8821.4
11,8822.1
19,8822.9
20,8823.8
17,8827.5
2,8828.7
13,8830.6
15,8831.0
18,8831.1
30,8831.2
31,8832.0
10,8832.7
16,8834.6
22,8836.6
23,8839.1
9,8844.0
12,8844.2
27,8847.1
4,8850.5
29,8850.5
19,8851.3
18,8851.3
25,8852.7
5,8852.7
13,8853.8
6,8854.2
11,8854.4
28,8854.5
17,8855.0
10,8855.4
14,8855.6
2,8855.6
21,8856.3
1,8856.9
0,8857.0
8,8858.1
26,8859.5
3,8860.7
16,8862.1
30,8863.2
22,8864.1
27,8880.7
12,8881.3
14,8882.4
13,8884.7
9,8885.7
18,8888.3
11,8891.1
19,8894.6
21,8896.6
10,8897.1
2,8900.4
17,8901.2
5,8903.0
29,8903.3
20,8906.1
4,8907.8
13,8909.2
16,8909.3
8,8909.7
30,8910.7
28,8910.9
18,8913.7
3,8917.4
1,8917.7
15,8918.8
9,8919.5
19,8920.2
11,8923.0
10,8923.5
14,8925.0
27,8926.9
12,8927.6
5,8930.5
22,8930.6
13,8930.7
18,8931.4
2,8931.4
4,8932.0
29,8932.1
23,8933.0
17,8934.4
24,8934.5
26,8934.8
25,8935.1
28,8936.3
21,8937.5
20,8938.0
31,8938.3
19,8939.0
30,8939.4
0,8942.7
16,8945.4
1,8947.9
15,8950.3
9,8950.7
11,8952.2
18,8954.8
10,8955.3
14,8958.4
29,8959.0
2,8959.0
13,8959.1
22,8959.1
27,8959.8
12,8960.3
21,8963.5
5,8965.3
19,8965.7
4,8972.0
3,8978.5
20,8983.6
11,8984.2
26,8987.5
29,8990.2
28,8991.0
13,8994.1
30,8995.6
9,8996.2
10,8997.0
17,8998.3
12,8998.4
18,9002.6
27,9003.9
16,9003.9
2,9004.2
19,9004.7
25,9007.7
5,9011.1
11,9011.1
4,9011.8
14,9012.0
9,9012.5
13,9012.5
10,9013.6
24,9013.7
12,9014.4
22,9014.4
8,9014.9
1,9015.6
29,9015.6
3,9015.9
21,9018.2
0,9018.5
6,9019.0
28,9020.8
20,9021.8
19,9029.5
30,9045.9
18,9046.0
28,9047.9
21,9048.5
9,9049.8
29,9049.8
2,9050.4
13,9050.5
5,9051.9
11,9052.3
4,9052.7
10,9054.1
17,9055.2
27,9056.4
19,9064.9
16,9065.1
14,9065.6
12,9065.7
1,9067.0
25,9072.2
18,9076.9
8,9078.5
26,9079.7
3,9080.8
11,9081.3
9,9081.5
10,9081.6
13,9081.6
6,9083.3
4,9084.9
20,9084.9
5,9086.1
2,9091.9
17,9092.9
28,9093.4
0,9093.6
12,9094.1
21,9098.2
30,9099.3
19,9103.4
29,9103.5
14,9103.9
27,9115.8
22,9116.6
18,9116.7
13,9117.4
11,9123.6
4,9125.1
10,9129.4
9,9130.7
25,9136.7
2,9138.3
12,9143.7
17,9147.4
19,9147.7
28,9148.6
30,9157.2
18,9158.9
21,9159.0
13,9159.7
14,9160.2
16,9167.2
9,9167.6
10,9168.4
11,9168.9
17,9173.5
2,9179.1
25,9181.0
22,9184.4
19,9184.7
31,9184.7
27,9185.1
29,9185.5
5,9185.6
12,9187.1
15,9187.2
18,9188.3
30,9190.9
13,9193.5
28,9194.7
9,9205.4
8,9207.4
10,9207.7
14,9216.3
11,9223.2
26,9225.9
17,9226.3
3,9232.2
19,9238.6
13,9242.3
18,9243.3
1,9248.3
10,9251.1
28,9254.1
12,9258.6
22,9259.1
21,9259.8
2,9260.0
5,9262.9
9,9265.7
14,9286.3
15,9286.7
13,9291.9
17,9293.7
23,9295.4
18,9296.0
16,9297.8
11,9299.2
3,9300.1
28,9301.3
10,9301.6
27,9302.4
12,9303.0
25,9303.5
1,9303.6
19,9308.3
2,9309.7
26,9310.8
22,9316.2
14,9324.8
9,9326.1
29,9326.7
18,9340.1
10,9341.4
13,9343.6
20,9345.1
30,9345.1
5,9345.3
11,9354.1
19,9359.8
12,9360.6
28,9364.0
9,9383.2
2,9390.5
3,9390.9
4,9391.7
18,9392.2
21,9392.4
13,9394.4
10,9394.9
17,9395.6
19,9395.6
11,9396.2
25,9396.3
27,9396.4
16,9396.6
12,9396.7
5,9396.9
23,9397.0
29,9397.0
8,9397.0
26,9397.3
20,9397.3
6,9397.7
30,9398.0
22,9398.3
14,9398.4
1,9398.9
24,9400.1
28,9400.1
0,9401.2
15,9403.5
9,9405.5
7,9410.4
2,9414.3
13,9421.9
18,9427.3
12,9427.5
10,9429.3
4,9429.7
19,9430.4
11,9432.6
5,9432.7
21,9433.4
3,9434.6
20,9435.4
29,9435.5
14,9438.1
17,9443.0
27,9445.2
28,9448.3
13,9457.1
9,9463.0
16,9464.3
12,9464.6
8,9465.4
5,9467.2
19,9468.7
11,9469.6
22,9470.1
18,9470.8
2,9474.7
10,9475.6
4,9476.0
17,9477.1
25,9477.3
3,9477.3
13,9477.4
27,9477.7
21,9477.8
20,9478.2
14,9478.8
26,9478.9
1,9481.1
9,9481.1
12,9481.6
29,9481.8
28,9481.8
0,9482.1
5,9486.3
11,9489.1
15,9490.0
19,9499.3
18,9500.2
10,9501.3
13,9502.4
23,9508.8
12,9509.2
2,9518.4
9,9520.5
21,9521.4
4,9521.8
30,9523.6
27,9525.0
17,9525.2
29,9526.2
20,9526.5
22,9526.6
11,9529.7
18,9529.7
3,9530.1
26,9530.8
25,9531.1
14,9531.7
24,9532.0
13,9532.1
19,9532.1
5,9532.8
16,9542.1
10,9544.9
8,9545.1
12,9554.0
18,9555.1
9,9555.4
19,9555.4
6,9555.5
11,9555.7
2,9555.9
28,9555.9
13,9556.3
4,9556.3
5,9556.4
27,9556.4
21,9556.7
20,9557.4
14,9558.6
17,9559.2
10,9560.0
1,9560.6
26,9561.1
3,9561.2
25,9561.3
29,9562.0
30,9562.3
23,9562.8
22,9563.4
0,9563.5
31,9563.9
24,9569.5
12,9586.5
13,9589.3
11,9591.5
21,9594.4
27,9594.8
19,9595.1
18,9595.6
28,9597.2
3,9600.4
20,9600.4
1,9601.9
2,9602.4
9,9603.1
14,9604.1
4,9604.8
10,9608.0
25,9611.7
29,9612.2
26,9612.4
5,9612.6
17,9613.9
13,9616.7
12,9617.0
23,9618.6
11,9623.6
21,9632.0
6,9632.3
18,9634.2
19,9634.5
14,9635.1
9,9635.5
2,9635.9
12,9636.0
27,9636.3
30,9636.3
13,9636.5
16,9636.6
5,9636.7
10,9637.0
20,9637.1
4,9637.7
28,9638.3
22,9639.1
1,9640.3
0,9640.9
3,9641.0
17,9641.1
11,9641.5
29,9641.9
26,9643.2
15,9643.3
25,9644.0
24,9644.8
31,9644.8
8,9664.6
9,9669.5
11,9672.8
13,9673.0
14,9673.8
5,9673.9
12,9674.6
2,9674.9
18,9675.0
19,9677.7
10,9677.7
27,9679.2
6,9679.2
21,9680.2
23,9680.5
28,9685.1
1,9687.0
17,9687.1
4,9688.8
16,9690.5
29,9700.1
22,9704.1
18,9704.3
14,9710.1
11,9712.7
13,9713.0
12,9713.3
10,9713.5
9,9714.5
2,9716.6
0,9721.9
19,9722.6
5,9729.6
17,9737.7
21,9742.4
6,9745.9
18,9746.2
15,9746.3
20,9746.6
13,9747.2
11,9748.3
4,9749.0
28,9749.3
12,9749.8
10,9749.8
25,9751.2
14,9752.1
9,9755.9
2,9761.0
19,9761.1
3,9763.5
8,9763.8
26,9764.7
29,9773.3
5,9775.4
22,9778.7
13,9780.8
18,9784.7
11,9785.3
17,9787.2
12,9790.7
21,9792.1
10,9793.1
14,9794.1
20,9795.2
27,9796.3
28,9796.7
19,9799.6
9,9800.9
30,9801.7
16,9802.6
2,9806.2
6,9810.4
5,9812.4
23,9812.7
13,9812.8
18,9829.8
11,9833.7
17,9834.6
7,9834.7
10,9841.9
12,9845.9
27,9848.4
28,9849.5
19,9849.9
13,9850.3
29,9851.0
26,9853.5
8,9856.5
14,9861.1
16,9865.6
5,9869.2
11,9869.4
15,9871.0
9,9874.6
23,9874.7
21,9875.4
30,9875.7
22,9876.5
4,9877.6
13,9886.1
18,9887.4
24,9899.9
25,9900.9
6,9901.8
1,9905.7
12,9908.2
17,9916.9
2,9921.3
14,9923.8
11,9925.3
9,9925.9
18,9927.4
19,9930.4
20,9931.4
4,9931.9
28,9932.2
5,9932.6
27,9933.0
13,9933.3
29,9936.7
3,9944.5
12,9952.5
10,9956.0
6,9968.6
26,9969.1
18,9971.5
14,9975.3
19,9977.0
11,9978.3
21,9979.7
13,9982.8
4,9984.7
28,9986.1
5,9987.3
12,9988.7
22,9993.5
