13,87.5
30,87.6
16,87.7
7,87.7
14,87.8
25,87.9
3,87.9
8,87.9
31,88.1
4,88.2
15,88.4
18,88.4
23,88.5
21,88.5
24,88.7
26,88.8
11,88.8
6,88.9
28,89.0
5,89.0
0,89.1
29,89.5
30,94.3
13,94.6
16,94.7
14,94.8
7,94.8
31,95.1
25,95.2
4,95.6
8,95.9
18,95.9
3,96.7
26,97.8
15,97.8
5,98.7
21,98.9
24,99.7
30,99.8
28,100.2
29,100.4
16,101.3
14,101.3
31,101.5
6,101.7
7,101.8
13,102.0
25,103.3
4,104.5
30,105.2
19,105.2
18,105.5
0,105.7
8,108.2
31,110.6
30,110.7
16,110.9
14,111.4
7,112.6
20,114.3
30,116.9
30,127.1
13,167.3
30,167.4
16,167.5
7,167.5
8,167.6
14,167.6
3,167.7
25,167.7
15,167.9
31,167.9
4,168.0
18,168.1
23,168.3
21,168.3
24,168.5
11,168.6
28,168.6
26,168.6
5,168.7
6,168.7
0,169.0
29,169.4
30,174.1
16,174.5
13,174.5
14,174.5
7,174.5
25,174.8
31,174.8
4,175.3
18,175.5
8,175.6
3,176.3
26,177.2
15,177.6
5,177.7
21,178.4
24,178.8
28,179.2
29,179.4
30,179.4
14,180.8
6,180.9
16,181.0
31,181.1
0,181.2
7,181.2
13,181.4
25,182.0
2,183.1
4,183.7
18,183.8
19,184.2
30,184.6
8,186.6
14,188.3
31,188.7
3,189.0
16,189.7
7,189.8
30,189.9
1,191.3
13,193.1
25,193.9
26,194.3
30,195.5
30,201.7
30,212.7
13,247.2
7,247.4
30,247.4
16,247.5
14,247.6
25,247.6
3,247.6
8,247.7
31,247.9
4,248.0
15,248.1
21,248.2
18,248.2
23,248.3
24,248.5
6,248.6
26,248.6
11,248.6
5,248.7
0,248.8
28,248.8
29,249.3
30,254.0
13,254.4
16,254.5
7,254.5
14,254.5
25,254.8
31,254.8
4,255.2
8,255.5
18,255.6
3,256.0
26,256.9
5,257.5
21,257.9
15,258.2
24,258.5
28,259.1
30,259.3
29,259.6
11,260.1
6,260.2
0,260.7
14,260.8
16,260.9
31,261.0
7,261.0
13,261.3
25,262.0
4,262.6
18,263.9
30,264.3
8,265.3
19,265.5
3,268.1
31,268.4
14,268.5
16,269.4
30,269.5
7,269.7
26,269.8
27,272.1
13,273.6
30,275.0
25,275.0
21,276.0
30,280.8
30,287.9
8,341.7
29,342.0
28,352.6
3,380.5
31,475.9
16,569.4
24,569.7
26,569.7
4,569.8
18,570.1
13,632.4
16,632.6
30,632.6
7,632.7
25,632.8
14,632.8
8,632.8
3,632.8
4,633.1
31,633.1
18,633.3
15,633.3
21,633.4
23,633.5
24,633.6
11,633.7
26,633.7
28,633.9
5,633.9
6,633.9
0,634.1
29,634.5
30,639.3
16,639.6
13,639.6
14,639.7
7,639.7
25,640.0
31,640.0
4,640.4
8,640.7
18,640.7
3,641.4
26,642.3
15,642.9
21,643.0
5,643.1
24,643.3
28,643.7
30,644.6
29,644.6
6,645.4
16,646.0
14,646.1
31,646.3
11,646.4
7,646.5
13,646.6
0,646.7
25,647.1
4,648.2
18,649.0
30,649.8
19,650.4
8,651.4
3,653.3
20,653.7
16,653.9
31,654.0
14,654.0
22,654.7
9,654.8
30,655.1
13,655.3
7,655.5
1,656.0
25,657.0
21,657.3
30,660.7
30,667.0
30,677.8
2,678.7
30,706.7
13,712.2
7,712.4
16,712.5
14,712.6
8,712.6
3,712.6
25,712.7
4,712.9
31,712.9
21,713.1
15,713.1
30,713.2
18,713.2
23,713.3
26,713.5
24,713.5
11,713.5
5,713.6
6,713.6
28,713.7
0,713.9
29,714.2
30,718.7
13,719.4
14,719.5
7,719.5
16,719.5
31,719.8
25,719.9
4,720.2
8,720.3
18,720.6
3,720.9
26,722.1
21,722.2
15,722.5
5,722.6
30,723.6
28,723.8
24,723.9
29,723.9
6,724.9
0,725.6
14,725.8
16,725.9
11,726.0
13,726.0
7,726.0
31,726.1
25,727.2
4,727.6
30,728.2
18,729.1
8,729.8
19,730.4
3,732.6
30,732.9
14,733.3
31,733.8
16,733.8
7,734.4
13,734.8
21,735.6
30,737.6
17,737.8
26,739.3
25,739.3
4,739.5
30,742.7
30,748.2
30,754.3
30,763.4
26,782.0
16,783.2
13,792.2
30,792.4
7,792.5
3,792.6
14,792.6
8,792.6
25,792.7
31,792.9
4,792.9
15,793.1
18,793.2
21,793.2
23,793.3
11,793.4
16,793.4
24,793.5
28,793.5
5,793.5
6,793.6
0,793.7
29,794.2
26,795.2
30,799.0
13,799.3
7,799.5
14,799.5
31,799.8
25,799.9
4,800.2
16,800.3
8,800.4
18,800.6
3,800.7
5,802.0
21,802.3
15,802.6
28,802.9
24,803.9
29,804.0
6,804.1
30,804.2
26,804.5
0,805.3
11,805.7
14,805.8
13,805.9
31,806.0
10,806.0
7,806.1
16,806.8
25,807.0
4,807.2
18,808.6
30,809.2
8,810.2
19,810.3
3,811.9
5,812.7
14,813.2
31,813.2
13,813.4
16,814.3
30,814.3
21,815.3
7,815.3
4,817.3
25,818.8
30,819.6
30,825.3
13,825.8
30,831.7
30,843.7
13,872.2
16,872.4
30,872.4
7,872.5
14,872.6
8,872.6
25,872.7
3,872.7
4,872.9
31,872.9
15,873.1
18,873.2
21,873.2
23,873.3
24,873.4
26,873.5
11,873.5
6,873.6
28,873.7
5,873.7
0,873.9
29,874.3
30,879.0
13,879.3
16,879.4
7,879.5
14,879.5
31,879.8
25,879.8
4,880.2
8,880.4
18,880.6
3,880.8
26,881.8
5,882.4
21,882.5
15,882.7
24,883.3
28,883.5
6,883.9
30,884.1
29,884.2
16,885.7
0,885.8
14,885.8
13,885.8
31,886.0
7,886.2
11,886.2
25,886.9
4,887.3
18,888.9
30,889.1
8,890.1
3,892.3
31,893.1
16,893.1
13,893.5
14,893.6
26,894.0
30,894.1
7,895.6
27,897.9
25,898.1
30,899.3
4,899.7
30,904.9
30,910.9
30,919.6
24,935.9
13,954.4
28,967.9
6,968.9
13,1006.3
14,1007.6
29,1032.3
16,1106.4
20,1133.7
26,1134.8
27,1146.3
16,1146.7
13,1183.7
23,1184.4
0,1200.9
29,1232.4
13,1257.4
30,1257.6
7,1257.6
16,1257.6
8,1257.8
25,1257.8
14,1257.8
3,1257.8
4,1258.1
31,1258.1
23,1258.3
15,1258.4
18,1258.4
21,1258.4
24,1258.6
26,1258.7
11,1258.7
6,1258.8
28,1258.8
5,1258.8
0,1258.8
29,1259.3
30,1264.3
13,1264.5
16,1264.6
7,1264.6
14,1264.6
25,1265.0
31,1265.0
4,1265.4
8,1265.6
18,1265.8
3,1266.1
26,1267.4
5,1267.6
21,1267.8
29,1268.0
15,1268.6
24,1268.6
28,1268.8
0,1269.4
6,1269.4
30,1269.5
14,1270.9
16,1271.0
7,1271.3
31,1271.3
13,1271.3
11,1271.4
25,1272.1
4,1273.1
18,1274.0
30,1274.6
19,1274.6
8,1275.0
27,1277.2
3,1277.4
14,1278.3
20,1278.8
31,1278.9
16,1279.2
7,1279.4
1,1279.6
30,1279.8
13,1279.9
5,1280.1
12,1282.2
25,1282.3
26,1283.3
21,1283.7
24,1284.4
30,1285.3
29,1285.8
30,1291.3
30,1299.2
13,1337.2
30,1337.4
16,1337.5
7,1337.5
3,1337.6
14,1337.6
8,1337.6
25,1337.7
31,1337.9
4,1337.9
15,1338.1
18,1338.2
21,1338.2
23,1338.3
26,1338.5
11,1338.5
24,1338.5
5,1338.6
6,1338.6
28,1338.7
0,1338.9
29,1339.2
30,1344.0
14,1344.4
16,1344.4
13,1344.4
7,1344.5
31,1344.8
25,1344.9
4,1345.2
8,1345.3
18,1345.5
3,1345.7
26,1346.9
5,1347.4
21,1347.5
15,1347.7
24,1348.3
29,1348.4
28,1348.9
30,1349.2
6,1349.7
0,1350.4
14,1350.6
16,1350.8
31,1351.0
7,1351.0
11,1351.1
13,1351.1
25,1352.0
4,1352.8
18,1353.4
30,1354.2
8,1354.3
3,1356.3
14,1357.5
31,1358.3
16,1358.3
7,1359.1
30,1359.3
26,1359.5
24,1360.2
13,1360.2
19,1360.2
4,1360.4
5,1360.4
18,1361.3
20,1361.7
25,1362.9
30,1364.6
16,1366.8
30,1370.4
14,1370.6
4,1372.1
26,1372.5
30,1377.2
27,1380.5
4,1393.8
30,1398.7
13,1417.2
16,1417.4
30,1417.5
7,1417.5
8,1417.6
14,1417.6
25,1417.6
3,1417.7
4,1417.7
31,1417.9
23,1418.0
15,1418.0
18,1418.1
11,1418.1
21,1418.2
26,1418.3
24,1418.4
6,1418.6
28,1418.7
5,1418.7
0,1418.9
29,1419.3
30,1424.1
13,1424.3
16,1424.4
14,1424.5
7,1424.5
25,1424.7
31,1424.8
4,1424.9
8,1425.1
18,1425.5
3,1425.8
26,1426.0
5,1427.4
15,1427.6
21,1427.7
24,1428.2
28,1428.4
29,1429.0
11,1429.1
30,1429.2
6,1429.2
0,1430.6
14,1430.7
16,1430.8
23,1430.9
13,1430.9
31,1431.0
7,1431.1
25,1431.6
4,1432.0
18,1433.4
8,1433.9
30,1434.1
26,1436.5
3,1437.1
14,1437.9
31,1438.1
16,1438.7
30,1439.0
13,1439.8
7,1439.9
19,1440.4
25,1442.2
5,1442.4
30,1444.1
4,1444.8
30,1449.6
30,1455.6
30,1463.2
2,1470.9
13,1497.1
30,1497.3
16,1497.4
7,1497.5
25,1497.6
3,1497.6
8,1497.6
14,1497.6
4,1497.9
31,1497.9
15,1498.2
21,1498.2
18,1498.2
23,1498.3
26,1498.4
11,1498.4
24,1498.4
5,1498.6
6,1498.6
28,1498.8
0,1498.8
29,1499.2
30,1503.9
13,1504.2
16,1504.4
14,1504.5
7,1504.5
31,1504.8
25,1504.8
4,1505.1
8,1505.3
18,1505.5
3,1505.8
26,1506.7
5,1507.2
21,1507.5
15,1508.0
24,1508.1
28,1508.7
29,1508.8
30,1509.0
6,1509.4
11,1510.4
0,1510.6
13,1510.7
16,1510.7
14,1510.8
7,1511.0
31,1511.0
23,1511.9
25,1511.9
4,1512.5
18,1513.4
30,1513.9
8,1514.0
3,1517.1
31,1518.2
14,1518.4
16,1518.7
30,1518.8
7,1518.8
13,1519.1
26,1519.5
20,1519.5
25,1523.2
30,1523.9
4,1525.7
30,1529.4
30,1535.3
30,1542.8
28,1559.5
13,1633.8
13,1760.9
10,1813.9
25,1829.6
13,1882.4
30,1882.6
16,1882.6
7,1882.7
14,1882.8
8,1882.8
25,1882.8
3,1882.8
31,1883.1
4,1883.1
18,1883.3
15,1883.4
21,1883.4
23,1883.5
11,1883.7
24,1883.7
26,1883.8
0,1883.8
6,1883.8
28,1883.9
5,1884.0
29,1884.5
30,1889.2
16,1889.6
13,1889.6
14,1889.7
7,1889.8
25,1890.0
31,1890.0
4,1890.4
8,1890.7
18,1890.8
3,1891.2
26,1892.3
21,1892.8
5,1893.1
15,1893.5
28,1894.2
24,1894.3
30,1894.4
29,1894.5
6,1895.3
0,1895.5
14,1895.9
11,1896.0
16,1896.1
13,1896.2
31,1896.4
7,1896.4
25,1897.3
4,1898.4
18,1899.2
30,1899.4
19,1900.8
8,1901.7
3,1902.6
14,1903.6
27,1904.1
16,1904.2
30,1904.4
31,1904.8
13,1905.2
7,1905.4
26,1905.6
22,1906.3
25,1908.7
30,1909.6
29,1914.8
30,1915.3
30,1921.5
30,1932.6
13,1962.3
30,1962.4
16,1962.4
7,1962.5
14,1962.6
8,1962.6
3,1962.7
25,1962.7
31,1962.9
4,1963.0
15,1963.1
18,1963.2
23,1963.2
21,1963.3
24,1963.5
11,1963.6
26,1963.6
6,1963.7
5,1963.7
28,1963.7
0,1963.9
29,1964.3
30,1969.0
13,1969.4
16,1969.4
7,1969.5
14,1969.5
31,1969.8
25,1969.9
4,1970.2
18,1970.5
8,1970.5
3,1970.9
26,1971.7
21,1972.0
15,1972.5
5,1972.6
28,1973.4
24,1973.6
29,1974.0
30,1974.1
0,1974.6
6,1975.0
11,1975.4
16,1975.6
14,1975.7
31,1976.0
7,1976.0
13,1976.1
23,1976.4
25,1977.2
4,1977.8
18,1978.3
2,1978.4
30,1978.9
19,1979.5
8,1981.1
3,1981.7
16,1982.7
26,1982.8
14,1983.1
31,1983.4
30,1983.8
21,1983.8
7,1984.3
13,1984.6
25,1988.6
30,1988.8
4,1989.4
30,1994.1
30,1999.9
30,2006.4
19,2024.6
28,2028.8
2,2037.5
13,2042.2
30,2042.3
16,2042.4
7,2042.5
14,2042.5
3,2042.6
8,2042.7
25,2042.7
4,2042.8
31,2042.9
21,2043.1
15,2043.2
18,2043.2
23,2043.3
26,2043.5
11,2043.5
24,2043.5
5,2043.5
6,2043.7
0,2043.9
29,2044.4
28,2045.0
30,2048.9
13,2049.3
16,2049.4
14,2049.4
7,2049.5
31,2049.8
25,2049.9
4,2050.1
8,2050.4
18,2050.5
3,2050.8
26,2051.7
21,2052.1
5,2052.3
15,2052.9
24,2053.6
30,2053.9
29,2054.3
6,2054.6
28,2055.2
16,2055.6
11,2055.6
0,2055.6
14,2055.6
13,2056.0
31,2056.0
7,2056.1
25,2056.9
4,2057.3
18,2058.2
30,2058.8
8,2059.7
3,2062.1
14,2062.4
16,2062.6
31,2063.2
26,2063.4
30,2063.6
7,2064.9
13,2065.0
5,2065.1
21,2065.6
30,2068.7
25,2069.3
4,2071.1
30,2074.1
14,2075.2
16,2076.0
28,2076.9
30,2079.9
30,2086.9
13,2122.1
16,2122.4
30,2122.4
7,2122.5
25,2122.6
14,2122.6
3,2122.6
8,2122.6
4,2122.9
31,2122.9
18,2123.1
15,2123.1
21,2123.2
23,2123.2
11,2123.5
24,2123.5
6,2123.6
26,2123.6
28,2123.7
5,2123.7
0,2123.9
29,2124.4
30,2128.9
13,2129.2
16,2129.4
14,2129.5
7,2129.5
31,2129.8
25,2129.9
4,2130.2
18,2130.4
8,2130.4
3,2130.8
26,2131.7
21,2132.5
15,2132.6
5,2132.6
28,2133.1
24,2133.3
30,2133.9
29,2134.1
6,2134.2
0,2134.8
11,2135.0
13,2135.6
14,2135.6
16,2135.7
2,2135.9
7,2136.0
31,2136.0
23,2136.2
25,2136.8
4,2137.7
18,2138.0
30,2138.7
8,2140.4
3,2142.3
14,2142.4
31,2143.0
16,2143.1
13,2143.4
26,2143.5
30,2143.5
7,2144.4
20,2145.6
25,2145.9
30,2148.6
18,2151.1
30,2153.9
14,2155.1
30,2159.8
30,2166.7
10,2247.5
27,2371.2
28,2410.1
12,2437.3
13,2483.6
13,2507.5
30,2507.5
16,2507.6
7,2507.7
14,2507.8
8,2507.8
25,2507.8
3,2507.8
31,2508.1
4,2508.1
15,2508.4
18,2508.4
21,2508.4
23,2508.5
6,2508.6
24,2508.7
11,2508.8
26,2508.8
28,2508.8
5,2508.9
0,2509.1
29,2509.4
30,2514.2
16,2514.6
13,2514.7
7,2514.7
14,2514.7
31,2515.0
25,2515.0
9,2515.3
4,2515.4
8,2515.5
18,2515.8
3,2516.2
26,2517.5
21,2517.7
5,2518.2
24,2518.6
15,2518.7
28,2518.8
30,2519.4
29,2519.5
6,2519.7
0,2520.6
16,2521.0
14,2521.1
31,2521.2
13,2521.3
11,2521.4
7,2521.5
25,2522.3
4,2523.2
18,2524.0
30,2524.4
19,2524.6
8,2524.9
3,2527.6
31,2528.3
14,2528.6
16,2529.0
21,2529.3
30,2529.5
13,2529.7
20,2529.8
7,2531.0
17,2531.1
30,2534.9
4,2536.7
30,2540.6
1,2542.9
11,2543.3
30,2547.2
13,2553.6
13,2576.2
10,2585.9
30,2587.2
16,2587.4
7,2587.5
8,2587.5
14,2587.6
26,2587.6
3,2587.7
25,2587.7
31,2587.7
4,2587.9
15,2588.0
13,2588.0
18,2588.2
21,2588.3
23,2588.3
24,2588.4
11,2588.4
28,2588.5
0,2588.6
6,2588.7
5,2588.7
29,2589.4
30,2593.9
16,2594.3
14,2594.4
7,2594.5
31,2594.6
25,2594.8
8,2595.1
13,2595.1
4,2595.2
18,2595.5
26,2595.6
3,2595.9
15,2597.3
21,2597.3
5,2597.4
28,2597.9
24,2598.1
29,2598.9
30,2598.9
6,2599.7
0,2599.7
11,2599.8
16,2600.6
14,2600.6
31,2600.8
7,2600.9
23,2601.3
13,2601.6
25,2601.9
4,2602.4
18,2603.1
30,2603.7
8,2603.9
19,2604.9
26,2606.3
3,2607.0
14,2607.5
31,2607.9
16,2608.0
30,2608.6
20,2608.9
7,2609.3
13,2609.4
5,2610.0
21,2611.1
25,2612.1
30,2613.6
4,2615.1
28,2618.7
30,2618.9
14,2621.4
30,2624.7
30,2631.3
15,2643.5
13,2667.2
30,2667.3
16,2667.4
7,2667.5
3,2667.6
8,2667.6
14,2667.6
25,2667.7
31,2667.9
4,2667.9
18,2668.2
21,2668.2
23,2668.3
15,2668.4
24,2668.5
26,2668.5
11,2668.5
6,2668.6
5,2668.7
28,2668.7
0,2668.9
29,2669.3
30,2673.9
13,2674.3
16,2674.4
14,2674.5
7,2674.5
31,2674.8
25,2674.9
4,2675.2
8,2675.3
18,2675.5
3,2675.9
26,2676.4
5,2677.5
21,2677.5
15,2678.2
24,2678.4
28,2678.5
30,2678.9
29,2679.1
6,2679.8
0,2680.6
14,2680.7
13,2680.7
16,2680.7
11,2680.8
31,2681.1
7,2681.1
25,2682.1
4,2682.6
18,2683.6
30,2683.8
8,2684.3
3,2687.4
16,2687.9
14,2688.1
26,2688.1
31,2688.1
13,2688.5
30,2688.6
7,2689.8
20,2690.9
30,2693.6
25,2694.0
4,2696.1
30,2699.0
28,2700.3
16,2701.9
30,2704.8
30,2711.8
18,2746.2
9,2746.4
4,2746.5
13,2747.2
30,2747.3
16,2747.4
7,2747.5
14,2747.6
3,2747.6
8,2747.7
25,2747.7
31,2747.9
15,2748.1
21,2748.2
23,2748.3
24,2748.5
11,2748.5
6,2748.6
26,2748.6
5,2748.7
28,2748.8
0,2749.1
29,2749.3
18,2753.3
4,2753.5
30,2753.9
13,2754.3
16,2754.4
7,2754.5
14,2754.5
31,2754.8
25,2754.9
8,2755.3
3,2755.9
26,2756.5
15,2757.3
21,2757.5
5,2757.5
28,2758.2
24,2758.7
30,2758.9
29,2759.1
6,2759.8
18,2760.3
4,2760.3
16,2760.5
11,2760.6
14,2760.8
13,2760.8
31,2761.0
7,2761.2
0,2761.4
25,2762.2
30,2763.7
8,2764.6
19,2766.0
3,2767.6
26,2767.6
16,2767.7
14,2768.1
31,2768.5
30,2768.6
13,2769.4
7,2769.5
4,2771.0
18,2772.5
30,2773.5
25,2775.3
30,2778.8
30,2784.5
30,2790.9
13,2822.2
15,2855.5
6,2879.2
2,2883.1
7,2930.6
16,2990.7
24,2990.9
26,2990.9
4,2990.9
18,2991.4
13,2996.2
16,3009.4
26,3050.2
25,3107.8
0,3108.4
13,3132.4
30,3132.5
16,3132.5
7,3132.7
14,3132.8
3,3132.8
8,3132.8
25,3132.9
4,3133.1
31,3133.1
18,3133.3
21,3133.4
15,3133.4
23,3133.5
24,3133.6
11,3133.7
26,3133.7
6,3133.7
28,3133.9
5,3133.9
29,3134.4
0,3134.6
22,3137.7
30,3139.2
16,3139.5
13,3139.6
14,3139.7
7,3139.7
31,3140.0
25,3140.2
4,3140.3
18,3140.6
8,3140.6
3,3141.2
26,3142.0
5,3142.8
15,3143.3
21,3143.3
24,3143.8
28,3144.0
30,3144.2
29,3144.3
6,3144.6
16,3145.8
14,3145.9
11,3146.0
31,3146.3
13,3146.5
7,3146.5
0,3146.9
25,3147.5
4,3147.7
18,3148.7
30,3149.1
19,3150.0
8,3150.8
3,3152.5
16,3153.3
14,3153.4
30,3153.9
31,3154.1
26,3154.1
20,3154.1
7,3155.3
5,3155.7
13,3156.5
25,3158.9
30,3158.9
30,3164.3
30,3170.2
30,3177.5
13,3195.2
28,3207.1
30,3212.3
16,3212.4
7,3212.5
8,3212.6
14,3212.6
25,3212.7
13,3212.7
3,3212.7
31,3212.9
4,3212.9
15,3213.1
18,3213.2
23,3213.3
21,3213.3
24,3213.5
26,3213.5
11,3213.6
6,3213.6
5,3213.7
0,3213.9
29,3214.4
28,3216.7
30,3218.9
16,3219.4
7,3219.5
14,3219.5
31,3219.8
13,3219.9
25,3219.9
4,3220.1
8,3220.2
18,3220.6
3,3221.0
26,3221.7
5,3222.5
21,3222.5
15,3222.7
24,3223.1
30,3223.9
29,3224.1
6,3224.8
0,3225.0
11,3225.1
14,3225.6
16,3225.7
7,3226.0
31,3226.0
13,3226.5
4,3227.1
25,3227.3
28,3228.1
8,3228.7
30,3228.7
18,3229.2
2,3229.5
23,3229.6
19,3230.0
3,3232.1
14,3232.5
16,3232.9
20,3233.0
26,3233.2
30,3233.4
31,3233.5
7,3233.7
13,3234.9
17,3236.3
21,3237.3
4,3237.4
30,3238.3
25,3239.1
30,3243.4
14,3245.3
30,3249.0
30,3255.1
30,3264.5
13,3292.2
16,3292.3
30,3292.3
7,3292.5
3,3292.6
14,3292.6
8,3292.6
25,3292.7
4,3292.9
31,3292.9
21,3293.2
18,3293.2
15,3293.2
23,3293.3
26,3293.5
11,3293.5
6,3293.6
24,3293.6
28,3293.7
5,3293.8
0,3293.9
29,3294.3
30,3298.9
16,3299.3
13,3299.3
14,3299.5
7,3299.5
31,3299.8
25,3299.9
4,3300.2
8,3300.4
18,3300.7
3,3300.8
26,3301.6
21,3302.5
5,3302.6
15,3302.6
28,3303.5
24,3303.7
30,3303.9
29,3304.4
6,3304.6
11,3304.8
16,3305.6
14,3305.7
13,3306.0
31,3306.0
7,3306.1
0,3306.1
25,3306.9
4,3307.5
30,3308.7
18,3309.2
8,3309.6
19,3310.4
3,3311.9
26,3312.5
16,3313.1
14,3313.2
31,3313.2
30,3313.5
7,3315.1
13,3315.2
25,3317.5
30,3318.4
4,3320.6
30,3323.7
9,3326.5
28,3326.7
30,3329.5
30,3336.0
13,3350.7
30,3372.3
13,3372.3
16,3372.4
7,3372.5
3,3372.6
8,3372.6
14,3372.6
25,3372.7
31,3372.9
4,3372.9
18,3373.1
15,3373.1
21,3373.1
11,3373.3
23,3373.4
24,3373.5
26,3373.5
5,3373.6
6,3373.7
28,3373.7
0,3373.9
29,3374.3
30,3378.9
13,3379.4
16,3379.4
7,3379.5
14,3379.5
31,3379.8
25,3379.9
4,3380.2
8,3380.2
18,3380.5
3,3380.8
26,3381.8
21,3382.3
5,3382.3
15,3382.6
28,3383.4
29,3383.7
24,3383.8
30,3383.9
6,3385.2
11,3385.3
14,3385.6
16,3385.7
0,3385.8
31,3386.0
13,3386.0
7,3386.1
23,3386.3
25,3387.0
4,3387.6
30,3388.7
18,3388.7
8,3389.7
19,3391.1
3,3391.7
14,3392.7
31,3393.0
16,3393.2
30,3393.5
26,3394.1
7,3394.6
5,3394.7
27,3394.8
13,3395.1
25,3397.2
30,3398.3
4,3400.8
30,3403.5
28,3404.1
29,3404.9
30,3409.1
30,3415.3
30,3425.5
24,3468.8
26,3532.2
16,3563.5
26,3563.8
4,3563.8
24,3563.8
18,3564.3
26,3576.6
16,3577.1
25,3620.7
8,3697.3
16,3741.9
24,3741.9
4,3742.2
26,3742.3
18,3742.7
16,3754.9
26,3755.4
13,3757.2
30,3757.4
8,3757.7
31,3757.7
7,3757.7
14,3757.8
3,3757.8
25,3757.8
4,3757.9
6,3758.0
2,3758.1
15,3758.2
21,3758.3
23,3758.5
11,3758.7
5,3758.9
28,3758.9
18,3759.0
0,3759.2
24,3759.2
16,3761.8
30,3764.0
13,3764.0
26,3764.3
31,3764.4
14,3764.7
7,3764.7
4,3764.9
25,3765.0
8,3765.4
6,3765.5
3,3766.3
18,3766.5
2,3766.9
15,3767.3
16,3767.8
24,3767.9
21,3767.9
5,3768.0
28,3768.2
30,3769.1
13,3769.7
31,3769.9
0,3770.9
14,3771.0
11,3771.2
4,3771.2
7,3771.4
23,3771.7
25,3772.2
26,3772.7
16,3773.8
6,3773.9
30,3774.0
18,3774.2
19,3774.4
8,3774.5
1,3775.0
31,3775.3
13,3775.5
3,3776.2
14,3778.3
4,3778.5
30,3779.1
22,3780.2
7,3780.5
16,3780.6
31,3780.9
24,3781.1
13,3781.8
25,3783.6
30,3784.5
26,3785.6
31,3787.0
30,3790.3
13,3790.3
16,3792.8
31,3795.2
30,3797.0
29,3799.9
13,3813.4
13,3837.0
30,3837.2
16,3837.4
4,3837.5
14,3837.5
7,3837.5
31,3837.5
8,3837.6
3,3837.7
25,3837.7
2,3837.7
6,3837.9
15,3838.1
18,3838.1
21,3838.1
5,3838.2
23,3838.3
26,3838.4
24,3838.4
11,3838.6
28,3838.7
0,3838.8
10,3839.6
13,3843.8
30,3843.8
31,3844.2
16,3844.3
14,3844.4
4,3844.4
7,3844.5
25,3844.9
6,3845.3
8,3845.4
18,3845.5
3,3845.9
2,3846.5
26,3846.6
15,3846.8
5,3846.9
21,3847.4
24,3848.7
28,3848.7
30,3848.8
13,3849.4
9,3849.6
31,3849.6
0,3850.2
4,3850.4
14,3850.6
16,3850.6
11,3850.9
7,3851.0
25,3852.1
18,3853.4
30,3853.7
6,3853.8
1,3854.8
19,3854.9
8,3854.9
31,3854.9
13,3855.0
3,3855.6
26,3856.8
4,3856.9
14,3857.7
16,3857.7
20,3858.4
30,3858.6
2,3858.8
7,3859.0
15,3859.5
31,3860.4
5,3860.4
13,3860.9
12,3861.0
25,3863.6
30,3863.8
31,3866.3
13,3867.0
4,3868.2
30,3869.3
31,3873.2
13,3875.3
30,3875.4
30,3884.2
4,3891.3
16,3891.6
2,3909.6
13,3917.1
30,3917.2
16,3917.4
31,3917.5
7,3917.5
4,3917.5
3,3917.6
14,3917.6
8,3917.6
25,3917.7
6,3917.8
18,3918.1
15,3918.1
21,3918.2
23,3918.3
26,3918.4
24,3918.4
11,3918.5
28,3918.7
5,3918.7
0,3918.9
2,3919.7
27,3922.4
30,3923.8
13,3923.8
31,3924.1
16,3924.3
4,3924.4
7,3924.5
14,3924.5
25,3924.9
6,3925.3
8,3925.4
18,3925.5
3,3925.8
26,3926.5
15,3926.9
21,3927.5
5,3927.5
28,3928.0
24,3928.3
30,3928.8
13,3929.4
2,3929.6
31,3929.6
11,3930.2
4,3930.3
16,3930.6
14,3930.7
0,3930.8
7,3931.1
25,3932.0
18,3933.0
6,3933.6
30,3933.7
31,3934.9
13,3935.0
8,3935.1
19,3935.3
3,3935.8
4,3936.9
26,3937.0
16,3937.9
14,3938.2
30,3938.7
7,3939.4
31,3940.3
13,3940.7
30,3944.0
25,3945.5
31,3946.0
13,3946.8
4,3948.0
30,3949.8
31,3952.3
13,3954.7
30,3956.3
28,3958.1
14,3958.7
31,3962.0
13,3990.1
14,3991.8
30,3997.2
16,3997.5
7,3997.5
31,3997.5
13,3997.5
3,3997.6
8,3997.6
4,3997.6
25,3997.7
6,3997.8
2,3997.8
15,3998.1
21,3998.2
18,3998.2
23,3998.3
24,3998.5
11,3998.5
26,3998.6
5,3998.6
14,3998.7
28,3998.7
0,3998.9
13,4003.7
30,4003.8
31,4004.1
16,4004.4
7,4004.5
4,4004.5
14,4004.6
25,4004.9
6,4005.2
8,4005.3
18,4005.6
3,4005.8
2,4006.7
26,4007.0
5,4007.2
15,4007.4
21,4007.7
28,4008.2
30,4008.9
24,4009.0
13,4009.0
31,4009.6
14,4010.4
4,4010.6
16,4010.7
11,4010.8
0,4010.9
7,4011.0
25,4012.0
6,4013.1
18,4013.3
30,4013.8
13,4014.2
29,4014.6
8,4014.9
31,4014.9
14,4016.4
3,4016.4
4,4017.5
16,4018.3
30,4018.8
13,4019.3
7,4019.6
2,4019.6
26,4019.9
31,4020.4
25,4023.0
14,4023.6
30,4024.1
13,4024.6
31,4026.2
30,4029.9
13,4030.1
4,4031.1
6,4031.8
31,4032.6
13,4036.0
30,4036.3
13,4042.9
31,4045.2
30,4050.5
11,4054.2
13,4054.8
24,4055.8
16,4055.8
4,4056.0
26,4056.1
18,4056.4
16,4067.9
26,4069.5
13,4075.2
4,4076.3
2,4076.7
21,4077.7
13,4107.0
13,4128.5
25,4129.7
21,4152.6
20,4192.5
23,4207.6
10,4208.5
13,4209.6
21,4211.4
25,4305.6
13,4329.5
13,4382.2
30,4382.4
16,4382.6
31,4382.7
4,4382.7
7,4382.7
14,4382.8
8,4382.8
3,4382.8
21,4382.9
6,4383.0
25,4383.1
2,4383.1
18,4383.2
15,4383.3
23,4383.5
11,4383.7
24,4383.7
26,4383.8
0,4383.8
5,4383.9
13,4388.8
30,4389.0
31,4389.4
16,4389.6
14,4389.6
4,4389.6
7,4389.7
21,4389.9
8,4390.4
18,4390.4
6,4390.5
3,4391.2
26,4392.2
25,4392.5
2,4392.6
15,4392.9
5,4393.0
13,4394.0
24,4394.0
30,4394.2
31,4395.0
14,4395.6
0,4395.6
4,4395.7
11,4396.1
16,4396.2
21,4396.4
7,4396.5
18,4397.6
13,4399.0
30,4399.2
6,4399.2
8,4399.7
31,4400.6
14,4402.4
4,4402.7
3,4402.7
10,4403.1
19,4403.5
20,4403.5
13,4403.9
21,4404.1
30,4404.5
26,4404.5
1,4404.9
16,4405.1
31,4406.4
5,4406.5
7,4406.6
22,4407.1
9,4408.2
13,4409.0
30,4410.1
31,4413.2
13,4414.2
14,4414.8
4,4415.6
30,4416.4
13,4419.6
13,4425.4
30,4429.4
13,4431.8
13,4440.6
13,4462.0
30,4462.2
16,4462.4
14,4462.5
31,4462.5
7,4462.5
4,4462.6
8,4462.6
3,4462.7
6,4462.8
2,4462.8
21,4462.9
25,4463.0
18,4463.1
15,4463.1
23,4463.2
24,4463.5
26,4463.5
5,4463.5
0,4463.6
11,4463.6
13,4468.5
30,4468.8
31,4469.1
4,4469.4
14,4469.4
16,4469.4
7,4469.5
21,4469.9
18,4470.3
6,4470.3
8,4470.5
3,4471.1
5,4471.8
26,4471.9
2,4471.9
25,4472.5
15,4472.6
24,4473.4
13,4473.5
30,4473.9
31,4474.7
0,4475.0
4,4475.4
14,4475.5
16,4475.8
11,4476.1
7,4476.1
21,4476.5
18,4477.6
13,4478.4
6,4478.6
30,4478.9
31,4480.1
8,4480.4
4,4482.0
14,4482.6
3,4482.7
13,4483.1
10,4483.5
19,4483.6
16,4483.9
5,4484.0
30,4484.0
26,4484.3
31,4485.8
21,4485.8
7,4486.0
13,4487.9
30,4489.4
31,4491.9
13,4492.9
4,4493.7
30,4495.3
0,4496.3
13,4498.3
31,4500.9
30,4503.1
13,4503.9
13,4510.1
13,4518.6
13,4541.9
30,4542.2
7,4542.5
16,4542.5
31,4542.5
14,4542.6
4,4542.6
8,4542.6
3,4542.6
6,4542.8
21,4542.8
2,4542.8
25,4542.9
18,4543.1
15,4543.1
23,4543.3
11,4543.5
24,4543.5
26,4543.5
5,4543.7
0,4543.9
13,4548.4
30,4548.8
31,4549.1
16,4549.4
14,4549.5
4,4549.5
7,4549.5
21,4549.8
6,4550.2
18,4550.3
8,4550.5
3,4550.9
26,4551.7
2,4551.9
25,4552.3
15,4552.4
5,4552.5
24,4553.3
13,4553.4
30,4553.9
31,4554.7
0,4555.1
4,4555.4
14,4555.7
16,4555.8
7,4556.2
11,4556.4
21,4556.4
23,4556.6
18,4557.5
6,4557.9
13,4558.3
30,4558.9
31,4560.2
8,4560.4
4,4561.9
9,4562.1
3,4562.2
26,4562.5
14,4562.9
13,4563.1
19,4563.5
16,4563.9
30,4564.0
21,4564.2
5,4564.4
1,4565.2
31,4565.8
7,4566.3
13,4567.8
30,4569.4
18,4571.0
4,4571.6
31,4571.9
13,4572.8
30,4575.2
13,4578.0
31,4580.0
30,4582.4
13,4583.6
26,4587.2
13,4589.7
13,4597.0
13,4621.9
30,4622.2
31,4622.5
16,4622.5
7,4622.5
4,4622.6
8,4622.6
3,4622.6
14,4622.6
21,4622.7
2,4622.7
6,4622.9
25,4623.0
15,4623.1
18,4623.1
23,4623.3
24,4623.3
11,4623.5
26,4623.5
5,4623.7
0,4623.9
13,4628.4
30,4628.8
31,4629.1
16,4629.4
4,4629.4
14,4629.5
7,4629.5
21,4629.7
18,4630.3
8,4630.3
6,4630.3
3,4630.9
2,4631.6
26,4631.8
25,4632.3
5,4632.6
15,4632.6
24,4632.9
13,4633.4
30,4633.9
31,4634.6
0,4635.1
4,4635.5
16,4635.7
14,4635.8
21,4636.1
11,4636.2
7,4636.2
18,4637.3
6,4637.7
13,4638.2
30,4638.9
8,4640.0
31,4640.0
4,4642.1
3,4642.4
13,4643.0
14,4643.3
26,4643.6
16,4643.9
30,4644.1
21,4644.2
7,4645.2
5,4645.4
31,4645.5
13,4647.8
30,4649.6
31,4651.4
13,4652.8
4,4654.6
30,4655.6
31,4657.9
13,4658.2
13,4663.9
30,4664.6
13,4670.1
31,4671.9
13,4678.3
2,4683.7
13,4699.5
2,4714.6
22,4791.7
13,4808.3
6,4819.8
22,4833.3
13,4836.5
0,4890.2
14,4942.1
13,5007.2
30,5007.4
8,5007.6
7,5007.7
31,5007.7
14,5007.8
3,5007.8
25,5007.9
4,5008.0
21,5008.0
16,5008.0
2,5008.0
6,5008.0
15,5008.4
23,5008.5
11,5008.7
18,5008.8
5,5008.9
0,5009.1
13,5013.8
30,5014.0
31,5014.4
8,5014.5
14,5014.6
7,5014.7
21,5015.0
25,5015.2
6,5015.5
4,5015.8
3,5016.3
5,5017.6
2,5017.6
16,5018.0
18,5018.0
15,5018.4
13,5019.0
30,5019.1
31,5020.0
11,5020.6
8,5020.7
14,5020.8
0,5020.8
7,5021.3
21,5021.7
25,5022.7
24,5023.1
4,5023.1
26,5023.3
13,5024.1
30,5024.2
6,5024.3
16,5025.4
31,5025.5
18,5025.9
19,5026.0
28,5026.9
14,5027.7
8,5027.8
3,5029.0
13,5029.2
30,5029.4
20,5029.5
21,5029.7
22,5029.8
5,5030.0
7,5030.5
1,5030.8
31,5031.3
4,5031.7
13,5034.4
30,5034.9
16,5035.0
31,5037.7
18,5039.0
13,5039.9
14,5040.6
30,5041.0
24,5043.2
13,5045.7
31,5048.6
30,5050.8
13,5052.3
21,5052.7
13,5064.5
31,5076.3
13,5087.0
30,5087.2
8,5087.4
7,5087.4
14,5087.5
3,5087.7
4,5087.7
16,5087.8
25,5087.8
21,5087.8
2,5087.8
6,5087.9
31,5088.0
15,5088.1
23,5088.3
18,5088.5
5,5088.6
11,5088.6
0,5088.9
13,5093.5
30,5093.8
8,5094.3
14,5094.3
7,5094.4
31,5094.6
21,5094.8
25,5095.1
4,5095.3
6,5095.3
3,5096.2
2,5096.7
16,5097.5
18,5097.5
5,5097.5
15,5097.6
13,5098.6
30,5098.8
31,5100.1
8,5100.4
14,5100.5
7,5100.9
0,5100.9
21,5101.2
11,5101.5
25,5102.5
6,5103.3
13,5103.4
30,5103.8
4,5104.1
31,5105.3
14,5107.1
8,5107.1
13,5108.2
30,5108.8
3,5109.0
21,5109.1
7,5109.2
26,5110.2
27,5110.3
31,5110.7
13,5113.2
30,5114.2
2,5115.9
31,5116.3
15,5117.4
13,5118.5
14,5118.6
8,5119.3
30,5120.0
31,5122.4
13,5124.1
4,5124.9
30,5127.0
13,5130.2
31,5130.5
13,5138.1
0,5153.5
13,5167.0
30,5167.2
8,5167.5
31,5167.5
7,5167.5
3,5167.6
14,5167.6
2,5167.8
21,5167.8
6,5167.8
25,5167.8
4,5167.9
16,5168.0
15,5168.1
23,5168.3
11,5168.5
5,5168.7
18,5168.7
0,5170.7
13,5173.6
30,5173.8
31,5174.1
8,5174.3
7,5174.5
14,5174.5
21,5174.8
25,5175.0
6,5175.2
4,5175.6
3,5176.1
2,5177.1
15,5177.6
5,5177.7
18,5177.9
16,5178.1
13,5178.7
30,5178.9
31,5179.6
8,5180.4
14,5180.7
7,5181.1
21,5181.3
11,5181.5
23,5181.8
25,5182.3
6,5183.2
13,5183.6
30,5183.8
0,5184.1
31,5184.9
4,5185.1
8,5186.9
24,5187.4
14,5187.7
19,5187.9
13,5188.5
30,5188.8
21,5189.3
10,5189.3
3,5189.6
7,5189.8
31,5190.4
5,5190.5
13,5193.5
30,5194.2
9,5194.4
25,5195.5
31,5196.1
8,5197.4
13,5198.8
30,5200.0
31,5202.5
20,5203.0
13,5204.5
30,5206.8
13,5210.6
31,5214.8
13,5218.6
13,5246.9
30,5247.2
31,5247.5
8,5247.5
7,5247.5
3,5247.5
14,5247.6
25,5247.8
6,5247.8
21,5247.8
2,5247.8
4,5247.9
16,5247.9
15,5248.1
23,5248.3
11,5248.5
18,5248.7
5,5248.7
0,5248.9
13,5253.5
30,5253.8
31,5254.2
8,5254.3
7,5254.5
14,5254.5
21,5254.8
25,5255.0
6,5255.2
4,5255.6
3,5255.7
2,5257.1
5,5257.3
15,5257.5
16,5257.6
18,5257.8
13,5258.5
30,5258.9
12,5259.1
0,5259.7
31,5259.7
8,5260.4
19,5260.6
14,5260.7
11,5260.9
7,5261.1
21,5261.3
25,5262.3
6,5263.0
13,5263.3
30,5263.8
4,5265.0
31,5265.1
27,5265.1
8,5266.9
22,5267.0
3,5267.9
14,5267.9
13,5268.1
30,5268.9
5,5269.7
21,5269.9
7,5270.4
31,5270.6
13,5272.9
25,5273.8
30,5274.2
31,5276.5
8,5277.0
13,5278.0
30,5280.0
13,5283.3
31,5283.4
30,5286.7
13,5288.9
13,5295.0
31,5296.3
13,5302.4
13,5322.8
14,5327.9
13,5346.8
1,5421.6
26,5422.4
29,5483.0
26,5582.6
2,5613.7
6,5622.7
13,5632.2
30,5632.5
8,5632.6
14,5632.8
3,5632.9
7,5633.0
16,5633.0
25,5633.0
31,5633.0
21,5633.0
4,5633.1
15,5633.3
29,5633.4
23,5633.5
2,5633.6
11,5633.8
18,5633.8
5,5633.9
0,5634.1
6,5634.2
13,5638.8
30,5639.4
8,5639.5
14,5639.7
31,5639.9
21,5640.0
25,5640.2
4,5641.0
29,5641.0
6,5641.3
3,5641.3
7,5641.6
18,5642.6
16,5642.9
15,5643.0
2,5643.0
5,5643.2
13,5644.0
30,5645.6
8,5645.6
14,5646.0
31,5646.1
11,5646.6
21,5646.7
0,5647.2
25,5647.5
6,5648.6
13,5649.1
29,5649.6
19,5649.8
1,5651.7
4,5651.7
8,5652.5
30,5652.7
31,5652.9
28,5652.9
14,5653.6
20,5654.2
13,5654.2
27,5654.5
26,5654.8
21,5655.8
22,5656.7
13,5659.6
6,5661.5
31,5664.5
13,5665.3
8,5665.8
13,5671.6
4,5677.4
16,5677.8
24,5678.1
26,5678.2
18,5678.4
19,5678.8
13,5680.4
1,5682.1
0,5684.3
16,5689.7
26,5690.3
4,5695.1
18,5698.5
29,5700.2
13,5712.0
30,5712.3
8,5712.5
14,5712.6
3,5712.7
7,5712.7
25,5712.7
21,5712.7
31,5712.8
2,5712.8
16,5712.8
6,5712.9
15,5713.1
23,5713.3
4,5713.3
11,5713.6
5,5713.7
0,5713.9
29,5714.4
18,5715.0
13,5718.6
30,5719.2
8,5719.3
14,5719.4
31,5719.6
21,5719.7
25,5719.8
6,5720.0
3,5721.0
4,5721.1
7,5721.2
2,5721.7
16,5722.1
29,5722.2
5,5722.6
15,5722.6
13,5723.6
18,5725.0
30,5725.3
8,5725.4
14,5725.6
31,5725.7
11,5725.9
0,5726.0
21,5726.1
6,5726.6
23,5726.7
25,5726.9
13,5728.4
4,5730.1
30,5732.1
8,5732.1
29,5732.2
31,5732.3
14,5732.7
3,5732.8
13,5733.2
21,5733.6
19,5734.3
6,5736.4
13,5738.0
25,5738.3
13,5742.9
31,5743.8
8,5743.9
13,5748.1
14,5751.8
13,5753.6
13,5759.5
13,5766.2
13,5778.0
13,5792.2
30,5792.3
14,5792.5
8,5792.5
3,5792.6
21,5792.8
2,5792.8
25,5792.8
31,5792.8
7,5792.8
6,5792.9
4,5792.9
16,5792.9
15,5793.2
29,5793.2
23,5793.3
11,5793.3
5,5793.7
18,5793.7
0,5793.9
13,5798.8
30,5799.2
8,5799.3
14,5799.3
31,5799.6
21,5799.7
6,5799.9
25,5800.0
4,5800.7
29,5800.8
3,5800.8
7,5801.5
2,5801.6
15,5802.1
5,5802.6
16,5802.8
18,5802.9
13,5803.9
30,5805.3
8,5805.4
11,5805.4
14,5805.5
31,5805.8
0,5806.0
21,5806.0
23,5806.4
6,5806.7
25,5807.1
13,5808.7
29,5809.7
4,5810.8
8,5812.1
14,5812.2
30,5812.3
31,5812.5
3,5812.8
21,5813.2
13,5813.5
27,5815.3
6,5816.1
13,5818.4
14,5822.8
13,5823.5
31,5825.2
8,5825.6
13,5828.9
13,5834.6
13,5840.8
13,5849.1
13,5872.0
30,5872.3
8,5872.5
3,5872.6
14,5872.6
2,5872.8
7,5872.8
25,5872.8
31,5872.8
21,5872.8
16,5872.9
4,5872.9
6,5872.9
15,5873.1
29,5873.3
23,5873.3
11,5873.6
5,5873.7
18,5873.7
0,5873.9
13,5878.5
30,5879.2
8,5879.3
14,5879.4
31,5879.6
21,5879.8
6,5879.9
25,5880.0
4,5880.6
3,5880.9
29,5881.0
7,5881.5
2,5881.6
16,5882.5
5,5882.7
15,5882.7
18,5882.8
13,5883.5
0,5885.3
30,5885.3
8,5885.4
14,5885.5
31,5885.8
21,5886.2
11,5886.2
6,5886.5
25,5887.3
13,5888.3
4,5889.5
29,5890.7
28,5890.8
8,5892.0
14,5892.1
30,5892.3
10,5892.5
3,5892.5
31,5892.7
13,5893.1
21,5893.8
19,5894.0
6,5894.4
26,5894.5
5,5895.9
13,5897.9
25,5901.0
14,5902.6
13,5902.9
8,5903.7
13,5908.2
13,5913.9
13,5920.1
13,5928.8
28,5938.6
25,5947.2
31,5960.3
16,6043.5
24,6043.8
4,6043.9
26,6044.1
18,6044.3
16,6055.8
14,6095.2
13,6119.4
28,6148.3
16,6148.9
9,6237.0
14,6239.3
13,6257.2
8,6257.3
3,6257.3
30,6257.5
21,6258.0
7,6258.0
2,6258.0
31,6258.0
6,6258.1
26,6258.2
16,6258.2
14,6258.2
15,6258.4
19,6258.4
29,6258.4
23,6258.5
11,6258.7
18,6258.8
5,6258.9
4,6258.9
0,6259.1
25,6259.4
13,6263.8
8,6264.1
3,6264.3
30,6264.5
31,6264.9
21,6265.0
14,6265.1
6,6265.2
29,6266.0
7,6266.3
2,6266.6
18,6267.5
5,6267.8
15,6268.0
26,6268.0
19,6268.6
16,6268.9
13,6268.9
25,6269.2
8,6270.1
3,6270.6
30,6270.6
11,6271.0
31,6271.2
0,6271.3
14,6271.4
23,6271.5
21,6271.7
6,6272.0
4,6272.1
13,6273.8
29,6274.7
17,6275.2
10,6275.7
8,6276.4
3,6277.6
30,6277.6
31,6278.4
13,6278.6
14,6278.8
21,6280.0
2,6280.2
27,6280.6
22,6281.1
5,6281.2
6,6281.6
13,6283.4
8,6285.4
13,6288.5
13,6293.8
13,6299.4
25,6302.7
13,6305.5
19,6308.2
8,6308.5
16,6311.8
24,6312.0
26,6312.0
4,6312.1
18,6312.5
13,6313.2
26,6324.3
16,6324.5
13,6335.9
3,6337.2
8,6337.2
30,6337.3
14,6337.5
7,6337.8
31,6337.8
2,6337.8
19,6337.9
6,6337.9
21,6337.9
29,6338.2
15,6338.2
23,6338.3
5,6338.4
4,6338.4
11,6338.6
18,6338.6
26,6338.7
0,6338.7
25,6339.2
16,6339.3
13,6342.4
8,6343.9
30,6344.2
3,6344.2
14,6344.3
31,6344.6
21,6344.9
6,6345.0
29,6345.8
7,6346.4
19,6346.7
2,6346.7
5,6347.0
15,6347.1
13,6347.3
18,6347.5
26,6348.2
11,6349.0
25,6349.0
16,6349.7
8,6349.8
4,6349.9
30,6350.2
3,6350.3
14,6350.5
0,6350.7
31,6350.9
23,6351.0
21,6351.5
6,6351.6
13,6351.9
29,6353.9
10,6355.1
17,6355.9
8,6355.9
1,6356.0
13,6356.5
30,6356.8
3,6356.9
14,6357.3
31,6357.9
19,6358.3
5,6359.1
21,6360.2
22,6360.5
13,6361.1
6,6362.0
8,6362.9
13,6365.7
14,6368.3
3,6368.6
30,6369.6
13,6370.5
13,6375.6
13,6381.1
2,6384.9
13,6386.8
13,6393.3
13,6401.6
13,6417.0
3,6417.1
8,6417.1
4,6417.3
30,6417.3
14,6417.6
6,6417.8
7,6417.8
21,6417.8
31,6417.8
19,6417.8
16,6417.8
2,6417.8
26,6417.9
15,6418.1
23,6418.3
29,6418.3
11,6418.5
18,6418.7
5,6418.7
0,6418.9
25,6419.3
13,6423.6
8,6423.9
30,6424.1
3,6424.1
14,6424.4
31,6424.6
21,6424.8
6,6424.8
29,6425.9
7,6426.5
2,6426.6
19,6427.0
16,6427.4
15,6427.4
5,6427.5
26,6427.5
18,6427.5
4,6428.6
13,6428.6
25,6429.3
8,6429.7
30,6430.2
3,6430.2
14,6430.6
0,6430.8
31,6430.9
11,6430.9
23,6431.0
21,6431.3
6,6431.4
13,6433.4
29,6435.1
8,6435.6
3,6436.8
30,6437.0
14,6437.5
31,6437.8
13,6438.1
21,6438.5
6,6439.7
8,6442.1
13,6442.7
3,6447.1
2,6447.3
13,6447.4
31,6450.2
30,6450.5
14,6450.7
13,6452.3
8,6454.5
13,6457.6
13,6463.1
13,6469.0
13,6475.7
13,6487.5
8,6497.1
3,6497.1
30,6497.3
13,6497.5
14,6497.6
31,6497.7
7,6497.8
21,6497.8
2,6497.8
6,6497.9
16,6498.0
26,6498.0
29,6498.1
19,6498.1
15,6498.1
23,6498.3
11,6498.5
4,6498.6
18,6498.6
5,6498.7
0,6498.9
25,6499.3
13,6503.9
8,6503.9
3,6504.1
30,6504.2
14,6504.4
31,6504.6
21,6504.8
6,6504.9
29,6505.8
2,6506.4
7,6506.6
19,6507.4
26,6507.5
5,6507.5
15,6507.5
18,6507.6
16,6508.1
13,6508.9
8,6509.7
25,6510.1
3,6510.2
30,6510.3
14,6510.6
31,6510.8
11,6511.0
21,6511.3
0,6511.5
6,6511.5
23,6511.8
4,6512.0
13,6513.8
10,6514.7
29,6514.7
8,6515.7
3,6517.1
30,6517.3
14,6517.4
31,6517.8
13,6518.6
27,6518.7
21,6518.7
6,6519.6
8,6522.6
13,6523.4
13,6528.5
3,6530.1
14,6531.2
13,6533.9
21,6538.8
13,6539.7
13,6545.9
13,6553.4
16,6578.8
4,6579.0
24,6579.0
26,6579.1
18,6579.5
13,6591.6
16,6591.8
26,6591.9
29,6652.8
31,6658.7
6,6745.4
19,6746.5
2,6761.5
27,6762.1
21,6805.0
26,6838.7
13,6882.2
8,6882.3
3,6882.4
30,6883.0
21,6883.0
31,6883.0
2,6883.0
6,6883.0
25,6883.1
26,6883.2
16,6883.2
19,6883.3
29,6883.3
15,6883.4
12,6883.4
23,6883.5
17,6883.6
4,6883.7
11,6883.7
18,6883.8
14,6883.8
24,6883.9
5,6883.9
0,6884.1
13,6888.8
8,6889.1
3,6889.3
31,6889.9
21,6890.0
6,6890.1
25,6890.5
30,6890.7
29,6890.9
14,6891.9
2,6892.4
5,6892.5
18,6892.6
19,6892.7
26,6892.9
15,6893.6
13,6894.1
16,6894.6
8,6895.0
3,6895.5
11,6896.1
31,6896.1
12,6896.3
0,6896.4
21,6896.6
6,6896.8
17,6897.0
23,6897.1
25,6898.4
29,6899.1
13,6899.2
22,6900.8
8,6901.2
30,6901.3
3,6902.4
31,6903.2
14,6903.5
21,6904.2
13,6904.3
1,6904.5
6,6906.1
27,6906.7
8,6908.6
13,6909.6
13,6915.2
3,6916.3
13,6921.4
13,6930.8
13,6962.1
8,6962.2
3,6962.2
30,6962.7
31,6962.8
2,6962.8
6,6962.9
21,6962.9
26,6963.0
25,6963.0
16,6963.1
15,6963.2
19,6963.2
29,6963.2
23,6963.3
12,6963.3
17,6963.4
4,6963.5
11,6963.5
18,6963.6
14,6963.6
5,6963.7
24,6963.7
0,6963.8
13,6968.7
8,6969.0
3,6969.2
31,6969.6
6,6969.9
21,6969.9
30,6970.3
26,6970.4
25,6970.4
16,6970.7
29,6970.9
18,6971.2
14,6971.7
4,6971.9
2,6971.9
24,6972.2
5,6972.6
15,6972.6
19,6972.6
13,6973.7
8,6974.8
3,6975.3
17,6975.7
12,6975.8
31,6975.8
11,6975.9
0,6976.0
21,6976.4
6,6976.4
23,6976.7
1,6976.8
26,6978.3
25,6978.3
30,6978.7
13,6978.7
27,6979.4
16,6979.6
29,6979.6
18,6979.8
8,6980.7
10,6981.2
3,6981.7
31,6982.5
14,6983.2
13,6983.6
24,6984.1
21,6984.2
6,6984.4
28,6985.7
8,6987.4
13,6988.6
3,6991.6
13,6993.9
31,6994.3
13,6999.6
8,7000.8
2,7004.7
13,7005.7
13,7014.4
13,7041.7
8,7042.1
3,7042.1
30,7042.7
2,7042.7
31,7042.8
21,7042.8
6,7042.9
26,7042.9
25,7043.0
16,7043.0
15,7043.1
29,7043.1
19,7043.1
12,7043.2
23,7043.3
17,7043.3
11,7043.5
4,7043.5
18,7043.6
14,7043.6
24,7043.6
5,7043.8
0,7043.8
13,7048.2
8,7048.9
3,7049.1
31,7049.6
21,7049.8
6,7049.9
30,7050.2
25,7050.3
29,7050.7
2,7051.6
14,7051.6
26,7052.0
5,7052.4
15,7052.5
18,7052.7
19,7052.7
16,7053.1
13,7053.2
17,7054.5
12,7054.6
8,7054.7
0,7055.0
3,7055.2
24,7055.6
31,7055.9
11,7055.9
4,7056.2
21,7056.2
6,7056.4
25,7057.5
13,7058.0
10,7058.1
29,7058.7
30,7059.1
8,7060.6
14,7061.4
3,7061.8
13,7062.7
31,7062.7
21,7063.7
5,7064.6
6,7065.4
23,7065.9
8,7067.2
13,7067.4
13,7072.4
3,7073.0
31,7075.2
13,7077.6
8,7080.1
13,7083.2
13,7089.0
13,7095.6
13,7105.8
21,7113.7
3,7122.1
8,7122.1
13,7122.1
26,7122.8
2,7122.8
31,7122.8
30,7122.8
6,7122.9
25,7123.0
16,7123.0
19,7123.0
15,7123.1
12,7123.2
29,7123.2
23,7123.3
11,7123.3
17,7123.4
4,7123.5
14,7123.6
5,7123.6
18,7123.7
24,7123.8
0,7123.9
21,7123.9
13,7128.6
8,7128.9
3,7129.1
31,7129.6
6,7130.0
25,7130.3
30,7130.4
29,7130.8
21,7130.9
14,7131.6
2,7131.9
26,7132.1
5,7132.3
16,7132.5
19,7132.6
18,7132.9
15,7132.9
13,7133.6
8,7134.6
3,7135.2
11,7135.3
12,7135.7
24,7135.8
31,7135.9
0,7135.9
4,7136.5
6,7136.5
17,7136.6
21,7137.6
25,7138.1
13,7138.4
29,7139.0
30,7139.3
8,7140.5
3,7141.8
31,7143.0
13,7143.1
14,7143.3
6,7145.1
5,7145.8
21,7146.3
8,7146.8
26,7147.8
13,7147.9
2,7149.5
13,7152.8
3,7153.6
8,7156.4
13,7157.9
13,7163.2
13,7168.8
13,7174.9
13,7182.3
13,7218.2
14,7259.2
21,7279.2
19,7337.3
14,7348.0
28,7396.1
12,7471.2
25,7485.4
13,7507.2
3,7507.4
8,7507.5
6,7507.6
12,7507.7
4,7507.8
21,7508.0
30,7508.0
31,7508.0
25,7508.1
2,7508.1
16,7508.2
26,7508.2
19,7508.2
29,7508.2
23,7508.2
15,7508.4
17,7508.6
28,7508.7
11,7508.7
24,7508.7
18,7508.8
5,7508.8
14,7508.9
13,7513.7
3,7514.3
6,7514.4
8,7514.6
31,7514.9
21,7515.0
4,7515.3
25,7515.4
12,7515.4
30,7515.6
29,7515.8
14,7516.9
2,7517.5
19,7517.7
5,7517.7
15,7518.0
18,7518.0
26,7518.1
28,7518.7
13,7518.9
16,7519.1
6,7520.1
3,7520.5
8,7521.0
11,7521.2
31,7521.3
17,7521.5
21,7521.7
23,7521.7
25,7522.9
9,7523.6
30,7523.7
13,7523.9
29,7524.2
4,7524.4
12,7525.4
10,7525.8
6,7526.0
3,7527.2
14,7528.1
8,7528.5
13,7528.8
31,7529.2
21,7530.3
20,7531.5
28,7531.6
1,7531.6
6,7532.3
13,7533.9
25,7535.1
2,7536.6
13,7539.1
3,7540.9
6,7541.4
13,7544.7
13,7550.6
13,7557.3
13,7567.4
13,7587.0
3,7587.2
12,7587.4
8,7587.4
4,7587.6
6,7587.6
30,7587.7
31,7587.8
2,7587.8
21,7587.8
26,7587.9
25,7588.0
15,7588.1
16,7588.1
19,7588.2
29,7588.2
23,7588.3
28,7588.3
11,7588.3
17,7588.5
24,7588.5
14,7588.6
18,7588.6
5,7588.7
13,7593.5
3,7594.2
6,7594.3
8,7594.4
31,7594.6
21,7594.9
30,7595.1
12,7595.1
4,7595.1
25,7595.3
29,7595.9
2,7596.5
14,7596.6
19,7597.1
28,7597.6
26,7597.6
15,7597.6
5,7597.7
18,7597.9
13,7598.5
16,7598.8
6,7600.0
11,7600.2
3,7600.2
8,7600.8
31,7600.9
17,7601.1
23,7601.3
21,7601.3
25,7602.7
30,7602.8
24,7603.2
13,7603.3
4,7603.4
10,7603.5
9,7603.5
29,7603.8
12,7604.9
6,7605.7
3,7606.8
14,7607.7
31,7607.8
8,7608.0
13,7608.1
2,7608.8
21,7608.9
28,7609.8
6,7611.8
13,7612.9
13,7617.9
3,7619.3
6,7619.5
13,7623.3
13,7629.0
29,7630.1
2,7630.8
13,7635.1
13,7642.9
6,7647.4
16,7659.0
26,7659.3
24,7659.3
4,7659.3
18,7659.8
13,7666.9
3,7667.1
12,7667.3
8,7667.3
30,7667.6
6,7667.6
2,7667.8
21,7667.8
31,7667.8
19,7667.9
25,7667.9
4,7668.0
15,7668.1
26,7668.2
16,7668.3
28,7668.3
29,7668.3
23,7668.3
17,7668.4
11,7668.5
14,7668.6
5,7668.6
24,7669.4
18,7669.8
13,7673.4
3,7674.0
6,7674.3
8,7674.3
31,7674.6
21,7674.8
4,7674.9
12,7675.0
30,7675.1
25,7675.2
29,7675.8
26,7676.1
2,7676.5
14,7676.6
16,7677.1
15,7677.3
5,7677.3
19,7677.3
28,7677.6
13,7678.4
18,7678.7
6,7680.0
3,7680.1
24,7680.4
8,7680.5
17,7680.8
31,7680.9
11,7681.2
21,7681.2
23,7681.5
4,7682.2
27,7682.2
25,7682.4
10,7682.9
30,7683.0
13,7683.2
1,7683.5
29,7683.7
12,7683.8
9,7683.8
6,7685.6
3,7686.5
13,7687.8
26,7687.9
8,7688.0
14,7688.2
31,7688.2
21,7688.7
2,7689.2
28,7689.2
5,7690.0
6,7691.5
13,7692.5
25,7693.9
4,7695.5
3,7696.2
13,7697.4
6,7698.0
13,7702.5
13,7707.9
6,7709.3
13,7713.7
13,7719.9
13,7727.8
4,7730.0
13,7746.9
3,7747.1
8,7747.3
12,7747.5
6,7747.6
30,7747.7
2,7747.8
21,7747.8
31,7747.8
26,7747.9
16,7748.0
25,7748.0
4,7748.0
19,7748.0
15,7748.1
23,7748.2
29,7748.3
17,7748.4
28,7748.4
11,7748.5
24,7748.6
14,7748.6
5,7748.7
18,7748.7
13,7753.4
3,7754.1
8,7754.2
6,7754.3
31,7754.6
21,7754.8
12,7755.2
25,7755.3
30,7755.3
4,7755.5
29,7755.9
2,7756.0
14,7756.4
19,7757.3
15,7757.5
5,7757.5
26,7757.6
28,7757.9
18,7757.9
13,7758.4
16,7758.6
6,7759.9
3,7760.2
8,7760.5
31,7760.9
17,7761.0
11,7761.1
23,7761.1
21,7761.1
24,7761.3
1,7762.8
25,7762.9
13,7763.3
30,7763.5
4,7763.5
29,7764.0
12,7765.5
10,7765.5
6,7765.6
3,7766.8
14,7766.9
2,7767.9
8,7768.0
13,7768.1
31,7768.2
21,7768.5
6,7771.6
13,7772.9
13,7777.9
3,7778.6
6,7778.7
13,7783.3
13,7788.9
21,7790.1
13,7795.1
13,7803.5
30,7845.8
2,7872.8
25,7888.9
16,7914.1
21,7914.5
11,7915.0
8,7915.4
12,7915.5
31,7939.8
13,8022.5
21,8042.8
29,8060.3
13,8132.2
2,8132.2
3,8132.4
8,8132.5
19,8132.6
6,8132.7
12,8132.7
4,8132.8
30,8133.0
9,8133.0
17,8133.0
28,8133.0
25,8133.0
21,8133.0
16,8133.0
26,8133.2
15,8133.3
23,8133.3
29,8133.4
27,8133.4
31,8133.5
24,8133.7
11,8133.7
5,8133.7
18,8133.8
13,8138.8
3,8139.3
2,8139.4
6,8139.4
8,8139.5
19,8139.9
21,8140.0
4,8140.3
25,8140.4
28,8140.5
12,8140.5
30,8140.7
29,8141.0
9,8141.9
15,8142.7
16,8142.7
18,8143.0
26,8143.2
31,8143.7
13,8144.0
27,8144.0
17,8145.0
6,8145.3
3,8145.5
2,8146.0
8,8146.1
21,8146.7
11,8146.8
24,8146.9
19,8147.1
25,8148.2
28,8148.6
4,8149.0
13,8149.0
29,8149.2
12,8149.9
30,8151.0
10,8151.1
6,8151.3
3,8152.6
8,8153.9
13,8154.0
2,8154.2
21,8154.3
1,8157.2
6,8158.3
19,8158.7
13,8159.2
13,8164.6
13,8170.4
13,8177.0
6,8179.5
13,8187.9
15,8210.8
13,8212.0
2,8212.1
9,8212.1
3,8212.2
8,8212.4
19,8212.5
12,8212.5
26,8212.5
6,8212.6
4,8212.6
30,8212.7
21,8212.9
28,8212.9
16,8213.0
25,8213.0
27,8213.1
29,8213.2
23,8213.3
31,8213.3
17,8213.4
11,8213.6
18,8213.7
24,8213.8
13,8218.6
15,8218.6
2,8219.2
3,8219.2
6,8219.3
8,8219.4
19,8219.7
21,8219.9
4,8220.0
25,8220.3
12,8220.3
30,8220.3
28,8220.4
9,8220.6
29,8220.7
26,8221.8
31,8222.7
18,8222.9
16,8223.5
13,8223.6
27,8224.1
6,8225.1
3,8225.3
2,8225.6
17,8225.8
8,8225.9
21,8226.2
11,8226.7
19,8226.7
4,8227.3
25,8227.9
28,8228.0
15,8228.1
29,8228.1
13,8228.5
30,8229.4
12,8230.0
6,8230.9
10,8231.5
5,8231.6
23,8231.7
3,8231.9
9,8232.6
2,8233.2
13,8233.2
21,8233.5
8,8234.0
20,8236.1
24,8236.5
4,8236.6
26,8236.7
16,8236.8
6,8237.3
18,8237.5
13,8238.1
19,8238.3
28,8239.0
3,8243.1
13,8243.3
6,8246.5
4,8247.8
13,8248.8
16,8248.9
26,8248.9
21,8253.1
13,8254.6
13,8261.2
1,8264.1
13,8273.0
3,8275.8
14,8287.0
19,8292.0
13,8292.0
2,8292.1
8,8292.3
9,8292.5
12,8292.5
3,8292.5
6,8292.6
4,8292.6
28,8292.7
16,8292.7
21,8292.8
30,8292.8
26,8292.9
15,8292.9
25,8293.0
23,8293.0
27,8293.1
31,8293.2
29,8293.2
17,8293.3
11,8293.5
24,8293.6
18,8293.7
13,8298.6
19,8299.1
8,8299.3
6,8299.3
2,8299.3
3,8299.4
21,8299.8
4,8300.0
28,8300.2
12,8300.2
30,8300.3
25,8300.3
29,8300.7
9,8301.3
26,8301.6
15,8301.9
31,8302.6
18,8302.7
16,8302.8
27,8303.1
13,8303.6
6,8305.0
23,8305.1
17,8305.4
11,8305.4
3,8305.6
8,8305.7
19,8305.8
2,8305.8
21,8306.3
24,8306.6
4,8307.4
28,8307.7
25,8308.0
29,8308.2
13,8308.4
30,8309.4
12,8309.8
5,8310.7
6,8310.8
3,8312.1
13,8313.1
2,8313.5
21,8313.7
8,8313.8
19,8314.4
26,8314.6
6,8317.0
13,8318.0
4,8319.7
28,8320.6
29,8321.6
13,8323.1
3,8323.2
6,8325.5
13,8328.5
13,8334.3
13,8340.8
25,8345.0
13,8352.0
13,8372.0
2,8372.1
3,8372.1
8,8372.3
12,8372.4
19,8372.4
4,8372.5
6,8372.6
9,8372.7
30,8372.7
28,8372.8
21,8372.8
26,8372.9
25,8373.0
16,8373.0
15,8373.1
23,8373.1
29,8373.2
27,8373.2
31,8373.3
17,8373.4
11,8373.5
24,8373.6
18,8373.6
13,8378.5
2,8379.1
3,8379.1
6,8379.3
8,8379.3
19,8379.6
21,8379.8
4,8379.9
12,8380.1
28,8380.3
25,8380.3
30,8380.3
29,8380.6
9,8381.8
26,8382.1
15,8382.1
18,8382.7
31,8382.9
16,8383.5
13,8383.6
27,8383.8
6,8384.9
3,8385.1
2,8385.6
8,8385.7
17,8385.9
21,8386.3
11,8386.4
19,8386.4
23,8386.4
4,8387.8
28,8387.9
25,8388.1
29,8388.2
13,8388.4
30,8388.6
12,8389.9
6,8390.5
3,8391.9
13,8393.3
24,8393.4
8,8393.8
21,8394.0
2,8394.2
19,8395.8
6,8396.4
1,8397.4
13,8398.3
28,8401.5
6,8403.0
13,8403.6
3,8404.7
13,8409.2
6,8414.6
13,8415.4
21,8418.9
13,8423.6
29,8436.2
22,8436.5
13,8444.8
29,8491.8
2,8493.9
21,8499.4
2,8622.4
1,8722.3
28,8734.1
2,8734.4
2,8757.1
8,8757.2
19,8757.5
25,8757.6
12,8757.6
13,8757.6
6,8757.7
4,8757.8
9,8757.9
16,8758.0
30,8758.0
3,8758.1
28,8758.1
27,8758.2
26,8758.2
15,8758.3
29,8758.5
23,8758.5
24,8758.5
31,8758.5
17,8758.6
18,8758.8
21,8758.9
2,8763.9
8,8764.0
25,8764.4
13,8764.4
6,8764.5
19,8764.8
4,8765.3
12,8765.3
30,8765.7
28,8765.7
29,8766.2
9,8767.2
3,8767.7
15,8767.8
21,8767.8
18,8768.2
31,8768.6
26,8768.7
16,8768.7
27,8769.3
2,8769.7
8,8769.8
13,8770.3
6,8770.3
25,8770.4
24,8771.7
19,8771.8
10,8772.2
4,8774.0
28,8774.0
29,8774.7
17,8775.1
30,8775.3
2,8775.6
11,8775.8
8,8775.9
12,8776.0
6,8776.3
13,8776.5
25,8776.8
23,8777.4
2,8782.2
8,8782.8
6,8783.0
19,8783.1
13,8784.2
25,8786.9
2,8794.0
6,8795.5
19,8829.1
2,8834.9
8,8837.1
13,8837.3
25,8837.4
12,8837.6
6,8837.6
9,8837.7
4,8837.7
26,8837.7
30,8837.8
3,8837.9
27,8837.9
28,8837.9
15,8838.0
16,8838.1
23,8838.3
29,8838.3
31,8838.3
19,8838.4
17,8838.5
18,8838.7
21,8838.8
24,8838.9
2,8841.5
8,8843.8
13,8844.1
6,8844.3
25,8844.3
4,8845.2
12,8845.3
28,8845.3
30,8845.4
19,8845.5
29,8846.0
2,8846.6
9,8846.9
26,8847.0
3,8847.2
15,8847.2
31,8847.5
21,8848.0
27,8848.1
18,8848.2
16,8848.7
8,8849.6
13,8849.9
6,8850.0
25,8850.2
17,8851.1
23,8851.5
2,8851.6
10,8852.3
19,8852.5
28,8853.1
4,8853.8
29,8853.9
30,8854.0
12,8854.8
8,8855.4
6,8855.8
13,8855.9
2,8856.5
25,8856.6
11,8856.8
2,8861.6
8,8861.7
6,8861.9
13,8862.3
22,8862.7
5,8863.6
19,8863.7
25,8865.8
2,8867.1
6,8869.7
13,8870.7
8,8871.2
2,8872.9
2,8879.5
13,8892.2
19,8908.3
13,8916.8
2,8916.8
8,8917.0
12,8917.3
25,8917.4
4,8917.6
6,8917.6
9,8917.6
3,8917.7
16,8917.7
28,8917.8
30,8917.8
26,8918.0
15,8918.2
27,8918.2
23,8918.3
29,8918.3
31,8918.3
19,8918.4
17,8918.5
21,8918.6
24,8918.7
18,8918.7
2,8923.5
13,8923.6
8,8923.7
25,8924.2
6,8924.3
12,8924.9
4,8925.0
30,8925.3
28,8925.3
19,8925.6
29,8926.0
9,8926.5
3,8926.7
21,8927.5
31,8927.5
26,8927.7
16,8927.8
15,8927.9
18,8927.9
27,8928.8
2,8929.1
13,8929.4
8,8929.4
6,8930.0
25,8930.1
17,8931.0
23,8931.7
10,8932.9
19,8933.0
4,8933.0
28,8933.1
12,8933.5
30,8933.8
29,8934.2
2,8934.7
8,8935.1
13,8935.2
6,8935.8
25,8936.3
2,8940.6
8,8941.1
13,8941.5
6,8941.9
25,8944.7
19,8946.0
2,8947.3
8,8948.3
13,8949.3
6,8949.4
15,8952.3
2,8959.8
21,8961.6
27,8994.6
2,8996.9
8,8997.1
19,8997.3
13,8997.4
25,8997.4
12,8997.5
6,8997.6
4,8997.6
9,8997.7
3,8997.7
30,8997.7
16,8997.8
28,8997.8
15,8997.9
26,8998.0
29,8998.2
31,8998.3
23,8998.3
18,8998.4
17,8998.4
24,8998.7
21,8998.7
27,9003.0
2,9003.6
8,9003.8
13,9004.2
25,9004.2
6,9004.3
19,9004.5
4,9004.9
12,9005.1
30,9005.3
28,9005.4
29,9005.8
3,9006.6
9,9006.7
15,9007.0
21,9007.1
18,9007.4
26,9007.7
16,9008.0
31,9008.0
2,9009.3
8,9009.5
6,9010.0
13,9010.0
25,9010.1
17,9010.3
19,9011.5
23,9011.8
4,9012.5
30,9013.5
28,9013.5
29,9014.0
12,9014.6
2,9015.0
8,9015.4
27,9015.9
6,9015.9
13,9016.1
25,9016.4
21,9019.7
2,9021.2
8,9021.7
6,9022.3
19,9022.7
13,9023.0
25,9025.5
2,9029.5
8,9032.1
6,9033.0
13,9036.6
8,9060.4
13,9066.3
6,9077.9
0,9309.6
4,9325.0
28,9325.1
25,9326.1
9,9326.2
19,9345.9
12,9351.0
16,9375.0
26,9375.3
4,9375.3
24,9375.3
18,9375.8
2,9382.0
6,9382.2
8,9382.3
19,9382.5
25,9382.6
31,9382.7
12,9382.7
29,9382.9
9,9382.9
13,9383.0
28,9383.0
3,9383.1
27,9383.2
4,9383.3
15,9383.5
17,9383.6
30,9383.7
26,9383.7
16,9383.8
21,9383.9
22,9384.1
18,9385.2
24,9385.2
2,9388.8
6,9388.8
8,9389.0
25,9389.3
31,9389.7
19,9389.8
29,9389.9
4,9390.1
13,9390.3
12,9390.4
28,9390.6
26,9391.6
9,9392.2
16,9392.5
3,9392.6
21,9393.2
18,9393.5
27,9393.5
6,9393.8
15,9393.8
2,9394.6
8,9394.9
25,9395.1
17,9395.7
30,9396.2
31,9396.3
29,9396.4
19,9396.7
4,9396.8
24,9397.0
13,9397.6
10,9397.7
28,9398.4
6,9398.6
12,9399.3
2,9400.4
8,9400.9
25,9401.2
6,9403.4
26,9404.2
29,9405.1
31,9406.2
2,9406.6
19,9407.7
4,9407.7
6,9408.3
8,9408.4
25,9408.5
13,9409.5
6,9413.4
2,9415.3
28,9417.7
6,9418.9
6,9424.9
26,9429.1
6,9432.5
2,9461.9
8,9462.1
6,9462.1
25,9462.4
19,9462.5
12,9462.5
31,9462.5
9,9462.7
4,9462.7
29,9462.8
28,9462.8
13,9462.8
3,9462.9
26,9463.0
16,9463.1
27,9463.2
15,9463.2
24,9463.4
30,9463.4
18,9463.5
17,9463.5
21,9463.8
22,9463.8
6,9468.6
2,9468.6
8,9468.9
25,9469.2
31,9469.5
19,9469.7
29,9469.8
13,9470.0
4,9470.1
28,9470.2
12,9470.2
9,9471.7
3,9472.2
26,9472.5
18,9472.5
21,9473.0
27,9473.5
6,9473.5
15,9473.8
16,9473.9
2,9474.3
8,9474.6
25,9475.1
30,9475.3
24,9475.6
31,9475.9
29,9476.3
19,9476.9
13,9476.9
10,9476.9
28,9478.0
6,9478.2
4,9478.3
12,9479.9
2,9480.0
8,9480.6
25,9481.3
17,9481.3
6,9482.8
29,9484.4
31,9484.8
23,9485.0
2,9485.9
13,9485.9
8,9487.5
6,9487.5
25,9488.9
19,9489.1
28,9491.1
6,9492.4
2,9492.7
6,9497.6
6,9503.1
2,9503.6
6,9509.1
6,9516.4
25,9529.6
2,9532.0
6,9542.0
8,9542.0
2,9542.4
12,9542.4
19,9542.4
31,9542.5
29,9542.6
4,9542.6
9,9542.7
26,9542.7
28,9542.7
3,9542.8
25,9542.9
13,9542.9
27,9543.0
15,9543.0
16,9543.1
17,9543.4
30,9543.5
24,9543.7
18,9543.7
21,9543.8
22,9543.9
6,9548.5
8,9548.7
2,9549.1
31,9549.5
19,9549.6
29,9549.6
25,9549.7
4,9550.0
28,9550.1
13,9550.1
12,9550.1
26,9551.6
9,9551.7
3,9551.8
18,9552.8
21,9552.9
15,9553.4
27,9553.4
6,9553.5
16,9553.9
8,9554.5
2,9554.9
30,9555.1
25,9555.6
31,9555.8
29,9555.9
17,9556.1
24,9556.6
19,9556.7
13,9557.1
28,9558.1
6,9558.2
4,9558.3
12,9560.0
8,9560.3
2,9560.7
25,9561.8
6,9562.8
29,9563.3
31,9563.4
8,9566.8
2,9566.8
6,9567.4
13,9567.4
19,9568.9
25,9569.9
6,9572.2
2,9574.8
6,9577.4
8,9578.3
6,9582.9
6,9588.9
25,9593.0
6,9596.0
13,9597.1
2,9621.9
6,9622.0
8,9622.1
25,9622.4
19,9622.4
31,9622.5
12,9622.5
4,9622.6
9,9622.7
29,9622.8
13,9622.8
3,9622.8
28,9622.9
26,9622.9
16,9623.0
15,9623.2
27,9623.3
17,9623.4
30,9623.5
24,9623.6
18,9623.7
21,9623.8
22,9623.9
6,9628.5
2,9628.6
8,9628.8
25,9629.1
31,9629.5
19,9629.6
29,9629.8
4,9630.0
13,9630.1
12,9630.2
28,9630.4
9,9631.9
3,9632.0
26,9632.5
21,9632.9
18,9633.0
16,9633.4
6,9633.5
27,9633.7
15,9634.0
2,9634.1
8,9634.5
25,9635.0
17,9635.6
30,9635.7
31,9635.8
29,9636.1
24,9636.6
19,9636.6
13,9637.0
28,9638.1
6,9638.3
4,9638.4
10,9639.5
2,9639.7
12,9639.9
8,9640.3
25,9641.1
6,9642.9
31,9643.0
29,9643.9
2,9645.5
8,9646.4
13,9647.1
6,9647.7
25,9648.0
19,9648.6
1,9649.7
2,9651.7
6,9652.7
8,9654.1
6,9658.1
2,9661.0
6,9663.8
6,9670.2
6,9681.7
28,9700.3
19,9764.4
15,9796.6
28,9812.0
4,9887.9
15,9923.6
27,9989.1
