36,25.0
128,47.2
252,53.0
315,54.0
31,66.3
286,71.3
216,89.7
298,91.4
211,93.2
316,93.9
267,96.4
156,96.9
40,98.7
277,99.3
189,99.3
87,99.7
199,99.7
262,99.8
144,99.9
273,100.0
268,100.3
119,100.9
128,101.0
177,101.0
371,101.1
80,102.4
30,102.9
269,103.1
169,103.4
368,103.5
357,103.6
167,103.9
215,104.0
230,104.0
20,104.2
120,104.6
190,104.7
313,104.8
49,105.0
127,105.4
83,108.2
276,108.9
335,109.1
94,109.2
223,110.2
123,110.8
62,111.2
160,121.8
46,128.5
130,146.1
259,149.7
29,150.4
376,155.0
297,158.8
131,165.2
148,165.6
339,166.4
281,171.2
103,173.8
90,174.2
267,175.7
156,176.3
40,177.9
165,178.5
189,178.6
277,178.7
87,179.0
262,179.0
273,179.3
268,179.6
119,180.1
65,180.2
177,180.3
371,180.5
353,180.6
258,181.5
128,181.6
80,181.8
30,182.2
269,182.4
169,182.6
368,182.7
348,182.7
357,182.9
167,183.2
215,183.3
230,183.4
20,183.4
363,183.6
49,184.0
190,184.0
120,184.1
313,184.1
191,184.2
98,184.6
127,184.7
150,185.2
383,185.6
123,186.2
238,186.2
288,186.3
260,187.8
276,188.2
104,188.3
94,188.4
335,188.9
322,191.5
217,191.6
287,195.5
88,197.2
298,197.8
378,199.3
115,201.3
12,201.3
212,202.2
192,206.3
340,211.4
139,214.2
191,215.2
51,215.9
165,218.4
330,219.2
127,219.6
242,221.6
102,224.7
244,225.6
1,226.0
32,228.0
42,228.6
294,229.3
303,231.5
173,232.5
268,232.5
253,232.8
279,233.1
137,235.1
297,238.0
41,238.2
338,238.6
354,242.9
31,248.9
121,251.9
73,254.7
267,255.7
156,255.8
40,258.0
189,258.5
262,258.7
277,258.9
87,259.1
273,259.4
230,260.2
177,260.2
119,260.2
371,260.5
353,260.5
268,261.3
30,261.3
80,261.5
127,261.6
49,262.1
215,262.4
269,262.4
191,262.7
368,262.8
357,263.0
169,263.2
128,263.3
20,263.6
170,264.0
167,264.0
190,264.4
313,264.9
120,265.3
66,266.6
171,267.9
276,269.5
94,270.6
342,272.8
289,272.8
214,276.6
238,278.1
60,279.9
99,280.9
50,282.4
120,287.5
193,290.4
84,291.3
257,292.8
124,296.3
288,299.4
33,300.9
319,309.6
163,310.4
221,312.8
5,313.7
144,316.4
249,316.4
185,319.3
53,325.2
292,326.8
327,327.6
36,328.3
267,329.8
16,329.9
70,330.2
316,330.7
79,331.1
203,336.6
59,336.7
97,336.8
277,337.5
375,337.9
261,338.2
281,340.6
254,340.7
61,340.7
40,346.0
151,347.4
94,347.7
124,347.7
55,351.4
4,356.5
263,357.6
187,359.0
96,361.0
255,366.2
366,369.2
161,371.6
72,372.2
62,374.3
351,375.0
206,375.6
289,380.2
172,383.2
204,384.9
242,387.2
164,387.9
299,388.4
122,390.2
157,390.3
107,391.0
222,392.1
332,397.8
240,399.0
53,400.3
378,402.4
65,404.2
14,405.1
118,405.8
15,406.1
361,415.5
153,417.2
148,424.6
101,425.3
202,426.7
364,427.6
226,428.6
91,428.9
245,429.5
295,432.2
372,434.4
342,444.8
213,445.5
311,445.6
120,448.4
218,449.3
244,450.4
184,455.4
366,456.1
352,459.5
92,460.1
343,465.8
270,469.2
346,469.9
212,470.1
275,470.3
19,471.8
13,472.3
40,472.7
195,473.3
76,475.4
58,475.8
126,476.0
165,476.5
175,477.1
135,477.8
216,477.9
68,480.2
151,481.5
149,481.8
0,483.3
16,484.8
185,487.1
183,490.6
15,491.2
247,494.6
174,497.7
121,498.9
63,504.5
370,507.7
82,508.0
369,508.9
173,509.6
324,509.8
16,512.1
249,513.6
93,515.2
166,515.2
36,515.6
102,517.8
38,519.6
14,520.4
24,521.3
238,522.3
108,529.5
202,529.8
146,530.9
96,533.8
293,534.8
8,536.2
123,537.7
86,539.7
52,542.7
117,543.3
105,546.5
167,547.0
130,549.9
220,550.9
56,551.2
261,552.5
45,556.0
11,556.3
354,560.0
228,560.1
184,563.2
22,568.1
182,572.9
290,573.1
43,576.4
368,579.1
12,581.3
96,583.9
37,587.8
191,590.6
211,592.5
137,592.7
291,592.8
328,595.6
155,600.5
371,602.4
249,603.9
326,605.6
356,607.0
40,610.0
150,615.8
333,617.1
301,617.5
142,618.3
199,619.8
23,620.4
6,622.3
123,624.8
111,633.7
312,638.1
315,639.2
267,641.1
139,641.6
156,641.7
40,643.1
189,643.7
277,643.9
371,644.1
87,644.2
262,644.4
273,644.5
157,644.5
247,645.0
368,645.1
268,645.2
119,645.5
177,645.6
167,646.7
80,646.9
191,647.1
269,647.3
30,647.6
357,647.6
169,648.1
230,648.2
20,648.3
190,648.3
49,648.3
215,648.4
313,648.4
168,648.5
238,648.9
128,649.1
319,649.1
127,649.2
328,649.2
184,649.3
120,649.5
367,649.9
70,650.2
282,650.5
94,650.9
335,650.9
276,651.3
383,652.7
353,654.0
345,654.6
280,656.2
207,656.3
356,656.6
304,659.2
4,661.5
187,664.7
133,665.8
243,666.1
266,667.2
7,668.8
170,671.1
309,673.4
334,674.1
28,682.0
60,684.4
276,685.8
215,687.1
324,688.6
335,695.9
192,700.1
122,700.5
59,700.5
71,703.0
365,703.2
107,704.0
181,704.1
88,708.7
194,709.3
216,712.6
57,714.9
317,719.6
343,720.0
267,720.8
156,721.3
40,722.1
189,723.2
87,723.7
277,723.7
262,724.0
273,724.2
371,724.5
268,724.9
119,725.0
177,725.7
368,726.3
80,726.5
269,726.5
215,726.7
167,727.3
357,727.5
30,727.6
20,727.7
49,727.9
150,727.9
191,728.2
190,728.3
230,728.4
276,728.4
169,728.6
280,729.0
127,729.1
128,729.8
313,729.8
288,729.9
123,730.2
94,731.0
359,731.4
328,732.6
238,732.9
383,733.0
104,733.2
217,733.3
335,733.5
349,734.4
353,735.8
15,739.1
361,743.6
206,744.1
176,745.2
296,746.4
27,747.5
302,751.3
285,751.8
338,752.6
248,755.0
308,757.0
34,759.4
86,760.2
132,760.6
303,761.1
151,762.7
305,765.2
25,765.3
125,766.0
311,767.8
295,768.0
265,772.3
211,775.4
244,776.3
178,776.5
55,776.8
121,777.9
374,778.5
197,778.6
355,781.2
47,784.9
246,787.1
252,789.9
359,790.2
200,791.1
273,793.2
349,794.7
330,794.7
83,799.2
141,800.5
350,800.7
267,800.8
156,800.9
39,801.9
40,802.5
320,803.2
189,803.3
262,803.7
87,803.8
277,803.9
268,805.0
177,805.1
119,805.1
269,805.1
251,805.1
371,805.2
30,806.1
49,806.2
85,806.3
80,806.3
353,806.4
215,806.5
368,807.0
158,807.2
357,807.8
116,808.0
190,808.1
169,808.4
20,808.4
167,808.5
128,808.8
335,808.9
171,809.1
230,809.1
127,809.2
276,809.2
140,809.3
191,810.1
238,810.5
338,810.9
120,811.0
313,811.1
94,812.1
383,813.3
56,816.6
21,816.9
351,819.3
67,820.2
147,820.6
285,822.3
229,824.3
191,831.1
301,831.9
170,833.0
30,833.3
329,836.2
108,839.4
75,839.8
241,841.4
126,842.2
128,844.7
19,849.7
91,853.9
120,856.0
323,857.4
357,858.5
341,859.2
114,859.4
258,861.1
290,866.8
182,870.7
2,872.0
34,873.0
167,874.5
272,874.8
283,876.0
316,880.2
267,880.9
156,881.1
273,882.8
40,882.9
65,883.2
189,883.4
119,883.8
277,883.9
87,884.0
262,884.1
371,884.4
105,884.4
303,884.7
30,884.9
268,885.2
177,885.6
128,886.2
359,886.4
269,886.4
49,886.7
80,886.9
191,887.4
368,887.6
51,888.3
20,888.4
190,888.4
215,888.5
169,888.5
15,889.0
127,889.4
353,889.5
230,889.7
126,889.9
200,890.3
171,890.8
276,891.0
335,891.0
116,891.9
76,892.3
152,892.6
94,892.6
357,893.4
383,893.7
150,894.7
224,896.7
183,901.3
374,904.4
110,906.8
96,907.5
275,909.9
63,915.8
210,915.9
378,917.1
360,917.7
130,918.2
272,921.3
195,922.7
97,923.6
144,924.7
340,928.0
334,928.0
138,929.2
289,930.5
291,931.6
100,931.9
190,932.4
213,933.9
177,934.3
98,934.6
87,934.6
108,935.6
13,940.7
192,941.1
102,941.9
147,942.7
58,944.4
309,944.7
214,945.6
126,947.6
225,949.1
304,949.7
326,949.9
180,952.3
256,952.4
364,955.6
168,956.3
54,958.4
49,961.4
153,961.7
201,962.4
196,962.8
123,963.2
135,965.4
278,965.8
115,967.7
112,970.7
48,971.3
79,972.8
313,977.8
366,978.3
217,978.6
69,980.6
342,983.9
253,985.0
51,988.1
344,990.4
266,992.5
137,997.7
181,1000.6
351,1001.5
297,1001.6
262,1002.9
3,1011.1
149,1011.4
114,1015.4
18,1016.1
234,1017.4
27,1018.9
186,1020.3
260,1021.0
341,1021.2
173,1025.7
306,1026.6
155,1027.8
91,1031.5
340,1034.0
140,1036.2
42,1038.9
125,1045.6
244,1051.3
99,1052.8
267,1061.2
331,1063.2
235,1067.1
296,1073.9
307,1074.3
113,1075.6
291,1077.3
2,1078.1
303,1081.4
20,1081.5
281,1083.3
198,1085.2
337,1089.1
1,1089.3
216,1091.1
203,1092.2
339,1093.1
318,1093.9
38,1094.4
284,1096.0
78,1098.3
300,1099.0
132,1100.0
210,1100.8
381,1101.0
258,1102.7
227,1104.7
57,1107.1
336,1107.2
286,1107.9
212,1109.3
383,1109.6
47,1111.2
176,1113.3
120,1115.1
352,1118.7
268,1120.1
97,1120.7
217,1121.2
21,1123.4
230,1124.3
293,1126.5
310,1126.6
295,1126.8
175,1127.4
73,1127.5
319,1128.0
160,1128.3
347,1130.1
169,1133.1
87,1133.9
383,1134.2
70,1134.6
263,1139.1
4,1139.6
298,1140.4
321,1140.8
64,1141.6
311,1142.4
328,1142.8
218,1146.4
315,1152.0
325,1152.1
157,1153.1
8,1154.2
229,1154.8
239,1156.6
290,1158.9
291,1159.7
252,1160.2
121,1160.9
13,1162.4
322,1163.9
186,1164.9
376,1170.1
148,1170.4
145,1170.6
118,1171.0
236,1173.3
287,1176.6
5,1178.6
264,1179.2
14,1181.7
368,1184.9
273,1187.1
356,1189.5
189,1192.9
85,1192.9
155,1194.1
254,1196.0
215,1196.0
93,1196.8
145,1198.5
159,1199.2
76,1204.6
329,1205.8
181,1210.8
193,1212.1
106,1215.5
280,1216.5
88,1217.5
365,1217.7
199,1222.6
2,1224.6
179,1225.3
262,1225.8
362,1226.4
59,1227.2
52,1229.2
202,1233.3
313,1233.7
44,1237.4
350,1237.9
234,1238.4
159,1247.7
39,1247.9
105,1248.9
17,1249.9
90,1251.9
148,1252.2
18,1254.4
107,1254.5
295,1256.9
172,1257.0
265,1261.4
323,1263.3
103,1263.4
98,1264.9
106,1265.6
267,1265.9
156,1266.9
345,1267.4
189,1267.6
188,1267.7
273,1268.1
87,1268.3
262,1268.3
40,1268.5
277,1268.8
335,1269.1
164,1269.2
268,1269.3
368,1270.0
177,1270.1
119,1270.1
371,1270.2
215,1270.7
313,1271.1
230,1271.2
169,1271.3
80,1271.4
30,1271.5
383,1271.8
269,1271.9
135,1271.9
293,1272.0
357,1272.5
120,1272.6
20,1272.7
128,1272.8
190,1272.8
28,1273.1
127,1273.3
167,1273.4
49,1273.5
280,1274.5
191,1274.9
94,1275.7
328,1275.9
276,1276.2
356,1276.3
178,1276.4
248,1276.9
223,1277.1
182,1277.7
149,1278.2
207,1279.5
22,1280.7
333,1289.1
250,1289.2
337,1291.3
228,1294.1
362,1296.0
33,1298.8
285,1299.0
109,1301.7
363,1306.6
139,1306.9
371,1310.5
267,1310.7
375,1313.5
126,1315.5
219,1318.0
161,1318.5
123,1321.2
226,1322.8
25,1335.8
276,1337.2
266,1338.6
259,1339.0
267,1345.5
156,1346.2
45,1347.2
189,1347.7
40,1347.8
262,1348.0
87,1348.5
273,1348.5
277,1348.6
30,1348.8
268,1349.3
371,1349.4
119,1349.7
177,1350.4
313,1351.1
368,1351.2
80,1351.2
191,1351.3
169,1351.6
215,1351.7
269,1351.8
357,1352.1
20,1352.2
335,1352.2
230,1352.3
49,1352.3
190,1352.9
127,1352.9
167,1353.0
128,1353.1
353,1353.7
288,1353.7
383,1353.8
120,1354.4
238,1355.1
94,1355.7
150,1355.7
104,1355.9
359,1356.1
260,1356.6
126,1358.5
198,1358.7
8,1359.4
348,1360.7
361,1361.4
184,1361.5
160,1362.5
102,1363.7
294,1364.2
168,1365.6
257,1368.8
378,1370.8
262,1373.0
238,1374.4
23,1375.1
6,1376.1
95,1376.5
323,1378.4
289,1379.0
340,1381.4
208,1382.5
60,1384.2
54,1384.3
264,1385.3
42,1387.6
189,1389.6
26,1389.7
191,1391.6
360,1392.6
177,1393.0
166,1393.0
89,1394.6
179,1394.7
314,1395.9
308,1396.3
275,1397.5
36,1398.2
1,1399.4
317,1399.6
44,1407.7
96,1408.4
279,1409.7
206,1410.8
75,1412.8
213,1414.1
71,1414.1
239,1414.2
65,1417.6
327,1420.4
347,1422.0
216,1422.4
39,1425.1
267,1425.4
156,1425.8
117,1427.1
262,1427.7
189,1427.7
40,1427.9
277,1428.7
87,1428.9
273,1429.0
339,1429.0
371,1429.4
268,1429.6
177,1429.9
30,1429.9
119,1430.3
49,1431.3
80,1431.5
368,1431.8
269,1431.9
238,1432.5
357,1432.5
191,1432.8
276,1432.8
313,1432.9
169,1433.1
215,1433.3
127,1433.3
230,1433.4
20,1433.6
128,1433.7
190,1433.8
10,1434.1
184,1434.6
328,1434.9
383,1435.5
306,1435.8
123,1435.8
335,1436.0
284,1436.8
94,1436.9
81,1441.8
118,1444.6
51,1445.3
298,1446.1
299,1455.9
210,1460.0
223,1460.4
29,1460.6
56,1463.5
170,1464.4
382,1464.4
362,1467.0
293,1468.9
58,1468.9
277,1470.1
304,1471.6
292,1473.4
280,1473.5
25,1473.8
147,1473.9
192,1474.3
162,1474.7
367,1475.3
163,1476.0
73,1478.8
190,1481.2
107,1483.3
32,1484.4
252,1489.8
267,1490.0
159,1492.0
360,1493.4
231,1495.6
316,1496.4
156,1506.1
253,1507.4
189,1507.7
262,1507.9
40,1508.0
277,1508.1
87,1509.1
273,1509.4
364,1510.0
268,1510.2
119,1510.2
177,1510.2
371,1510.3
30,1511.4
49,1511.6
80,1511.7
269,1512.5
191,1512.6
357,1512.7
368,1512.9
167,1512.9
20,1513.4
127,1513.6
353,1513.7
230,1513.8
169,1513.8
128,1514.1
215,1514.2
238,1514.7
328,1514.9
276,1515.1
288,1515.1
313,1515.3
223,1515.4
150,1516.6
94,1516.9
359,1516.9
383,1517.0
190,1517.1
280,1517.1
104,1517.2
335,1518.3
158,1521.4
154,1521.6
74,1522.0
50,1525.0
137,1526.5
136,1527.5
178,1528.4
175,1532.2
268,1533.0
269,1533.5
83,1534.6
383,1538.3
228,1541.8
209,1544.3
77,1545.3
330,1547.5
212,1550.2
108,1550.3
194,1552.2
247,1553.6
300,1555.1
43,1556.4
203,1557.4
31,1558.2
199,1561.0
239,1561.6
206,1562.0
195,1562.5
260,1565.6
143,1566.0
368,1567.9
15,1569.3
278,1570.8
88,1571.7
304,1573.1
349,1574.9
257,1576.7
96,1576.8
16,1581.4
274,1581.8
12,1583.1
17,1584.5
322,1589.0
232,1590.9
62,1591.4
205,1591.7
119,1592.3
181,1596.7
115,1601.8
87,1603.6
289,1604.3
292,1604.5
226,1605.2
275,1607.2
222,1608.0
202,1614.8
177,1617.8
135,1620.6
46,1621.6
212,1622.1
13,1622.9
176,1624.4
186,1626.1
305,1626.9
61,1628.0
343,1628.5
331,1629.5
9,1629.5
66,1630.4
346,1635.7
138,1636.1
351,1639.9
251,1640.4
286,1643.2
339,1645.3
217,1647.2
37,1648.3
130,1649.4
91,1653.6
249,1653.9
95,1657.8
164,1662.2
224,1670.2
274,1670.2
197,1672.1
180,1673.4
68,1677.2
132,1677.9
375,1683.2
259,1688.8
200,1689.1
98,1690.5
363,1691.6
379,1697.7
92,1697.9
72,1698.9
319,1700.6
96,1703.3
194,1709.1
369,1709.2
106,1712.0
85,1712.5
7,1712.8
90,1713.0
323,1714.9
117,1720.7
97,1721.5
110,1721.9
134,1722.6
124,1724.2
58,1724.7
21,1725.9
237,1727.1
303,1727.5
168,1732.3
77,1737.3
190,1745.8
69,1746.0
89,1746.6
219,1747.0
126,1748.1
263,1750.1
338,1752.4
336,1752.5
159,1755.7
5,1755.9
259,1759.5
269,1765.2
55,1765.9
265,1767.3
271,1768.9
78,1769.4
207,1770.0
365,1772.3
1,1773.4
324,1773.8
208,1777.4
245,1778.8
41,1779.6
170,1781.5
216,1792.1
206,1794.4
292,1796.0
30,1796.7
163,1801.7
123,1801.9
76,1802.1
342,1805.1
154,1807.8
116,1808.7
187,1808.8
362,1813.9
142,1814.4
345,1817.4
78,1819.2
234,1820.3
344,1821.6
48,1822.0
202,1824.0
360,1824.2
79,1824.3
129,1828.1
352,1831.3
317,1832.1
246,1832.3
140,1833.8
17,1835.8
311,1836.1
339,1837.7
215,1838.3
261,1839.7
179,1846.3
296,1846.9
87,1848.7
192,1855.0
120,1855.3
371,1858.3
229,1858.3
117,1866.1
307,1868.2
250,1869.3
328,1870.3
82,1871.6
178,1871.7
227,1873.6
321,1876.9
210,1877.6
188,1881.5
91,1882.2
172,1883.7
377,1884.5
225,1885.0
122,1889.7
267,1891.2
156,1891.5
282,1892.9
40,1893.3
87,1893.3
189,1893.9
277,1894.1
262,1894.2
273,1894.8
268,1895.0
371,1895.1
119,1895.1
30,1895.2
215,1895.7
269,1896.0
177,1896.0
80,1896.6
190,1897.0
11,1897.2
357,1897.3
167,1897.4
368,1897.4
120,1897.6
169,1897.8
20,1897.8
49,1897.9
196,1897.9
128,1898.3
313,1898.4
127,1898.5
230,1899.2
353,1899.7
354,1899.8
94,1900.3
116,1900.6
157,1901.1
150,1901.2
288,1901.3
383,1901.7
191,1901.9
335,1902.1
153,1902.5
104,1903.1
260,1903.9
8,1904.9
70,1905.3
62,1907.3
209,1907.8
291,1908.0
35,1909.0
72,1909.8
252,1915.5
89,1919.8
334,1926.8
84,1927.1
214,1927.1
339,1929.6
176,1930.5
183,1932.6
75,1933.8
96,1935.4
285,1935.5
382,1935.8
149,1935.8
150,1937.7
213,1940.3
10,1941.4
63,1942.7
61,1942.8
332,1943.0
66,1943.9
202,1946.1
98,1947.7
88,1948.3
234,1949.2
192,1951.3
37,1952.6
312,1953.6
54,1954.3
47,1957.5
224,1963.0
365,1963.7
343,1963.8
95,1964.3
257,1964.4
152,1965.9
259,1966.5
124,1968.1
267,1970.8
311,1970.9
156,1971.3
189,1972.1
271,1972.4
40,1972.8
87,1973.4
277,1973.6
262,1974.0
273,1974.2
371,1974.3
268,1974.9
119,1975.1
269,1976.3
177,1976.3
30,1976.5
80,1976.7
357,1977.0
368,1977.0
127,1977.8
215,1977.9
49,1977.9
160,1978.0
190,1978.1
20,1978.5
169,1978.7
109,1978.8
230,1978.9
328,1979.0
128,1979.6
276,1979.6
313,1979.6
359,1979.6
167,1979.8
120,1980.0
150,1981.4
91,1981.7
94,1981.7
383,1982.3
191,1983.1
86,1984.9
366,1986.7
34,1988.1
340,1991.4
53,1995.0
182,1995.7
131,1997.9
8,2002.9
121,2003.5
14,2004.0
321,2004.0
274,2004.3
374,2007.8
205,2007.9
254,2008.2
218,2010.4
356,2011.1
364,2013.9
228,2018.7
101,2019.5
306,2019.6
240,2022.9
283,2023.7
64,2024.2
27,2024.5
0,2025.5
218,2032.0
165,2032.7
267,2033.1
70,2034.5
201,2035.2
255,2035.9
139,2036.6
26,2037.5
116,2040.6
277,2040.7
261,2049.2
233,2049.3
212,2049.8
156,2050.9
127,2051.1
329,2051.3
137,2051.5
304,2052.3
193,2052.6
189,2052.7
40,2052.9
262,2053.4
87,2053.7
15,2053.8
273,2054.3
250,2054.4
313,2054.6
191,2055.0
44,2055.0
371,2055.1
268,2055.2
119,2055.2
12,2055.7
49,2056.2
80,2056.6
177,2056.7
30,2056.8
353,2057.0
269,2057.1
357,2057.3
215,2057.9
267,2057.9
368,2057.9
20,2058.4
238,2058.5
190,2058.6
220,2059.0
167,2059.4
169,2059.7
91,2059.8
347,2059.9
288,2059.9
366,2060.0
356,2060.2
230,2060.3
335,2060.4
150,2060.4
94,2060.5
128,2061.2
276,2062.1
85,2062.2
383,2062.8
351,2067.5
314,2069.7
57,2070.0
289,2070.5
118,2071.0
40,2073.7
235,2077.6
323,2078.7
239,2079.6
210,2079.8
190,2081.4
51,2082.5
225,2086.0
19,2089.3
130,2089.6
184,2092.0
154,2093.0
66,2095.1
174,2095.5
28,2095.9
168,2097.1
292,2098.6
337,2099.4
3,2100.9
18,2102.8
128,2102.9
198,2106.3
266,2107.0
92,2109.6
327,2110.8
155,2111.8
359,2116.6
93,2117.3
37,2121.8
346,2122.9
300,2125.2
317,2125.4
272,2126.5
167,2128.7
54,2129.4
248,2130.0
267,2130.5
31,2130.6
156,2131.1
79,2131.2
297,2131.2
316,2132.0
40,2132.1
277,2132.5
38,2132.5
189,2133.2
87,2133.9
262,2134.0
273,2134.2
268,2134.8
127,2134.9
242,2135.1
119,2135.3
371,2135.3
177,2135.7
190,2135.8
191,2136.1
80,2136.6
49,2136.6
257,2136.6
30,2136.8
269,2137.2
357,2137.3
313,2137.5
368,2137.7
169,2138.1
128,2138.3
20,2138.4
215,2138.9
283,2139.2
230,2139.7
91,2139.7
94,2140.7
184,2140.7
120,2141.6
286,2142.3
353,2142.6
383,2143.2
5,2143.6
276,2143.8
141,2144.3
325,2147.3
351,2151.3
293,2152.9
77,2153.0
22,2156.7
69,2160.6
50,2163.4
106,2163.9
286,2165.9
90,2168.4
81,2168.7
178,2169.6
374,2171.3
326,2171.7
98,2171.7
24,2174.4
61,2174.7
200,2177.2
209,2177.4
288,2178.2
97,2184.3
183,2184.9
100,2186.1
155,2186.2
204,2187.6
194,2191.6
95,2191.9
322,2192.6
254,2193.1
256,2194.0
335,2194.2
162,2194.6
125,2207.4
34,2208.4
150,2208.8
108,2219.7
145,2220.4
255,2220.8
371,2221.3
130,2223.5
273,2224.5
36,2225.1
338,2225.3
175,2226.6
373,2227.3
151,2229.6
105,2229.9
140,2231.8
143,2233.9
215,2234.7
57,2238.9
265,2241.9
350,2242.6
103,2243.5
280,2246.8
181,2250.6
59,2252.1
56,2252.7
275,2253.6
383,2254.5
317,2261.8
127,2262.2
196,2262.4
227,2272.0
240,2274.2
15,2276.0
206,2277.5
304,2279.7
160,2281.4
121,2281.8
8,2289.0
236,2290.3
177,2292.8
152,2295.7
6,2296.0
369,2297.8
271,2298.5
28,2302.8
348,2303.4
359,2304.2
238,2309.4
36,2312.3
320,2316.6
301,2318.7
349,2323.0
210,2323.9
176,2324.0
169,2325.6
203,2329.1
206,2333.8
180,2334.5
375,2334.6
242,2337.6
89,2339.2
280,2341.0
252,2343.0
111,2349.9
277,2354.1
305,2355.3
225,2355.8
366,2360.0
10,2361.2
35,2364.6
98,2365.5
291,2365.7
114,2366.3
378,2367.2
158,2368.1
13,2369.8
156,2370.3
330,2371.7
107,2372.1
45,2375.0
81,2376.6
371,2378.2
118,2381.5
25,2382.5
105,2383.2
104,2383.6
351,2386.7
76,2390.3
352,2392.0
183,2394.6
332,2396.5
221,2399.8
281,2401.2
148,2401.5
166,2401.7
185,2404.4
20,2404.5
260,2404.7
275,2405.0
67,2405.2
219,2405.3
27,2410.1
58,2413.0
78,2417.0
24,2418.3
7,2418.4
269,2419.3
146,2422.6
3,2422.8
250,2423.0
187,2424.8
379,2431.6
17,2432.1
54,2432.8
204,2434.0
68,2441.0
310,2445.0
345,2448.3
182,2449.2
212,2449.7
136,2450.4
361,2452.2
180,2455.0
205,2455.5
331,2457.3
167,2459.4
184,2459.7
374,2460.0
334,2461.8
115,2469.1
244,2470.1
134,2470.2
315,2471.7
84,2472.7
130,2474.5
367,2478.3
56,2478.7
308,2479.6
2,2480.8
139,2481.5
370,2482.0
48,2482.4
141,2482.7
111,2482.7
57,2485.7
235,2485.7
312,2489.1
149,2490.2
286,2494.4
268,2495.4
250,2499.6
267,2500.5
280,2504.9
198,2508.0
163,2508.6
357,2509.3
238,2509.5
118,2510.0
230,2510.8
156,2516.3
207,2517.3
40,2518.2
359,2518.4
277,2518.6
189,2518.6
126,2518.9
87,2519.2
262,2519.3
273,2519.5
371,2519.9
177,2520.2
119,2520.4
167,2520.5
269,2521.1
127,2521.4
80,2521.6
169,2521.7
20,2521.9
30,2521.9
49,2522.6
128,2523.0
368,2523.0
190,2523.3
188,2524.0
215,2524.5
94,2524.7
268,2525.0
335,2525.4
184,2525.4
191,2525.5
383,2525.6
120,2526.0
134,2526.1
104,2526.2
212,2526.4
276,2526.6
260,2526.6
282,2529.3
8,2531.0
329,2532.0
229,2532.2
356,2534.4
46,2534.5
325,2536.2
117,2538.0
31,2540.7
214,2541.5
376,2544.1
93,2544.5
164,2544.9
1,2549.2
9,2549.8
113,2550.0
264,2550.1
19,2552.8
143,2553.2
147,2553.5
95,2554.8
377,2557.1
343,2557.5
80,2559.6
321,2559.7
341,2560.2
278,2561.1
293,2563.9
271,2565.3
273,2571.4
157,2576.8
129,2579.9
265,2580.5
178,2581.0
245,2581.7
149,2581.8
360,2582.4
174,2582.9
327,2583.1
333,2586.0
78,2586.3
133,2586.4
195,2589.0
4,2589.5
99,2589.6
209,2591.3
156,2591.4
181,2594.8
345,2595.0
302,2595.0
267,2595.1
60,2596.3
59,2597.5
40,2597.7
189,2598.2
87,2598.9
277,2598.9
262,2599.0
268,2599.1
357,2599.7
33,2600.0
371,2600.1
119,2600.1
127,2600.1
80,2600.5
177,2600.8
273,2600.8
238,2600.9
70,2600.9
335,2601.0
254,2601.0
230,2601.2
269,2601.2
120,2601.4
313,2601.8
359,2601.9
191,2602.0
368,2602.2
30,2602.3
20,2602.5
167,2602.5
49,2602.5
126,2603.1
190,2603.2
169,2603.3
280,2603.5
128,2603.8
356,2604.0
305,2604.4
353,2604.6
94,2605.0
288,2605.3
215,2605.3
382,2605.5
219,2606.8
134,2606.9
165,2607.3
276,2607.5
383,2607.9
32,2612.4
241,2613.3
88,2613.9
224,2616.3
105,2617.7
16,2620.6
166,2622.2
259,2626.5
35,2627.9
290,2631.0
47,2632.8
318,2636.5
158,2637.9
75,2639.0
196,2640.5
76,2640.5
294,2644.2
218,2646.5
190,2650.8
206,2653.9
5,2654.0
63,2660.3
284,2666.1
307,2673.1
156,2675.0
267,2675.5
46,2676.2
92,2676.8
40,2677.7
273,2678.3
189,2678.3
262,2678.4
277,2678.7
87,2678.9
268,2679.2
313,2679.6
80,2680.0
119,2680.1
41,2680.1
177,2680.2
371,2680.4
191,2680.7
357,2680.9
49,2681.0
30,2681.1
127,2681.3
269,2681.6
230,2681.8
368,2682.2
238,2682.3
20,2682.7
128,2683.0
215,2683.2
169,2683.2
167,2683.3
340,2683.5
120,2683.9
353,2684.0
335,2684.0
359,2684.8
248,2684.8
258,2684.9
94,2685.0
263,2685.4
134,2685.6
190,2685.8
281,2686.2
219,2686.5
276,2686.6
104,2687.1
288,2687.2
150,2687.3
383,2687.3
19,2689.1
67,2691.4
110,2692.9
211,2693.3
40,2698.1
132,2700.9
49,2700.9
81,2702.7
309,2702.7
80,2704.9
288,2709.4
327,2716.3
37,2717.9
369,2721.9
70,2723.0
279,2723.8
240,2726.5
313,2728.9
179,2729.5
342,2729.5
131,2731.4
373,2733.2
231,2734.0
192,2734.2
216,2736.6
142,2736.8
203,2738.8
71,2741.1
109,2741.1
189,2741.5
22,2748.2
17,2751.0
366,2752.6
324,2755.0
156,2755.7
267,2755.7
40,2757.2
273,2758.9
87,2759.1
262,2759.2
277,2759.3
49,2759.8
268,2759.9
80,2760.0
119,2760.2
154,2760.2
371,2760.9
328,2761.3
177,2761.9
190,2761.9
357,2762.0
14,2762.0
269,2762.2
30,2762.5
20,2762.9
368,2763.1
127,2763.1
300,2763.2
288,2763.3
191,2763.5
230,2763.8
128,2764.3
98,2764.5
167,2764.9
215,2764.9
313,2764.9
173,2765.0
169,2765.3
94,2766.4
276,2767.0
126,2767.5
21,2768.1
383,2770.7
221,2774.6
12,2776.5
338,2779.1
106,2781.1
184,2785.2
261,2788.5
265,2788.9
303,2789.4
161,2791.7
321,2792.3
330,2794.7
345,2796.5
125,2798.2
229,2800.0
138,2802.2
148,2802.8
199,2802.9
1,2805.0
217,2807.5
132,2810.4
232,2810.7
169,2810.8
30,2817.4
251,2817.5
6,2819.1
168,2819.3
378,2820.6
248,2822.3
43,2824.0
94,2825.0
351,2825.6
375,2826.3
287,2828.0
207,2828.1
14,2828.9
213,2831.1
355,2832.3
20,2832.9
277,2833.9
314,2838.2
44,2838.2
56,2838.3
376,2841.6
164,2842.5
219,2847.4
266,2848.1
362,2848.3
237,2849.7
32,2849.8
276,2850.3
339,2853.2
354,2855.1
54,2855.3
315,2857.1
166,2858.2
271,2863.5
28,2863.6
337,2865.8
321,2867.1
87,2869.5
249,2872.7
7,2874.0
202,2874.2
363,2876.1
340,2877.5
91,2878.1
270,2878.3
205,2880.3
55,2880.7
353,2882.2
208,2884.6
85,2887.4
257,2887.6
218,2894.4
123,2896.0
297,2898.1
315,2898.3
291,2907.4
158,2910.7
272,2912.2
289,2914.8
25,2915.2
104,2919.6
192,2920.1
267,2921.4
88,2923.5
312,2923.9
171,2924.5
18,2925.0
8,2928.6
369,2933.3
33,2934.1
162,2934.2
341,2936.6
222,2937.8
235,2940.0
204,2940.7
335,2942.4
293,2943.4
319,2944.2
238,2946.1
141,2948.1
316,2948.9
337,2950.0
62,2952.1
155,2956.1
272,2960.7
373,2963.5
301,2964.1
57,2964.8
246,2966.7
327,2968.9
236,2974.9
322,2975.5
191,2976.7
16,2977.2
334,2979.3
308,2990.7
26,2991.5
177,2992.0
240,2992.3
360,2995.2
352,2997.4
42,3000.3
274,3001.3
144,3001.8
85,3003.3
374,3004.0
253,3005.7
83,3006.3
72,3006.8
135,3007.1
363,3010.9
127,3012.3
255,3012.3
170,3014.9
251,3016.8
93,3017.6
271,3020.7
275,3022.4
383,3030.5
89,3031.4
292,3032.1
283,3034.8
80,3035.1
184,3035.6
311,3036.4
262,3040.0
330,3040.7
225,3042.1
219,3042.5
278,3043.3
366,3043.5
138,3045.1
347,3045.3
206,3047.2
226,3049.7
141,3055.7
196,3056.4
203,3056.4
337,3060.7
164,3061.1
213,3063.8
188,3067.0
190,3068.5
4,3070.9
143,3072.1
344,3072.5
84,3075.5
137,3079.1
68,3079.2
317,3079.8
364,3079.9
248,3080.3
29,3080.3
169,3083.3
220,3085.2
41,3087.2
48,3089.1
15,3090.3
343,3091.6
227,3092.7
3,3095.0
348,3095.3
124,3102.6
114,3102.8
200,3102.9
194,3108.0
13,3108.8
229,3109.2
207,3110.0
333,3123.2
151,3126.1
8,3128.3
64,3130.6
180,3132.3
52,3132.3
371,3132.6
153,3133.4
350,3134.1
148,3134.7
192,3135.8
130,3137.6
212,3138.0
128,3139.8
267,3140.9
349,3141.5
156,3141.6
59,3142.9
262,3143.1
40,3143.2
189,3143.5
277,3143.6
87,3143.8
273,3144.3
177,3144.6
268,3144.7
119,3145.0
80,3145.1
169,3145.2
190,3145.5
30,3146.5
127,3146.5
368,3146.6
269,3146.9
357,3147.0
313,3147.6
215,3147.6
49,3147.7
167,3147.7
383,3147.8
230,3147.8
20,3148.0
191,3148.1
120,3148.5
335,3148.7
353,3149.0
94,3149.4
238,3149.6
276,3150.4
71,3150.4
366,3150.4
171,3150.5
184,3150.7
283,3151.2
223,3151.5
114,3154.0
45,3157.6
288,3158.3
351,3161.7
115,3162.7
150,3163.1
282,3166.1
291,3166.7
160,3166.8
286,3169.6
54,3170.9
340,3172.7
50,3174.0
362,3175.1
108,3175.2
82,3176.7
6,3177.8
67,3178.1
265,3178.4
283,3178.9
310,3183.0
151,3183.2
378,3185.2
273,3189.7
167,3189.8
368,3190.0
136,3192.5
290,3193.5
226,3194.8
48,3195.2
39,3200.2
241,3201.2
307,3202.0
300,3202.5
193,3206.7
170,3207.7
368,3213.3
335,3216.5
230,3217.1
198,3218.8
233,3220.4
267,3220.7
156,3221.2
40,3222.6
222,3222.8
189,3223.2
280,3223.3
262,3223.4
87,3223.6
371,3223.8
277,3223.8
273,3223.9
128,3224.2
32,3224.3
268,3224.5
119,3224.6
177,3224.8
18,3224.8
243,3225.7
80,3225.8
30,3226.1
169,3226.2
190,3226.6
59,3226.7
288,3226.8
357,3226.8
269,3226.9
127,3226.9
167,3226.9
20,3227.3
49,3227.3
150,3227.5
215,3227.8
120,3228.8
313,3228.8
191,3229.0
383,3229.6
94,3229.6
359,3230.4
353,3230.7
283,3231.3
276,3231.4
104,3231.4
153,3232.3
223,3233.4
342,3233.4
172,3234.4
0,3234.5
324,3238.2
137,3240.5
302,3241.6
175,3241.8
9,3244.7
34,3246.9
304,3250.3
58,3254.0
56,3254.4
237,3255.7
336,3259.4
220,3259.6
73,3260.5
231,3261.1
99,3263.5
62,3264.1
251,3264.5
92,3266.3
267,3266.7
292,3268.8
377,3270.2
165,3274.6
202,3277.1
89,3278.8
146,3280.9
11,3284.6
293,3285.2
77,3286.4
370,3287.2
182,3292.7
349,3293.7
42,3297.6
267,3300.6
156,3300.8
122,3301.3
357,3301.5
40,3302.7
189,3303.2
273,3303.3
105,3303.4
262,3303.4
368,3303.7
87,3303.7
277,3303.8
268,3304.6
371,3304.7
119,3304.8
177,3304.9
230,3305.4
49,3305.5
30,3305.7
128,3306.0
80,3306.1
294,3306.3
167,3306.7
335,3306.9
138,3307.0
269,3307.0
238,3307.0
169,3307.3
190,3307.3
215,3307.6
20,3307.7
127,3308.1
223,3309.1
280,3309.5
313,3309.7
191,3309.8
94,3310.0
150,3310.1
288,3310.2
120,3310.6
383,3310.6
174,3310.9
327,3311.1
276,3311.4
113,3311.9
346,3312.1
353,3312.8
253,3312.9
254,3313.4
36,3317.8
256,3321.8
189,3324.5
286,3327.0
332,3327.0
238,3328.2
18,3331.7
150,3333.7
103,3334.9
308,3335.4
15,3340.3
381,3341.0
355,3341.7
205,3342.7
375,3343.0
46,3343.7
300,3344.2
218,3345.8
211,3346.3
31,3347.1
204,3347.1
149,3350.5
269,3351.1
316,3352.7
12,3353.4
383,3354.0
221,3358.9
47,3362.4
208,3365.2
334,3366.1
45,3366.9
278,3367.9
366,3368.1
10,3370.3
187,3371.6
260,3373.6
337,3374.6
98,3377.7
267,3380.4
156,3381.0
189,3382.6
40,3382.7
194,3383.2
262,3383.7
273,3383.9
87,3383.9
277,3384.1
313,3384.4
268,3384.7
357,3385.0
119,3385.0
177,3385.3
371,3385.4
368,3385.6
30,3386.2
49,3386.4
230,3386.5
80,3386.6
269,3386.6
128,3387.0
353,3387.1
169,3387.5
167,3387.8
127,3388.0
238,3388.4
20,3388.6
215,3388.6
150,3388.7
190,3389.2
44,3389.6
23,3390.2
120,3390.3
359,3390.9
383,3392.4
288,3392.8
191,3393.8
94,3394.8
37,3397.8
309,3397.9
360,3398.8
209,3399.0
295,3399.5
79,3401.9
287,3403.6
133,3403.8
50,3405.5
13,3407.0
371,3407.1
69,3409.2
261,3410.5
155,3411.1
319,3411.6
151,3422.8
38,3428.9
26,3432.8
152,3437.5
382,3437.9
349,3442.2
219,3442.7
66,3444.1
302,3444.2
217,3447.0
257,3451.3
345,3454.5
110,3456.2
234,3458.4
350,3458.9
272,3459.0
361,3460.7
90,3462.6
314,3463.5
370,3464.4
85,3466.1
328,3467.1
307,3467.7
356,3473.4
123,3473.8
306,3475.0
195,3478.9
159,3483.0
138,3484.9
114,3488.8
3,3488.9
367,3489.3
52,3490.3
33,3492.9
284,3498.0
71,3500.6
340,3501.8
341,3503.4
73,3503.6
245,3504.6
344,3505.0
63,3507.2
121,3508.6
191,3510.6
290,3517.3
356,3520.4
42,3524.5
31,3525.1
51,3526.8
246,3527.7
368,3528.8
1,3530.0
163,3531.5
329,3531.5
316,3532.9
55,3534.6
6,3536.8
190,3536.8
232,3540.8
70,3541.7
134,3544.2
242,3546.0
348,3547.0
347,3547.7
296,3551.1
19,3552.9
332,3552.9
222,3553.0
0,3553.1
371,3556.3
255,3559.2
91,3562.2
285,3562.6
27,3563.6
141,3565.0
154,3568.6
302,3571.2
268,3571.3
315,3571.9
12,3572.5
215,3573.3
350,3576.8
212,3579.5
168,3579.7
340,3580.6
62,3587.6
121,3593.4
180,3595.5
210,3598.2
365,3600.0
206,3600.2
294,3601.2
339,3601.2
105,3601.7
325,3602.4
328,3605.9
162,3607.2
152,3607.5
142,3610.2
353,3611.6
130,3614.7
279,3614.8
126,3616.1
312,3619.2
290,3621.9
372,3623.8
278,3624.1
201,3624.6
165,3625.5
89,3628.1
153,3628.4
267,3631.9
192,3632.7
202,3633.5
65,3635.3
191,3637.6
354,3639.7
275,3640.2
237,3641.0
297,3643.0
145,3643.9
161,3646.0
17,3649.4
224,3651.6
115,3652.3
3,3652.4
182,3655.3
140,3656.0
87,3656.9
327,3657.5
333,3662.3
76,3664.4
230,3664.5
119,3664.9
383,3667.3
186,3669.2
57,3671.4
56,3672.1
240,3673.2
213,3673.7
288,3673.8
169,3676.1
340,3677.2
107,3677.3
131,3679.5
234,3680.6
344,3681.4
307,3681.8
14,3684.6
225,3687.5
184,3689.4
29,3689.6
25,3690.8
196,3692.1
241,3692.3
204,3692.7
86,3693.7
19,3694.8
16,3695.8
262,3698.0
342,3700.9
227,3703.7
84,3704.6
174,3707.1
200,3708.2
53,3714.5
96,3717.2
246,3718.1
135,3721.6
329,3723.3
239,3723.4
39,3724.7
351,3728.9
170,3730.7
364,3730.7
99,3733.6
107,3735.2
216,3735.5
31,3737.2
68,3739.7
104,3741.5
236,3741.6
90,3742.6
197,3743.5
141,3744.8
128,3745.2
199,3749.6
220,3750.2
138,3750.2
298,3753.9
203,3755.1
373,3757.8
272,3759.8
58,3760.4
219,3763.7
166,3764.1
120,3765.5
331,3765.7
267,3765.9
237,3766.1
119,3766.7
27,3767.3
215,3767.4
262,3767.9
40,3768.1
318,3768.1
87,3768.3
356,3768.4
350,3768.5
189,3768.8
156,3768.9
277,3769.0
268,3769.5
273,3769.5
371,3770.2
169,3770.5
177,3770.5
11,3771.0
230,3771.1
30,3771.7
80,3772.0
368,3772.0
357,3772.1
191,3772.2
269,3772.3
353,3772.5
383,3772.6
146,3772.7
190,3772.8
212,3772.8
127,3772.9
323,3773.0
167,3773.1
364,3773.5
313,3773.7
328,3774.7
216,3774.9
94,3775.1
340,3775.2
126,3775.9
149,3776.0
276,3776.1
335,3776.4
184,3777.5
92,3777.6
109,3782.4
15,3782.9
299,3788.0
117,3790.7
211,3790.7
223,3792.9
336,3795.4
154,3796.7
276,3797.1
261,3799.5
65,3803.3
3,3804.1
351,3806.2
334,3810.3
62,3810.4
49,3812.2
122,3812.3
240,3813.4
48,3817.0
347,3818.0
189,3819.4
77,3823.1
158,3823.6
21,3825.5
339,3826.0
349,3828.6
362,3832.6
103,3833.6
278,3834.3
218,3834.6
172,3836.7
283,3837.9
164,3838.7
107,3840.0
22,3843.2
108,3843.6
374,3844.9
267,3845.7
322,3846.4
119,3846.6
215,3847.3
14,3847.5
338,3847.5
40,3847.6
293,3847.7
262,3848.3
356,3848.3
87,3848.3
156,3848.8
277,3848.8
189,3848.9
128,3849.1
273,3849.2
268,3849.8
51,3850.2
371,3850.2
177,3850.2
30,3851.5
144,3851.6
120,3851.9
80,3851.9
169,3851.9
269,3851.9
368,3852.1
357,3852.1
146,3852.3
230,3852.5
190,3852.6
127,3852.7
360,3852.7
276,3852.9
54,3853.5
191,3853.6
383,3854.2
157,3854.3
223,3854.3
359,3854.3
94,3854.5
238,3854.5
313,3854.9
353,3855.0
104,3855.1
17,3855.2
167,3855.4
74,3855.5
212,3855.8
335,3856.6
135,3857.0
302,3859.2
310,3861.5
305,3865.0
55,3870.7
9,3872.1
371,3872.2
178,3872.3
383,3883.9
249,3886.3
11,3886.6
147,3887.4
175,3887.6
133,3887.6
231,3887.8
335,3888.3
169,3888.8
368,3890.2
57,3890.5
40,3895.1
165,3898.4
58,3902.9
382,3903.7
94,3904.3
174,3904.4
75,3907.7
332,3908.4
284,3909.6
228,3916.5
227,3917.2
309,3917.5
194,3917.8
122,3920.1
131,3921.0
177,3922.8
208,3922.9
229,3924.0
193,3925.1
267,3925.7
119,3926.7
215,3926.8
189,3927.6
40,3927.7
379,3927.8
156,3927.8
262,3928.2
146,3928.3
356,3928.5
87,3928.8
277,3928.8
371,3929.1
273,3929.2
268,3929.5
245,3929.8
368,3930.6
169,3930.8
328,3930.9
30,3931.1
81,3931.3
296,3931.4
80,3931.4
128,3931.8
269,3931.9
357,3932.0
383,3932.3
294,3932.5
127,3933.2
15,3933.4
230,3933.5
258,3933.5
190,3933.8
313,3933.8
167,3934.0
335,3934.6
276,3934.6
212,3935.3
353,3935.3
191,3935.9
120,3936.1
283,3936.7
201,3939.5
102,3942.8
145,3947.9
364,3949.6
125,3949.8
98,3951.0
244,3951.3
363,3952.9
263,3955.3
205,3965.3
216,3968.1
106,3969.0
77,3970.0
168,3970.9
79,3973.3
173,3976.2
257,3977.2
72,3978.8
299,3979.5
95,3979.7
1,3979.9
297,3983.5
57,3984.6
111,3985.4
262,3985.8
279,3986.1
343,3986.5
317,3988.1
349,3988.3
208,3992.7
157,3997.7
369,4000.7
325,4002.6
211,4004.1
267,4005.8
119,4006.8
40,4007.1
215,4007.1
9,4007.4
189,4008.0
156,4008.5
356,4008.6
277,4008.9
87,4008.9
177,4009.1
273,4009.3
221,4009.5
268,4009.7
88,4009.8
371,4010.0
94,4010.9
368,4010.9
146,4011.1
27,4011.2
80,4011.6
120,4011.8
30,4011.8
169,4011.9
269,4012.0
357,4012.4
128,4012.6
127,4013.2
383,4013.3
230,4013.6
276,4013.7
328,4013.8
190,4014.0
313,4014.5
335,4014.6
231,4014.6
167,4015.0
238,4015.0
125,4015.1
359,4016.1
191,4016.4
41,4016.5
185,4016.5
212,4016.9
37,4018.9
300,4020.0
60,4020.8
115,4020.8
159,4022.4
133,4024.0
81,4025.6
32,4026.3
44,4026.7
286,4026.8
293,4028.3
177,4030.5
176,4036.1
285,4036.5
364,4037.7
50,4040.2
63,4040.9
273,4044.3
295,4046.0
352,4046.9
353,4048.0
118,4048.1
282,4049.2
213,4049.6
265,4051.0
361,4053.1
321,4053.5
375,4053.9
155,4054.4
336,4055.4
267,4056.6
83,4061.1
252,4063.6
253,4064.7
55,4066.8
372,4067.2
163,4067.4
367,4068.4
368,4069.2
170,4069.4
124,4071.0
233,4071.4
7,4072.1
66,4072.3
160,4073.4
139,4074.5
52,4075.2
116,4075.4
61,4085.3
171,4087.3
254,4087.4
93,4088.4
183,4088.7
357,4089.5
19,4091.9
69,4097.6
364,4098.8
259,4098.9
329,4100.5
78,4100.6
179,4101.9
281,4103.1
264,4103.2
132,4103.5
214,4106.2
58,4107.3
330,4107.4
121,4110.6
217,4111.5
251,4113.7
222,4115.2
292,4120.8
303,4121.6
4,4122.4
56,4123.1
239,4123.8
43,4124.1
73,4128.2
107,4128.8
119,4131.3
86,4131.4
250,4132.0
100,4132.6
55,4135.3
311,4135.3
8,4138.7
258,4139.6
112,4141.6
38,4143.4
257,4145.8
175,4146.2
274,4146.6
342,4146.7
105,4147.5
88,4148.4
378,4155.9
381,4156.1
365,4156.4
50,4160.9
118,4162.7
319,4163.7
249,4163.8
6,4165.6
341,4169.1
24,4169.9
284,4171.0
356,4173.4
241,4174.1
294,4174.9
218,4175.6
207,4178.3
331,4178.5
320,4180.2
309,4180.3
77,4180.4
90,4182.4
275,4182.8
117,4183.3
145,4183.6
301,4185.0
346,4186.0
352,4187.1
95,4187.1
130,4187.4
234,4190.4
12,4192.9
201,4193.4
271,4193.7
237,4195.3
204,4196.0
226,4196.9
43,4198.5
120,4198.5
47,4202.2
187,4202.4
362,4202.4
32,4203.0
291,4203.0
238,4205.2
172,4206.0
221,4206.5
232,4207.2
67,4208.3
192,4210.3
290,4211.3
273,4212.9
333,4214.2
215,4215.4
18,4215.6
272,4217.8
380,4220.9
46,4223.0
244,4227.4
178,4227.9
323,4233.2
163,4234.2
308,4236.3
126,4237.8
97,4239.0
143,4239.7
369,4240.0
263,4243.0
382,4246.3
148,4249.6
85,4250.2
340,4254.9
268,4259.3
255,4261.2
377,4261.4
300,4261.9
46,4262.1
30,4265.1
150,4266.3
53,4267.3
243,4269.1
324,4270.8
21,4273.5
350,4277.7
227,4283.2
95,4285.4
293,4286.2
373,4286.7
90,4288.2
296,4294.0
144,4299.1
122,4299.7
355,4299.8
305,4300.5
176,4302.5
378,4303.9
167,4305.2
226,4305.9
108,4306.4
75,4307.0
62,4308.8
84,4317.4
9,4323.5
359,4324.5
40,4333.2
58,4334.8
313,4338.2
179,4339.5
226,4340.7
149,4345.9
121,4348.0
316,4354.6
6,4355.3
12,4356.2
309,4356.3
315,4357.7
199,4361.3
166,4362.6
51,4364.5
152,4366.0
169,4366.4
190,4367.2
168,4369.0
191,4374.1
158,4376.5
136,4380.2
376,4385.8
205,4386.4
111,4386.6
74,4386.8
108,4389.7
267,4391.1
189,4391.2
40,4391.4
277,4391.7
330,4391.8
215,4392.2
284,4392.6
127,4392.7
119,4393.3
230,4393.6
356,4393.7
156,4393.7
135,4393.8
87,4394.1
268,4394.2
79,4394.4
262,4394.4
190,4395.0
30,4395.1
91,4395.3
177,4395.4
167,4395.5
313,4395.5
363,4395.6
371,4395.7
134,4396.0
132,4396.5
273,4397.2
368,4397.2
359,4397.6
128,4397.8
146,4398.1
117,4398.3
370,4398.8
276,4399.2
42,4399.7
94,4400.2
335,4401.4
238,4401.4
169,4401.6
383,4402.0
353,4402.5
86,4404.0
126,4404.2
56,4405.3
339,4407.7
264,4410.1
247,4419.5
263,4422.2
230,4425.2
326,4428.2
79,4431.6
161,4432.1
366,4433.6
121,4433.7
246,4438.9
197,4439.3
266,4444.6
84,4452.2
76,4453.4
106,4453.4
238,4453.7
14,4457.3
75,4457.7
6,4459.8
107,4459.8
92,4464.2
72,4468.2
252,4469.1
267,4470.7
189,4470.7
40,4471.0
277,4471.3
191,4471.9
215,4472.0
127,4472.2
97,4472.3
190,4472.5
230,4472.6
91,4472.9
119,4473.1
177,4473.2
156,4473.4
356,4473.4
135,4473.4
79,4473.6
87,4473.6
262,4473.9
268,4474.1
132,4474.5
363,4475.4
371,4475.5
134,4475.9
30,4476.6
313,4476.6
169,4476.7
167,4476.9
41,4477.2
368,4477.4
273,4477.6
36,4477.7
128,4478.3
146,4478.6
276,4478.8
94,4479.6
359,4479.7
366,4480.3
335,4481.2
174,4481.5
383,4482.0
203,4485.7
344,4486.6
66,4490.3
33,4490.4
212,4491.7
149,4491.8
51,4492.2
224,4493.0
28,4493.7
307,4499.9
178,4503.9
273,4504.0
104,4504.7
194,4506.6
303,4510.0
96,4510.4
265,4514.8
64,4517.5
7,4518.4
336,4519.6
306,4520.2
232,4523.0
81,4524.3
318,4524.8
236,4535.6
155,4537.7
346,4540.1
163,4540.9
216,4541.2
270,4543.2
187,4546.8
267,4550.1
189,4550.7
277,4551.2
40,4551.3
215,4551.6
127,4552.2
156,4552.6
230,4552.7
190,4552.8
34,4553.0
119,4553.0
191,4553.1
262,4553.4
135,4553.5
356,4553.5
79,4553.8
87,4553.8
91,4554.2
268,4554.3
177,4554.6
238,4554.9
363,4555.2
273,4555.4
371,4555.4
30,4555.5
134,4555.9
132,4556.3
167,4556.9
169,4556.9
353,4557.4
368,4557.7
313,4557.9
338,4558.0
146,4558.1
128,4558.5
276,4558.7
198,4558.9
258,4559.2
239,4559.2
94,4560.6
383,4562.4
359,4563.1
332,4563.7
192,4564.6
193,4566.3
147,4568.4
13,4568.9
52,4570.2
237,4574.0
210,4574.1
30,4576.9
152,4579.7
93,4581.1
126,4581.2
57,4582.5
251,4582.8
242,4583.8
138,4591.4
289,4593.5
349,4593.8
213,4595.3
151,4596.0
280,4596.8
56,4599.0
102,4601.0
221,4602.7
215,4604.3
364,4604.4
120,4604.9
323,4606.1
324,4610.4
7,4614.0
277,4615.3
3,4616.7
290,4619.3
288,4619.4
33,4619.7
118,4622.4
181,4625.7
254,4627.6
331,4628.8
40,4630.5
267,4630.6
189,4630.7
81,4632.0
127,4632.4
153,4632.7
215,4632.8
156,4633.1
190,4633.1
119,4633.3
230,4633.3
191,4633.4
135,4633.6
356,4633.6
87,4633.7
262,4633.9
363,4634.0
79,4634.2
146,4634.4
30,4634.5
91,4634.5
268,4634.8
177,4635.0
371,4635.7
24,4635.8
134,4636.4
278,4636.4
273,4636.6
132,4637.5
169,4638.0
167,4638.1
368,4638.2
128,4638.2
126,4638.4
238,4639.2
313,4639.6
276,4639.8
114,4640.0
94,4640.4
280,4640.8
335,4641.8
383,4642.6
340,4645.4
334,4650.2
176,4651.6
191,4654.4
333,4658.3
105,4660.3
46,4661.6
314,4662.6
253,4667.1
129,4667.8
175,4668.2
300,4670.1
269,4670.8
133,4670.9
91,4673.0
4,4673.1
132,4674.3
139,4675.9
381,4676.4
185,4678.2
82,4678.8
285,4680.6
123,4681.8
218,4689.5
329,4690.8
206,4692.3
168,4694.6
200,4696.8
317,4699.3
37,4702.1
67,4703.6
373,4704.8
58,4707.7
6,4708.3
302,4709.3
354,4709.8
351,4710.3
59,4711.1
368,4713.1
75,4714.1
220,4714.1
265,4714.5
275,4714.8
45,4715.2
71,4716.6
332,4717.9
318,4719.8
342,4722.0
256,4723.7
205,4725.1
339,4727.0
245,4730.6
15,4735.4
167,4737.3
124,4738.6
135,4741.1
207,4743.5
204,4743.7
85,4743.7
19,4743.8
33,4743.8
380,4744.3
362,4745.0
227,4746.2
288,4746.5
120,4747.7
157,4749.9
103,4750.0
61,4750.2
192,4752.3
169,4757.7
111,4757.7
366,4758.9
307,4761.3
298,4762.7
276,4767.3
142,4771.9
58,4773.5
177,4774.2
364,4774.5
65,4774.6
371,4775.3
255,4776.3
112,4783.7
347,4785.4
372,4785.7
72,4786.3
382,4787.1
292,4789.7
291,4791.0
18,4791.6
361,4796.9
27,4799.3
365,4799.4
370,4799.9
367,4802.2
140,4802.9
373,4803.0
171,4803.5
377,4808.1
225,4808.9
131,4809.4
296,4810.6
252,4812.4
123,4812.5
245,4812.9
164,4813.7
208,4814.9
101,4815.3
259,4817.6
89,4817.8
284,4820.9
69,4822.5
36,4823.3
215,4824.4
186,4824.7
281,4825.7
80,4827.2
99,4827.9
34,4828.0
26,4828.3
144,4828.7
88,4829.1
137,4830.3
67,4831.2
24,4831.2
343,4836.5
150,4838.3
209,4840.3
293,4850.1
169,4851.3
22,4851.8
70,4852.8
62,4854.3
100,4856.9
197,4856.9
189,4861.6
311,4863.8
280,4864.2
143,4866.9
297,4867.4
375,4867.7
335,4868.3
224,4869.7
317,4870.9
249,4879.6
48,4882.9
139,4883.3
152,4884.3
58,4885.3
97,4885.5
78,4885.6
359,4885.9
6,4890.1
140,4891.9
131,4894.0
233,4898.5
77,4898.7
54,4900.8
98,4905.4
193,4909.5
180,4913.3
374,4913.9
138,4914.3
153,4922.9
94,4925.6
306,4926.8
157,4928.6
2,4928.7
267,4930.2
261,4932.7
183,4935.6
375,4935.7
148,4936.8
282,4937.9
107,4939.4
302,4941.1
223,4941.2
3,4944.4
212,4947.5
270,4948.3
104,4950.5
71,4952.0
181,4952.9
160,4953.5
57,4955.6
372,4956.1
287,4959.6
95,4959.7
161,4965.9
179,4967.0
380,4967.8
360,4969.1
102,4969.8
16,4971.1
257,4972.7
1,4974.3
141,4975.9
306,4976.4
100,4976.6
324,4980.0
383,4984.5
45,4984.5
146,4988.2
234,4989.5
116,4990.0
244,4991.9
86,4994.4
226,4995.9
331,4996.4
259,5001.8
221,5010.6
363,5011.5
260,5012.6
97,5013.3
138,5013.9
74,5015.9
189,5015.9
40,5017.0
215,5017.3
127,5017.7
267,5018.1
119,5018.5
190,5018.6
135,5018.7
230,5018.9
87,5018.9
262,5019.0
191,5019.0
277,5019.6
268,5019.8
177,5019.9
169,5020.9
134,5021.4
94,5021.9
167,5022.4
318,5022.6
132,5022.7
233,5022.7
156,5023.1
223,5023.1
146,5023.6
295,5023.7
335,5023.8
276,5023.9
125,5024.2
359,5024.6
250,5024.8
85,5024.9
124,5025.0
353,5025.1
10,5025.9
356,5026.0
104,5026.8
368,5027.0
320,5027.5
205,5027.8
84,5028.4
61,5028.8
15,5029.1
315,5029.3
145,5029.9
248,5031.9
350,5032.4
75,5033.4
31,5034.8
340,5038.0
230,5041.3
39,5046.0
345,5048.4
279,5050.6
82,5051.6
80,5052.7
76,5053.6
83,5055.6
52,5056.7
178,5058.8
91,5060.0
310,5062.5
274,5063.5
92,5067.2
212,5067.2
88,5069.2
225,5070.7
176,5071.5
312,5071.7
217,5073.4
304,5075.5
319,5076.5
251,5077.2
169,5077.7
288,5080.5
240,5080.7
87,5083.9
192,5083.9
41,5084.3
141,5085.9
302,5086.2
30,5088.1
28,5090.5
182,5092.9
189,5095.7
280,5095.9
40,5096.5
289,5097.0
215,5097.3
127,5097.3
230,5097.9
190,5098.2
119,5098.3
267,5098.5
191,5098.5
135,5098.7
363,5098.9
262,5098.9
277,5099.2
134,5099.2
237,5099.6
268,5099.9
177,5101.1
146,5101.1
233,5102.4
94,5103.1
370,5103.3
337,5103.7
276,5103.9
223,5104.0
167,5104.1
156,5104.2
331,5104.2
250,5104.6
85,5104.8
335,5104.9
132,5105.2
70,5105.4
108,5105.4
238,5105.5
124,5106.0
328,5106.5
356,5107.5
359,5108.2
104,5108.4
245,5109.0
61,5111.3
244,5112.4
21,5114.5
375,5118.5
254,5118.5
150,5119.3
26,5119.3
232,5119.5
131,5120.4
344,5124.8
259,5126.7
294,5128.0
204,5132.2
332,5132.3
215,5139.2
194,5141.4
17,5143.8
78,5146.5
188,5147.4
360,5147.7
252,5149.5
69,5155.6
86,5159.8
239,5167.0
156,5167.6
377,5174.6
189,5175.7
40,5176.5
215,5176.8
135,5176.9
127,5177.3
87,5177.4
198,5177.9
190,5178.1
230,5178.1
262,5178.2
119,5178.4
267,5178.6
354,5178.6
191,5178.6
369,5179.3
277,5179.3
268,5179.5
363,5179.8
169,5180.2
177,5180.3
134,5180.3
353,5181.8
146,5182.1
328,5182.8
278,5182.8
233,5183.3
250,5183.7
343,5183.7
132,5183.9
167,5184.0
48,5184.2
85,5184.3
223,5184.3
276,5184.5
94,5184.6
124,5185.6
60,5185.7
205,5185.8
238,5186.1
315,5186.3
13,5186.3
15,5186.5
61,5188.0
356,5188.1
335,5188.9
9,5189.3
81,5189.4
374,5189.5
72,5194.7
352,5194.9
130,5196.6
54,5196.7
207,5197.3
307,5203.5
10,5204.3
336,5205.4
378,5205.8
6,5206.5
85,5206.6
255,5208.1
170,5208.8
229,5210.3
175,5217.2
309,5217.5
326,5218.4
56,5221.6
144,5222.0
0,5224.5
111,5225.7
169,5226.7
214,5226.9
177,5229.2
299,5234.9
109,5234.9
154,5238.5
12,5239.0
357,5244.8
349,5245.4
370,5247.3
43,5247.3
256,5247.4
293,5247.6
128,5250.9
46,5252.0
224,5253.1
17,5253.4
210,5253.7
189,5254.8
286,5255.9
40,5256.5
215,5256.6
127,5257.3
353,5258.0
135,5258.1
234,5258.2
87,5258.3
190,5258.3
119,5258.3
230,5258.4
191,5258.7
262,5258.7
267,5258.8
268,5259.4
277,5259.4
156,5259.6
363,5260.3
27,5260.3
3,5260.5
163,5260.5
132,5260.9
134,5260.9
79,5261.8
177,5262.0
169,5262.4
85,5262.9
146,5263.0
49,5263.1
141,5263.2
167,5263.5
185,5263.9
233,5264.1
250,5264.3
276,5264.8
328,5265.7
223,5265.8
359,5265.8
94,5266.0
170,5266.4
124,5266.7
202,5267.7
122,5269.3
291,5271.1
228,5272.1
105,5276.1
7,5276.4
147,5278.4
65,5279.6
282,5279.6
35,5279.7
218,5281.1
42,5284.0
106,5286.3
312,5286.7
304,5286.8
270,5286.9
159,5287.1
379,5287.4
329,5288.1
361,5295.1
137,5302.7
301,5304.7
262,5305.0
8,5306.1
80,5309.8
249,5310.8
102,5314.8
277,5315.7
212,5316.6
35,5317.4
111,5317.7
272,5320.5
186,5321.1
201,5321.3
340,5323.1
211,5335.5
273,5341.9
68,5342.7
341,5350.9
275,5351.7
312,5354.9
6,5356.8
129,5357.2
173,5358.3
187,5361.2
236,5361.3
87,5361.9
316,5363.9
19,5366.5
69,5367.4
346,5369.1
22,5370.6
290,5371.8
348,5374.4
106,5375.6
213,5375.7
327,5376.0
369,5376.6
10,5378.0
283,5378.6
366,5379.0
371,5381.5
184,5383.7
140,5389.5
250,5392.9
241,5397.3
86,5398.9
63,5399.7
55,5399.7
117,5401.3
32,5405.4
100,5406.8
115,5407.7
9,5412.8
8,5413.6
125,5415.2
160,5416.2
347,5416.6
335,5416.7
216,5418.0
376,5418.7
98,5423.0
42,5426.3
4,5427.3
311,5428.6
151,5429.9
242,5430.4
75,5431.8
367,5432.2
359,5435.5
315,5437.2
90,5438.2
2,5438.4
41,5438.8
218,5441.1
124,5441.2
381,5444.8
373,5445.5
271,5446.9
262,5447.8
186,5449.4
118,5450.1
139,5452.2
281,5459.6
323,5460.7
20,5460.8
364,5463.7
246,5464.1
181,5464.1
54,5464.9
152,5465.4
349,5468.8
4,5469.1
99,5471.1
185,5472.4
218,5472.5
45,5475.3
193,5475.6
50,5477.3
104,5478.1
223,5478.2
240,5479.5
1,5480.5
263,5482.4
280,5482.4
318,5483.0
116,5484.2
291,5484.2
69,5487.5
160,5487.7
125,5489.3
209,5491.1
173,5496.1
91,5497.0
337,5497.4
343,5497.5
121,5500.3
59,5506.4
231,5507.7
155,5510.0
134,5512.2
327,5517.4
294,5518.8
37,5522.5
300,5525.7
106,5528.8
371,5529.1
71,5529.9
368,5533.1
141,5533.5
362,5536.3
84,5536.4
131,5537.2
168,5537.5
376,5539.1
226,5542.6
361,5544.0
174,5544.5
178,5546.2
334,5546.6
143,5546.7
83,5550.0
90,5550.2
380,5551.0
98,5556.5
18,5559.2
123,5559.7
96,5563.4
372,5564.4
215,5566.8
58,5569.7
309,5572.3
70,5572.5
283,5572.9
59,5575.4
34,5577.8
175,5578.2
344,5578.3
133,5578.3
222,5578.9
51,5579.5
295,5580.6
120,5583.3
207,5585.4
77,5586.5
289,5586.9
135,5589.8
122,5593.3
36,5593.6
119,5594.2
132,5595.7
146,5596.4
296,5597.1
53,5598.7
75,5601.7
190,5602.1
316,5604.1
140,5606.2
330,5608.3
314,5608.4
91,5609.2
329,5612.2
35,5614.3
254,5615.6
379,5617.8
21,5617.9
126,5621.2
179,5621.7
28,5622.1
57,5622.8
338,5623.2
195,5633.9
63,5636.8
267,5638.0
258,5640.0
357,5640.9
34,5640.9
127,5641.4
215,5642.0
272,5642.8
190,5642.9
363,5643.0
135,5643.3
189,5643.4
167,5643.5
292,5644.0
191,5644.0
124,5644.1
230,5644.3
205,5644.5
366,5644.7
123,5644.8
40,5644.8
268,5644.8
106,5644.9
308,5645.1
146,5645.9
362,5647.2
306,5647.2
220,5647.4
119,5647.8
116,5647.8
265,5647.9
177,5648.4
169,5648.6
218,5648.7
297,5648.9
340,5649.0
276,5649.8
283,5649.9
101,5650.0
94,5650.1
199,5650.1
323,5650.2
250,5650.2
371,5650.3
233,5650.7
335,5650.9
223,5651.2
356,5651.5
85,5651.8
251,5652.3
27,5652.3
128,5652.4
73,5653.3
21,5653.8
315,5654.3
147,5658.2
269,5658.6
83,5659.9
48,5660.5
84,5660.9
3,5661.6
89,5666.9
142,5668.1
274,5669.6
184,5671.3
305,5672.9
14,5673.2
26,5673.9
30,5675.9
55,5676.0
115,5676.1
227,5676.9
308,5678.3
335,5679.0
297,5679.2
149,5679.3
380,5681.1
284,5682.1
298,5682.7
93,5683.3
360,5684.2
23,5684.6
144,5684.8
214,5687.4
351,5687.5
270,5689.1
264,5689.6
381,5690.8
137,5691.9
156,5692.5
365,5692.8
104,5693.7
191,5694.9
81,5696.4
312,5701.5
199,5701.9
127,5708.8
60,5713.7
369,5718.6
112,5719.1
106,5719.4
215,5722.0
85,5722.3
363,5722.5
190,5722.6
189,5722.8
135,5723.1
167,5723.2
230,5723.5
124,5723.6
308,5723.9
205,5724.2
40,5724.2
191,5724.3
366,5724.4
268,5724.5
123,5724.6
21,5725.2
94,5725.7
82,5726.3
297,5726.4
146,5726.4
306,5727.4
220,5727.5
265,5727.6
335,5727.7
177,5728.4
119,5728.8
233,5728.8
169,5728.8
276,5729.1
116,5729.2
362,5729.2
267,5729.4
250,5729.4
63,5729.5
223,5729.6
238,5730.6
218,5730.8
33,5731.8
356,5731.8
323,5732.2
328,5732.4
61,5732.5
340,5733.3
15,5733.5
245,5733.9
304,5734.5
232,5734.8
325,5735.1
217,5737.9
16,5739.8
180,5741.1
154,5743.5
186,5745.4
235,5745.8
268,5747.4
248,5747.5
38,5750.9
120,5751.9
229,5752.3
125,5753.3
280,5756.2
107,5760.5
126,5760.8
304,5762.9
238,5765.1
5,5766.2
307,5770.3
255,5776.6
327,5778.0
199,5778.9
153,5781.4
90,5783.8
252,5787.9
262,5790.3
133,5790.8
178,5792.1
285,5794.4
237,5794.9
331,5796.3
96,5797.0
65,5798.2
87,5799.5
127,5800.0
271,5801.0
215,5801.9
363,5802.6
191,5802.7
190,5803.0
189,5803.1
167,5803.2
230,5803.7
135,5803.7
124,5803.9
268,5803.9
308,5804.2
40,5804.3
205,5804.5
106,5804.5
123,5804.6
21,5804.6
366,5804.9
352,5806.8
297,5807.1
146,5807.9
85,5807.9
306,5808.4
220,5808.5
94,5808.6
238,5808.7
177,5808.9
27,5809.2
265,5809.5
169,5809.8
113,5809.8
250,5810.5
233,5810.5
276,5810.7
335,5811.6
119,5812.7
356,5812.7
304,5813.1
160,5813.3
362,5813.9
315,5814.5
99,5815.1
210,5815.6
305,5816.6
198,5817.1
86,5817.7
61,5818.6
347,5818.6
9,5819.6
62,5819.6
176,5823.1
1,5826.2
202,5827.6
314,5827.9
205,5830.2
230,5836.5
75,5836.8
322,5844.5
171,5845.7
335,5846.6
129,5849.3
20,5851.3
51,5852.9
32,5853.5
340,5858.4
100,5861.0
136,5863.9
15,5864.8
151,5866.2
132,5874.3
177,5876.0
266,5876.2
233,5876.2
57,5879.2
70,5880.2
127,5880.6
215,5882.1
363,5882.6
230,5882.8
189,5883.0
191,5883.2
368,5883.2
190,5883.3
167,5883.4
205,5883.4
197,5883.5
124,5883.7
135,5883.8
268,5884.0
40,5884.3
381,5884.6
366,5884.7
308,5884.7
123,5885.0
21,5886.3
161,5886.8
63,5886.8
106,5887.3
350,5887.5
297,5887.8
108,5888.0
220,5888.0
265,5888.6
322,5888.7
306,5888.8
238,5888.8
85,5889.1
94,5889.5
335,5889.6
146,5889.8
0,5889.8
169,5889.9
276,5890.0
116,5890.3
250,5890.9
331,5891.3
223,5891.9
378,5892.0
55,5892.6
362,5893.0
118,5893.4
204,5899.3
150,5901.3
170,5904.6
48,5912.2
250,5912.4
303,5919.4
234,5921.1
255,5922.4
61,5926.5
33,5926.6
174,5929.1
117,5933.9
166,5934.0
256,5934.1
367,5935.2
211,5940.8
274,5941.8
124,5942.5
219,5944.1
317,5946.3
78,5949.1
230,5949.5
383,5950.1
329,5954.4
332,5955.1
323,5955.2
312,5955.6
375,5956.3
206,5957.3
272,5958.3
333,5960.4
257,5961.6
175,5964.0
293,5965.2
212,5966.4
11,5967.3
258,5968.8
338,5969.1
260,5970.1
249,5973.3
14,5974.3
55,5975.4
241,5975.8
200,5977.6
353,5980.4
91,5980.6
225,5984.2
362,5987.5
370,5987.9
208,5988.7
201,5990.8
27,5991.9
139,5995.1
306,5997.1
298,5997.7
255,5998.0
321,5998.1
112,5999.6
84,6000.1
69,6003.7
247,6005.0
217,6008.6
3,6011.4
64,6012.5
299,6014.9
229,6015.9
267,6015.9
6,6019.2
141,6023.1
216,6023.1
74,6025.0
147,6026.7
73,6027.4
103,6028.1
167,6028.3
41,6030.8
253,6031.1
109,6031.9
36,6032.8
34,6033.1
341,6038.2
201,6041.6
135,6047.2
282,6048.7
379,6052.1
80,6053.1
148,6054.4
68,6054.6
318,6055.0
210,6055.3
279,6063.8
221,6065.0
173,6065.3
336,6065.9
132,6067.1
161,6067.5
94,6078.1
224,6078.9
278,6079.3
39,6080.0
371,6084.9
346,6085.5
187,6086.3
183,6088.8
195,6088.9
129,6090.2
110,6090.7
134,6090.8
169,6091.8
303,6092.5
37,6092.5
49,6093.1
31,6093.6
118,6094.3
197,6094.8
5,6097.0
360,6097.1
301,6099.5
105,6102.1
124,6106.0
334,6107.7
248,6108.1
72,6108.9
353,6112.2
275,6112.7
343,6114.4
111,6114.8
297,6114.8
292,6115.0
245,6116.0
236,6116.9
89,6121.0
202,6121.9
131,6123.9
107,6125.1
127,6125.3
325,6127.6
63,6130.4
156,6134.9
167,6136.5
119,6137.5
363,6139.9
351,6140.3
102,6140.9
209,6143.1
166,6143.4
194,6143.9
381,6144.0
247,6144.7
341,6149.7
330,6153.5
250,6154.6
266,6154.7
369,6155.3
311,6156.0
222,6158.8
259,6159.9
305,6160.1
130,6163.7
277,6164.0
114,6165.9
343,6168.0
144,6170.3
261,6170.6
32,6171.0
56,6174.3
359,6176.9
328,6177.4
184,6179.3
98,6182.0
383,6182.8
152,6183.0
52,6183.0
368,6184.8
34,6185.0
380,6187.6
69,6194.2
356,6197.9
116,6199.9
214,6201.0
220,6202.2
304,6209.7
59,6213.3
171,6214.1
35,6215.1
121,6215.5
24,6215.9
296,6216.0
374,6216.9
247,6221.0
287,6222.1
239,6222.4
213,6225.0
149,6227.2
7,6227.5
106,6227.5
235,6227.7
172,6230.7
96,6231.0
357,6231.4
109,6231.6
260,6233.2
313,6234.1
322,6234.7
376,6234.9
297,6236.1
187,6238.7
82,6240.8
117,6244.1
26,6250.0
218,6257.4
157,6261.0
18,6262.6
267,6263.0
151,6263.2
308,6264.1
230,6264.6
361,6265.5
127,6266.1
142,6266.1
315,6267.4
363,6267.6
94,6267.8
167,6267.8
276,6268.1
189,6268.2
190,6268.5
124,6268.7
191,6268.9
135,6268.9
91,6269.4
331,6269.4
40,6269.5
205,6269.9
366,6270.2
372,6270.3
268,6270.3
106,6270.9
220,6270.9
382,6271.3
356,6271.7
169,6272.5
306,6272.9
320,6273.3
215,6273.8
146,6273.8
367,6273.9
277,6273.9
328,6274.0
297,6274.3
250,6274.7
44,6274.8
119,6274.8
330,6274.9
233,6275.5
85,6276.0
335,6276.6
284,6276.7
362,6277.1
73,6277.1
252,6277.2
17,6277.5
27,6277.5
304,6277.7
223,6278.5
285,6278.8
107,6280.4
184,6281.1
263,6281.7
219,6282.2
248,6287.0
6,6291.6
155,6296.0
199,6296.9
356,6298.6
163,6299.6
47,6300.6
348,6302.9
286,6303.0
332,6306.5
95,6308.0
93,6313.5
196,6315.1
9,6316.0
182,6316.5
29,6319.4
25,6320.5
251,6321.0
66,6321.9
279,6327.8
317,6329.6
298,6331.7
110,6333.9
103,6335.3
131,6336.4
56,6336.6
272,6339.9
54,6340.9
63,6342.7
262,6342.9
92,6343.2
127,6345.7
337,6345.8
363,6347.3
183,6347.3
230,6347.4
223,6347.4
94,6347.5
189,6347.7
276,6347.8
318,6348.1
167,6348.1
190,6348.1
191,6348.4
124,6348.5
135,6348.6
40,6349.0
331,6349.1
91,6349.2
205,6349.6
268,6349.8
366,6349.8
106,6351.2
356,6351.3
382,6351.3
297,6351.8
220,6352.1
169,6353.0
306,6353.2
146,6353.2
320,6353.4
350,6353.5
215,6353.5
233,6354.1
315,6354.2
85,6354.5
218,6354.5
113,6354.5
308,6354.6
184,6354.7
250,6354.7
367,6354.8
267,6354.9
44,6355.8
119,6356.8
289,6356.9
154,6357.9
185,6358.0
328,6358.2
335,6358.2
14,6359.5
264,6361.2
333,6364.2
12,6367.6
53,6370.7
200,6370.9
18,6371.3
197,6371.7
44,6377.1
169,6377.9
123,6378.6
102,6378.7
270,6378.9
134,6379.0
125,6379.6
330,6381.2
133,6383.3
371,6386.5
90,6386.9
16,6388.5
166,6389.9
150,6395.4
159,6395.7
46,6397.1
190,6398.9
359,6400.1
84,6401.9
145,6408.3
189,6412.1
26,6413.1
164,6413.4
273,6417.0
210,6421.1
61,6421.9
342,6425.2
340,6425.4
127,6425.9
318,6426.3
363,6427.4
94,6427.7
276,6427.7
167,6428.1
230,6428.1
351,6428.4
191,6428.5
190,6428.7
124,6428.9
135,6428.9
331,6429.1
40,6429.2
91,6429.4
205,6429.5
268,6429.6
366,6429.7
146,6429.8
341,6429.9
169,6430.7
382,6431.3
106,6431.7
356,6431.9
215,6432.1
25,6432.3
251,6432.3
307,6432.5
220,6432.5
241,6432.6
297,6432.6
306,6432.7
320,6432.7
44,6433.2
223,6433.3
330,6433.7
367,6434.7
371,6434.7
27,6434.7
362,6434.7
233,6434.8
245,6434.8
250,6435.3
265,6435.6
85,6435.8
119,6436.1
73,6436.2
15,6436.9
339,6437.0
315,6437.3
285,6438.7
304,6439.2
258,6440.5
95,6440.8
344,6442.0
84,6443.8
195,6444.3
255,6446.7
246,6447.9
158,6449.7
291,6452.5
13,6455.9
372,6460.3
183,6460.8
81,6461.4
186,6464.4
276,6465.0
252,6469.2
14,6472.3
120,6475.5
192,6477.8
330,6479.0
181,6482.8
262,6485.6
267,6487.6
15,6488.6
4,6491.2
232,6492.1
259,6494.7
118,6496.7
67,6501.5
62,6504.0
242,6504.6
127,6506.0
88,6506.7
189,6506.8
276,6507.2
190,6507.6
363,6507.6
94,6507.7
167,6508.2
230,6508.4
191,6508.5
129,6508.8
135,6508.9
115,6509.0
124,6509.1
331,6509.2
40,6509.3
356,6509.4
91,6509.5
268,6509.7
205,6509.7
366,6509.9
285,6511.3
382,6511.5
146,6511.8
169,6512.1
215,6512.7
220,6512.9
320,6513.4
306,6513.5
123,6513.6
297,6513.7
106,6513.8
43,6514.0
216,6514.3
223,6514.4
44,6514.4
233,6514.8
39,6515.2
367,6515.4
85,6515.5
73,6515.5
335,6516.4
250,6517.0
119,6517.1
275,6521.2
238,6521.9
319,6527.1
76,6527.5
26,6529.7
111,6531.8
124,6535.2
329,6535.5
11,6536.8
367,6539.9
272,6545.8
60,6546.9
113,6548.4
382,6548.7
61,6548.9
247,6550.6
190,6550.6
324,6551.5
366,6552.9
307,6557.4
47,6559.1
105,6560.0
271,6560.2
283,6561.9
359,6564.0
17,6567.1
354,6567.4
99,6568.6
36,6569.9
54,6571.1
348,6572.6
360,6573.1
204,6575.1
326,6576.3
104,6576.9
80,6576.9
145,6582.6
85,6585.6
109,6586.7
5,6590.7
92,6592.5
3,6593.3
213,6595.0
363,6595.2
262,6598.0
348,6598.3
1,6599.0
18,6601.4
144,6601.5
291,6603.7
305,6604.6
138,6605.4
16,6606.9
55,6615.7
122,6616.9
175,6621.2
135,6621.6
185,6622.6
71,6624.8
0,6627.3
208,6631.9
118,6634.8
59,6635.1
22,6636.9
36,6639.8
33,6640.8
370,6641.4
97,6642.6
27,6642.7
379,6645.7
323,6646.4
177,6646.9
23,6647.7
362,6650.2
39,6652.4
119,6653.4
259,6653.5
346,6653.7
246,6656.4
189,6659.4
37,6659.6
375,6663.7
325,6671.6
126,6672.1
330,6673.1
170,6673.4
78,6674.1
314,6677.1
285,6677.1
346,6677.1
142,6679.5
160,6682.4
32,6682.7
252,6683.2
38,6687.6
132,6688.6
207,6692.6
321,6693.3
141,6694.5
291,6695.7
107,6696.2
217,6698.6
165,6702.3
371,6705.3
312,6706.5
331,6708.8
42,6709.2
157,6710.8
51,6712.3
359,6716.6
204,6717.3
75,6719.7
365,6720.5
195,6721.1
194,6723.2
148,6724.4
150,6724.4
309,6726.0
171,6728.0
308,6729.3
325,6732.0
184,6734.1
292,6734.4
249,6735.9
44,6738.0
201,6738.2
56,6740.7
280,6741.1
320,6741.2
376,6743.3
15,6748.9
278,6749.0
156,6749.2
58,6749.6
306,6751.4
281,6751.7
101,6751.8
104,6753.6
152,6756.4
302,6756.6
84,6756.6
332,6763.5
185,6764.7
153,6766.1
88,6767.9
8,6768.1
31,6768.3
262,6768.8
310,6771.8
69,6773.1
95,6774.0
66,6776.0
134,6777.0
311,6777.4
316,6778.7
29,6778.8
327,6782.1
286,6782.3
337,6788.6
183,6792.5
151,6797.1
10,6799.5
334,6799.6
172,6801.0
83,6801.3
113,6802.5
295,6802.8
176,6807.4
345,6807.7
377,6810.1
35,6811.3
370,6812.4
257,6813.3
383,6814.3
382,6814.9
291,6819.8
166,6820.1
279,6821.9
14,6825.0
85,6828.7
251,6831.6
57,6832.3
307,6833.2
173,6833.5
248,6833.6
156,6834.2
52,6834.2
317,6834.3
219,6841.7
195,6843.1
348,6843.6
352,6844.3
45,6846.5
208,6849.0
187,6852.5
338,6853.9
39,6855.8
256,6856.4
331,6858.5
2,6858.8
133,6862.1
246,6863.0
105,6863.9
125,6865.5
295,6866.7
94,6867.2
55,6868.9
221,6869.8
356,6872.1
134,6882.1
176,6883.1
34,6883.2
261,6885.3
306,6888.9
118,6890.0
276,6891.7
363,6891.9
212,6892.3
245,6892.5
189,6893.0
167,6893.6
171,6893.6
190,6893.6
288,6893.7
127,6893.9
191,6893.9
331,6894.0
328,6894.0
135,6894.1
230,6894.2
94,6894.3
382,6894.6
91,6894.7
371,6894.9
205,6895.1
224,6895.3
277,6895.3
370,6896.0
278,6896.2
227,6896.5
320,6896.6
226,6897.6
106,6898.1
85,6898.7
169,6898.8
146,6898.8
367,6899.0
377,6899.2
251,6899.3
233,6900.5
297,6900.6
44,6900.7
232,6901.4
294,6901.6
256,6902.0
353,6902.2
119,6902.3
285,6902.5
124,6902.5
15,6902.8
250,6902.9
355,6903.0
322,6903.7
198,6904.4
27,6905.3
200,6907.0
20,6910.4
243,6914.5
300,6917.9
65,6918.4
76,6923.5
244,6923.8
96,6924.0
19,6924.6
33,6925.9
137,6926.4
139,6927.7
9,6931.5
324,6932.1
229,6934.5
93,6934.6
280,6934.6
266,6934.7
197,6935.8
209,6938.5
304,6940.1
102,6949.7
382,6951.7
154,6952.6
47,6952.6
257,6953.0
112,6957.1
104,6961.1
106,6962.5
247,6962.9
216,6963.2
274,6965.3
120,6967.0
214,6968.0
348,6968.9
90,6969.3
122,6971.0
276,6971.3
363,6971.4
252,6971.5
94,6972.0
189,6972.7
190,6973.1
331,6973.2
167,6973.2
127,6973.3
191,6973.4
227,6973.4
330,6973.5
171,6973.5
328,6973.6
230,6973.6
188,6973.7
135,6973.8
91,6974.1
205,6974.7
277,6975.0
146,6975.1
224,6975.2
371,6975.4
356,6975.5
44,6975.7
350,6976.2
129,6976.3
278,6977.1
50,6977.2
2,6977.2
320,6977.6
266,6978.1
85,6978.3
255,6978.5
115,6978.7
370,6978.8
169,6978.8
297,6979.1
233,6979.3
124,6980.0
250,6981.4
367,6981.5
315,6981.9
132,6982.7
176,6983.1
182,6985.9
149,6990.5
11,6991.4
254,6993.0
245,6995.2
174,6999.6
84,6999.8
233,7001.4
162,7003.3
351,7003.5
25,7010.8
357,7011.7
143,7012.4
275,7014.7
29,7017.5
62,7020.6
175,7022.1
337,7022.9
329,7024.1
184,7025.2
117,7027.3
23,7027.7
161,7031.0
87,7032.8
124,7033.5
343,7034.6
6,7034.9
225,7037.3
107,7037.7
308,7039.3
219,7043.6
262,7043.6
241,7047.7
315,7048.5
35,7049.4
210,7050.9
67,7051.2
276,7051.3
381,7051.3
189,7051.4
363,7051.6
297,7052.0
94,7052.3
190,7053.1
127,7053.3
167,7053.4
191,7053.4
230,7053.7
382,7053.7
115,7053.8
328,7053.8
135,7053.9
331,7053.9
171,7054.2
91,7054.3
205,7055.0
183,7055.2
277,7055.4
371,7055.6
227,7055.9
106,7056.0
224,7056.1
44,7056.6
146,7057.1
249,7057.3
233,7057.5
278,7058.1
344,7058.2
39,7058.2
359,7058.2
356,7059.1
169,7059.2
275,7059.5
90,7059.7
85,7059.9
27,7060.5
320,7060.7
246,7060.8
330,7061.0
250,7061.5
232,7061.9
298,7062.2
304,7062.5
30,7062.6
327,7068.5
374,7070.1
40,7070.4
198,7072.7
286,7077.3
9,7077.7
250,7082.8
311,7082.8
179,7083.8
282,7085.1
111,7086.5
94,7088.1
229,7090.4
41,7092.3
70,7094.7
155,7097.6
278,7097.8
113,7102.0
274,7108.1
16,7108.1
365,7108.3
36,7109.4
328,7113.4
177,7115.7
173,7117.6
121,7119.0
180,7120.2
140,7120.9
248,7121.0
139,7122.3
194,7122.9
341,7127.8
123,7130.8
276,7131.3
196,7131.4
363,7131.6
235,7131.6
94,7132.2
369,7132.3
91,7132.3
189,7132.6
167,7133.3
190,7133.4
171,7133.5
191,7133.5
127,7133.5
99,7133.8
230,7133.8
135,7134.2
331,7134.3
205,7134.7
277,7135.5
228,7135.5
361,7135.9
224,7135.9
382,7136.2
371,7136.2
297,7136.6
106,7136.9
227,7137.1
278,7137.4
146,7137.7
124,7137.9
233,7138.6
250,7138.7
119,7139.9
169,7139.9
320,7140.0
315,7140.0
367,7140.3
172,7140.4
178,7140.7
370,7140.8
356,7141.0
110,7141.9
85,7142.1
40,7142.7
182,7145.9
90,7150.2
259,7152.3
157,7154.1
4,7155.2
76,7164.2
379,7167.5
212,7171.1
183,7172.0
73,7172.4
49,7174.2
50,7174.9
137,7175.8
188,7179.0
261,7180.0
75,7180.3
136,7181.6
199,7187.0
116,7189.3
163,7193.0
232,7199.6
176,7200.2
350,7205.2
175,7205.5
352,7209.7
227,7212.9
211,7213.4
86,7215.7
349,7219.6
243,7221.0
187,7222.9
92,7223.3
195,7223.7
370,7223.7
159,7226.0
149,7226.4
119,7230.7
50,7230.8
209,7230.8
286,7233.3
71,7234.7
63,7236.5
38,7237.4
300,7239.2
169,7239.5
21,7241.2
29,7242.0
245,7242.4
27,7245.2
213,7245.3
333,7247.6
185,7250.6
0,7253.0
87,7254.3
313,7254.5
260,7256.4
341,7259.2
168,7259.6
241,7263.9
329,7265.2
326,7268.8
89,7268.8
10,7272.4
222,7272.6
273,7275.1
28,7279.0
192,7279.1
57,7281.5
345,7284.0
76,7288.5
283,7290.7
143,7290.9
132,7294.6
191,7299.2
13,7299.6
317,7303.2
274,7304.6
225,7305.1
19,7305.2
72,7305.3
364,7307.9
69,7310.2
223,7314.6
252,7316.7
180,7318.8
20,7319.1
270,7320.7
373,7323.9
263,7323.9
272,7324.5
163,7326.1
308,7327.7
239,7328.4
363,7329.2
281,7331.3
26,7332.0
170,7335.9
17,7337.3
240,7338.9
303,7339.2
339,7340.9
346,7340.9
282,7341.5
133,7342.5
367,7346.3
267,7350.1
140,7350.4
93,7352.3
161,7353.2
104,7356.2
381,7357.2
302,7359.7
87,7360.9
36,7361.2
145,7361.3
244,7363.7
79,7366.2
372,7368.1
215,7368.7
202,7370.7
82,7371.8
43,7376.4
203,7376.7
255,7377.1
353,7380.8
288,7381.5
209,7382.9
165,7387.2
160,7388.1
22,7388.8
224,7390.8
9,7391.4
74,7391.5
18,7392.6
164,7393.4
137,7398.9
304,7401.1
130,7403.6
108,7404.6
2,7407.4
326,7407.5
227,7412.7
142,7413.6
159,7414.5
318,7415.9
313,7416.5
123,7418.7
230,7420.1
167,7421.8
206,7422.2
237,7422.7
356,7424.1
42,7424.2
241,7428.3
283,7429.8
297,7429.9
242,7431.2
323,7431.4
19,7433.5
218,7433.7
351,7435.8
43,7439.8
9,7441.8
217,7442.3
179,7444.0
132,7448.9
94,7450.0
155,7450.4
285,7454.0
264,7454.3
382,7459.2
134,7460.9
160,7463.5
364,7463.9
198,7464.5
348,7466.0
135,7466.4
319,7468.2
77,7476.4
100,7476.9
126,7479.1
14,7480.2
333,7480.3
122,7480.7
300,7482.4
97,7485.0
139,7486.5
225,7486.8
37,7488.8
59,7491.7
56,7492.3
74,7492.5
334,7492.7
58,7493.6
52,7494.3
337,7494.3
47,7498.5
269,7498.7
226,7500.8
251,7501.0
78,7501.0
359,7504.2
306,7505.8
200,7507.2
296,7507.9
343,7510.5
152,7511.1
276,7516.7
201,7517.3
171,7518.2
189,7518.3
230,7518.3
363,7518.4
127,7518.9
288,7519.5
91,7519.5
98,7519.8
224,7519.9
205,7520.0
256,7520.0
227,7520.7
94,7520.9
299,7521.6
135,7521.8
324,7522.0
356,7522.2
357,7522.9
367,7523.1
167,7523.4
278,7523.5
285,7523.6
297,7523.7
6,7524.2
320,7524.3
146,7524.5
106,7524.5
289,7524.6
292,7525.0
119,7525.2
233,7525.8
328,7525.8
51,7525.8
85,7526.5
250,7527.6
124,7527.6
159,7527.9
370,7528.3
158,7529.2
87,7529.9
258,7530.2
301,7531.0
166,7531.5
295,7534.0
89,7537.7
151,7538.1
304,7540.7
364,7545.9
72,7549.7
321,7551.3
162,7551.8
253,7552.5
111,7553.8
240,7555.1
164,7556.0
339,7556.4
61,7559.5
250,7559.7
225,7560.1
64,7560.6
330,7561.5
168,7564.3
378,7568.4
63,7569.1
204,7570.3
328,7570.4
193,7571.9
288,7574.7
21,7577.7
148,7577.8
352,7582.1
366,7583.8
87,7583.8
76,7584.6
153,7584.7
35,7587.4
26,7589.6
217,7592.3
163,7593.0
146,7595.0
276,7596.2
251,7596.6
127,7596.6
93,7597.2
171,7597.6
189,7597.9
363,7598.1
230,7598.2
234,7598.4
235,7598.5
91,7599.3
215,7599.4
205,7599.7
256,7599.7
140,7599.8
119,7600.0
224,7600.3
94,7601.6
299,7601.7
227,7601.7
357,7601.8
233,7602.4
135,7602.6
297,7603.0
106,7603.6
8,7603.7
278,7603.8
250,7603.8
368,7604.0
6,7604.0
320,7604.1
356,7604.1
367,7604.3
289,7604.3
124,7604.8
304,7604.9
27,7605.0
147,7605.4
56,7605.5
85,7605.9
315,7606.0
72,7606.5
285,7606.9
15,7608.6
40,7610.2
305,7611.9
277,7613.2
133,7617.5
129,7618.8
13,7618.9
107,7623.4
57,7624.0
276,7626.2
39,7627.9
34,7628.1
12,7628.9
297,7630.0
50,7632.9
174,7633.7
101,7635.0
238,7637.3
266,7637.9
175,7642.1
135,7642.3
7,7642.4
8,7643.1
177,7643.2
279,7643.8
299,7643.9
159,7645.2
152,7645.9
362,7651.1
211,7652.8
136,7657.0
383,7659.8
90,7661.3
212,7661.5
224,7664.4
138,7665.0
342,7666.2
47,7668.5
22,7668.8
372,7675.4
276,7675.8
91,7677.3
251,7677.4
127,7677.6
95,7677.8
189,7677.9
288,7678.3
363,7678.3
357,7678.4
171,7678.6
230,7678.6
336,7679.0
68,7679.2
350,7679.4
205,7679.5
256,7680.1
197,7680.3
146,7680.3
299,7681.6
233,7681.9
297,7682.0
328,7682.0
135,7682.4
227,7683.0
94,7683.1
106,7683.4
278,7683.8
366,7683.8
208,7683.8
119,7683.9
266,7684.0
250,7684.0
6,7684.8
289,7684.8
40,7684.9
124,7685.1
320,7685.2
8,7685.4
367,7685.5
85,7685.6
356,7685.7
330,7685.9
370,7686.4
65,7686.7
117,7687.3
84,7687.7
165,7688.8
280,7689.1
326,7690.0
272,7693.2
308,7696.3
116,7696.7
14,7698.8
169,7702.5
82,7702.8
71,7703.0
164,7704.4
269,7704.7
356,7708.8
25,7710.7
226,7711.4
188,7712.5
265,7716.1
364,7716.9
121,7717.6
376,7717.8
312,7718.8
314,7720.5
295,7723.7
264,7724.3
54,7724.6
143,7724.6
178,7726.1
206,7727.1
198,7729.3
192,7730.2
31,7731.8
112,7732.3
53,7734.1
360,7735.0
163,7738.5
367,7743.4
274,7746.6
45,7747.1
125,7747.2
69,7750.0
0,7751.2
28,7752.9
276,7755.9
277,7757.0
251,7757.8
189,7757.9
205,7757.9
127,7758.0
66,7758.1
363,7758.4
26,7758.5
91,7758.5
230,7758.7
224,7759.1
171,7759.5
70,7759.6
357,7760.0
256,7760.3
288,7760.4
299,7761.1
85,7761.6
135,7762.1
356,7762.3
146,7762.4
297,7763.0
233,7763.3
94,7763.6
227,7763.9
278,7763.9
294,7764.0
106,7764.3
90,7764.7
8,7764.7
6,7765.1
328,7765.4
250,7765.6
124,7765.9
289,7766.5
27,7767.1
155,7767.9
315,7769.4
42,7769.4
296,7770.1
235,7776.1
203,7776.5
4,7776.5
309,7779.9
338,7783.1
354,7785.7
51,7786.7
214,7787.1
78,7787.2
140,7787.6
250,7790.3
315,7791.7
287,7792.4
47,7793.8
141,7797.6
103,7797.6
180,7802.5
161,7803.0
371,7806.6
116,7809.8
223,7815.4
156,7817.5
278,7822.6
317,7827.3
228,7828.7
120,7830.0
325,7833.4
301,7835.4
197,7838.2
81,7840.3
318,7840.4
300,7840.7
316,7842.3
36,7846.1
272,7847.3
141,7851.1
87,7851.1
254,7852.8
345,7853.0
134,7855.3
54,7856.1
261,7856.2
248,7857.8
86,7858.5
340,7859.1
329,7859.3
186,7860.8
75,7862.5
270,7865.1
196,7867.1
382,7867.7
267,7869.3
161,7872.0
287,7874.7
160,7875.2
157,7876.1
361,7876.5
208,7877.6
239,7883.6
204,7883.6
136,7884.9
202,7885.0
253,7886.7
362,7888.7
303,7888.7
155,7889.4
295,7889.4
323,7892.1
224,7892.8
313,7898.3
88,7898.7
8,7900.7
149,7903.9
53,7904.0
227,7904.1
344,7905.5
306,7907.2
176,7908.7
179,7908.8
15,7909.4
74,7909.4
183,7909.9
238,7910.1
216,7910.1
79,7912.9
153,7913.1
195,7913.3
381,7915.3
368,7916.3
123,7919.3
48,7921.7
268,7925.5
1,7925.7
40,7927.5
199,7930.1
147,7933.5
346,7933.7
272,7935.0
351,7939.6
245,7941.0
232,7941.2
6,7943.5
11,7946.5
315,7948.6
220,7949.6
43,7951.2
77,7953.4
131,7956.1
42,7957.2
166,7959.8
129,7962.4
64,7964.6
116,7968.6
283,7972.9
102,7973.3
343,7973.5
135,7974.5
169,7975.1
90,7976.9
114,7981.4
308,7985.2
152,7988.9
335,7990.1
106,7999.0
231,8004.0
60,8008.8
229,8010.1
302,8012.1
93,8012.5
223,8013.5
273,8015.8
172,8016.1
36,8017.2
357,8017.3
115,8017.4
264,8017.4
253,8017.5
143,8019.7
314,8020.8
218,8031.8
333,8032.9
55,8035.0
105,8036.9
342,8037.9
168,8038.5
343,8038.9
232,8039.5
378,8040.8
56,8042.1
61,8049.2
33,8050.8
125,8051.5
124,8053.7
98,8054.1
103,8054.2
107,8055.6
259,8058.4
207,8062.7
41,8062.8
92,8066.5
148,8070.5
128,8073.3
379,8075.0
233,8077.3
112,8077.6
198,8082.8
164,8083.2
369,8087.3
131,8093.3
269,8093.8
338,8095.2
383,8097.8
212,8098.6
191,8102.0
210,8102.2
306,8104.1
240,8104.7
288,8107.2
325,8108.6
218,8109.0
2,8109.2
376,8112.5
290,8114.6
302,8116.9
264,8118.4
289,8118.6
182,8118.9
37,8122.1
158,8122.1
161,8124.1
307,8126.4
315,8126.6
275,8126.7
381,8128.5
52,8128.7
7,8130.8
111,8130.9
319,8131.4
237,8131.4
138,8131.9
22,8133.2
226,8134.1
139,8134.4
311,8136.0
374,8136.7
99,8138.1
276,8141.7
189,8143.3
251,8143.3
127,8143.6
363,8143.7
278,8143.7
230,8143.9
171,8144.6
330,8144.7
119,8144.8
91,8144.8
334,8144.9
366,8144.9
205,8145.1
224,8146.0
357,8146.1
382,8146.4
270,8147.4
227,8148.0
6,8148.0
299,8148.4
233,8148.5
320,8149.3
135,8149.4
137,8149.5
124,8149.5
223,8149.7
94,8150.0
321,8150.1
326,8150.3
266,8150.7
151,8150.8
180,8151.0
297,8151.2
367,8151.5
268,8151.6
231,8151.6
85,8152.2
250,8152.5
48,8152.5
280,8152.6
279,8152.9
191,8153.5
356,8154.1
258,8154.3
145,8155.8
18,8156.7
282,8160.4
360,8162.6
162,8163.1
230,8170.9
332,8171.7
322,8174.1
167,8175.3
320,8175.5
126,8180.4
109,8181.7
318,8182.3
157,8183.1
259,8186.7
369,8188.7
192,8193.9
38,8197.7
10,8198.5
221,8198.8
249,8202.4
323,8203.7
96,8204.0
235,8206.1
189,8206.8
239,8207.8
108,8208.2
106,8209.0
255,8215.6
107,8215.7
285,8219.4
173,8221.2
276,8221.4
150,8222.5
251,8222.7
230,8222.8
159,8223.2
127,8223.2
6,8223.2
363,8223.3
34,8223.5
332,8223.5
278,8223.5
171,8224.1
119,8224.3
330,8224.4
205,8224.4
91,8224.7
366,8224.7
289,8224.7
74,8225.8
268,8225.9
382,8226.2
320,8226.3
45,8226.4
224,8226.7
357,8226.8
299,8227.8
270,8227.9
124,8228.2
315,8228.7
32,8229.0
233,8229.1
297,8229.1
219,8229.2
362,8229.4
94,8229.6
223,8229.7
27,8229.9
227,8229.9
15,8230.5
137,8230.5
250,8230.7
2,8230.8
56,8230.9
85,8231.0
135,8231.0
256,8231.0
161,8231.3
266,8233.4
258,8234.5
356,8235.8
350,8239.6
120,8241.5
293,8245.0
296,8247.8
47,8250.7
88,8251.7
223,8253.1
238,8257.4
122,8257.6
267,8258.4
95,8259.5
12,8262.2
44,8265.7
364,8267.5
8,8267.9
114,8270.2
377,8270.5
312,8273.1
206,8274.0
87,8274.6
97,8275.3
144,8276.2
126,8277.1
66,8278.2
133,8280.5
53,8281.5
380,8281.6
284,8282.0
337,8282.2
262,8282.7
261,8284.7
132,8287.5
77,8287.9
14,8288.4
59,8290.6
92,8291.0
64,8291.9
294,8292.2
13,8294.9
246,8297.2
328,8299.7
157,8300.6
276,8301.4
189,8301.8
206,8302.4
251,8303.1
127,8303.3
230,8303.4
363,8303.5
278,8303.6
91,8304.4
330,8304.4
119,8304.5
378,8304.7
366,8304.7
171,8304.8
205,8304.9
104,8304.9
356,8306.2
135,8306.2
137,8306.4
382,8306.4
6,8306.8
34,8307.5
224,8308.0
357,8308.1
270,8308.1
289,8308.3
285,8308.7
94,8308.9
299,8309.0
223,8309.2
297,8309.5
124,8309.8
320,8309.8
305,8310.0
233,8310.1
321,8310.6
85,8310.9
268,8310.9
275,8311.4
367,8311.9
279,8312.1
250,8312.2
180,8312.7
112,8315.4
315,8316.2
266,8318.0
106,8319.9
349,8320.9
257,8322.3
241,8324.4
75,8330.4
177,8332.1
9,8332.9
217,8333.4
366,8335.0
80,8337.3
36,8337.6
211,8339.7
156,8340.4
37,8347.5
127,8356.3
62,8359.0
310,8360.7
10,8364.3
82,8366.7
243,8366.9
363,8372.2
2,8373.6
49,8373.6
373,8375.4
51,8375.5
303,8380.8
276,8381.3
119,8381.6
189,8382.4
251,8382.9
240,8383.2
278,8383.4
230,8383.4
125,8383.4
331,8383.8
366,8383.8
330,8384.1
91,8384.3
171,8384.5
205,8384.6
127,8384.7
382,8386.2
300,8387.1
328,8387.3
224,8387.6
137,8387.6
207,8387.8
270,8387.9
266,8387.9
135,8388.0
19,8388.2
227,8388.3
94,8388.4
299,8388.6
356,8388.8
6,8388.9
357,8389.1
223,8389.2
297,8389.3
289,8389.3
233,8389.7
88,8390.1
76,8390.1
124,8390.2
85,8390.3
54,8390.4
27,8390.7
320,8391.0
34,8391.4
57,8391.6
250,8391.6
377,8392.0
321,8392.1
258,8392.2
290,8392.3
370,8392.8
15,8392.9
285,8394.3
332,8395.0
67,8395.0
40,8397.2
256,8399.1
38,8402.1
131,8403.8
282,8404.9
0,8406.5
184,8408.6
24,8413.3
365,8415.6
20,8426.3
274,8429.6
28,8431.0
347,8431.0
371,8431.0
66,8431.2
27,8432.5
84,8432.6
6,8433.0
11,8434.3
254,8436.8
357,8438.1
181,8439.4
29,8439.6
62,8440.2
336,8442.3
142,8443.1
307,8455.5
269,8455.8
190,8458.4
72,8459.9
188,8460.6
344,8464.9
141,8466.6
208,8469.6
40,8470.8
122,8474.2
61,8476.9
293,8479.0
236,8481.0
135,8482.4
258,8482.5
266,8483.3
174,8486.1
3,8486.6
276,8487.7
91,8489.2
242,8492.4
277,8494.3
183,8496.4
212,8502.4
5,8504.9
213,8505.6
201,8511.6
335,8514.3
321,8514.4
124,8514.9
325,8516.6
48,8517.2
329,8518.2
232,8520.1
306,8520.7
104,8521.9
88,8524.0
90,8528.2
173,8530.9
126,8531.3
314,8544.0
190,8544.8
116,8547.4
94,8550.2
207,8552.5
359,8553.1
356,8556.5
251,8559.3
12,8559.7
39,8560.7
315,8562.7
85,8563.3
280,8565.4
338,8565.9
341,8569.0
380,8569.2
144,8570.5
114,8574.9
110,8578.7
240,8582.7
362,8586.6
21,8592.2
304,8594.5
96,8598.4
76,8600.5
33,8602.3
140,8603.0
23,8604.5
360,8609.3
171,8612.6
259,8614.0
1,8615.7
270,8617.3
340,8617.5
218,8617.5
312,8619.6
61,8620.2
7,8621.5
154,8623.9
336,8624.6
273,8625.3
324,8626.4
320,8629.1
222,8630.2
47,8631.5
351,8634.5
91,8634.7
164,8637.3
219,8637.7
99,8638.7
193,8641.5
108,8642.3
367,8647.6
364,8648.2
165,8649.2
40,8650.4
216,8654.1
211,8657.4
130,8660.9
308,8661.7
172,8662.5
333,8667.4
233,8668.3
232,8669.1
122,8670.3
326,8670.4
230,8671.6
263,8671.7
335,8674.4
22,8675.1
8,8676.0
316,8678.8
325,8679.8
125,8681.1
185,8683.7
112,8683.8
352,8687.7
273,8690.1
147,8691.4
24,8694.6
182,8695.2
214,8695.5
122,8696.8
102,8699.2
166,8700.0
2,8700.2
38,8700.9
113,8713.3
289,8716.1
82,8716.3
248,8716.8
204,8717.9
7,8718.1
221,8721.9
164,8724.4
189,8727.9
302,8728.9
84,8728.9
77,8729.2
281,8732.1
235,8733.2
32,8735.9
218,8737.1
261,8739.1
207,8739.4
210,8740.1
229,8741.8
24,8742.3
25,8745.5
43,8746.5
209,8750.8
68,8753.1
15,8754.7
297,8763.3
313,8766.1
70,8766.2
205,8766.3
132,8766.6
366,8766.9
357,8767.7
251,8767.8
363,8768.6
171,8768.8
278,8768.8
330,8769.5
119,8769.7
21,8769.9
276,8770.1
189,8770.4
382,8771.5
224,8771.6
289,8771.6
214,8771.7
260,8772.1
94,8772.5
320,8772.6
299,8772.7
227,8773.2
125,8773.2
91,8773.6
77,8773.6
137,8773.9
29,8774.2
321,8775.0
6,8775.2
85,8775.3
329,8775.6
124,8776.0
40,8776.3
180,8776.4
223,8776.4
367,8776.7
279,8776.8
328,8776.9
250,8776.9
61,8777.0
230,8777.7
22,8778.0
3,8778.1
258,8778.3
296,8778.7
16,8778.8
4,8778.9
254,8779.9
315,8780.9
157,8786.2
365,8790.2
278,8791.5
41,8792.6
349,8795.6
115,8796.9
319,8797.7
49,8803.6
133,8807.4
161,8807.4
239,8809.4
192,8809.9
122,8813.4
223,8813.5
102,8814.1
309,8815.3
75,8816.8
146,8817.0
141,8817.3
252,8820.8
217,8822.6
184,8823.2
110,8823.4
200,8824.3
64,8824.5
371,8825.1
237,8827.2
170,8829.4
199,8829.5
30,8829.9
221,8830.8
179,8831.1
354,8831.4
108,8833.5
138,8834.1
118,8837.1
312,8841.3
359,8843.0
196,8843.2
205,8845.9
366,8846.5
357,8847.4
251,8847.9
278,8847.9
363,8848.3
298,8848.3
209,8848.8
330,8849.4
171,8849.4
119,8849.5
21,8850.1
276,8850.4
257,8850.9
189,8851.1
382,8851.3
297,8851.4
224,8852.4
331,8852.7
260,8852.9
94,8853.1
214,8853.5
289,8853.6
299,8853.7
227,8853.9
320,8854.9
223,8854.9
27,8855.2
6,8855.3
250,8855.9
77,8855.9
124,8856.1
85,8856.4
370,8856.8
137,8856.9
249,8856.9
146,8856.9
69,8857.0
3,8857.1
187,8857.2
26,8858.2
180,8858.3
70,8860.0
321,8860.0
293,8860.1
0,8861.7
336,8868.4
303,8868.4
268,8868.8
86,8870.8
148,8871.0
219,8872.1
296,8873.2
275,8874.9
220,8875.0
185,8877.0
155,8879.6
101,8881.9
372,8882.0
38,8884.4
61,8886.1
299,8892.5
105,8896.3
264,8896.5
361,8899.8
224,8901.0
129,8901.8
228,8903.2
147,8903.2
348,8903.5
383,8904.6
20,8908.2
216,8909.1
204,8909.4
21,8910.7
310,8911.0
15,8912.4
238,8912.8
308,8915.3
201,8915.5
156,8917.3
80,8917.3
35,8917.6
71,8919.7
42,8923.5
266,8924.6
205,8925.9
366,8926.6
357,8927.4
131,8927.6
251,8928.0
278,8928.0
363,8928.4
265,8928.8
330,8929.3
119,8929.6
171,8930.1
276,8930.3
25,8930.5
209,8931.0
189,8931.3
382,8931.3
294,8932.1
299,8932.4
250,8932.8
297,8933.1
329,8933.3
94,8933.3
180,8933.6
260,8933.9
331,8934.7
146,8934.7
85,8935.1
61,8935.2
289,8935.3
223,8935.5
227,8936.0
137,8936.1
124,8936.3
328,8936.3
214,8936.3
91,8936.6
279,8936.7
67,8937.1
186,8937.6
6,8938.2
258,8938.9
3,8939.2
229,8942.5
10,8943.9
280,8945.1
135,8946.8
255,8947.5
235,8948.2
206,8949.6
322,8949.8
269,8953.9
270,8954.5
183,8955.0
261,8956.4
222,8957.4
54,8957.6
33,8957.9
119,8965.6
121,8968.0
75,8974.8
69,8979.2
311,8980.5
323,8982.0
26,8984.0
353,8988.3
152,8989.3
342,8991.3
60,8992.0
383,8993.2
11,8994.6
103,8997.1
149,8997.7
305,9000.2
150,9003.1
355,9003.8
302,9004.6
205,9006.0
366,9006.6
357,9007.5
251,9008.0
278,9008.3
21,9008.3
363,9008.5
119,9008.5
330,9009.3
224,9009.4
171,9009.8
276,9010.5
382,9011.4
209,9011.6
299,9011.6
189,9011.7
148,9012.7
260,9013.4
94,9013.8
297,9013.9
250,9014.6
77,9015.0
227,9015.0
85,9015.1
320,9015.1
223,9015.3
137,9015.3
124,9015.7
180,9015.7
16,9016.3
289,9016.4
214,9016.4
6,9016.5
132,9016.6
27,9016.9
61,9017.4
146,9018.0
3,9018.6
144,9020.2
352,9023.8
81,9028.3
271,9030.6
95,9033.7
330,9036.6
13,9039.3
207,9040.9
369,9041.2
363,9044.8
263,9045.0
30,9046.3
203,9047.5
327,9049.1
8,9051.2
301,9051.2
234,9053.5
368,9055.6
128,9058.0
264,9061.4
62,9061.7
260,9062.4
254,9064.3
173,9064.3
338,9065.8
42,9070.2
202,9072.1
208,9073.2
86,9073.2
97,9074.9
160,9077.7
130,9077.8
119,9078.1
220,9078.6
227,9078.6
106,9078.9
199,9081.2
36,9083.6
145,9086.0
112,9088.2
251,9089.5
219,9091.1
79,9091.4
372,9092.3
282,9095.2
229,9095.4
204,9098.7
50,9099.0
143,9099.9
78,9100.5
315,9100.5
14,9103.2
375,9105.1
267,9111.4
88,9112.3
29,9114.0
345,9114.5
71,9114.8
239,9117.1
246,9121.4
120,9121.9
4,9122.0
329,9125.9
262,9127.3
58,9127.9
290,9132.2
17,9132.9
152,9143.2
307,9144.0
383,9144.3
247,9144.7
109,9147.4
233,9153.7
140,9153.7
174,9155.7
196,9157.2
99,9161.9
249,9162.0
74,9162.9
163,9163.2
155,9165.1
195,9165.6
72,9167.5
151,9169.2
248,9171.1
111,9172.4
357,9173.5
57,9173.6
191,9175.1
197,9175.7
250,9179.6
375,9180.9
230,9180.9
377,9181.4
256,9181.6
271,9183.5
124,9184.9
382,9186.3
319,9186.3
157,9186.3
92,9188.1
245,9190.0
356,9190.3
333,9191.2
277,9192.8
232,9193.8
63,9196.4
148,9200.3
7,9203.2
154,9205.8
269,9207.7
175,9209.8
298,9219.7
65,9225.4
288,9225.5
312,9226.6
37,9227.6
129,9234.2
283,9234.8
367,9240.5
100,9241.1
214,9242.2
242,9243.6
359,9249.9
364,9251.0
360,9251.3
9,9254.9
220,9255.0
135,9256.4
16,9257.9
81,9258.0
361,9258.4
156,9263.3
18,9263.7
215,9267.2
356,9272.1
38,9280.2
185,9282.0
139,9282.6
52,9283.7
365,9285.2
116,9285.4
366,9286.9
328,9289.6
19,9289.8
287,9291.1
113,9292.9
169,9294.9
243,9297.4
153,9298.1
210,9298.7
223,9298.9
181,9299.7
254,9302.4
293,9304.0
297,9304.2
209,9304.4
27,9306.3
207,9307.4
272,9311.4
236,9311.5
89,9313.1
12,9314.1
50,9317.7
193,9318.0
308,9318.6
56,9320.3
233,9320.5
189,9320.5
239,9320.6
219,9320.7
300,9321.2
47,9324.1
3,9324.9
107,9330.1
194,9333.5
46,9333.9
132,9334.1
178,9334.7
330,9335.2
54,9339.0
212,9339.3
36,9340.0
281,9340.1
270,9342.3
40,9344.2
379,9345.0
294,9345.9
371,9346.0
284,9346.1
380,9348.6
20,9350.9
165,9352.4
356,9355.9
272,9356.5
347,9356.8
34,9359.7
29,9360.9
350,9367.8
139,9369.2
58,9376.1
49,9379.5
370,9383.0
320,9383.6
115,9386.4
13,9387.2
213,9387.5
118,9389.1
317,9389.4
357,9390.9
205,9391.3
79,9391.6
135,9391.6
294,9392.3
209,9392.6
6,9392.8
366,9393.0
251,9393.3
330,9393.4
363,9393.6
278,9393.8
180,9394.1
61,9394.3
169,9395.0
276,9395.2
65,9395.2
257,9395.3
197,9395.4
21,9395.5
255,9395.8
382,9396.0
224,9396.5
313,9396.9
200,9397.0
53,9397.6
1,9397.7
227,9397.9
16,9397.9
260,9398.1
27,9398.2
297,9398.4
214,9398.6
204,9398.6
266,9398.8
299,9399.0
72,9399.0
28,9399.3
223,9399.6
336,9399.8
122,9400.4
124,9400.6
3,9400.7
289,9401.5
85,9401.5
250,9401.5
321,9401.7
56,9401.9
279,9402.3
44,9402.3
91,9404.6
83,9405.2
258,9406.4
238,9409.0
159,9410.0
154,9410.1
324,9412.5
192,9418.8
57,9422.9
128,9424.2
216,9425.0
222,9425.0
353,9425.5
21,9425.7
122,9428.8
73,9430.9
314,9432.8
205,9436.8
125,9443.2
207,9445.4
146,9455.8
166,9457.5
90,9458.8
175,9459.9
148,9460.3
228,9462.3
37,9463.1
177,9463.8
292,9464.2
152,9470.1
357,9470.5
205,9470.9
375,9471.1
6,9472.3
209,9472.9
251,9473.1
363,9473.2
278,9473.3
366,9473.3
330,9473.6
180,9473.8
61,9474.0
21,9474.3
276,9475.0
382,9475.9
370,9476.2
320,9476.5
169,9476.5
65,9477.0
122,9477.2
297,9478.0
224,9478.0
91,9478.2
294,9478.4
246,9478.4
1,9478.6
313,9478.7
53,9478.9
299,9479.1
227,9479.2
260,9479.6
334,9479.9
250,9480.4
213,9480.4
223,9480.6
28,9480.7
124,9480.7
352,9480.9
85,9481.0
3,9481.4
214,9481.9
111,9482.3
27,9482.6
289,9482.8
16,9484.1
8,9484.2
279,9484.4
258,9486.1
129,9487.3
361,9487.3
286,9487.8
351,9490.7
161,9491.4
170,9494.6
342,9495.1
191,9495.5
278,9497.8
51,9498.1
1,9500.7
10,9507.1
374,9508.2
2,9509.2
213,9509.9
109,9514.6
294,9515.2
327,9516.7
123,9518.1
167,9519.0
279,9522.4
133,9523.1
270,9523.2
323,9523.9
341,9524.3
243,9524.5
349,9525.6
65,9527.2
218,9527.4
259,9528.5
346,9529.0
263,9530.4
190,9532.0
209,9535.3
245,9537.4
188,9537.6
241,9538.1
78,9539.8
80,9547.0
262,9548.5
87,9548.9
251,9549.1
205,9550.5
357,9550.6
6,9550.9
31,9551.9
278,9552.6
119,9552.8
374,9552.9
363,9553.4
366,9553.7
180,9553.8
61,9554.1
330,9554.1
21,9554.9
276,9555.1
1,9555.5
382,9556.2
169,9556.9
146,9557.2
125,9557.7
122,9557.8
224,9557.9
310,9558.2
53,9558.4
294,9558.6
297,9558.9
320,9559.0
313,9559.5
258,9559.9
223,9559.9
260,9560.0
299,9560.1
124,9560.3
28,9560.3
85,9560.4
227,9560.5
91,9560.6
340,9560.8
370,9561.1
213,9561.8
250,9561.9
321,9562.1
228,9562.1
3,9562.3
54,9563.2
170,9563.7
279,9563.9
335,9568.5
14,9571.8
376,9572.7
20,9575.6
222,9576.2
29,9576.8
268,9585.3
281,9585.7
351,9590.5
99,9591.2
314,9591.5
5,9592.1
175,9594.6
166,9597.7
116,9598.0
190,9600.4
208,9600.5
265,9600.8
381,9605.8
290,9605.9
85,9609.0
305,9609.1
172,9609.2
191,9609.7
36,9612.0
287,9613.9
68,9616.0
212,9616.2
4,9621.8
96,9622.9
82,9625.3
45,9626.0
269,9627.6
102,9627.6
176,9629.9
6,9630.5
357,9630.6
41,9630.6
205,9630.7
382,9631.2
209,9631.9
251,9632.0
278,9633.0
363,9633.4
366,9633.7
134,9633.9
180,9634.0
61,9634.2
330,9634.4
65,9634.8
276,9635.4
21,9635.4
1,9636.4
99,9636.6
169,9637.6
224,9637.9
273,9638.1
53,9638.2
294,9638.6
223,9638.7
313,9638.8
122,9638.8
141,9639.1
297,9639.1
289,9639.4
204,9640.1
227,9640.2
299,9640.3
260,9640.6
320,9640.7
119,9640.8
28,9640.9
124,9641.2
279,9641.4
27,9641.8
352,9641.8
261,9641.9
250,9642.0
258,9642.3
56,9642.6
38,9643.5
16,9643.5
240,9644.8
3,9644.9
324,9646.8
34,9654.8
144,9656.9
57,9658.8
183,9659.7
346,9668.6
16,9669.8
153,9670.1
130,9670.2
87,9672.0
378,9672.6
142,9672.7
197,9673.5
266,9673.6
322,9677.0
188,9677.6
147,9677.9
333,9679.1
215,9683.4
93,9684.1
106,9684.1
292,9684.7
110,9687.7
84,9692.4
247,9694.1
379,9695.1
368,9695.4
303,9698.1
186,9699.4
137,9701.0
255,9703.9
173,9704.9
100,9708.3
298,9710.2
117,9710.6
67,9713.0
49,9715.3
125,9720.4
194,9725.2
250,9725.6
66,9727.1
68,9728.3
362,9730.5
339,9734.3
146,9735.5
88,9736.6
138,9739.2
171,9739.5
254,9740.2
163,9741.6
184,9742.3
15,9743.5
62,9745.3
307,9745.8
352,9746.0
297,9748.6
203,9748.9
35,9749.2
25,9751.0
19,9752.3
218,9754.3
257,9758.1
26,9759.1
14,9759.5
250,9759.7
181,9761.5
346,9763.3
185,9764.6
229,9765.1
30,9765.4
336,9765.7
262,9767.2
354,9769.5
271,9771.1
180,9771.1
235,9773.2
46,9774.4
24,9776.0
9,9778.3
114,9780.0
58,9780.6
23,9782.8
168,9788.1
263,9788.2
43,9790.3
108,9790.9
363,9792.0
54,9794.0
259,9794.1
317,9794.2
207,9795.8
364,9797.0
98,9799.3
82,9802.0
116,9802.8
285,9805.3
33,9806.2
300,9806.7
81,9807.0
370,9808.2
156,9808.2
129,9809.7
102,9811.5
0,9818.5
362,9818.7
265,9819.6
248,9823.5
159,9825.7
132,9826.7
231,9829.7
374,9839.4
280,9839.8
221,9842.5
263,9844.7
312,9845.2
252,9846.0
66,9850.1
146,9850.4
208,9850.9
36,9853.0
291,9853.1
182,9854.3
18,9858.1
149,9861.4
87,9864.1
249,9865.7
94,9866.9
49,9867.0
141,9867.2
237,9868.0
6,9870.0
324,9870.6
380,9871.9
328,9872.4
71,9872.9
74,9874.7
292,9875.2
321,9875.4
69,9879.5
333,9880.2
302,9881.0
335,9883.0
322,9883.3
295,9893.8
164,9894.5
92,9895.2
336,9896.1
91,9896.5
289,9897.3
298,9899.3
96,9900.6
53,9900.7
278,9901.4
32,9903.0
75,9903.9
383,9906.1
162,9909.2
198,9910.4
102,9912.7
204,9913.9
158,9918.2
9,9918.5
131,9918.8
72,9923.3
176,9926.5
214,9926.8
318,9928.0
354,9928.5
0,9932.3
317,9938.7
80,9939.8
75,9940.4
313,9942.1
39,9943.6
331,9943.6
191,9946.5
227,9949.0
115,9950.8
21,9961.8
299,9962.1
42,9963.8
349,9964.0
320,9966.8
105,9968.8
40,9969.1
119,9970.4
372,9970.5
174,9970.9
103,9971.9
156,9973.0
165,9973.9
177,9978.8
359,9983.5
170,9983.8
76,9984.2
66,9984.2
343,9984.5
47,9985.2
127,9987.8
294,9990.2
234,9990.8
222,9991.5
223,9992.2
78,9994.7
253,9994.9
200,9997.7
218,9998.6
89,9998.6
183,9999.0
