20,106.3
18,107.1
11,110.1
10,110.3
12,110.4
16,111.3
2,111.8
8,111.8
9,111.9
25,112.1
5,112.1
3,113.8
19,114.6
13,116.6
4,118.0
14,118.2
6,152.7
10,180.8
18,181.7
14,182.7
20,183.7
25,184.2
9,185.4
16,185.5
26,185.6
19,185.8
8,186.0
11,188.1
24,188.1
3,188.5
12,188.7
13,189.1
5,189.9
1,190.5
2,190.6
21,191.0
22,196.1
10,218.2
30,226.0
16,230.1
8,232.8
24,233.7
26,236.1
20,236.6
14,240.2
25,242.6
19,255.6
3,261.3
4,261.6
10,262.7
13,262.9
17,263.4
9,263.9
2,263.9
1,264.0
18,264.7
12,266.1
11,267.3
22,267.7
20,270.2
21,271.0
5,271.4
8,272.4
14,272.8
10,295.0
12,306.5
20,320.4
18,321.1
25,332.2
4,332.8
27,333.7
2,333.8
13,334.1
3,334.9
28,335.4
11,336.2
10,336.8
21,337.1
19,340.2
8,340.3
0,340.7
29,341.2
1,342.4
30,343.2
22,343.5
14,343.7
23,343.9
9,344.2
17,345.9
16,364.9
18,376.9
10,378.1
19,378.7
26,379.1
12,389.5
25,389.8
8,393.2
3,393.3
2,394.8
4,409.3
11,410.5
10,417.6
9,429.0
24,430.9
21,432.7
28,433.5
20,451.5
12,454.4
14,460.0
10,464.6
22,467.1
13,473.5
25,473.8
15,474.5
2,476.5
11,480.4
5,481.1
18,481.1
6,482.3
4,483.4
21,484.5
8,486.5
9,488.2
20,512.7
31,513.2
12,513.8
29,514.4
10,517.4
22,517.4
7,518.8
3,520.5
1,521.6
2,526.2
18,533.0
25,535.7
0,536.5
16,537.9
8,539.7
24,542.0
13,548.2
11,550.0
14,555.8
28,556.3
12,556.4
21,556.9
10,580.7
9,588.0
22,597.9
18,605.9
17,607.0
25,609.3
2,620.4
23,622.5
10,626.5
12,626.8
8,628.0
29,642.8
14,646.7
28,646.8
20,647.3
15,647.4
9,647.6
13,647.8
22,648.5
19,648.7
16,648.7
0,648.8
3,649.1
30,649.4
18,649.6
7,649.6
4,649.7
10,650.2
11,650.6
24,651.1
25,651.6
1,652.1
8,652.2
17,652.4
2,654.0
12,654.4
5,659.0
21,659.4
9,678.7
2,686.6
14,687.4
11,688.9
8,689.8
20,689.9
22,692.4
10,693.5
18,702.7
3,707.0
1,707.2
19,707.7
26,708.0
4,708.9
12,715.7
9,718.4
20,726.9
17,727.6
14,727.9
30,727.9
10,728.4
15,729.1
25,729.3
28,729.3
24,729.6
16,730.3
6,730.9
8,731.0
0,731.7
2,731.8
11,732.0
21,734.4
18,734.7
22,734.8
5,734.9
3,735.8
19,736.0
26,736.3
13,736.3
12,736.6
9,743.9
25,759.4
16,761.1
28,764.6
24,765.0
14,765.9
17,766.5
26,766.7
20,767.5
18,767.7
10,770.0
12,770.2
19,777.3
13,777.4
11,777.9
8,778.8
1,780.9
21,784.7
9,788.1
2,789.6
6,790.0
26,793.8
25,795.1
29,797.4
30,800.8
28,803.0
18,803.0
7,804.6
17,804.8
15,806.0
14,806.1
20,806.8
5,807.4
22,807.5
10,807.7
19,808.3
4,808.8
23,809.3
16,810.0
24,810.1
12,810.3
8,810.4
0,811.7
3,812.2
9,812.8
13,813.1
11,814.3
25,815.5
2,815.6
26,817.1
21,817.6
10,837.2
14,837.2
27,839.0
12,840.9
18,845.2
20,845.4
13,845.6
5,847.6
3,850.0
19,854.1
17,854.7
28,861.6
4,861.9
30,863.7
11,864.4
10,869.5
26,874.4
12,876.8
20,878.7
25,879.0
22,880.8
13,882.6
14,883.9
2,885.7
8,886.7
1,887.1
16,887.4
0,887.6
18,888.2
6,888.5
9,888.7
28,889.0
10,889.9
15,890.0
17,890.2
5,890.4
19,891.5
24,891.8
3,892.0
26,894.0
11,896.7
21,897.5
4,897.8
12,899.3
25,901.3
20,902.3
23,908.1
14,910.5
13,910.5
29,912.2
30,914.6
9,920.6
18,920.6
22,925.6
8,926.6
2,926.9
10,928.7
5,931.5
16,932.0
24,933.7
25,934.2
15,936.7
6,937.2
12,938.9
1,940.4
14,942.3
17,948.0
18,948.1
19,948.7
20,949.0
13,952.2
11,953.3
26,953.9
21,955.4
8,956.7
10,958.0
28,959.0
9,960.3
2,972.6
3,976.0
12,979.6
18,981.3
5,984.3
19,987.4
16,987.4
25,988.7
0,993.2
13,993.5
20,993.8
10,997.4
14,1003.2
22,1003.8
15,1005.9
11,1006.2
26,1006.2
21,1006.2
27,1006.3
28,1008.2
17,1009.4
9,1014.3
1,1021.5
8,1022.7
12,1024.1
18,1024.1
3,1024.6
23,1025.2
10,1036.2
13,1040.4
19,1041.1
20,1045.0
14,1048.2
16,1056.6
17,1079.9
10,1079.9
8,1082.2
18,1083.8
12,1085.4
1,1095.7
24,1097.1
26,1098.3
19,1099.1
25,1100.0
23,1100.3
14,1103.8
5,1103.9
29,1104.5
30,1105.8
15,1115.6
20,1117.5
4,1118.5
18,1125.2
2,1126.1
17,1129.1
21,1129.8
12,1130.0
16,1130.5
3,1131.2
10,1131.3
25,1134.7
6,1137.2
19,1143.5
31,1145.8
30,1147.2
27,1150.2
20,1155.2
29,1155.9
22,1156.4
26,1165.5
10,1165.5
13,1166.7
12,1167.6
19,1175.2
2,1188.1
28,1188.8
14,1196.5
15,1196.5
23,1196.5
21,1197.6
6,1198.1
17,1199.7
8,1201.4
16,1202.4
9,1203.4
25,1203.9
18,1204.1
20,1208.7
30,1209.5
4,1215.3
13,1221.5
22,1222.0
26,1229.6
19,1229.9
27,1232.7
14,1240.1
10,1252.8
18,1253.3
9,1253.6
5,1254.4
8,1254.5
17,1254.7
1,1255.3
16,1256.5
2,1258.8
25,1261.3
12,1265.6
20,1268.6
23,1268.9
21,1270.8
19,1271.0
0,1272.1
15,1273.2
30,1273.4
14,1274.3
10,1274.8
7,1275.4
3,1275.9
6,1276.2
24,1276.3
8,1276.4
22,1276.5
11,1276.9
26,1277.5
13,1277.7
16,1277.9
9,1278.5
4,1278.8
18,1279.8
5,1283.9
17,1285.2
25,1294.4
12,1301.9
28,1301.9
19,1303.6
30,1306.0
14,1313.4
29,1314.1
20,1317.5
22,1317.8
10,1317.8
21,1319.1
13,1319.1
11,1326.1
18,1334.5
9,1337.5
19,1348.2
8,1351.5
14,1352.1
10,1353.2
7,1353.6
25,1353.7
16,1353.9
26,1354.3
4,1354.7
17,1354.9
3,1355.1
5,1355.2
20,1355.4
24,1355.5
6,1355.7
30,1355.8
2,1355.8
15,1356.1
1,1356.2
27,1356.3
12,1356.3
0,1356.5
22,1357.9
11,1358.0
9,1358.1
13,1359.1
18,1359.2
21,1362.0
31,1375.0
29,1376.4
25,1384.1
10,1385.3
19,1386.0
16,1388.9
12,1395.0
21,1395.1
14,1395.3
3,1396.0
20,1396.9
6,1398.1
7,1398.4
8,1401.2
30,1401.5
15,1401.5
26,1401.8
4,1402.1
5,1402.4
27,1402.6
28,1403.2
13,1403.9
9,1404.4
22,1405.2
11,1414.5
18,1416.4
10,1419.6
12,1431.2
20,1431.6
25,1432.0
14,1432.1
24,1432.7
19,1433.4
8,1433.5
0,1433.7
16,1434.0
3,1435.4
26,1435.7
9,1435.7
10,1436.2
18,1438.2
2,1438.2
1,1438.4
4,1440.2
6,1440.2
28,1440.3
23,1440.5
5,1440.6
11,1440.7
30,1440.8
13,1441.3
21,1442.3
22,1451.2
29,1465.7
12,1466.6
19,1472.3
17,1472.5
27,1474.5
2,1475.8
8,1476.3
20,1476.4
25,1476.7
9,1477.1
10,1477.4
14,1477.4
26,1477.6
28,1477.7
16,1477.9
15,1478.9
18,1479.9
11,1483.0
3,1484.6
1,1486.1
13,1486.4
21,1495.5
19,1511.8
10,1512.4
8,1512.4
22,1513.3
14,1513.4
28,1513.5
25,1513.7
9,1513.9
20,1513.9
7,1514.1
0,1514.2
12,1514.6
16,1514.6
4,1515.2
30,1515.2
6,1516.4
18,1516.8
2,1517.5
24,1517.6
26,1518.1
3,1518.4
27,1518.9
11,1519.8
5,1520.7
13,1522.2
1,1522.8
15,1531.2
21,1531.4
14,1540.3
12,1544.2
20,1548.2
22,1551.9
23,1552.4
19,1553.2
10,1553.3
25,1557.4
18,1558.3
8,1560.8
17,1562.0
16,1562.9
4,1563.2
11,1564.1
9,1564.4
26,1569.3
3,1571.2
13,1574.7
30,1574.9
5,1575.4
28,1575.7
2,1576.2
27,1577.6
21,1584.7
19,1587.3
1,1587.6
10,1588.2
14,1591.7
18,1594.3
22,1595.9
12,1596.8
6,1601.6
20,1602.4
11,1603.2
25,1605.8
9,1605.9
29,1610.8
13,1611.0
24,1611.1
7,1623.8
19,1630.2
10,1631.0
12,1631.1
15,1632.4
2,1632.9
18,1639.8
22,1640.2
26,1641.4
25,1652.2
6,1652.2
5,1662.6
13,1673.6
21,1673.6
14,1674.8
9,1676.3
2,1681.5
10,1692.1
18,1695.0
26,1695.1
8,1695.4
22,1701.9
12,1703.3
0,1715.6
15,1718.2
23,1719.1
11,1725.1
4,1726.0
19,1728.4
25,1728.4
5,1729.1
17,1729.8
2,1730.8
14,1731.5
20,1738.2
12,1754.2
16,1755.9
9,1763.3
26,1764.7
18,1766.8
10,1769.5
30,1771.6
13,1773.1
11,1773.2
28,1773.6
19,1773.7
20,1774.5
0,1777.6
22,1778.1
8,1800.4
6,1805.2
12,1806.5
2,1806.7
4,1807.0
11,1811.8
18,1812.2
10,1816.1
25,1828.4
27,1829.6
26,1829.7
14,1834.9
20,1835.8
13,1858.9
29,1861.5
28,1874.7
10,1875.4
6,1875.6
21,1877.3
14,1879.2
22,1888.9
30,1889.5
12,1890.9
19,1895.8
15,1895.9
8,1896.6
17,1897.2
9,1897.5
20,1898.7
16,1899.0
0,1899.3
25,1899.4
13,1899.7
2,1899.9
24,1899.9
1,1900.1
18,1900.2
3,1900.4
26,1900.8
4,1900.9
10,1900.9
11,1902.3
7,1902.8
27,1903.0
6,1904.4
14,1905.2
5,1905.7
23,1906.5
21,1909.9
12,1916.1
13,1936.4
20,1938.1
8,1940.6
18,1942.1
10,1942.3
9,1942.3
14,1943.8
2,1945.4
11,1947.1
12,1947.5
25,1949.8
3,1951.0
1,1952.4
22,1953.0
6,1958.2
26,1960.2
29,1967.0
28,1968.4
19,1969.5
21,1971.5
4,1972.1
10,1974.4
20,1975.5
17,1976.0
13,1976.4
30,1976.7
15,1977.0
14,1977.4
18,1977.5
0,1977.6
9,1978.4
16,1979.5
8,1980.3
25,1980.5
24,1980.6
2,1981.7
7,1981.7
3,1981.8
12,1982.5
11,1983.0
5,1983.0
6,1985.5
13,2006.6
1,2009.2
19,2013.9
21,2014.9
18,2015.4
20,2015.6
27,2016.8
10,2017.5
2,2018.0
12,2020.8
14,2021.9
3,2022.7
25,2027.3
8,2030.4
22,2031.6
11,2034.7
4,2037.9
9,2038.1
19,2039.3
10,2040.6
13,2040.7
20,2041.2
15,2041.5
12,2044.0
18,2044.2
29,2044.4
21,2053.0
6,2054.1
14,2054.8
28,2055.4
30,2056.2
7,2056.5
27,2056.7
24,2056.8
22,2057.0
0,2057.6
17,2057.7
9,2058.3
16,2059.8
25,2060.0
2,2060.4
10,2061.6
3,2061.8
8,2062.0
26,2062.4
1,2062.9
11,2063.2
20,2063.8
19,2064.2
5,2064.2
13,2067.5
18,2068.4
15,2074.4
12,2076.3
31,2081.8
14,2081.8
23,2082.6
21,2096.2
6,2096.6
11,2098.2
2,2098.8
5,2099.4
4,2099.6
3,2100.5
22,2100.9
13,2101.8
10,2102.1
12,2103.5
18,2104.3
24,2106.9
25,2108.3
9,2108.7
19,2111.5
20,2114.0
8,2115.8
17,2118.2
14,2119.5
28,2123.9
23,2131.4
29,2134.8
16,2135.8
18,2135.9
1,2136.2
15,2136.6
5,2136.8
6,2137.0
21,2137.2
19,2137.3
14,2137.5
13,2137.7
12,2137.9
10,2138.1
0,2138.3
25,2138.4
9,2138.6
3,2138.8
11,2138.8
8,2139.9
2,2140.5
20,2140.8
22,2141.3
4,2141.5
24,2141.6
26,2142.4
17,2144.2
7,2145.1
11,2169.9
18,2170.4
3,2171.3
15,2172.0
19,2174.2
30,2174.3
9,2174.6
10,2175.0
12,2175.2
13,2175.4
21,2176.2
14,2178.5
2,2179.8
5,2180.1
6,2180.6
25,2184.3
16,2185.9
8,2188.0
17,2189.7
20,2190.1
0,2190.4
29,2197.2
19,2197.6
22,2198.8
10,2200.8
11,2200.9
18,2200.9
12,2214.9
13,2219.8
14,2222.6
3,2228.4
21,2229.9
9,2230.2
26,2230.4
7,2232.5
25,2233.1
5,2233.5
8,2233.7
18,2234.0
1,2234.4
24,2234.6
15,2236.0
17,2238.2
19,2242.9
28,2245.1
10,2245.2
11,2253.7
0,2256.2
29,2257.8
16,2257.9
22,2258.0
2,2259.7
6,2260.2
14,2268.1
13,2275.4
21,2275.9
9,2276.2
18,2280.2
8,2281.8
19,2284.8
10,2285.3
3,2286.1
12,2287.9
20,2304.3
28,2309.0
21,2328.9
25,2329.5
18,2329.7
27,2331.0
10,2337.6
9,2338.5
8,2340.1
29,2340.8
15,2345.2
12,2358.8
22,2362.7
4,2370.7
10,2371.8
19,2371.9
1,2375.2
11,2377.4
3,2378.8
9,2379.1
17,2386.4
13,2388.0
2,2389.7
30,2403.7
20,2404.9
14,2405.6
8,2407.4
21,2407.5
10,2407.9
12,2409.1
29,2409.5
22,2409.6
26,2409.6
18,2410.5
9,2425.9
16,2428.6
10,2449.5
27,2454.2
18,2459.3
22,2461.2
14,2463.4
21,2464.0
23,2464.1
29,2465.6
13,2477.0
6,2477.1
28,2482.2
8,2482.7
19,2483.7
1,2484.6
0,2485.7
9,2486.3
15,2486.6
7,2487.2
12,2487.5
30,2490.3
20,2494.2
27,2503.3
10,2505.3
29,2505.4
21,2509.0
18,2512.6
2,2513.2
22,2514.2
3,2514.6
11,2518.0
26,2521.3
14,2521.5
13,2521.6
19,2522.6
8,2524.1
20,2524.1
28,2524.3
16,2524.4
9,2524.6
25,2525.1
4,2525.4
5,2525.4
10,2526.0
17,2526.1
24,2527.3
12,2529.2
15,2529.5
1,2531.3
6,2532.2
23,2532.3
30,2536.0
31,2540.4
22,2540.4
21,2543.0
13,2548.0
11,2553.1
14,2554.2
20,2554.4
2,2554.5
3,2556.8
10,2563.3
12,2566.5
30,2573.6
9,2581.4
19,2584.5
28,2585.0
21,2585.2
13,2586.7
26,2586.8
27,2588.0
14,2589.0
22,2589.4
6,2589.6
5,2590.9
8,2591.8
1,2594.1
12,2595.5
10,2596.8
11,2596.9
18,2597.2
17,2598.6
25,2598.9
2,2601.8
0,2602.4
3,2602.9
20,2603.4
4,2604.0
7,2604.1
9,2605.2
16,2605.3
26,2609.7
24,2609.8
19,2610.3
21,2614.1
29,2614.2
13,2619.7
6,2622.7
10,2624.6
14,2626.4
11,2635.6
12,2636.6
15,2636.7
18,2637.0
25,2643.2
4,2645.4
5,2645.7
20,2646.1
3,2647.0
16,2650.9
9,2651.6
10,2656.1
26,2657.0
8,2662.6
14,2681.1
7,2681.2
22,2681.2
17,2681.5
23,2681.6
30,2681.6
13,2682.1
6,2682.8
10,2683.0
19,2683.1
0,2683.5
18,2684.1
20,2684.1
24,2685.2
2,2685.3
1,2685.4
9,2686.0
15,2686.0
25,2686.0
16,2686.2
3,2686.4
4,2686.5
5,2686.6
12,2686.6
11,2686.7
26,2686.8
8,2688.6
21,2689.3
14,2709.8
10,2720.0
12,2725.6
20,2726.1
13,2733.1
25,2733.3
3,2734.1
19,2735.2
16,2735.5
5,2736.8
30,2738.1
21,2739.4
11,2739.6
22,2739.9
18,2739.9
2,2741.7
8,2741.8
9,2741.9
17,2744.1
7,2745.0
15,2745.2
1,2749.3
14,2753.8
10,2756.4
6,2762.2
28,2762.5
20,2762.8
4,2763.0
24,2763.5
0,2766.0
25,2766.0
26,2766.1
19,2766.3
18,2766.4
27,2766.7
9,2767.0
3,2767.1
16,2767.7
12,2767.7
8,2768.0
13,2768.9
22,2770.3
11,2770.5
5,2770.7
2,2771.2
1,2773.8
23,2774.1
21,2776.9
10,2793.8
20,2795.3
19,2795.5
18,2796.6
28,2797.9
30,2798.5
14,2804.4
17,2807.4
12,2809.8
13,2812.0
6,2813.6
11,2815.0
4,2816.2
16,2816.6
29,2817.5
2,2820.2
5,2822.4
22,2823.9
9,2824.7
8,2826.2
23,2828.0
7,2828.6
10,2834.3
18,2834.8
20,2835.0
19,2841.5
14,2842.6
31,2847.7
30,2848.6
21,2851.2
28,2851.4
12,2857.1
11,2861.6
27,2861.7
22,2863.0
25,2863.9
20,2867.9
29,2870.1
13,2874.0
6,2874.6
26,2877.4
10,2879.5
1,2880.2
18,2881.8
15,2884.1
9,2884.6
8,2884.9
14,2885.6
3,2888.7
19,2890.9
4,2902.3
21,2903.3
20,2905.6
5,2916.9
10,2921.9
24,2923.0
13,2925.6
12,2927.8
28,2927.8
27,2928.5
18,2931.5
2,2933.5
19,2939.1
20,2940.2
21,2945.9
23,2947.5
25,2948.1
29,2951.8
15,2953.1
11,2953.3
10,2962.7
17,2964.2
30,2967.3
18,2968.3
22,2979.7
14,2979.8
5,2996.3
20,3001.8
26,3003.9
27,3004.2
30,3009.6
29,3010.2
4,3012.6
12,3013.4
13,3014.1
10,3017.9
18,3018.3
19,3018.7
14,3020.4
22,3040.4
21,3043.9
23,3046.3
30,3047.1
20,3049.3
17,3051.7
16,3060.4
8,3060.9
15,3063.6
18,3067.3
14,3073.8
7,3078.6
25,3078.7
12,3079.9
5,3082.0
29,3082.7
6,3084.1
19,3086.7
28,3087.4
21,3089.3
20,3095.9
9,3096.3
22,3097.5
3,3107.9
10,3112.6
13,3114.1
11,3115.7
1,3136.7
14,3136.7
8,3136.9
17,3137.2
16,3141.9
20,3147.0
25,3147.0
19,3147.2
0,3147.5
10,3148.1
4,3148.6
22,3149.0
9,3149.6
28,3150.1
18,3150.2
6,3151.6
24,3152.3
21,3152.8
12,3152.8
3,3153.0
5,3153.1
2,3153.2
26,3153.3
13,3153.9
11,3154.0
23,3154.6
10,3175.4
25,3178.0
8,3180.5
1,3181.5
18,3181.7
30,3182.8
19,3188.2
24,3189.9
29,3192.0
14,3193.9
12,3194.2
20,3195.5
21,3196.3
22,3196.8
28,3197.6
9,3205.2
26,3205.3
27,3206.6
10,3209.5
25,3220.2
13,3225.2
8,3226.1
15,3226.3
6,3226.4
18,3226.4
17,3226.4
14,3226.5
30,3227.6
3,3227.7
10,3227.8
20,3227.9
0,3228.2
22,3228.3
1,3228.8
23,3229.0
19,3229.4
16,3229.6
2,3229.7
29,3229.9
24,3230.5
9,3230.6
12,3231.6
5,3232.0
4,3232.0
11,3232.8
21,3233.3
28,3234.4
26,3236.5
14,3259.8
9,3261.1
13,3262.3
10,3262.7
8,3266.2
2,3266.2
18,3266.3
16,3267.0
1,3268.9
12,3269.7
25,3270.3
22,3272.5
3,3277.0
24,3277.2
11,3277.3
20,3278.9
21,3279.4
0,3287.8
19,3290.0
6,3305.0
15,3305.2
26,3305.7
8,3305.9
10,3305.9
14,3306.1
17,3306.3
28,3306.4
9,3306.5
13,3307.9
18,3308.0
16,3308.4
4,3308.7
2,3309.0
25,3309.3
22,3309.4
12,3311.1
24,3311.5
1,3312.2
30,3312.5
3,3312.6
5,3312.7
23,3313.3
19,3314.0
11,3314.4
20,3314.8
21,3317.3
29,3328.5
10,3336.1
2,3339.2
9,3344.5
18,3346.7
25,3347.9
3,3347.9
26,3348.7
31,3349.8
19,3350.0
22,3352.2
12,3353.6
17,3354.1
8,3354.1
20,3355.1
11,3355.6
16,3362.0
21,3362.9
14,3365.2
1,3369.8
10,3371.4
30,3372.0
29,3375.3
0,3385.8
2,3386.0
9,3386.8
8,3387.4
26,3387.4
25,3387.5
28,3388.1
18,3388.4
19,3388.6
10,3388.6
4,3389.8
24,3390.0
12,3390.5
7,3390.7
16,3391.0
15,3391.4
5,3391.5
14,3391.5
3,3391.8
22,3392.3
13,3392.5
20,3392.5
11,3393.4
6,3395.2
23,3397.3
21,3398.8
17,3404.2
18,3417.9
10,3422.8
19,3423.0
9,3427.7
8,3434.0
3,3436.6
25,3438.8
12,3443.2
26,3445.9
27,3446.2
2,3448.9
11,3451.4
18,3458.1
19,3461.6
30,3463.1
17,3463.6
10,3463.9
15,3465.9
22,3466.0
28,3467.9
23,3470.5
14,3473.2
29,3473.7
13,3478.1
26,3484.9
9,3486.8
12,3492.9
0,3493.6
8,3495.0
18,3495.0
16,3495.0
24,3506.7
10,3509.8
2,3509.8
11,3510.2
21,3514.1
19,3514.2
27,3526.2
26,3531.3
28,3535.4
3,3536.3
9,3538.2
14,3541.1
18,3542.7
1,3542.8
4,3547.1
25,3551.9
16,3555.1
17,3555.3
10,3559.3
30,3564.1
19,3565.0
15,3566.5
22,3567.5
5,3569.8
7,3569.9
20,3576.3
28,3576.5
12,3576.7
21,3576.7
11,3579.3
18,3583.1
26,3583.3
27,3584.4
13,3600.8
8,3604.3
29,3604.4
9,3605.5
10,3610.0
26,3615.7
22,3617.9
20,3623.4
30,3627.3
18,3630.4
17,3633.3
2,3633.6
28,3636.4
16,3640.6
21,3641.8
14,3645.4
15,3645.6
3,3651.8
10,3652.5
9,3653.5
11,3656.3
13,3659.5
29,3662.4
30,3673.2
18,3675.9
25,3676.4
1,3676.6
24,3677.6
8,3678.6
10,3684.7
20,3684.8
26,3688.3
14,3692.8
12,3693.5
22,3694.4
16,3696.7
15,3698.1
9,3698.2
7,3700.0
6,3707.3
5,3708.0
13,3708.1
4,3712.3
18,3720.2
14,3728.8
10,3738.0
2,3738.1
8,3740.0
21,3741.0
1,3742.0
11,3742.5
9,3745.0
17,3747.6
13,3748.9
23,3755.1
22,3755.6
15,3756.2
16,3756.4
25,3759.2
30,3764.7
19,3766.8
12,3767.9
18,3768.0
28,3768.4
4,3769.6
20,3770.0
3,3771.0
10,3771.0
14,3771.1
5,3772.0
6,3772.8
7,3772.8
21,3775.2
9,3776.0
26,3776.0
13,3776.2
24,3776.5
8,3776.5
27,3777.1
2,3777.1
11,3777.8
29,3778.2
16,3778.6
1,3779.3
22,3779.4
17,3784.0
25,3784.8
20,3801.3
12,3801.7
18,3802.8
10,3804.6
28,3804.9
4,3805.7
11,3805.9
9,3808.5
14,3813.0
0,3815.9
24,3817.5
8,3817.9
19,3818.6
1,3820.8
16,3823.2
2,3826.6
6,3830.3
25,3832.6
26,3834.2
13,3838.8
3,3840.5
22,3841.8
23,3842.2
10,3842.5
12,3844.4
11,3845.2
17,3845.2
9,3847.4
4,3848.2
29,3848.7
18,3850.2
19,3851.5
30,3851.5
14,3851.9
8,3852.2
15,3852.3
7,3852.9
28,3853.1
20,3854.3
16,3854.6
0,3854.8
27,3856.2
25,3856.4
5,3856.5
2,3856.9
1,3856.9
24,3857.0
21,3858.0
26,3859.8
11,3859.9
13,3860.7
10,3860.9
6,3866.0
12,3866.1
3,3868.4
22,3879.6
9,3882.0
18,3890.1
1,3895.6
14,3895.6
17,3895.8
21,3896.2
4,3898.8
16,3899.2
11,3901.8
19,3903.4
10,3905.4
13,3905.5
12,3907.7
20,3911.1
23,3912.9
26,3912.9
15,3914.1
22,3924.1
0,3924.7
14,3925.9
5,3927.7
29,3928.8
3,3929.1
12,3929.3
27,3930.0
9,3930.7
6,3931.0
18,3931.5
8,3932.0
13,3932.1
16,3932.5
7,3932.7
24,3932.9
28,3933.7
10,3933.9
25,3934.0
17,3934.5
19,3934.5
21,3934.7
30,3934.7
4,3934.9
26,3935.0
11,3937.5
1,3937.8
2,3938.5
20,3938.8
28,3970.3
18,3971.7
12,3973.0
19,3973.2
10,3973.4
13,3973.6
14,3974.8
25,3975.9
20,3976.8
3,3977.0
9,3977.8
11,3978.5
4,3980.8
16,3981.3
5,3981.8
26,3987.0
17,3987.2
22,3989.6
29,3991.8
27,3992.2
1,3997.1
30,4004.9
31,4006.3
18,4007.4
12,4008.5
10,4011.4
21,4011.6
19,4011.6
7,4012.0
2,4012.2
20,4012.5
8,4012.7
9,4012.8
0,4013.0
14,4013.0
13,4013.2
6,4014.5
16,4014.5
15,4014.6
25,4014.7
26,4015.5
24,4015.5
5,4016.4
3,4016.5
28,4016.6
22,4016.7
11,4016.8
4,4016.8
29,4019.8
12,4041.6
14,4044.4
13,4045.3
18,4048.4
19,4052.7
21,4052.7
27,4053.0
10,4053.5
9,4053.9
30,4054.1
20,4054.1
28,4055.0
25,4055.5
26,4055.5
29,4057.9
23,4059.0
17,4059.4
6,4060.8
3,4066.0
24,4066.7
22,4068.3
4,4070.2
16,4070.3
5,4070.8
11,4070.9
2,4074.5
10,4076.7
0,4076.8
12,4077.0
19,4077.2
8,4077.8
15,4078.0
13,4078.5
18,4079.0
1,4081.2
14,4081.6
20,4084.3
28,4101.2
21,4105.1
3,4105.3
29,4106.5
13,4106.6
25,4106.7
19,4106.9
30,4107.1
14,4108.4
6,4109.7
11,4109.9
12,4110.1
10,4110.1
9,4110.7
22,4113.0
20,4114.3
23,4114.4
18,4116.9
17,4117.5
2,4122.1
8,4129.7
1,4134.7
27,4137.2
24,4137.4
0,4138.7
10,4140.5
19,4145.8
9,4146.4
3,4146.7
18,4148.4
14,4149.4
12,4149.8
16,4150.8
13,4151.5
20,4152.1
2,4152.4
5,4153.4
21,4153.6
7,4155.6
22,4160.0
31,4160.0
30,4160.4
17,4174.9
11,4180.9
25,4182.1
19,4183.4
29,4183.9
10,4184.7
20,4184.7
28,4186.1
4,4187.5
15,4188.1
18,4188.2
26,4188.2
13,4189.0
24,4189.3
12,4190.6
27,4190.9
14,4193.8
21,4194.0
9,4199.0
2,4199.9
22,4201.1
1,4209.8
30,4213.3
3,4214.7
10,4214.7
19,4214.9
20,4218.0
28,4220.1
29,4222.2
21,4226.3
15,4228.9
12,4231.0
13,4238.4
18,4239.4
11,4239.8
26,4244.1
14,4246.6
5,4247.5
20,4251.4
19,4255.0
10,4260.4
27,4264.8
30,4265.9
22,4266.0
7,4266.1
18,4269.1
1,4278.8
21,4285.6
20,4305.6
12,4307.5
26,4308.2
19,4308.4
10,4309.6
28,4310.8
3,4312.4
18,4313.0
29,4313.6
11,4313.9
13,4329.6
7,4344.7
21,4346.6
20,4351.7
1,4351.9
28,4360.2
27,4360.4
29,4361.6
10,4366.1
12,4370.4
9,4370.5
11,4371.4
14,4372.3
4,4390.7
3,4394.8
23,4396.1
30,4396.2
18,4396.7
19,4397.2
8,4398.5
16,4398.8
13,4398.9
21,4398.9
6,4399.3
10,4399.7
2,4400.3
5,4400.9
26,4402.1
20,4402.1
12,4402.5
14,4402.7
15,4402.9
17,4403.7
22,4403.8
7,4404.1
11,4404.4
1,4404.5
0,4404.6
29,4404.8
9,4405.6
24,4406.1
28,4431.9
21,4435.4
19,4438.4
13,4439.2
10,4443.2
25,4445.3
22,4448.0
14,4451.7
18,4452.1
5,4455.6
12,4456.7
20,4456.9
6,4457.1
3,4461.4
2,4462.5
9,4463.5
4,4464.1
7,4470.7
16,4477.0
30,4477.8
27,4478.0
13,4478.0
8,4478.6
28,4478.6
14,4480.1
10,4480.6
11,4480.8
21,4481.8
22,4482.3
19,4482.9
29,4483.1
12,4483.1
5,4483.6
6,4483.6
1,4484.9
0,4486.2
18,4486.6
4,4488.3
20,4489.6
25,4489.8
2,4491.8
3,4492.6
9,4495.6
10,4518.6
28,4519.3
13,4523.2
19,4524.1
8,4525.5
12,4527.1
14,4528.7
18,4531.6
11,4547.6
22,4554.6
28,4556.1
30,4556.5
25,4556.5
14,4556.8
19,4557.1
6,4557.4
9,4557.4
4,4557.6
13,4557.7
16,4558.0
12,4558.2
27,4558.6
20,4558.6
10,4559.0
7,4559.2
3,4559.3
26,4559.6
0,4560.3
21,4560.3
18,4560.5
2,4560.9
8,4561.0
1,4561.1
5,4561.2
29,4562.3
17,4562.5
23,4564.8
24,4587.6
14,4596.6
9,4598.1
16,4599.0
12,4599.7
18,4600.8
10,4601.6
8,4602.0
13,4603.5
15,4604.1
20,4604.7
6,4605.3
17,4605.5
19,4606.4
1,4606.5
21,4606.7
28,4607.7
29,4608.3
22,4612.4
30,4617.6
23,4620.5
3,4626.1
7,4627.1
11,4632.4
26,4634.4
14,4635.5
9,4636.1
8,4636.1
25,4636.2
12,4637.0
2,4637.5
16,4637.9
13,4639.1
19,4639.9
4,4640.0
21,4640.1
10,4640.4
22,4640.7
18,4641.6
27,4641.8
6,4641.8
5,4643.1
20,4643.4
17,4643.4
29,4644.3
28,4644.7
1,4649.3
15,4650.1
30,4657.9
14,4672.4
21,4674.0
12,4674.4
13,4675.7
23,4676.6
20,4679.7
22,4680.2
6,4680.3
5,4682.2
18,4682.5
19,4688.3
11,4694.1
10,4699.2
26,4706.1
14,4707.2
0,4712.0
12,4713.4
1,4714.6
9,4715.3
28,4715.9
13,4716.9
29,4717.4
8,4717.5
21,4717.6
25,4719.1
3,4719.4
20,4719.5
30,4719.6
15,4722.3
22,4722.8
18,4727.5
19,4729.3
11,4741.2
6,4747.5
4,4747.7
20,4747.8
5,4748.0
7,4749.0
14,4749.5
31,4749.7
10,4750.8
13,4751.0
12,4751.6
17,4753.7
16,4754.7
9,4757.6
21,4758.1
2,4763.9
19,4766.9
22,4767.6
29,4770.3
30,4770.5
23,4776.5
18,4780.8
3,4787.2
10,4788.2
25,4794.4
8,4795.4
13,4799.7
14,4802.1
20,4802.5
28,4803.5
26,4803.8
12,4803.9
29,4806.3
21,4808.2
22,4810.8
5,4814.4
15,4815.9
17,4816.1
6,4816.5
19,4817.0
24,4819.6
11,4820.1
9,4823.3
4,4826.1
10,4827.7
23,4831.1
13,4831.3
14,4832.6
12,4832.6
3,4833.3
2,4835.6
21,4836.2
20,4850.4
11,4861.6
10,4862.6
30,4870.3
31,4871.4
22,4871.5
7,4871.9
29,4872.1
19,4872.6
14,4882.8
25,4883.8
13,4884.7
26,4888.7
17,4888.8
0,4889.6
9,4890.2
4,4890.9
8,4894.7
15,4899.0
6,4899.1
10,4921.5
18,4930.7
20,4931.1
28,4937.4
23,4939.8
14,4940.1
13,4941.3
30,4943.8
21,4944.6
8,4944.7
22,4945.2
6,4947.4
17,4947.8
3,4957.6
5,4957.7
10,4969.4
18,4975.4
19,4977.6
15,4982.4
29,4985.5
31,4989.7
23,4995.7
14,4998.6
13,5000.9
22,5001.8
20,5014.7
26,5016.3
19,5017.1
25,5019.2
18,5020.1
11,5022.2
10,5022.5
7,5022.7
3,5022.8
8,5023.0
12,5023.1
27,5023.5
28,5023.7
30,5023.8
2,5024.4
17,5024.5
16,5024.6
9,5024.8
24,5025.4
4,5027.4
21,5027.5
1,5027.7
5,5028.7
14,5029.5
13,5030.3
29,5030.3
22,5031.2
6,5031.2
15,5032.7
0,5034.2
23,5034.3
20,5039.1
18,5048.8
10,5051.0
25,5055.9
5,5059.2
12,5061.2
21,5062.3
14,5063.1
6,5064.4
8,5068.4
2,5070.5
26,5070.5
22,5071.1
13,5072.1
7,5074.1
28,5075.2
19,5075.4
27,5076.7
30,5077.5
20,5078.1
9,5081.2
17,5083.9
16,5084.9
15,5089.9
1,5092.0
18,5095.4
14,5100.3
6,5102.2
25,5102.8
10,5102.8
22,5104.6
3,5104.7
13,5104.7
8,5104.8
12,5105.2
4,5105.5
5,5105.6
24,5105.7
26,5106.3
0,5106.4
2,5106.5
11,5106.6
21,5107.3
16,5107.3
19,5107.7
17,5108.1
30,5108.6
9,5109.8
29,5109.9
28,5110.4
7,5111.1
20,5111.2
23,5123.1
18,5133.9
10,5134.0
15,5136.0
14,5139.0
26,5139.4
25,5140.5
22,5143.5
13,5146.2
5,5151.9
12,5159.2
3,5159.6
19,5159.6
6,5160.4
21,5161.0
9,5177.3
18,5179.1
8,5179.5
1,5181.0
14,5181.6
10,5181.7
20,5181.8
30,5181.9
16,5182.8
25,5183.1
2,5183.3
22,5183.5
28,5183.6
27,5184.3
26,5184.7
17,5184.7
24,5184.7
7,5186.4
4,5186.4
11,5187.2
0,5187.6
13,5188.6
3,5188.8
19,5189.2
12,5189.7
29,5189.8
5,5190.9
21,5191.0
23,5191.9
6,5194.5
10,5214.4
20,5219.0
18,5222.6
26,5224.3
14,5225.2
8,5226.1
2,5226.4
12,5228.7
22,5229.1
9,5230.4
13,5230.6
11,5233.9
6,5234.8
16,5235.2
1,5235.8
5,5239.4
17,5241.6
24,5244.5
25,5246.5
10,5246.9
19,5247.7
27,5249.3
7,5255.8
29,5257.0
21,5260.4
18,5260.7
15,5261.0
22,5261.7
14,5261.8
3,5262.0
30,5262.4
8,5262.7
26,5263.1
28,5263.6
2,5263.8
4,5264.1
20,5264.4
9,5264.8
12,5265.0
0,5265.1
23,5265.1
13,5265.8
5,5265.8
16,5267.7
17,5268.8
10,5269.2
11,5271.7
1,5273.2
19,5276.6
6,5283.2
14,5291.1
13,5294.5
22,5295.6
18,5297.5
9,5298.6
27,5301.7
2,5303.0
21,5303.3
26,5307.4
15,5307.6
8,5312.3
12,5312.5
10,5312.6
25,5313.5
17,5318.3
24,5319.4
4,5321.1
14,5321.7
29,5322.0
5,5322.9
11,5323.6
16,5323.7
30,5324.5
18,5328.5
19,5332.5
2,5353.2
22,5354.9
12,5359.9
13,5360.2
21,5360.9
20,5361.7
6,5362.1
14,5363.6
15,5364.7
7,5365.7
23,5366.8
3,5371.0
10,5374.9
9,5375.0
11,5378.2
18,5381.2
29,5381.8
25,5382.2
31,5382.4
19,5383.6
30,5383.9
28,5384.3
22,5389.3
27,5400.2
14,5401.2
17,5402.7
5,5406.4
12,5409.1
2,5410.1
4,5410.2
9,5410.5
10,5411.8
13,5420.7
18,5423.2
1,5432.1
8,5433.1
24,5435.2
16,5435.7
28,5440.9
29,5440.9
20,5441.9
26,5442.3
19,5443.8
21,5444.7
3,5444.9
22,5444.9
7,5445.4
30,5450.1
11,5452.2
13,5453.1
12,5455.3
14,5457.2
2,5464.1
10,5469.8
9,5472.0
8,5474.8
1,5476.0
21,5480.7
18,5482.9
22,5484.8
19,5485.2
20,5485.3
29,5485.4
23,5487.6
16,5490.0
13,5491.1
15,5492.3
12,5493.6
3,5497.0
10,5499.7
24,5503.3
0,5511.2
25,5514.8
14,5516.9
17,5517.3
6,5527.1
18,5535.8
11,5536.8
19,5539.5
5,5540.4
12,5541.2
13,5541.5
20,5541.8
21,5547.5
15,5549.7
28,5549.9
7,5552.4
1,5561.4
10,5566.5
13,5580.9
2,5581.1
12,5581.6
20,5581.9
14,5581.9
9,5582.0
29,5584.4
26,5584.9
5,5598.6
31,5609.9
15,5611.3
7,5613.0
6,5613.1
28,5613.4
14,5613.9
13,5620.1
12,5623.6
4,5624.3
20,5624.9
11,5625.9
21,5629.0
27,5644.1
25,5646.4
18,5646.4
9,5646.6
30,5646.7
28,5646.8
22,5646.8
19,5646.9
10,5647.1
17,5647.3
20,5648.3
5,5648.5
0,5648.5
3,5648.6
13,5648.7
2,5649.0
8,5649.1
24,5649.1
16,5649.9
1,5650.8
26,5651.2
14,5651.2
12,5651.8
29,5651.8
21,5653.1
4,5653.1
11,5655.4
23,5657.0
7,5659.1
6,5659.4
15,5662.7
22,5679.4
10,5681.1
13,5681.1
5,5682.3
16,5682.9
2,5683.9
31,5684.2
19,5685.2
14,5685.6
8,5685.7
9,5685.8
30,5686.9
18,5687.2
4,5687.7
20,5688.7
12,5689.6
26,5690.2
28,5691.5
27,5692.2
25,5693.0
21,5694.7
23,5695.1
11,5696.9
10,5720.6
13,5721.6
20,5723.7
3,5724.6
22,5726.0
2,5726.0
18,5726.4
14,5726.5
9,5726.7
19,5726.7
15,5726.9
17,5726.9
5,5727.0
0,5727.3
6,5727.3
28,5727.8
8,5727.8
21,5727.9
7,5728.0
16,5728.5
12,5728.7
30,5729.4
4,5729.5
27,5730.1
24,5730.6
25,5731.5
26,5731.6
11,5731.6
29,5733.3
31,5738.2
23,5749.3
10,5753.7
14,5754.3
13,5755.6
20,5756.2
12,5757.3
2,5762.6
21,5762.7
9,5765.8
3,5766.2
22,5766.4
30,5769.7
8,5770.6
29,5772.8
19,5773.5
28,5773.9
18,5774.7
5,5781.5
17,5782.1
26,5784.2
16,5784.2
20,5792.0
15,5792.5
10,5796.8
11,5796.8
14,5797.0
13,5797.6
21,5801.4
12,5803.0
22,5804.9
28,5807.4
27,5808.6
7,5808.8
9,5808.9
30,5809.1
25,5809.8
1,5810.8
8,5810.8
18,5811.0
2,5811.1
0,5811.4
24,5811.5
17,5811.8
19,5812.6
16,5812.6
26,5814.3
20,5815.9
29,5816.2
3,5816.3
10,5817.0
11,5823.5
14,5838.4
13,5839.0
21,5848.2
30,5850.5
22,5850.9
19,5852.0
23,5852.1
12,5853.6
18,5855.3
20,5856.0
2,5857.5
8,5860.1
9,5862.9
10,5864.0
1,5864.7
0,5868.0
3,5869.0
6,5871.1
14,5879.0
4,5886.4
28,5886.5
22,5886.8
20,5886.9
29,5887.1
25,5887.1
27,5887.1
13,5887.3
11,5887.5
17,5887.8
19,5888.0
10,5888.4
21,5888.4
30,5888.5
9,5888.9
26,5889.0
16,5889.0
18,5889.2
2,5889.8
12,5889.8
7,5890.0
8,5890.6
3,5891.5
24,5892.7
1,5892.9
0,5893.0
14,5906.0
18,5926.2
20,5926.8
10,5929.0
22,5932.8
9,5933.0
13,5934.3
21,5935.1
12,5935.2
11,5936.5
26,5936.6
4,5936.7
28,5937.4
2,5937.7
19,5938.0
20,5949.1
29,5950.4
8,5951.4
30,5951.7
14,5953.6
5,5954.4
6,5954.4
23,5958.9
27,5960.5
22,5961.2
18,5965.6
12,5969.8
17,5970.5
1,5971.1
25,5972.1
0,5972.1
16,5972.9
19,5973.0
10,5975.1
21,5975.1
26,5975.8
20,5976.4
3,5977.4
13,5978.1
9,5980.8
2,5988.9
7,5990.0
30,5993.2
22,6000.8
14,6000.9
18,6001.9
19,6002.3
4,6003.1
27,6003.7
12,6005.3
5,6007.3
26,6013.8
10,6018.0
25,6020.4
20,6021.8
8,6025.2
13,6027.7
21,6031.2
16,6031.6
0,6032.4
29,6033.3
28,6035.0
12,6035.1
11,6035.2
9,6035.8
19,6035.8
4,6037.3
1,6037.9
17,6039.6
2,6039.6
18,6040.3
6,6040.6
14,6040.8
24,6046.0
22,6058.9
23,6061.3
3,6062.6
20,6068.3
10,6070.7
19,6076.9
12,6080.3
7,6084.7
25,6091.4
14,6091.9
15,6091.9
6,6093.9
16,6095.4
13,6096.9
8,6097.2
11,6097.3
2,6098.2
9,6099.0
4,6100.2
0,6101.7
17,6102.6
18,6103.0
20,6113.9
24,6118.1
10,6118.1
26,6118.3
12,6118.7
23,6128.2
22,6129.0
18,6140.4
11,6140.4
13,6140.6
19,6141.7
29,6143.3
27,6144.9
28,6147.6
25,6148.5
20,6148.8
17,6148.8
8,6151.9
12,6155.8
21,6162.0
3,6168.9
18,6173.6
19,6183.3
15,6185.3
30,6186.3
0,6187.1
13,6192.9
10,6195.5
12,6203.5
11,6204.6
20,6208.2
26,6213.7
28,6215.4
9,6217.6
2,6218.9
4,6219.0
21,6219.1
14,6219.2
25,6220.3
16,6223.6
23,6226.8
18,6227.1
8,6230.3
19,6235.0
1,6235.3
10,6235.3
3,6235.5
27,6235.9
12,6236.6
29,6238.4
30,6239.2
22,6239.4
11,6248.8
20,6251.4
21,6261.7
17,6267.5
26,6268.4
14,6269.1
13,6269.6
28,6271.3
22,6271.6
5,6272.2
9,6273.1
31,6273.1
4,6273.9
10,6273.9
27,6274.0
18,6274.4
19,6275.2
12,6275.5
6,6276.0
7,6276.3
0,6276.7
29,6276.8
8,6277.0
3,6277.4
15,6277.8
30,6278.5
24,6278.5
25,6279.0
23,6279.8
11,6280.7
16,6280.9
20,6281.1
21,6282.1
2,6282.7
1,6284.7
18,6303.4
10,6310.1
14,6315.0
29,6317.7
19,6319.6
22,6322.4
13,6323.9
9,6324.5
26,6325.0
12,6325.3
11,6337.2
16,6337.3
25,6340.3
21,6342.4
20,6342.5
2,6342.5
5,6346.9
27,6347.3
15,6349.0
18,6350.0
7,6350.1
14,6351.1
22,6351.6
10,6352.7
4,6352.8
13,6353.6
6,6354.7
31,6355.2
3,6355.3
12,6355.5
29,6355.7
19,6355.8
8,6356.5
9,6356.6
0,6356.9
17,6357.5
23,6358.0
30,6358.9
28,6360.8
11,6361.3
1,6361.4
21,6364.4
2,6374.6
20,6380.9
13,6384.3
14,6384.5
22,6384.9
6,6386.1
12,6389.4
4,6392.7
29,6393.3
10,6396.3
18,6398.2
9,6401.4
28,6402.1
8,6402.4
15,6404.0
26,6404.2
19,6406.5
11,6411.5
16,6412.4
21,6417.0
14,6420.3
2,6426.8
24,6428.5
25,6428.8
22,6430.4
7,6430.8
27,6432.6
13,6433.0
5,6433.0
20,6434.2
29,6434.7
6,6434.9
23,6435.0
12,6435.0
10,6435.1
17,6435.2
4,6435.6
18,6436.1
28,6436.4
30,6436.4
21,6437.3
19,6437.5
16,6437.6
0,6437.8
9,6437.8
8,6438.2
31,6438.4
26,6438.6
14,6439.9
15,6440.9
11,6441.3
13,6466.8
14,6467.0
12,6469.9
23,6470.9
22,6474.2
10,6478.8
20,6481.0
29,6481.2
4,6481.9
6,6485.0
28,6485.6
5,6486.9
21,6487.8
9,6494.2
27,6494.5
19,6497.6
1,6497.9
7,6499.5
8,6499.6
11,6504.0
13,6508.6
14,6508.7
10,6511.6
3,6512.3
24,6512.5
5,6513.3
22,6513.3
12,6513.7
15,6514.1
21,6514.4
31,6516.8
6,6517.1
18,6517.3
28,6517.9
4,6517.9
20,6518.3
17,6519.0
0,6519.5
26,6519.6
30,6519.7
16,6520.2
2,6520.3
29,6520.8
27,6521.4
23,6523.5
19,6526.9
13,6543.1
14,6544.7
12,6551.8
10,6552.4
22,6554.0
3,6555.0
31,6555.2
2,6555.5
21,6557.6
20,6557.7
28,6560.0
29,6561.1
15,6562.1
5,6562.7
30,6563.8
9,6565.1
18,6570.7
1,6571.7
4,6572.9
26,6574.1
7,6574.8
27,6575.9
19,6577.9
25,6580.0
10,6582.2
14,6585.9
23,6598.0
13,6598.2
20,6602.0
12,6602.2
21,6602.3
0,6603.6
22,6603.6
28,6604.8
2,6610.2
8,6610.4
19,6610.4
10,6611.5
27,6612.1
15,6623.7
14,6626.3
5,6627.7
13,6639.7
11,6641.4
12,6643.2
7,6643.3
4,6643.8
22,6650.2
29,6650.4
9,6652.0
31,6654.3
26,6655.7
19,6656.9
10,6657.5
18,6659.9
25,6660.5
2,6661.5
6,6662.4
24,6663.1
21,6664.7
23,6671.8
14,6674.4
30,6676.3
12,6679.1
20,6686.8
13,6687.2
19,6688.3
22,6690.0
10,6699.4
8,6700.7
29,6704.7
11,6709.4
27,6711.1
28,6711.4
7,6715.5
18,6715.8
9,6717.0
12,6717.0
2,6717.6
16,6727.4
0,6727.5
25,6728.4
20,6729.0
19,6733.4
10,6736.6
21,6736.8
14,6741.0
17,6741.8
30,6745.6
29,6746.6
3,6752.2
9,6754.2
18,6754.3
2,6759.1
26,6759.6
8,6762.6
10,6766.1
12,6771.6
13,6772.3
27,6778.4
11,6781.8
9,6805.1
5,6806.6
21,6807.9
17,6808.4
18,6809.9
26,6811.4
12,6815.5
14,6815.8
22,6816.1
19,6817.4
31,6817.7
20,6824.4
10,6824.7
2,6836.5
24,6837.6
8,6838.2
16,6839.5
18,6840.9
26,6852.4
7,6852.5
0,6861.8
17,6866.3
13,6868.4
12,6869.4
9,6871.0
6,6889.9
19,6891.0
27,6892.6
20,6892.8
3,6893.2
22,6895.8
18,6895.9
2,6896.1
14,6896.2
21,6897.1
25,6897.9
5,6898.7
30,6898.9
16,6900.2
24,6900.3
29,6900.3
26,6900.7
23,6901.7
17,6902.4
13,6902.8
8,6903.0
10,6903.1
28,6903.3
12,6903.8
31,6903.8
7,6904.8
9,6905.7
15,6905.9
0,6906.5
1,6907.5
4,6928.8
6,6928.9
14,6931.4
22,6934.8
26,6938.1
25,6938.5
16,6939.9
29,6940.6
18,6942.4
8,6942.8
11,6943.5
9,6943.7
17,6943.9
19,6944.5
21,6944.9
10,6951.6
12,6953.8
28,6956.1
20,6966.4
13,6967.5
18,6968.2
14,6971.3
4,6972.4
22,6974.1
30,6974.2
15,6974.9
19,6975.4
24,6976.3
21,6976.5
31,6976.6
5,6977.2
6,6978.1
23,6978.1
25,6978.1
26,6978.4
27,6978.7
17,6981.5
11,6981.7
10,6982.0
0,6982.4
16,6982.5
8,6982.6
2,6982.6
3,6982.8
29,6982.9
7,6983.3
9,6984.7
28,6985.3
12,6986.3
20,6986.6
14,6986.6
13,7006.1
22,7008.5
26,7014.5
5,7019.5
4,7021.6
6,7023.0
14,7024.1
21,7024.7
19,7025.0
18,7025.6
10,7027.9
30,7028.9
12,7030.2
7,7032.2
11,7035.2
2,7035.3
20,7036.1
3,7036.9
24,7039.1
9,7040.0
13,7040.5
15,7041.4
8,7041.9
22,7044.3
27,7049.0
17,7049.7
28,7053.8
31,7054.4
14,7055.1
21,7055.6
29,7055.7
16,7055.8
23,7056.6
25,7058.4
26,7058.6
5,7059.4
18,7060.2
6,7060.6
10,7060.8
4,7060.8
19,7061.3
13,7062.1
11,7062.2
12,7062.2
30,7063.5
24,7063.6
20,7063.8
0,7064.2
22,7065.5
1,7066.7
8,7067.4
7,7067.8
2,7068.6
15,7082.3
9,7083.5
27,7088.8
21,7089.3
14,7089.4
10,7090.5
23,7092.0
6,7093.3
13,7096.9
7,7097.2
20,7098.0
12,7098.2
29,7102.4
17,7105.5
18,7106.1
22,7109.0
26,7109.4
4,7113.0
5,7113.8
30,7116.2
14,7118.7
19,7122.4
16,7126.0
25,7127.8
13,7129.3
15,7131.2
24,7131.5
12,7131.7
21,7134.0
6,7134.7
31,7135.0
10,7135.5
9,7136.3
20,7136.8
8,7136.9
22,7138.2
14,7138.8
27,7140.0
28,7141.2
23,7141.8
29,7141.9
7,7142.0
5,7142.4
17,7142.5
11,7142.5
18,7142.7
3,7142.8
2,7143.2
0,7144.0
4,7144.0
30,7144.3
1,7145.4
19,7146.3
26,7148.7
13,7176.1
6,7177.0
14,7178.3
21,7179.7
22,7181.4
10,7181.7
12,7181.8
4,7182.7
7,7183.0
20,7183.7
15,7184.0
18,7191.9
11,7192.2
2,7193.1
5,7194.5
19,7197.0
28,7204.1
27,7214.7
14,7216.3
25,7216.7
13,7219.0
26,7219.8
21,7224.0
22,7225.3
6,7225.5
7,7225.6
8,7226.3
16,7228.5
12,7231.0
9,7233.9
18,7234.1
17,7235.6
11,7236.6
10,7239.2
4,7242.1
19,7243.9
5,7245.2
14,7256.9
13,7263.6
20,7264.2
24,7266.1
22,7267.7
12,7272.9
29,7279.9
21,7280.1
1,7284.8
18,7285.1
9,7286.9
11,7287.3
30,7295.0
5,7297.6
14,7302.4
19,7307.2
13,7310.3
22,7312.6
12,7314.1
3,7315.3
21,7317.8
4,7318.1
20,7320.8
8,7323.9
29,7327.0
28,7327.2
10,7329.5
27,7333.4
18,7334.5
23,7334.9
30,7335.4
19,7336.4
14,7339.7
5,7341.9
11,7342.4
25,7343.6
13,7345.6
15,7349.0
21,7354.2
7,7355.6
20,7363.5
22,7365.1
12,7370.7
19,7383.6
14,7383.8
17,7384.5
26,7386.6
18,7387.1
13,7388.8
10,7392.8
3,7393.7
4,7394.7
11,7395.2
2,7396.3
28,7404.1
21,7405.3
6,7408.0
5,7409.0
30,7416.7
22,7417.7
20,7421.7
29,7421.9
19,7425.3
13,7425.7
14,7426.0
18,7433.4
26,7435.2
25,7437.5
11,7437.8
17,7437.9
7,7449.3
12,7450.3
21,7452.0
20,7462.7
14,7465.9
19,7469.0
22,7470.6
28,7473.4
13,7478.7
4,7483.5
2,7489.2
9,7495.7
12,7496.6
0,7497.6
1,7499.6
15,7503.3
11,7503.7
26,7505.3
6,7505.3
18,7505.5
21,7506.3
27,7509.3
16,7511.9
25,7515.9
5,7521.6
13,7521.8
7,7521.9
31,7522.0
14,7522.1
10,7522.5
22,7523.2
12,7523.6
20,7523.9
30,7524.0
23,7525.1
17,7525.4
21,7526.0
8,7526.3
24,7526.6
28,7526.6
4,7526.8
3,7527.1
6,7527.2
29,7527.6
19,7527.7
9,7530.8
0,7530.8
18,7532.1
11,7534.4
26,7534.8
1,7543.4
12,7556.3
10,7557.3
19,7558.5
25,7560.3
2,7560.4
13,7562.7
27,7563.1
14,7565.8
3,7565.9
5,7566.0
18,7566.7
22,7566.7
17,7570.6
9,7571.6
30,7571.8
8,7571.8
21,7573.8
11,7575.6
31,7576.0
16,7579.4
26,7589.7
6,7590.1
28,7597.7
12,7597.9
19,7599.0
20,7599.3
14,7600.4
7,7600.9
5,7601.2
15,7601.5
13,7601.5
22,7601.6
21,7601.9
10,7602.8
23,7603.2
18,7603.8
25,7605.1
30,7605.6
29,7605.6
4,7605.7
24,7606.3
27,7606.7
3,7607.2
17,7607.4
8,7607.7
0,7607.8
6,7608.1
16,7608.5
31,7609.2
9,7609.5
11,7611.8
26,7614.4
14,7621.0
12,7625.1
13,7629.5
5,7630.0
2,7632.4
22,7639.0
10,7640.4
21,7640.6
19,7642.5
6,7643.9
14,7646.2
7,7646.5
8,7646.8
9,7648.0
0,7650.1
25,7650.6
18,7651.0
12,7653.6
28,7654.4
26,7656.2
11,7661.3
30,7664.5
24,7670.1
4,7671.6
15,7671.8
13,7672.1
14,7675.7
5,7680.3
29,7680.6
31,7680.6
22,7681.1
6,7681.5
7,7681.6
12,7682.4
21,7682.7
27,7683.7
10,7683.8
3,7684.5
19,7685.1
2,7685.4
20,7685.5
16,7686.2
8,7686.4
11,7686.7
17,7686.8
9,7687.1
25,7687.3
1,7687.8
4,7688.1
0,7688.3
26,7688.8
18,7689.1
28,7691.4
13,7691.5
30,7696.3
15,7698.4
14,7702.1
5,7706.4
12,7707.1
6,7709.9
11,7710.7
21,7714.8
22,7718.3
19,7719.6
3,7721.4
29,7722.6
28,7724.1
10,7724.9
20,7725.9
27,7728.3
13,7728.9
7,7729.4
18,7729.5
9,7731.5
26,7731.6
12,7733.9
8,7734.3
1,7738.7
4,7739.5
2,7739.8
14,7749.1
11,7750.6
5,7751.4
19,7756.4
6,7761.0
22,7761.2
15,7761.4
12,7761.7
21,7761.9
30,7762.0
31,7762.4
13,7762.5
16,7762.6
10,7763.3
14,7763.3
4,7763.5
3,7764.5
7,7764.7
23,7765.0
20,7765.9
24,7766.6
27,7766.6
25,7766.7
28,7766.7
0,7767.3
17,7767.3
8,7767.5
26,7768.7
29,7769.2
5,7769.3
2,7770.0
18,7770.1
11,7771.7
9,7772.9
1,7791.7
12,7791.9
14,7797.0
10,7797.2
25,7799.0
21,7799.6
7,7802.5
6,7803.1
15,7803.4
27,7806.9
30,7809.7
22,7810.3
13,7810.5
19,7811.3
18,7817.5
11,7818.5
9,7820.7
4,7822.0
3,7822.9
5,7824.2
29,7825.4
12,7826.6
14,7835.4
31,7838.1
10,7839.9
8,7843.0
21,7843.3
20,7843.5
28,7847.6
22,7850.9
13,7853.3
15,7853.9
12,7855.1
6,7855.3
19,7855.5
25,7855.8
7,7856.0
18,7858.6
14,7862.5
24,7862.8
5,7866.5
11,7866.9
30,7870.7
4,7873.3
29,7874.9
10,7878.2
9,7879.0
27,7879.8
3,7880.3
26,7880.9
21,7887.1
18,7890.7
17,7891.5
19,7892.0
28,7893.7
25,7895.7
22,7900.4
14,7902.2
13,7902.2
6,7907.2
1,7907.2
16,7910.1
12,7910.9
20,7912.2
4,7914.6
15,7914.7
7,7916.8
23,7916.8
8,7917.1
21,7917.6
11,7923.9
18,7929.6
10,7932.5
26,7944.0
28,7945.4
30,7947.6
14,7948.9
13,7951.5
22,7952.6
20,7954.6
29,7955.8
12,7957.4
6,7959.9
15,7961.3
5,7962.5
21,7965.6
18,7977.9
7,7979.1
11,7980.1
13,7992.3
12,7998.8
14,8013.2
22,8015.2
6,8016.9
19,8019.4
21,8019.9
29,8020.0
28,8020.2
27,8020.3
12,8021.4
5,8022.9
15,8023.2
10,8023.7
11,8023.8
7,8025.1
2,8040.4
16,8040.4
1,8041.2
8,8041.8
13,8042.1
4,8055.1
12,8059.2
10,8060.7
9,8063.0
19,8064.6
6,8070.5
23,8070.8
5,8077.7
22,8079.6
3,8081.0
18,8086.3
11,8087.5
20,8101.7
30,8104.9
12,8107.4
27,8111.1
25,8112.8
19,8115.7
10,8122.0
28,8122.2
29,8129.5
22,8129.6
2,8133.1
13,8133.8
8,8135.3
9,8135.3
6,8135.7
4,8136.5
14,8137.1
23,8137.3
5,8147.4
16,8147.6
12,8147.8
7,8149.6
10,8149.7
20,8149.8
24,8149.8
25,8150.6
21,8150.6
3,8150.7
30,8151.2
18,8151.7
17,8152.0
26,8153.4
28,8153.5
0,8153.6
27,8153.8
19,8154.2
11,8154.3
13,8154.4
1,8154.8
8,8156.2
15,8156.6
29,8157.2
9,8157.5
22,8161.0
21,8177.7
30,8178.3
14,8178.4
29,8180.6
12,8183.1
20,8183.4
19,8185.6
10,8189.1
18,8192.8
16,8196.6
9,8197.0
11,8202.3
25,8205.7
1,8207.1
21,8209.1
23,8210.1
6,8211.6
24,8212.4
3,8214.6
14,8216.4
17,8219.1
20,8222.6
22,8224.3
30,8225.4
10,8225.5
12,8225.9
5,8226.4
4,8226.8
13,8227.1
7,8227.2
19,8227.2
15,8227.3
2,8227.5
0,8227.7
18,8227.8
8,8227.9
9,8228.4
27,8228.5
11,8229.5
29,8229.7
21,8230.0
31,8230.3
28,8231.1
14,8231.9
16,8232.0
6,8232.1
25,8234.7
26,8235.2
12,8259.7
20,8260.3
13,8262.0
21,8262.9
29,8263.5
4,8265.2
10,8268.6
22,8270.2
1,8273.0
14,8274.7
19,8276.0
18,8277.6
28,8278.4
8,8278.5
11,8281.0
2,8282.7
6,8283.5
9,8286.1
12,8286.2
26,8286.6
31,8289.2
20,8290.1
3,8292.7
16,8297.3
25,8297.6
5,8298.0
10,8298.4
13,8301.1
17,8304.3
14,8306.6
21,8307.3
22,8307.6
0,8307.6
4,8307.7
7,8307.7
30,8308.1
12,8308.5
27,8308.6
18,8309.1
8,8310.5
11,8310.5
29,8310.6
9,8310.8
19,8311.3
6,8311.7
23,8311.7
2,8312.6
1,8312.9
20,8313.2
24,8313.6
3,8314.4
15,8314.6
28,8315.2
31,8316.1
26,8316.7
10,8320.1
25,8333.8
17,8335.9
9,8338.3
12,8340.4
14,8342.1
18,8342.2
21,8342.8
5,8343.1
4,8343.2
2,8344.9
19,8347.1
20,8350.3
11,8352.1
13,8352.8
6,8357.6
22,8359.8
10,8366.1
12,8373.5
24,8374.6
26,8376.0
8,8376.3
1,8380.1
9,8383.8
28,8383.9
14,8385.5
20,8386.5
5,8386.6
4,8386.8
7,8387.1
21,8387.3
12,8387.5
13,8387.5
25,8387.8
27,8388.3
11,8388.3
18,8388.3
31,8388.6
17,8389.0
19,8389.1
22,8389.3
3,8389.4
29,8389.6
16,8389.8
10,8390.1
2,8390.5
6,8391.2
23,8391.5
30,8393.4
0,8396.8
14,8411.8
21,8419.5
20,8423.7
12,8432.2
2,8432.6
11,8433.1
10,8434.3
5,8434.6
22,8434.8
13,8435.1
18,8435.9
4,8436.3
3,8436.7
29,8437.6
19,8441.0
6,8442.3
28,8443.0
17,8445.0
15,8445.0
25,8446.5
14,8446.7
1,8447.1
9,8447.9
7,8465.3
21,8465.5
20,8467.1
12,8468.9
10,8477.4
14,8480.4
11,8481.6
5,8486.7
19,8487.1
22,8487.6
13,8489.8
4,8489.9
6,8493.2
29,8497.5
18,8511.8
12,8513.6
20,8517.4
31,8518.2
30,8522.5
22,8523.2
14,8523.6
21,8524.3
10,8524.9
26,8526.7
1,8527.4
28,8527.5
7,8531.4
13,8535.0
19,8555.7
12,8563.1
2,8563.1
20,8565.9
14,8567.7
15,8568.5
29,8570.2
23,8571.1
10,8582.9
11,8582.9
9,8584.3
24,8589.8
16,8603.3
4,8605.6
5,8606.2
12,8616.6
13,8621.1
21,8621.2
14,8621.2
20,8622.2
22,8622.8
26,8624.8
28,8625.3
2,8628.0
3,8628.1
10,8628.9
17,8628.9
31,8629.8
29,8629.9
30,8632.5
15,8635.6
7,8637.3
6,8638.5
9,8646.4
19,8655.9
11,8660.5
18,8662.5
12,8662.6
14,8671.3
28,8674.2
21,8674.4
22,8675.4
13,8679.5
29,8683.7
20,8699.7
12,8700.6
4,8701.0
14,8701.3
11,8704.8
1,8707.0
16,8720.6
9,8720.7
25,8724.0
8,8724.9
19,8728.6
28,8732.7
6,8733.2
30,8736.2
13,8736.2
21,8736.8
14,8737.0
12,8739.9
3,8743.0
20,8743.7
11,8743.7
2,8757.5
5,8770.1
4,8770.1
14,8770.8
18,8771.9
12,8771.9
19,8772.0
20,8772.3
10,8772.4
27,8772.6
26,8772.9
11,8772.9
7,8773.1
6,8773.6
28,8773.8
13,8774.1
15,8774.7
17,8775.1
29,8775.4
3,8775.6
25,8776.0
21,8776.7
16,8779.0
24,8780.2
9,8780.6
1,8783.9
14,8799.4
5,8804.7
12,8805.7
13,8806.6
11,8812.5
6,8812.9
10,8815.1
4,8815.6
22,8815.9
21,8816.4
20,8817.8
18,8818.4
19,8818.9
29,8820.9
2,8821.9
14,8827.1
26,8827.6
9,8829.8
17,8830.6
12,8833.1
16,8833.8
7,8838.4
13,8843.7
20,8847.8
11,8848.9
5,8849.9
14,8850.6
4,8850.6
19,8850.7
28,8851.0
6,8851.2
18,8851.7
23,8852.0
3,8852.6
25,8852.8
12,8852.9
10,8853.2
30,8853.4
31,8854.0
29,8854.1
8,8854.5
21,8854.5
26,8854.6
1,8855.3
22,8856.1
24,8856.7
2,8857.9
27,8858.0
17,8860.0
15,8860.3
16,8866.5
20,8876.5
13,8878.5
21,8878.8
14,8883.6
12,8885.5
18,8885.6
9,8888.0
11,8889.2
3,8892.5
10,8892.6
6,8892.6
5,8894.6
4,8898.7
28,8898.7
19,8899.9
29,8903.9
21,8905.3
27,8907.0
26,8907.0
13,8910.4
12,8911.1
8,8912.9
20,8913.7
14,8916.1
18,8919.7
3,8923.2
10,8923.6
11,8925.8
5,8928.8
25,8929.1
15,8930.9
6,8931.0
19,8931.3
4,8931.3
12,8932.4
7,8932.4
23,8932.5
28,8932.5
14,8932.6
16,8932.8
13,8933.0
20,8933.1
22,8933.6
30,8934.6
24,8935.2
17,8936.2
29,8936.4
21,8936.6
1,8937.1
31,8937.4
9,8938.1
26,8939.5
18,8941.4
27,8942.6
2,8946.4
14,8955.8
21,8956.9
19,8958.4
29,8958.4
22,8958.4
30,8959.7
13,8960.3
11,8960.4
12,8960.5
4,8961.9
20,8964.6
28,8964.7
6,8970.5
5,8974.5
3,8977.7
10,8983.6
21,8988.9
26,8995.0
18,8995.1
14,8995.1
12,8996.0
16,9000.7
25,9001.8
9,9003.1
19,9006.7
17,9006.9
11,9007.1
27,9007.2
4,9007.2
13,9009.2
20,9010.4
10,9010.5
28,9010.5
5,9010.7
14,9012.0
3,9012.7
6,9012.8
12,9012.9
29,9013.1
23,9013.1
1,9013.1
22,9013.8
7,9014.4
31,9015.2
21,9015.7
18,9017.6
24,9018.5
20,9045.3
5,9046.4
19,9046.9
12,9047.7
29,9047.8
21,9048.0
26,9048.2
13,9048.7
10,9051.1
28,9052.4
11,9057.3
15,9058.2
14,9060.5
18,9067.1
3,9068.6
20,9070.7
12,9070.8
6,9075.0
19,9080.2
13,9083.7
30,9083.9
10,9083.9
5,9083.9
21,9086.2
2,9087.1
11,9088.6
17,9088.7
16,9091.3
9,9092.7
14,9092.7
26,9096.2
18,9096.5
31,9101.9
29,9103.6
3,9109.6
12,9109.7
20,9113.7
4,9117.8
28,9117.8
5,9120.8
6,9121.2
13,9124.1
21,9126.6
1,9126.7
10,9130.7
14,9133.1
19,9137.7
18,9141.0
26,9146.6
8,9148.2
25,9148.9
2,9153.8
12,9162.5
20,9166.5
10,9167.0
9,9167.1
11,9168.2
3,9169.0
17,9169.5
18,9170.7
13,9171.4
4,9172.6
27,9176.8
8,9180.1
21,9181.6
19,9182.9
14,9183.0
29,9183.7
30,9183.9
22,9185.5
0,9187.9
26,9192.3
9,9209.2
10,9209.8
18,9210.5
28,9211.4
11,9212.8
12,9214.5
5,9216.9
20,9219.8
25,9230.7
6,9232.5
13,9238.9
26,9254.1
10,9254.2
28,9255.4
27,9255.4
12,9262.9
21,9263.3
18,9266.8
3,9267.0
9,9267.2
14,9286.0
22,9286.6
30,9288.2
29,9289.8
13,9289.9
19,9290.6
4,9299.3
17,9301.6
8,9302.0
11,9302.1
6,9302.5
20,9303.3
21,9304.5
10,9305.8
26,9307.4
25,9307.5
18,9308.4
5,9310.4
12,9314.5
15,9316.4
2,9319.6
23,9323.5
9,9324.0
27,9326.0
14,9326.1
1,9343.8
21,9344.2
22,9345.2
13,9347.8
28,9347.8
30,9348.0
29,9350.1
10,9354.4
3,9357.9
18,9359.4
12,9360.4
5,9362.5
14,9368.1
17,9381.2
19,9392.0
11,9392.1
2,9392.4
10,9393.6
20,9394.2
13,9394.9
6,9395.1
12,9395.6
5,9395.6
4,9395.8
25,9396.2
14,9396.6
22,9396.7
7,9396.7
3,9397.1
31,9397.1
26,9397.4
18,9398.1
27,9398.2
23,9398.4
28,9398.4
29,9399.4
1,9399.7
24,9399.9
21,9400.2
9,9400.7
17,9401.1
16,9404.1
30,9407.5
15,9413.4
8,9425.8
12,9428.3
20,9429.8
11,9429.9
19,9430.6
10,9431.3
13,9432.8
21,9433.6
4,9434.1
18,9435.2
2,9436.6
3,9439.2
5,9439.6
14,9443.5
12,9463.2
22,9463.9
20,9467.2
6,9467.3
29,9469.7
26,9475.1
13,9475.2
10,9475.5
16,9475.5
5,9475.5
4,9475.5
0,9475.8
14,9475.8
8,9475.8
25,9476.6
23,9476.7
11,9476.8
17,9477.0
1,9477.0
31,9477.0
18,9477.5
24,9477.6
19,9478.0
9,9478.8
28,9479.5
3,9479.5
15,9479.5
27,9479.7
12,9480.1
21,9481.0
2,9481.8
30,9483.7
20,9485.3
10,9512.1
12,9513.9
29,9516.2
1,9519.8
21,9521.8
18,9522.1
11,9523.0
19,9523.5
2,9523.7
20,9525.0
13,9525.3
14,9525.5
6,9526.6
23,9527.4
25,9527.7
30,9528.2
4,9529.1
22,9529.4
17,9531.0
24,9531.7
26,9532.2
9,9532.7
10,9539.5
12,9551.6
5,9555.0
3,9555.2
14,9555.4
27,9555.7
11,9556.2
20,9556.5
4,9556.8
13,9556.9
6,9557.3
21,9557.3
16,9557.6
28,9557.7
19,9557.7
18,9558.2
29,9559.6
26,9560.4
10,9560.5
25,9560.5
24,9560.6
7,9561.7
17,9561.9
0,9562.5
1,9563.0
22,9563.4
2,9563.6
30,9565.7
23,9571.9
12,9577.4
20,9590.3
21,9591.2
13,9599.6
10,9600.8
4,9601.2
14,9601.8
5,9603.0
12,9603.0
11,9603.0
19,9603.1
18,9604.1
3,9605.3
28,9606.5
26,9608.6
29,9609.4
30,9613.5
15,9614.7
23,9619.3
6,9621.3
1,9626.9
9,9628.7
20,9629.6
8,9630.1
21,9630.6
12,9633.0
5,9634.3
14,9635.1
31,9635.8
13,9635.9
22,9636.0
11,9636.2
4,9636.8
16,9637.0
17,9637.2
10,9637.3
25,9637.4
24,9638.4
18,9638.5
19,9639.1
27,9639.4
3,9640.1
29,9642.3
30,9644.8
28,9645.8
26,9647.2
2,9647.4
6,9647.8
12,9668.0
14,9670.0
10,9674.4
13,9677.9
9,9678.3
22,9678.7
20,9679.0
7,9680.6
21,9680.7
19,9681.2
8,9682.1
11,9685.1
17,9685.9
30,9687.0
18,9687.7
25,9688.2
5,9689.3
16,9691.9
4,9697.2
29,9699.1
6,9702.8
14,9707.6
12,9708.8
13,9712.0
20,9712.0
10,9716.4
1,9717.4
2,9718.0
11,9731.9
19,9733.9
26,9739.7
18,9740.2
21,9744.3
28,9746.3
10,9748.6
14,9749.4
12,9749.7
27,9751.7
17,9751.8
16,9752.0
20,9752.7
25,9753.7
5,9754.9
6,9756.6
13,9758.1
3,9758.2
4,9762.3
9,9766.6
19,9770.1
22,9773.6
21,9776.2
11,9777.7
14,9778.8
18,9781.2
1,9784.2
2,9787.2
12,9787.4
10,9787.9
20,9793.6
19,9798.4
13,9799.2
28,9799.3
29,9799.3
26,9805.2
5,9807.0
9,9811.2
6,9812.1
12,9812.3
14,9812.9
18,9813.7
30,9824.1
21,9824.4
11,9827.8
10,9829.0
19,9833.5
20,9842.2
29,9847.6
25,9854.4
12,9855.2
8,9856.2
16,9857.8
13,9858.8
18,9860.7
10,9861.6
14,9864.5
1,9866.4
2,9867.2
7,9869.6
15,9870.3
23,9874.3
31,9875.8
5,9883.4
11,9883.8
30,9886.5
19,9886.5
22,9888.6
24,9899.3
9,9902.6
25,9902.9
16,9905.7
18,9906.2
3,9908.9
20,9908.9
12,9912.0
14,9914.9
1,9917.3
10,9918.2
13,9922.9
19,9930.5
21,9930.9
20,9943.6
4,9944.5
5,9946.4
22,9953.9
15,9969.8
8,9973.2
18,9973.9
10,9975.3
6,9975.3
11,9975.8
26,9976.0
9,9976.9
14,9977.6
25,9978.0
3,9978.5
12,9980.8
29,9984.7
13,9986.7
19,9990.2
20,9991.0
5,9991.7
21,9994.9
4,9995.7
