19,87.6
11,87.8
6,87.8
10,87.9
5,88.0
28,88.0
17,88.1
2,88.2
29,88.2
27,88.3
20,88.3
3,88.4
13,88.4
25,88.4
0,88.6
9,88.6
7,88.6
14,88.7
12,88.9
21,88.9
18,89.0
23,89.2
22,89.4
19,94.4
6,94.6
11,94.8
10,94.8
17,94.9
5,95.1
28,95.3
2,95.3
25,95.4
27,95.5
20,95.7
9,96.8
0,96.8
14,97.6
29,97.6
21,97.9
7,98.8
18,99.6
12,99.9
13,100.3
6,100.3
19,100.4
17,101.0
11,101.0
10,101.1
5,101.6
3,101.9
25,102.2
27,102.2
2,102.5
28,102.6
22,103.0
20,104.2
6,105.7
19,106.8
11,108.0
17,108.2
9,109.2
5,109.3
10,109.5
27,110.7
6,111.5
25,113.2
19,116.3
6,117.8
11,122.0
6,131.9
19,167.4
6,167.6
11,167.6
10,167.7
5,167.8
17,167.9
2,167.9
28,167.9
29,168.0
27,168.1
20,168.1
25,168.2
3,168.2
13,168.3
7,168.3
9,168.4
0,168.5
14,168.5
12,168.6
21,168.6
18,168.8
23,169.0
22,169.1
19,174.1
6,174.3
11,174.6
10,174.6
17,174.7
5,174.8
2,175.0
28,175.1
25,175.2
27,175.2
20,175.4
9,176.3
0,176.7
29,177.0
21,177.2
14,177.2
7,178.4
18,178.6
12,178.8
13,179.7
6,179.7
19,179.9
3,180.0
17,180.6
10,180.7
11,180.7
5,181.1
2,181.5
25,181.6
27,181.7
28,182.2
22,182.7
20,182.9
6,184.9
26,185.5
19,185.9
17,187.1
11,187.3
9,187.5
5,188.0
10,188.1
27,188.8
16,189.5
25,189.8
6,190.3
23,191.1
2,191.2
19,192.5
28,193.3
20,194.3
30,194.3
6,195.8
17,198.2
11,199.2
5,201.6
6,201.9
19,206.1
6,211.5
5,224.3
13,238.3
19,247.3
5,247.6
11,247.6
6,247.6
10,247.7
28,247.8
29,247.9
17,247.9
2,248.0
27,248.1
3,248.1
20,248.1
25,248.2
9,248.3
7,248.3
0,248.4
14,248.5
21,248.7
12,248.7
18,248.7
23,248.9
22,249.1
13,250.6
19,254.1
6,254.2
11,254.5
10,254.5
5,254.6
17,254.7
27,254.9
28,254.9
2,255.0
25,255.1
20,255.3
9,256.3
0,256.4
29,256.6
14,257.2
21,257.2
18,258.0
7,258.6
12,259.3
3,259.6
6,259.7
19,259.8
11,260.5
17,260.6
10,260.6
5,260.7
23,261.1
27,261.1
25,261.3
2,261.6
28,261.8
20,262.5
22,262.7
13,263.0
6,264.9
19,265.6
11,266.9
17,267.0
9,267.2
5,267.2
10,267.4
27,267.8
0,268.2
25,268.4
21,269.8
6,270.2
2,270.8
28,271.6
19,271.8
20,272.7
11,275.5
6,275.8
5,276.0
17,276.8
27,277.9
19,280.8
10,280.9
6,282.0
6,293.2
23,332.5
16,336.1
2,342.3
14,343.1
7,343.8
17,345.2
25,345.9
23,362.8
5,377.2
13,432.6
11,465.3
2,477.7
19,482.6
21,520.6
5,524.8
3,525.6
21,552.5
18,569.8
8,570.6
18,582.8
19,632.5
6,632.7
11,632.8
10,632.9
5,632.9
28,633.0
29,633.1
17,633.1
27,633.2
2,633.2
20,633.2
3,633.3
13,633.4
25,633.4
0,633.5
7,633.5
9,633.6
14,633.6
12,633.7
18,633.9
21,633.9
23,634.1
22,634.3
19,639.3
6,639.5
10,639.7
17,639.8
11,639.8
5,640.0
28,640.1
2,640.2
25,640.3
20,640.4
27,640.4
0,641.4
9,641.6
29,641.8
14,642.2
21,642.4
7,642.7
18,643.2
12,644.0
13,644.4
3,644.9
6,645.1
19,645.2
17,645.8
11,645.8
10,645.9
5,646.3
27,646.6
25,646.6
2,646.7
28,646.9
23,647.1
22,647.4
20,647.7
6,650.3
19,651.2
26,651.5
0,651.6
17,652.1
11,652.2
9,652.8
5,652.8
10,653.0
27,653.4
25,654.1
21,654.8
2,655.3
6,655.6
28,656.5
19,658.0
20,660.3
11,660.8
6,661.0
17,661.8
5,662.0
29,662.0
27,666.3
10,666.3
6,666.9
6,673.8
15,708.8
19,712.4
6,712.5
10,712.6
11,712.6
5,712.8
28,712.8
2,712.9
17,712.9
20,713.0
29,713.0
27,713.1
3,713.2
25,713.2
7,713.3
13,713.3
9,713.4
0,713.4
14,713.5
12,713.6
21,713.7
18,713.7
23,713.9
22,714.1
19,719.1
6,719.2
10,719.4
11,719.6
5,719.7
17,719.7
2,719.9
28,720.0
25,720.1
20,720.2
27,720.2
0,721.3
9,721.4
29,721.4
21,721.9
14,722.0
7,722.7
18,723.0
12,723.5
13,724.1
6,724.5
3,724.9
19,724.9
10,725.4
11,725.6
17,725.6
5,725.9
25,726.4
2,726.4
27,726.5
23,726.7
28,726.8
22,727.0
20,727.3
6,729.4
19,730.7
26,731.4
9,731.7
10,731.8
17,731.9
11,731.9
5,732.2
0,732.6
27,733.4
25,733.6
21,733.6
14,734.3
6,734.4
2,734.4
29,735.1
28,735.7
20,736.9
19,737.2
30,737.9
6,739.5
10,739.8
11,740.3
5,740.5
17,740.7
6,745.0
27,746.5
19,748.6
6,750.9
22,752.5
29,757.8
6,758.0
19,792.3
11,792.5
6,792.6
5,792.6
10,792.7
28,792.8
2,792.9
17,792.9
29,792.9
27,793.1
20,793.1
3,793.1
25,793.2
13,793.2
9,793.3
7,793.3
0,793.4
21,793.5
14,793.5
12,793.6
18,793.7
22,793.9
23,794.0
19,799.0
6,799.2
5,799.5
11,799.5
10,799.5
17,799.6
2,799.9
28,799.9
27,800.0
25,800.1
20,800.3
29,801.2
9,801.2
0,801.4
21,801.4
14,802.0
7,802.8
18,803.2
13,803.5
12,803.9
3,804.2
6,804.5
19,804.7
22,805.5
10,805.5
11,805.5
17,805.5
5,805.6
27,806.2
2,806.3
25,806.4
28,806.6
23,807.1
20,807.4
6,809.5
19,810.5
9,810.9
21,811.3
17,811.6
10,811.8
11,811.8
5,811.9
0,812.5
27,812.9
29,813.3
24,813.5
25,813.6
2,814.2
28,814.3
6,814.5
19,816.6
20,818.7
17,819.2
5,819.6
6,819.7
11,820.1
10,821.1
19,824.5
6,825.2
27,825.6
6,831.1
6,838.5
11,840.1
19,872.3
11,872.5
6,872.6
10,872.6
5,872.8
28,872.8
17,872.9
29,872.9
2,873.0
3,873.0
27,873.1
20,873.1
13,873.2
25,873.2
7,873.3
9,873.3
0,873.4
14,873.5
12,873.6
21,873.7
18,873.7
23,874.0
22,874.1
19,879.0
6,879.2
11,879.4
10,879.5
17,879.6
5,879.7
28,879.9
27,880.0
2,880.0
25,880.1
20,880.3
0,881.1
9,881.2
29,881.4
21,881.8
14,882.2
7,882.8
13,882.9
18,883.0
12,883.5
3,884.1
6,884.5
19,884.8
11,885.4
17,885.5
10,885.5
5,885.8
22,886.1
27,886.2
25,886.3
2,886.5
28,886.6
23,887.2
20,887.5
6,889.5
19,890.5
11,891.5
9,891.6
17,891.7
0,891.8
21,892.1
5,892.1
10,892.1
26,892.8
27,893.0
25,893.4
8,893.5
28,894.3
6,894.5
2,894.7
24,894.7
19,896.6
20,898.6
11,898.8
6,899.6
5,899.6
17,899.8
10,904.3
19,904.5
6,905.0
27,906.5
6,910.9
6,917.6
17,929.9
25,936.7
8,940.1
20,949.6
3,967.9
18,990.2
8,1006.7
31,1098.7
4,1099.1
29,1104.7
4,1131.8
9,1132.0
23,1145.2
27,1184.4
19,1257.5
11,1257.7
10,1257.8
6,1257.8
5,1257.9
28,1258.0
17,1258.1
29,1258.1
27,1258.2
2,1258.2
20,1258.2
3,1258.3
9,1258.4
25,1258.4
13,1258.4
0,1258.5
12,1258.5
7,1258.5
14,1258.6
18,1258.8
21,1258.9
23,1259.2
22,1259.3
19,1264.3
6,1264.5
10,1264.6
11,1264.7
17,1264.8
5,1264.9
2,1265.2
28,1265.2
25,1265.3
27,1265.4
20,1265.4
9,1266.2
0,1266.4
29,1266.5
21,1267.0
14,1267.0
12,1268.1
18,1268.2
13,1268.4
7,1268.4
3,1269.4
6,1270.0
19,1270.1
10,1270.6
11,1270.6
17,1270.7
5,1271.2
25,1271.6
2,1271.8
27,1271.8
22,1271.9
23,1272.1
28,1272.2
20,1272.6
6,1275.0
19,1276.0
11,1276.6
9,1276.6
0,1276.7
17,1276.9
10,1277.0
21,1277.3
5,1277.8
29,1278.7
25,1278.7
27,1278.7
26,1279.0
14,1279.1
6,1280.0
2,1280.9
19,1282.4
28,1282.5
20,1282.6
11,1283.1
17,1285.0
6,1285.1
10,1285.9
5,1288.2
6,1290.6
27,1292.2
19,1292.6
11,1293.7
6,1296.4
6,1303.0
19,1337.4
11,1337.6
6,1337.6
10,1337.7
5,1337.8
28,1337.8
17,1337.9
29,1338.0
2,1338.0
27,1338.1
20,1338.1
25,1338.2
3,1338.2
13,1338.3
9,1338.3
7,1338.3
0,1338.4
14,1338.5
12,1338.6
18,1338.7
21,1338.7
23,1338.9
22,1339.1
19,1344.1
6,1344.2
10,1344.5
11,1344.5
17,1344.6
5,1344.7
28,1345.0
2,1345.1
25,1345.1
27,1345.2
20,1345.3
9,1346.1
0,1346.4
29,1346.5
21,1346.8
14,1346.9
7,1347.9
18,1348.1
12,1348.6
13,1348.9
3,1349.1
6,1349.4
19,1349.8
11,1350.4
17,1350.5
10,1350.6
5,1350.8
27,1351.4
25,1351.4
23,1351.5
2,1351.6
22,1351.6
28,1351.8
20,1352.3
6,1354.3
19,1355.5
9,1356.2
11,1356.3
17,1356.6
5,1357.0
10,1357.3
0,1358.1
27,1358.2
21,1358.4
18,1358.9
25,1358.9
6,1359.1
8,1359.2
29,1359.8
28,1361.0
2,1361.2
19,1361.5
20,1361.6
11,1362.8
17,1363.9
4,1364.0
6,1364.0
5,1364.3
10,1368.1
19,1368.2
6,1369.1
27,1369.5
18,1369.8
11,1371.6
6,1374.6
6,1380.6
6,1387.8
19,1395.9
20,1397.7
21,1397.9
24,1398.3
11,1402.2
5,1403.4
19,1417.1
6,1417.5
10,1417.6
28,1417.7
11,1417.7
2,1417.8
29,1417.9
17,1417.9
20,1418.0
27,1418.1
3,1418.1
13,1418.2
25,1418.2
5,1418.2
7,1418.3
9,1418.4
0,1418.4
14,1418.5
12,1418.6
23,1418.7
18,1418.7
21,1418.7
22,1418.9
19,1423.8
6,1424.1
10,1424.3
11,1424.6
17,1424.6
2,1424.8
27,1424.9
28,1424.9
5,1425.0
25,1425.1
20,1425.1
9,1426.1
29,1426.2
0,1426.3
21,1426.5
14,1426.6
18,1427.2
7,1428.1
12,1428.2
13,1428.6
3,1428.7
19,1429.4
6,1429.4
10,1430.2
11,1430.4
17,1430.5
23,1430.5
27,1431.0
22,1431.0
5,1431.1
2,1431.3
25,1431.3
28,1431.6
20,1431.9
6,1434.4
19,1434.9
9,1435.8
26,1436.3
11,1436.3
21,1436.4
17,1436.5
10,1436.5
5,1437.2
0,1437.4
27,1437.7
29,1438.3
25,1438.4
14,1438.9
6,1439.3
2,1439.3
18,1439.8
28,1440.0
20,1440.2
19,1440.5
11,1442.5
17,1443.3
5,1444.4
6,1444.4
10,1444.6
19,1446.5
27,1448.3
6,1449.9
11,1450.8
19,1453.7
6,1455.7
6,1462.3
29,1475.5
23,1479.7
21,1481.1
19,1497.3
11,1497.4
6,1497.5
5,1497.6
10,1497.7
28,1497.8
20,1497.9
17,1497.9
29,1498.0
2,1498.0
3,1498.1
13,1498.1
27,1498.1
25,1498.2
7,1498.3
0,1498.4
9,1498.4
14,1498.5
12,1498.6
18,1498.7
21,1498.9
22,1498.9
23,1499.9
19,1504.0
6,1504.1
11,1504.3
10,1504.5
17,1504.6
5,1504.6
27,1504.9
28,1505.0
25,1505.1
2,1505.1
20,1505.1
9,1506.2
29,1506.4
0,1506.4
21,1506.9
14,1507.0
18,1507.8
7,1508.4
13,1508.6
12,1508.9
6,1509.4
3,1509.5
19,1509.7
11,1510.2
10,1510.5
17,1510.5
5,1510.7
27,1511.0
22,1511.2
25,1511.4
2,1511.5
28,1511.8
20,1511.9
23,1512.9
6,1514.4
19,1515.3
11,1516.2
9,1516.5
17,1516.6
5,1516.9
10,1517.0
21,1517.3
27,1517.4
0,1517.8
25,1519.0
6,1519.3
29,1519.3
2,1519.9
20,1520.7
28,1520.9
19,1521.2
14,1522.7
11,1522.8
17,1523.9
6,1524.3
5,1525.1
27,1526.2
10,1526.9
19,1528.1
6,1529.7
11,1533.6
6,1535.5
6,1542.0
19,1542.1
19,1566.5
6,1576.0
31,1609.2
21,1635.7
0,1676.3
4,1727.4
29,1882.4
19,1882.5
6,1882.7
11,1882.7
5,1882.9
10,1882.9
28,1883.0
17,1883.0
2,1883.2
27,1883.2
20,1883.2
3,1883.3
13,1883.4
25,1883.4
7,1883.5
0,1883.6
9,1883.6
14,1883.6
12,1883.7
21,1883.9
18,1884.0
23,1884.0
22,1884.2
19,1889.3
6,1889.4
11,1889.6
17,1889.7
10,1889.7
5,1890.0
2,1890.2
28,1890.2
25,1890.3
27,1890.3
20,1890.4
29,1890.7
0,1891.5
9,1891.6
14,1892.2
21,1892.2
12,1893.8
7,1894.0
13,1894.0
18,1894.1
6,1894.8
19,1895.0
3,1895.2
11,1895.5
17,1895.6
10,1895.8
5,1896.2
27,1896.6
25,1896.7
23,1896.7
22,1896.9
2,1896.9
28,1897.0
20,1897.8
6,1899.8
19,1900.9
11,1901.5
17,1901.9
29,1902.2
9,1902.5
5,1902.6
10,1902.8
0,1902.9
27,1903.2
16,1903.2
21,1904.2
25,1904.7
6,1904.8
4,1905.2
24,1905.3
2,1905.6
28,1906.8
19,1907.1
20,1907.1
11,1908.2
6,1910.0
17,1910.1
5,1911.4
27,1914.3
6,1915.6
19,1916.5
11,1921.3
6,1921.7
6,1930.1
17,1932.5
9,1941.5
0,1948.7
19,1962.4
11,1962.6
10,1962.6
6,1962.6
5,1962.8
17,1962.9
28,1962.9
29,1963.0
2,1963.0
20,1963.1
27,1963.1
25,1963.2
13,1963.2
3,1963.2
7,1963.3
14,1963.5
12,1963.6
21,1963.7
9,1963.7
18,1963.7
23,1964.0
22,1964.1
0,1964.6
19,1969.1
6,1969.2
11,1969.5
10,1969.5
17,1969.6
5,1969.7
28,1969.9
27,1970.1
2,1970.1
25,1970.1
20,1970.3
29,1971.5
9,1971.6
21,1971.8
14,1972.0
7,1972.6
0,1973.0
18,1973.1
13,1973.3
12,1973.5
6,1974.4
3,1974.5
19,1974.8
11,1975.4
17,1975.4
10,1975.5
5,1975.7
22,1976.0
25,1976.3
28,1976.4
27,1976.4
23,1976.4
2,1976.6
20,1977.3
6,1979.3
19,1980.5
11,1981.4
17,1981.4
9,1981.8
5,1981.9
10,1982.3
21,1982.5
27,1983.0
25,1983.4
6,1984.1
28,1984.2
29,1984.6
2,1986.1
20,1986.5
19,1986.5
11,1988.0
17,1988.2
6,1989.0
5,1989.5
27,1993.5
19,1993.8
6,1994.1
10,1995.3
6,1999.6
11,1999.7
17,2000.1
6,2005.5
5,2010.2
6,2012.4
24,2024.9
25,2039.9
5,2041.8
19,2042.0
11,2042.5
6,2042.6
10,2042.7
29,2042.8
28,2042.8
17,2042.9
2,2042.9
20,2043.0
3,2043.1
27,2043.1
13,2043.2
9,2043.4
7,2043.4
0,2043.5
14,2043.5
12,2043.7
21,2043.7
18,2043.8
23,2044.1
22,2044.1
25,2047.2
19,2048.8
5,2048.8
6,2049.2
11,2049.4
10,2049.5
17,2049.6
2,2049.9
27,2049.9
28,2049.9
20,2050.2
29,2051.2
9,2051.2
0,2051.3
21,2051.8
14,2052.0
7,2052.9
18,2053.4
25,2053.4
13,2053.5
3,2053.8
12,2053.9
6,2054.4
19,2054.4
5,2054.7
11,2055.4
17,2055.5
10,2055.6
27,2056.1
26,2056.2
22,2056.4
2,2056.4
28,2056.5
23,2056.8
20,2057.1
6,2059.3
25,2059.7
19,2059.8
24,2060.3
5,2060.7
11,2061.5
17,2061.5
9,2061.5
0,2061.9
10,2062.4
29,2062.6
27,2062.7
21,2062.9
28,2063.9
2,2063.9
6,2064.1
19,2065.5
20,2066.7
5,2067.2
25,2067.4
11,2068.4
17,2068.5
6,2069.1
19,2071.5
27,2073.6
6,2074.4
5,2075.7
19,2079.0
6,2079.9
6,2086.1
6,2094.5
10,2099.1
5,2099.7
19,2122.3
21,2122.5
11,2122.5
5,2122.6
6,2122.6
10,2122.6
28,2122.8
29,2122.9
17,2122.9
2,2123.0
20,2123.0
27,2123.0
13,2123.1
3,2123.1
25,2123.2
7,2123.3
0,2123.4
9,2123.4
14,2123.5
12,2123.6
18,2123.7
23,2124.0
22,2124.1
19,2129.0
6,2129.2
10,2129.3
11,2129.4
5,2129.5
17,2129.6
27,2129.8
28,2129.9
2,2130.0
25,2130.1
20,2130.2
21,2130.3
29,2131.1
9,2131.2
0,2131.3
14,2132.1
7,2132.7
18,2132.9
13,2133.2
12,2133.8
3,2134.0
6,2134.4
19,2134.7
10,2135.2
11,2135.3
5,2135.5
17,2135.5
22,2135.8
27,2136.0
25,2136.3
2,2136.4
28,2136.6
23,2136.8
16,2136.8
20,2137.2
21,2138.8
6,2139.3
19,2140.3
9,2141.2
10,2141.2
11,2141.3
0,2141.5
17,2141.5
29,2141.6
5,2141.6
26,2142.0
27,2142.5
25,2143.4
2,2144.0
6,2144.1
28,2144.9
14,2145.6
19,2146.1
20,2147.9
11,2148.0
10,2148.2
5,2148.4
17,2148.8
6,2149.1
19,2152.4
27,2152.7
6,2154.4
6,2160.1
11,2160.1
5,2161.1
19,2162.7
6,2166.3
6,2176.3
17,2181.9
8,2183.2
25,2192.7
6,2199.2
25,2231.3
29,2329.2
2,2406.6
27,2438.4
3,2453.8
21,2464.8
3,2487.6
21,2490.9
19,2507.5
11,2507.7
6,2507.7
10,2507.8
5,2507.9
17,2508.0
29,2508.0
28,2508.0
2,2508.2
20,2508.2
27,2508.2
25,2508.3
7,2508.3
9,2508.5
13,2508.5
14,2508.6
0,2508.6
12,2508.7
18,2509.0
3,2509.0
23,2509.2
22,2509.4
21,2509.5
19,2514.3
6,2514.4
11,2514.6
10,2514.7
17,2514.8
5,2515.0
2,2515.2
28,2515.2
25,2515.3
27,2515.4
20,2515.4
29,2516.3
0,2516.4
9,2516.5
14,2517.3
21,2517.9
7,2518.0
12,2518.7
18,2518.7
13,2519.2
6,2519.8
19,2520.1
11,2520.4
10,2520.6
17,2520.7
5,2521.2
3,2521.3
25,2521.5
27,2521.7
2,2521.9
28,2522.1
22,2522.2
20,2522.7
6,2524.7
19,2526.0
11,2526.3
17,2526.9
10,2527.1
9,2527.2
5,2527.5
0,2527.6
26,2528.2
25,2528.5
27,2528.6
29,2528.6
6,2529.6
4,2530.2
21,2530.2
16,2530.6
28,2531.4
2,2531.8
19,2532.5
11,2532.6
20,2533.3
6,2534.5
17,2535.3
5,2535.8
10,2537.5
6,2539.8
25,2541.8
11,2542.6
6,2545.4
19,2545.4
13,2548.5
6,2551.7
6,2561.9
26,2586.4
10,2587.1
5,2587.2
19,2587.4
6,2587.5
11,2587.5
3,2587.8
28,2587.8
20,2587.9
17,2587.9
29,2587.9
27,2588.0
2,2588.0
7,2588.1
25,2588.1
13,2588.2
14,2588.4
9,2588.4
21,2588.5
0,2588.5
12,2588.6
18,2588.7
23,2588.8
22,2589.1
10,2593.8
19,2594.1
5,2594.1
6,2594.1
11,2594.4
17,2594.6
28,2594.9
2,2595.0
25,2595.0
27,2595.1
20,2595.1
29,2595.9
9,2596.2
21,2596.4
0,2596.5
14,2596.9
7,2597.2
18,2597.4
13,2597.6
3,2598.2
12,2598.5
6,2599.3
10,2599.8
19,2599.8
5,2600.1
11,2600.2
17,2600.5
25,2601.1
27,2601.3
28,2601.4
23,2601.6
22,2601.6
2,2601.7
20,2601.9
6,2604.1
19,2605.5
21,2605.8
11,2606.0
10,2606.0
9,2606.0
5,2606.1
29,2606.5
17,2606.6
25,2607.8
27,2608.0
26,2608.1
24,2608.4
0,2608.6
6,2608.7
28,2609.1
14,2609.5
18,2609.9
20,2610.4
16,2610.5
3,2610.9
2,2611.0
19,2611.6
11,2612.2
5,2612.6
6,2613.4
10,2613.6
17,2614.0
13,2615.8
25,2616.9
6,2618.3
19,2619.5
27,2619.6
11,2620.1
5,2621.4
6,2623.5
6,2629.0
6,2635.1
10,2637.8
6,2643.3
0,2643.3
5,2644.8
19,2667.3
11,2667.5
6,2667.5
5,2667.6
10,2667.7
28,2667.8
17,2667.9
29,2667.9
2,2668.0
27,2668.0
3,2668.1
20,2668.1
13,2668.2
25,2668.2
7,2668.3
9,2668.4
0,2668.4
14,2668.5
12,2668.6
21,2668.7
18,2668.7
23,2669.0
22,2669.1
19,2674.0
6,2674.1
11,2674.4
10,2674.5
5,2674.5
17,2674.6
27,2674.9
2,2675.0
28,2675.0
25,2675.1
20,2675.2
0,2676.2
29,2676.2
9,2676.3
21,2676.7
14,2677.2
7,2677.9
18,2678.0
13,2678.6
3,2678.9
12,2679.0
6,2679.3
19,2679.6
11,2680.2
17,2680.5
5,2680.5
10,2680.5
27,2681.0
25,2681.2
2,2681.4
22,2681.5
28,2681.6
20,2682.0
23,2682.1
6,2684.2
19,2685.2
11,2686.1
5,2686.5
17,2686.5
0,2686.6
10,2686.8
9,2686.9
21,2687.2
27,2687.6
25,2687.9
26,2688.0
29,2688.2
31,2688.5
6,2689.0
2,2689.0
28,2689.5
1,2689.8
20,2690.8
19,2691.0
18,2691.3
11,2692.3
5,2693.2
17,2693.3
6,2693.9
10,2696.3
3,2697.2
19,2697.5
25,2697.8
27,2698.8
6,2699.2
11,2700.3
5,2704.8
6,2704.8
19,2708.7
6,2711.1
6,2722.3
19,2747.3
11,2747.5
6,2747.6
10,2747.7
5,2747.7
28,2747.8
2,2747.9
29,2747.9
17,2747.9
27,2748.0
3,2748.1
20,2748.1
25,2748.2
13,2748.2
7,2748.3
9,2748.4
0,2748.5
14,2748.5
12,2748.6
21,2748.6
18,2748.7
23,2748.9
22,2749.1
19,2754.0
6,2754.1
11,2754.3
10,2754.5
17,2754.6
5,2754.6
28,2754.9
27,2754.9
2,2754.9
25,2755.1
20,2755.3
9,2756.2
29,2756.3
0,2756.3
21,2756.4
14,2757.2
18,2757.6
7,2757.9
13,2758.6
12,2758.7
3,2758.9
6,2759.3
19,2759.6
11,2760.1
17,2760.4
10,2760.5
5,2760.7
27,2761.0
2,2761.2
25,2761.3
28,2761.6
23,2761.9
22,2762.0
20,2762.2
6,2764.1
19,2765.2
9,2765.9
11,2765.9
21,2766.1
17,2766.5
0,2766.6
5,2766.8
10,2767.0
27,2767.4
29,2767.8
25,2768.5
2,2768.7
6,2768.8
28,2769.5
19,2771.0
20,2771.4
11,2772.0
6,2773.6
17,2773.6
5,2774.2
27,2776.4
19,2777.4
10,2777.5
6,2778.7
11,2779.3
6,2784.1
19,2789.8
6,2790.0
14,2794.5
13,2794.8
5,2796.4
6,2796.9
2,2829.6
29,2833.0
10,2833.3
30,2833.7
18,2991.0
8,2991.7
18,3004.5
13,3040.5
21,3050.5
2,3113.8
10,3114.6
19,3132.5
11,3132.7
6,3132.7
5,3132.8
17,3133.0
28,3133.0
29,3133.1
27,3133.2
20,3133.2
3,3133.3
10,3133.3
13,3133.4
7,3133.4
25,3133.4
12,3133.5
2,3133.5
0,3133.6
14,3133.6
9,3133.6
21,3133.9
18,3134.0
23,3134.2
22,3134.2
19,3139.3
6,3139.4
11,3139.6
5,3139.8
17,3139.8
10,3140.2
28,3140.2
25,3140.3
27,3140.3
20,3140.4
2,3140.6
0,3141.4
9,3141.6
14,3141.9
29,3141.9
21,3142.3
12,3143.3
7,3143.3
13,3143.5
18,3143.9
3,3144.4
6,3144.7
19,3145.0
11,3145.5
17,3145.7
5,3146.0
10,3146.3
27,3146.6
25,3146.6
22,3147.0
28,3147.1
2,3147.3
20,3147.7
6,3149.6
19,3150.8
11,3151.6
17,3151.9
5,3152.2
9,3152.5
0,3152.6
10,3153.0
26,3153.3
27,3153.3
25,3154.2
6,3154.5
14,3154.5
21,3154.9
2,3155.7
28,3156.6
19,3157.0
11,3158.5
23,3159.3
20,3159.5
6,3159.5
17,3159.7
5,3160.1
6,3164.9
10,3165.1
19,3165.8
27,3165.9
6,3170.8
11,3171.5
6,3177.7
19,3212.4
6,3212.5
11,3212.6
10,3212.7
5,3212.8
17,3212.9
28,3212.9
27,3213.0
2,3213.0
29,3213.0
20,3213.1
25,3213.2
3,3213.2
7,3213.3
9,3213.3
13,3213.3
0,3213.4
14,3213.5
12,3213.6
21,3213.7
18,3213.8
23,3214.0
22,3214.1
19,3219.0
6,3219.1
11,3219.4
10,3219.5
17,3219.6
5,3219.7
2,3220.0
28,3220.0
27,3220.1
25,3220.1
20,3220.3
9,3221.1
0,3221.2
29,3221.3
21,3221.9
14,3222.1
13,3222.8
7,3222.9
12,3223.1
18,3223.4
6,3224.2
3,3224.7
19,3224.7
11,3225.3
17,3225.3
10,3225.4
5,3225.7
22,3226.0
23,3226.2
27,3226.4
25,3226.4
2,3226.5
28,3226.8
20,3227.4
6,3229.0
19,3230.2
9,3230.5
26,3231.1
17,3231.2
11,3231.2
10,3231.7
5,3231.9
0,3232.0
27,3233.0
6,3233.6
25,3233.7
21,3234.2
4,3234.3
14,3234.4
29,3234.7
2,3234.9
28,3235.7
19,3235.8
20,3236.9
17,3237.5
11,3237.5
6,3238.4
5,3239.6
10,3240.1
19,3242.0
27,3242.5
6,3243.3
17,3246.7
11,3246.9
6,3248.6
19,3250.3
6,3254.3
6,3260.6
9,3265.1
6,3270.0
19,3292.3
6,3292.5
11,3292.5
10,3292.7
5,3292.7
28,3292.8
29,3292.9
17,3292.9
27,3293.0
2,3293.0
20,3293.1
13,3293.1
3,3293.1
25,3293.2
9,3293.4
7,3293.4
0,3293.5
14,3293.5
12,3293.6
21,3293.7
18,3293.8
23,3293.9
22,3294.1
19,3299.0
6,3299.1
11,3299.4
10,3299.5
5,3299.6
17,3299.6
2,3300.0
28,3300.0
25,3300.1
27,3300.1
20,3300.3
9,3301.2
29,3301.4
0,3301.4
21,3301.8
14,3302.1
13,3303.2
18,3303.3
7,3303.4
12,3303.8
6,3304.2
3,3304.5
19,3304.6
11,3305.2
10,3305.4
17,3305.4
5,3305.7
27,3306.3
25,3306.3
23,3306.4
2,3306.6
28,3306.7
22,3306.8
20,3307.5
6,3309.0
19,3310.1
9,3310.8
11,3311.1
17,3311.4
5,3311.9
10,3311.9
21,3312.1
0,3312.6
27,3312.7
25,3313.4
6,3313.7
29,3314.3
2,3314.6
26,3315.1
31,3315.7
19,3315.7
28,3315.8
4,3316.0
11,3317.2
20,3317.9
6,3318.3
17,3318.4
5,3319.7
10,3321.3
19,3321.7
27,3321.8
6,3323.2
11,3325.0
6,3328.4
19,3329.1
6,3334.0
6,3340.0
6,3347.7
26,3355.0
9,3358.0
19,3372.3
6,3372.4
11,3372.5
5,3372.7
10,3372.7
28,3372.8
29,3372.9
17,3372.9
2,3372.9
27,3373.0
20,3373.0
3,3373.1
7,3373.2
13,3373.2
25,3373.2
0,3373.4
14,3373.5
18,3373.6
12,3373.6
21,3373.7
23,3373.9
22,3374.0
9,3374.3
19,3379.0
6,3379.0
11,3379.4
10,3379.5
17,3379.6
5,3379.6
2,3379.9
27,3379.9
28,3380.0
20,3380.1
25,3380.1
0,3381.2
29,3381.4
21,3381.9
14,3382.1
9,3382.3
18,3382.4
7,3382.7
12,3383.6
13,3383.6
6,3384.2
3,3384.5
19,3384.6
11,3385.2
10,3385.4
17,3385.5
5,3385.6
27,3386.0
2,3386.2
25,3386.4
23,3386.7
22,3386.7
28,3386.8
20,3387.0
6,3389.0
19,3390.2
11,3391.0
17,3391.7
10,3391.8
5,3391.8
0,3392.4
9,3392.4
27,3392.6
6,3393.7
25,3393.8
2,3393.9
21,3394.4
16,3395.2
20,3395.4
28,3395.6
18,3395.6
19,3396.0
11,3397.4
6,3398.6
5,3399.0
17,3399.8
10,3401.2
19,3402.2
27,3403.5
6,3403.6
24,3403.8
11,3406.1
6,3409.0
5,3411.9
19,3412.2
2,3412.4
6,3414.8
25,3415.0
6,3421.4
6,3435.6
5,3438.1
26,3480.6
18,3563.9
8,3564.2
18,3576.1
14,3578.3
0,3630.0
16,3657.5
4,3669.2
11,3702.9
18,3742.3
8,3742.8
19,3757.3
11,3757.7
10,3757.8
25,3757.9
5,3757.9
18,3758.0
28,3758.0
17,3758.0
6,3758.1
29,3758.2
2,3758.2
20,3758.2
27,3758.2
14,3758.2
3,3758.3
26,3758.3
13,3758.4
9,3758.4
0,3758.5
12,3758.7
1,3758.7
21,3758.8
8,3759.0
19,3763.9
25,3764.6
11,3764.6
10,3764.6
17,3764.8
5,3764.9
6,3765.2
2,3765.2
28,3765.2
18,3765.2
20,3765.3
27,3765.3
9,3766.3
0,3766.4
14,3766.5
29,3766.8
21,3766.9
12,3768.2
26,3768.7
13,3768.8
19,3769.1
1,3769.3
3,3770.1
25,3770.3
11,3770.4
10,3770.6
17,3770.6
8,3770.8
5,3771.1
6,3771.5
27,3771.7
2,3771.7
28,3772.0
20,3772.4
18,3772.7
19,3774.0
25,3776.0
9,3776.0
11,3776.3
0,3776.5
17,3776.7
10,3776.9
22,3777.0
7,3777.3
5,3777.4
6,3777.6
21,3777.7
27,3778.6
19,3778.9
14,3779.0
29,3779.5
2,3780.7
28,3781.1
25,3782.1
11,3782.7
20,3783.7
17,3783.9
19,3784.0
6,3785.0
5,3785.2
10,3785.4
18,3786.5
19,3789.5
25,3789.8
11,3791.8
19,3795.4
19,3802.7
19,3837.1
10,3837.6
11,3837.6
25,3837.8
5,3837.8
18,3837.8
3,3837.9
28,3837.9
17,3837.9
6,3837.9
20,3838.0
29,3838.0
2,3838.0
27,3838.0
26,3838.2
13,3838.3
0,3838.3
1,3838.4
14,3838.4
9,3838.4
12,3838.6
8,3838.6
21,3838.7
19,3843.6
25,3844.4
11,3844.5
10,3844.5
17,3844.6
5,3844.7
6,3844.8
18,3845.0
2,3845.0
28,3845.0
27,3845.1
20,3845.2
0,3846.1
9,3846.2
29,3846.6
21,3846.8
14,3846.9
12,3848.3
1,3848.4
26,3848.5
3,3848.7
19,3848.7
13,3849.1
25,3850.0
11,3850.4
10,3850.5
17,3850.5
5,3850.7
6,3850.9
8,3851.0
27,3851.4
2,3851.5
28,3851.9
20,3852.0
18,3852.3
19,3853.6
31,3854.0
25,3855.4
9,3856.0
11,3856.2
17,3856.4
6,3856.7
5,3856.8
0,3856.8
10,3856.8
21,3856.9
16,3857.1
27,3857.7
24,3857.8
7,3858.1
19,3858.4
29,3859.5
2,3860.6
20,3860.9
26,3860.9
25,3861.1
28,3861.6
11,3862.5
18,3863.0
6,3863.2
17,3863.2
19,3863.4
5,3863.7
27,3866.6
10,3866.8
25,3867.1
19,3868.8
11,3871.9
6,3872.9
19,3874.5
25,3874.9
5,3876.5
19,3881.1
19,3893.6
6,3893.9
20,3909.4
5,3913.4
19,3917.0
11,3917.5
10,3917.7
28,3917.8
25,3917.8
29,3917.9
18,3917.9
17,3917.9
6,3918.0
2,3918.0
27,3918.0
3,3918.1
26,3918.2
13,3918.2
1,3918.3
0,3918.4
9,3918.4
14,3918.5
12,3918.6
8,3918.6
21,3918.7
20,3919.3
5,3920.2
16,3922.6
19,3923.6
25,3924.4
11,3924.4
10,3924.5
17,3924.6
6,3924.8
28,3925.0
2,3925.0
27,3925.1
18,3925.2
5,3925.7
9,3926.3
0,3926.3
29,3926.4
20,3926.6
21,3926.6
14,3927.2
12,3928.0
26,3928.0
19,3928.6
13,3929.0
1,3929.0
3,3929.1
25,3930.0
11,3930.3
8,3930.5
17,3930.5
10,3930.5
6,3930.8
5,3930.9
2,3931.2
27,3931.3
28,3931.9
18,3932.8
19,3933.5
20,3934.2
25,3935.6
5,3935.9
11,3936.1
21,3936.4
0,3936.5
9,3936.6
17,3936.6
6,3936.7
10,3936.8
27,3937.8
31,3938.1
19,3938.2
2,3938.8
4,3938.9
29,3939.0
5,3941.1
25,3941.4
28,3942.4
11,3942.4
6,3943.0
19,3943.2
17,3944.4
5,3946.5
27,3946.5
10,3946.6
25,3947.7
19,3948.4
11,3951.0
6,3951.4
5,3952.2
19,3953.9
25,3957.3
5,3958.6
19,3960.0
19,3967.8
5,3970.7
25,3981.3
15,3982.6
11,3990.5
19,3997.1
10,3997.6
5,3997.7
28,3997.8
29,3997.9
18,3997.9
17,3997.9
2,3998.0
6,3998.0
27,3998.0
25,3998.0
26,3998.1
20,3998.1
3,3998.1
13,3998.2
11,3998.2
1,3998.3
9,3998.4
0,3998.4
14,3998.5
8,3998.5
12,3998.6
21,3998.7
19,4003.7
10,4004.4
25,4004.6
17,4004.6
5,4004.6
11,4004.6
6,4004.7
27,4004.9
28,4005.0
2,4005.0
18,4005.2
20,4005.3
9,4006.3
0,4006.3
29,4006.4
21,4006.8
14,4007.1
26,4008.0
19,4008.7
12,4008.7
1,4009.0
13,4009.1
3,4009.3
25,4010.2
11,4010.3
10,4010.3
17,4010.5
5,4010.6
6,4010.7
8,4010.9
27,4010.9
2,4011.5
28,4011.8
20,4012.1
18,4013.0
19,4013.6
31,4014.9
25,4015.7
11,4016.2
10,4016.6
5,4016.6
6,4016.6
17,4016.7
0,4017.1
9,4017.3
27,4017.3
19,4018.5
21,4018.6
29,4019.3
2,4020.5
16,4020.8
20,4020.9
25,4021.4
28,4021.9
11,4022.2
6,4023.0
5,4023.3
19,4023.5
17,4024.2
18,4025.0
10,4025.2
27,4026.1
25,4027.5
19,4028.9
11,4029.9
14,4032.6
6,4032.9
5,4034.2
19,4034.7
25,4035.5
13,4041.1
19,4041.3
11,4052.7
19,4054.3
18,4056.3
8,4057.0
17,4058.8
25,4059.4
2,4060.4
18,4067.8
21,4106.4
29,4108.0
16,4108.5
14,4128.2
13,4137.4
25,4152.2
31,4188.3
16,4188.5
3,4198.7
27,4199.0
25,4208.0
16,4361.4
19,4382.4
11,4382.7
10,4382.7
5,4382.9
25,4382.9
28,4383.0
17,4383.0
6,4383.1
29,4383.1
18,4383.1
27,4383.2
2,4383.2
26,4383.3
13,4383.4
3,4383.4
8,4383.4
1,4383.5
9,4383.6
0,4383.7
20,4383.7
21,4383.9
19,4389.2
10,4389.4
25,4389.6
17,4389.8
5,4389.9
11,4390.1
2,4390.2
6,4390.2
28,4390.2
27,4390.4
18,4390.5
29,4391.4
0,4391.4
9,4391.5
21,4392.1
20,4392.2
8,4392.5
1,4393.2
26,4394.0
13,4394.4
10,4394.6
3,4394.8
19,4395.1
25,4395.2
17,4395.6
5,4396.1
6,4396.5
27,4396.6
2,4396.9
11,4396.9
28,4397.0
18,4398.7
31,4399.3
10,4399.7
19,4400.9
25,4401.0
17,4401.8
0,4402.0
9,4402.1
8,4402.4
5,4402.7
6,4402.7
27,4403.2
16,4403.3
29,4403.8
21,4403.9
14,4404.0
11,4404.1
20,4404.2
10,4404.7
4,4405.0
28,4405.1
26,4406.1
2,4406.9
25,4407.1
19,4407.3
17,4409.5
10,4410.0
6,4410.2
5,4412.8
27,4413.6
25,4414.6
10,4415.5
19,4416.7
10,4421.5
10,4429.3
11,4430.7
24,4436.6
19,4462.2
10,4462.6
5,4462.7
11,4462.7
18,4462.8
28,4462.8
25,4462.8
17,4462.9
27,4463.0
6,4463.0
3,4463.0
2,4463.0
29,4463.0
26,4463.1
8,4463.3
1,4463.3
13,4463.3
9,4463.3
0,4463.4
20,4463.6
21,4463.7
19,4469.0
10,4469.2
25,4469.4
5,4469.6
17,4469.6
6,4469.9
28,4469.9
27,4470.1
2,4470.1
11,4470.1
18,4470.2
9,4471.3
0,4471.4
29,4471.5
21,4471.7
8,4471.8
20,4472.5
26,4473.3
1,4473.6
13,4474.0
3,4474.3
10,4474.5
19,4474.8
25,4475.1
17,4475.5
5,4475.6
6,4475.9
27,4476.3
2,4476.6
28,4476.6
11,4476.7
18,4478.3
10,4479.6
19,4480.5
25,4480.8
17,4481.5
5,4481.7
6,4481.9
9,4481.9
0,4482.0
21,4482.1
8,4482.5
27,4482.9
14,4483.6
11,4484.1
4,4484.4
10,4484.6
16,4484.6
28,4485.0
20,4485.5
2,4485.9
26,4486.2
19,4486.8
25,4486.8
5,4488.7
17,4488.8
6,4488.9
10,4489.9
27,4493.3
25,4493.8
10,4495.5
3,4495.6
19,4495.8
10,4501.5
5,4502.0
10,4509.2
19,4542.2
10,4542.6
11,4542.6
5,4542.7
25,4542.7
28,4542.8
18,4542.8
29,4542.9
17,4542.9
2,4543.0
27,4543.0
6,4543.0
3,4543.1
8,4543.2
26,4543.2
13,4543.2
1,4543.3
9,4543.4
0,4543.4
20,4543.6
21,4543.7
19,4548.9
10,4549.2
25,4549.4
5,4549.6
17,4549.6
28,4549.9
6,4549.9
2,4550.0
11,4550.0
27,4550.1
18,4550.2
9,4551.3
0,4551.3
29,4551.5
21,4551.8
8,4552.0
20,4552.4
26,4553.0
13,4553.8
1,4553.9
3,4554.1
10,4554.5
19,4554.7
25,4555.0
17,4555.5
5,4555.6
6,4556.0
27,4556.3
28,4556.6
11,4556.7
2,4556.7
18,4558.2
10,4559.4
19,4560.6
25,4560.6
9,4561.0
0,4561.2
17,4561.5
5,4561.8
6,4561.9
27,4562.8
8,4562.8
21,4562.9
10,4564.3
11,4564.3
29,4564.4
28,4565.1
2,4565.5
25,4566.4
19,4567.0
6,4568.5
17,4568.8
5,4569.1
10,4569.4
27,4571.0
25,4572.9
10,4574.9
19,4577.5
6,4579.2
10,4580.7
25,4585.6
10,4587.2
21,4587.3
10,4599.3
19,4622.2
10,4622.4
11,4622.5
5,4622.7
28,4622.8
25,4622.8
17,4622.9
18,4622.9
29,4622.9
3,4623.0
2,4623.0
27,4623.0
6,4623.0
9,4623.1
26,4623.1
13,4623.2
8,4623.2
0,4623.4
1,4623.4
20,4623.6
21,4623.7
10,4629.0
19,4629.0
25,4629.4
17,4629.6
5,4629.6
11,4629.7
6,4629.7
27,4629.9
28,4630.0
2,4630.1
18,4630.3
9,4631.0
0,4631.3
29,4631.3
8,4631.7
21,4631.8
20,4632.1
26,4633.0
13,4633.6
1,4633.8
3,4634.1
10,4634.3
19,4634.7
25,4635.0
17,4635.5
5,4635.7
6,4635.7
27,4636.0
11,4636.5
2,4636.6
28,4636.8
18,4638.0
10,4639.2
19,4640.5
25,4640.6
9,4641.4
8,4641.5
17,4641.6
6,4641.7
0,4641.8
5,4641.9
20,4642.3
27,4642.3
21,4643.3
29,4643.8
10,4644.0
11,4644.5
2,4645.1
26,4645.5
28,4645.5
25,4646.5
19,4646.8
6,4648.5
17,4648.7
10,4649.0
5,4649.7
27,4651.1
25,4653.0
10,4654.3
19,4656.1
10,4660.0
6,4661.8
25,4665.1
10,4666.5
10,4678.0
11,4687.9
18,4708.8
22,4720.6
27,4755.2
31,4780.1
8,4781.4
25,4807.5
12,4808.5
19,4833.3
20,4834.0
16,4875.3
20,4891.0
28,4891.0
22,4972.8
21,4974.1
17,5007.6
18,5007.6
10,5007.7
19,5007.7
25,5007.9
16,5008.0
6,5008.1
2,5008.2
26,5008.2
27,5008.2
8,5008.4
1,5008.5
9,5008.5
0,5008.6
20,5008.7
28,5008.8
5,5008.8
21,5008.9
11,5009.2
17,5014.2
18,5014.4
10,5014.4
25,5014.5
19,5014.8
6,5015.2
2,5015.2
27,5015.3
5,5016.1
9,5016.4
0,5016.5
16,5016.8
28,5016.9
21,5017.0
20,5017.1
8,5017.4
26,5018.6
11,5018.8
1,5019.5
17,5019.7
10,5019.7
25,5020.2
18,5020.5
19,5021.0
27,5021.4
6,5021.5
2,5021.8
5,5022.9
31,5023.3
22,5024.1
8,5024.7
10,5024.9
24,5025.0
17,5025.1
25,5025.8
21,5026.2
18,5026.6
9,5026.6
0,5027.1
28,5027.1
3,5027.8
6,5027.9
20,5028.0
27,5028.1
19,5028.3
16,5029.2
26,5029.3
4,5029.3
10,5030.1
11,5030.1
17,5030.7
29,5030.8
25,5031.6
2,5032.0
5,5032.5
18,5032.9
8,5033.1
10,5035.4
17,5036.5
6,5036.8
25,5037.9
27,5039.3
18,5041.0
10,5041.2
17,5043.3
25,5047.6
10,5047.8
17,5057.1
18,5087.4
17,5087.5
16,5087.5
10,5087.6
19,5087.6
25,5087.8
27,5087.9
2,5088.0
6,5088.0
26,5088.1
9,5088.3
1,5088.3
8,5088.3
0,5088.4
28,5088.6
20,5088.6
5,5088.6
21,5088.7
11,5089.1
17,5094.0
10,5094.2
18,5094.2
25,5094.4
19,5094.5
6,5094.9
2,5095.0
27,5095.0
5,5095.8
16,5095.9
9,5096.1
0,5096.3
28,5096.4
21,5096.6
8,5096.8
20,5097.2
26,5097.9
11,5098.0
1,5099.1
17,5099.4
10,5099.5
25,5100.0
18,5100.3
19,5100.6
6,5100.9
27,5101.1
2,5101.4
31,5102.5
5,5102.5
10,5104.5
17,5104.6
22,5104.6
28,5105.0
25,5105.5
21,5105.7
0,5106.1
9,5106.1
24,5106.3
8,5106.9
6,5107.0
18,5107.0
16,5107.1
19,5107.4
27,5107.5
11,5107.6
20,5108.6
10,5109.5
17,5109.8
2,5109.9
4,5110.0
25,5111.2
5,5111.8
6,5114.1
10,5114.8
17,5115.3
27,5116.0
25,5117.3
18,5118.6
19,5119.5
10,5120.4
17,5121.2
25,5125.2
10,5126.6
17,5128.0
10,5136.4
11,5137.6
18,5167.4
17,5167.5
19,5167.6
10,5167.6
25,5167.8
16,5167.8
2,5168.0
6,5168.0
27,5168.0
26,5168.1
8,5168.3
9,5168.4
0,5168.4
1,5168.4
5,5168.6
20,5168.6
28,5168.7
21,5168.7
11,5169.1
17,5174.0
10,5174.2
18,5174.2
25,5174.4
19,5174.5
6,5174.9
2,5175.0
27,5175.1
5,5175.8
0,5176.3
9,5176.3
16,5176.3
28,5176.6
21,5176.7
8,5176.9
20,5177.2
11,5178.1
26,5178.1
1,5179.0
17,5179.4
10,5179.6
25,5180.1
18,5180.3
19,5180.6
6,5180.9
27,5181.3
2,5181.4
5,5182.6
31,5184.2
22,5184.4
17,5184.6
10,5184.6
24,5184.9
0,5185.7
25,5185.7
21,5186.2
28,5186.2
9,5186.6
6,5186.9
16,5186.9
18,5187.1
19,5187.3
8,5187.7
27,5187.7
11,5188.0
30,5188.9
20,5189.1
2,5189.5
10,5189.7
17,5189.9
26,5190.3
25,5191.6
5,5191.9
4,5192.0
6,5193.7
10,5195.0
17,5195.4
27,5197.2
18,5198.3
25,5198.3
19,5198.5
10,5200.6
17,5201.3
6,5206.8
10,5206.8
17,5208.4
25,5211.1
8,5211.7
16,5212.2
10,5216.2
17,5247.4
18,5247.4
10,5247.5
19,5247.6
16,5247.7
25,5247.8
6,5248.0
2,5248.0
27,5248.1
26,5248.1
8,5248.2
9,5248.4
0,5248.4
1,5248.4
20,5248.6
28,5248.6
5,5248.6
21,5248.7
11,5249.1
17,5254.0
18,5254.2
10,5254.2
25,5254.4
19,5254.5
6,5254.7
27,5254.9
2,5255.0
5,5255.8
16,5255.9
0,5256.1
9,5256.2
28,5256.5
21,5256.7
20,5256.8
8,5256.9
11,5257.2
26,5258.2
1,5259.0
17,5259.3
10,5259.4
25,5260.0
18,5260.3
19,5260.6
6,5260.7
27,5261.0
2,5261.3
5,5262.6
10,5264.3
17,5264.5
31,5265.0
16,5265.2
22,5265.3
28,5265.4
0,5265.5
25,5265.6
11,5265.9
21,5266.2
9,5266.3
8,5266.7
6,5266.7
18,5267.0
20,5267.1
19,5267.1
27,5267.5
24,5267.7
2,5268.6
10,5269.1
17,5269.7
3,5269.9
25,5271.3
5,5272.2
6,5273.5
10,5274.1
17,5275.0
19,5276.5
27,5277.0
25,5277.5
10,5279.3
18,5280.2
17,5280.8
10,5285.0
25,5285.2
6,5286.1
17,5287.3
10,5291.2
26,5292.7
20,5293.8
17,5300.3
10,5301.9
25,5321.5
16,5421.5
9,5421.5
0,5488.2
28,5503.3
21,5627.7
25,5628.0
18,5632.3
10,5632.6
17,5632.7
19,5632.8
0,5633.0
16,5633.0
2,5633.2
27,5633.2
26,5633.3
1,5633.4
8,5633.4
9,5633.6
6,5633.7
20,5633.7
28,5633.8
24,5633.8
11,5634.2
5,5634.4
21,5634.5
25,5634.7
10,5639.0
18,5639.0
17,5639.2
0,5640.0
25,5640.1
2,5640.2
27,5640.3
21,5640.4
19,5640.7
16,5641.5
9,5641.6
28,5641.8
20,5642.4
8,5642.6
6,5642.7
5,5642.9
26,5643.6
11,5643.7
1,5643.8
10,5644.0
18,5644.5
17,5644.7
25,5645.1
24,5645.8
21,5646.0
27,5646.5
0,5646.7
2,5646.8
31,5647.9
10,5648.7
23,5649.1
19,5649.4
4,5649.6
25,5649.9
17,5650.0
18,5650.0
22,5651.4
21,5651.8
9,5651.9
28,5652.4
6,5652.5
8,5652.9
27,5653.2
16,5653.3
10,5653.3
11,5653.5
5,5653.6
25,5654.8
29,5654.9
7,5655.4
17,5655.5
0,5655.6
15,5655.6
2,5655.8
18,5655.8
26,5656.3
10,5657.8
21,5658.1
25,5660.0
17,5661.3
18,5662.2
10,5662.3
27,5663.6
25,5665.6
10,5667.1
21,5667.7
17,5668.0
25,5671.7
10,5672.2
18,5676.5
10,5677.7
8,5678.5
25,5680.9
19,5681.2
11,5682.5
26,5683.2
10,5683.6
18,5686.5
21,5688.0
16,5688.4
12,5689.6
10,5690.5
9,5698.2
8,5700.2
18,5712.2
16,5712.4
10,5712.4
17,5712.5
21,5712.6
19,5712.6
25,5712.7
0,5712.9
27,5713.0
2,5713.0
26,5713.1
1,5713.4
28,5713.5
6,5713.6
20,5713.6
24,5713.6
5,5714.0
11,5714.1
8,5714.3
9,5714.3
18,5718.8
10,5718.8
17,5719.0
25,5719.3
21,5719.4
0,5720.0
2,5720.1
27,5720.1
19,5720.3
16,5720.5
28,5721.4
6,5722.2
9,5722.3
20,5722.3
26,5722.4
8,5722.5
5,5722.5
11,5723.1
10,5723.7
1,5723.8
18,5724.2
17,5724.4
25,5724.9
24,5725.2
21,5725.3
27,5726.3
0,5726.7
2,5726.7
31,5727.7
22,5728.0
19,5728.2
10,5728.4
18,5729.4
17,5729.6
16,5730.0
25,5730.4
28,5731.1
21,5731.4
6,5731.7
11,5731.9
8,5732.0
27,5732.8
10,5732.9
5,5733.0
9,5733.4
26,5734.0
20,5734.6
18,5734.9
17,5734.9
0,5735.8
25,5736.1
2,5736.8
10,5737.2
3,5738.7
21,5738.9
17,5740.4
18,5740.6
27,5741.5
10,5741.7
25,5742.2
17,5746.1
10,5746.3
18,5747.0
25,5750.5
10,5751.2
17,5752.7
5,5756.3
10,5756.3
18,5758.0
10,5761.9
17,5764.7
10,5768.0
10,5775.9
18,5792.2
17,5792.4
10,5792.4
19,5792.6
21,5792.6
16,5792.7
25,5792.8
0,5792.9
2,5793.0
27,5793.0
26,5793.1
9,5793.2
8,5793.2
1,5793.3
20,5793.6
6,5793.6
28,5793.7
24,5793.7
11,5793.8
5,5794.1
18,5798.8
10,5798.9
17,5798.9
25,5799.4
21,5799.4
0,5799.9
2,5800.0
27,5800.1
19,5800.3
9,5800.9
16,5801.1
28,5801.6
8,5801.6
20,5802.2
26,5802.3
6,5802.3
5,5802.5
11,5803.1
1,5803.7
10,5803.8
18,5804.2
17,5804.3
31,5804.9
25,5805.0
24,5805.1
21,5805.3
27,5806.3
2,5806.4
0,5806.6
10,5808.4
19,5808.4
18,5809.4
17,5809.4
9,5809.7
22,5810.5
25,5810.6
8,5811.1
21,5811.5
6,5811.6
28,5811.9
11,5812.1
16,5812.4
27,5812.8
10,5812.9
5,5813.0
26,5814.3
17,5814.6
18,5814.7
0,5814.8
2,5814.8
20,5815.4
25,5816.3
10,5817.3
21,5819.3
17,5819.9
18,5820.3
10,5821.7
27,5822.4
25,5822.6
17,5825.5
18,5826.3
10,5826.4
10,5831.4
17,5831.7
25,5832.8
18,5833.8
10,5836.9
17,5840.4
23,5841.8
10,5842.8
10,5850.0
18,5872.2
10,5872.3
17,5872.4
19,5872.7
21,5872.7
16,5872.7
25,5872.8
0,5872.9
27,5873.0
2,5873.0
26,5873.1
9,5873.3
8,5873.3
1,5873.4
6,5873.6
20,5873.6
28,5873.6
24,5873.7
11,5874.1
5,5874.2
18,5878.8
10,5878.8
17,5879.0
25,5879.4
21,5879.5
27,5879.8
0,5879.9
2,5880.1
19,5880.5
9,5881.0
16,5881.1
6,5881.4
28,5881.6
8,5881.6
11,5882.3
20,5882.4
5,5882.7
26,5882.9
10,5883.7
1,5883.9
18,5884.1
17,5884.3
25,5885.0
21,5885.5
24,5885.5
27,5885.9
0,5886.5
2,5886.6
31,5888.4
10,5888.4
19,5888.5
17,5889.3
18,5889.4
9,5889.6
6,5890.0
25,5890.5
8,5891.1
11,5891.5
21,5892.0
16,5892.0
27,5892.2
28,5892.4
10,5892.8
5,5894.0
17,5894.5
18,5894.8
0,5895.3
2,5895.4
26,5895.9
25,5896.1
10,5897.2
17,5899.8
18,5900.5
27,5900.7
21,5901.3
10,5901.8
25,5902.1
17,5905.5
10,5906.5
18,5906.7
25,5909.2
10,5911.6
17,5911.8
18,5916.4
10,5917.2
17,5921.8
10,5923.3
10,5932.4
25,5940.9
26,5960.2
2,5962.2
25,5966.6
28,5986.1
18,6044.0
8,6044.7
18,6056.9
20,6070.0
11,6072.5
0,6084.7
3,6097.8
21,6097.9
13,6098.4
24,6148.6
2,6149.2
25,6176.2
14,6176.2
20,6221.7
10,6241.6
18,6257.3
17,6257.8
10,6257.9
19,6257.9
21,6257.9
0,6258.0
16,6258.0
25,6258.1
27,6258.2
14,6258.2
2,6258.2
26,6258.3
8,6258.4
30,6258.6
1,6258.6
6,6258.7
20,6258.7
24,6258.8
28,6258.9
11,6259.2
5,6259.5
18,6264.0
10,6264.4
21,6264.7
17,6264.8
25,6265.1
0,6265.1
2,6265.1
27,6265.3
19,6265.8
14,6266.6
16,6266.7
28,6266.8
20,6267.4
8,6267.5
26,6267.6
6,6267.7
5,6268.1
11,6268.6
1,6269.1
10,6269.3
18,6269.5
30,6270.6
21,6270.8
24,6271.0
17,6271.4
29,6271.4
27,6271.5
2,6271.6
25,6271.7
0,6271.8
10,6274.1
19,6275.0
18,6275.0
31,6276.2
28,6277.1
8,6277.2
21,6277.2
6,6277.7
27,6278.2
10,6278.7
14,6278.9
25,6279.8
2,6279.8
20,6279.9
16,6280.0
0,6280.1
5,6280.4
17,6280.5
11,6280.5
18,6280.8
10,6283.3
4,6284.2
21,6286.7
18,6287.1
10,6288.1
27,6290.0
10,6293.2
10,6298.7
18,6299.9
10,6304.6
10,6311.3
8,6312.7
18,6313.3
18,6325.2
10,6337.3
18,6337.5
19,6337.6
21,6337.7
16,6337.7
17,6337.7
0,6337.9
14,6338.0
25,6338.0
2,6338.0
27,6338.0
26,6338.1
8,6338.2
30,6338.3
1,6338.3
20,6338.4
6,6338.6
24,6338.6
28,6338.6
11,6338.9
5,6339.0
10,6343.8
18,6344.1
21,6344.5
17,6344.7
0,6344.9
25,6345.0
2,6345.0
27,6345.1
19,6345.5
16,6345.9
14,6346.2
28,6346.4
8,6346.5
20,6347.0
6,6347.2
26,6347.3
5,6347.5
11,6347.5
10,6348.7
1,6348.9
18,6349.5
24,6350.0
30,6350.1
21,6350.4
27,6351.3
17,6351.3
0,6351.3
2,6351.6
25,6351.7
22,6352.5
10,6353.3
19,6354.5
18,6354.7
8,6356.0
28,6356.2
21,6356.4
16,6356.5
11,6356.8
6,6357.0
27,6357.7
10,6357.8
26,6358.2
0,6358.6
14,6358.7
20,6359.2
2,6359.6
5,6359.6
25,6359.9
18,6360.1
17,6360.5
10,6362.2
21,6363.5
27,6365.3
18,6365.7
10,6366.6
10,6371.2
18,6371.9
10,6376.0
18,6380.2
10,6381.2
25,6385.0
10,6386.8
5,6387.1
2,6392.7
17,6393.0
10,6393.0
10,6401.6
18,6417.2
10,6417.5
19,6417.5
17,6417.6
21,6417.7
16,6417.7
2,6417.8
0,6417.9
27,6418.0
14,6418.0
25,6418.0
26,6418.1
8,6418.2
1,6418.2
30,6418.3
24,6418.5
20,6418.5
28,6418.6
6,6418.6
11,6419.1
5,6419.2
18,6423.8
10,6424.0
17,6424.4
21,6424.5
2,6424.8
0,6424.9
25,6425.0
27,6425.1
19,6425.2
16,6425.8
14,6426.3
28,6426.6
8,6426.7
20,6426.9
6,6427.0
5,6427.6
26,6427.6
11,6428.2
1,6428.2
10,6428.9
18,6429.1
24,6430.1
30,6430.3
21,6430.5
17,6430.6
2,6431.2
27,6431.2
0,6431.4
25,6431.8
10,6433.5
19,6434.2
18,6434.3
6,6435.6
8,6436.2
16,6436.4
21,6436.8
28,6437.2
27,6437.5
20,6437.5
17,6437.6
10,6438.0
5,6438.0
14,6438.3
2,6439.0
0,6439.2
18,6439.6
26,6439.7
11,6439.9
25,6440.8
10,6442.4
18,6445.2
21,6445.3
27,6445.6
10,6446.9
17,6450.3
18,6451.3
10,6451.6
10,6456.6
18,6459.5
10,6462.1
2,6462.3
10,6467.8
10,6474.5
18,6482.2
10,6487.9
18,6497.5
17,6497.5
16,6497.7
19,6497.7
21,6497.7
10,6497.8
0,6497.9
2,6498.0
27,6498.0
25,6498.0
14,6498.0
26,6498.1
8,6498.2
1,6498.3
30,6498.3
24,6498.4
20,6498.6
6,6498.6
28,6498.6
11,6499.1
5,6499.1
18,6504.1
10,6504.2
17,6504.4
21,6504.5
27,6504.8
0,6504.9
25,6505.0
2,6505.0
19,6505.5
16,6506.3
14,6506.4
28,6506.5
6,6506.5
8,6506.7
20,6507.2
11,6507.3
5,6507.7
1,6508.0
26,6508.1
10,6509.1
18,6509.4
24,6509.9
21,6510.5
30,6510.6
17,6510.8
27,6510.9
2,6511.5
0,6511.5
25,6511.6
10,6513.7
18,6514.7
19,6515.3
6,6515.4
28,6516.1
8,6516.4
31,6516.6
21,6516.9
11,6516.9
27,6517.3
16,6518.1
10,6518.2
17,6518.3
14,6519.3
0,6519.3
2,6519.3
20,6519.6
5,6519.6
25,6520.1
18,6520.1
10,6522.7
18,6525.8
21,6525.8
27,6525.9
10,6527.1
10,6531.8
18,6532.1
10,6536.9
10,6542.3
18,6543.7
10,6548.2
10,6555.2
31,6565.0
25,6565.4
26,6577.2
18,6579.0
8,6579.5
13,6582.3
18,6590.6
31,6756.6
4,6838.9
17,6839.3
18,6882.4
10,6882.8
17,6882.8
19,6882.8
21,6882.8
16,6883.0
0,6883.0
25,6883.1
14,6883.2
26,6883.2
6,6883.3
8,6883.3
1,6883.5
27,6883.6
30,6883.6
2,6883.7
31,6883.7
20,6883.7
24,6883.9
28,6883.9
15,6884.0
11,6884.2
5,6884.4
18,6889.4
21,6889.7
10,6889.7
17,6889.8
0,6890.1
25,6890.1
6,6890.6
19,6890.8
14,6891.7
28,6891.9
20,6891.9
16,6892.0
8,6892.2
31,6892.4
27,6892.7
2,6892.8
26,6892.9
5,6893.0
11,6893.6
1,6894.4
15,6895.0
10,6895.3
24,6895.3
30,6895.4
21,6895.7
18,6895.7
17,6896.3
25,6896.6
0,6896.9
6,6897.4
29,6899.2
10,6901.0
8,6901.4
21,6902.1
28,6902.8
27,6903.2
19,6903.3
18,6903.3
9,6903.4
31,6904.0
20,6904.1
25,6904.3
11,6904.4
17,6904.6
6,6905.3
0,6906.5
16,6906.6
10,6906.7
14,6908.5
26,6908.7
22,6908.8
21,6910.8
10,6912.9
10,6921.1
25,6925.1
31,6958.3
18,6962.2
19,6962.6
17,6962.6
21,6962.6
16,6962.7
10,6962.7
0,6962.8
25,6963.0
14,6963.0
26,6963.1
8,6963.2
6,6963.2
30,6963.3
1,6963.4
27,6963.5
28,6963.6
20,6963.6
24,6963.6
2,6963.7
15,6963.7
11,6964.1
5,6964.2
31,6966.8
18,6968.9
10,6969.5
21,6969.5
17,6969.7
0,6969.9
25,6970.0
19,6970.4
6,6970.5
8,6970.8
16,6971.4
14,6971.4
28,6971.5
27,6972.2
20,6972.4
26,6972.6
5,6972.6
2,6973.0
11,6973.1
1,6973.4
24,6974.3
15,6974.3
18,6974.4
30,6974.8
10,6975.2
21,6975.4
31,6975.4
17,6976.1
0,6976.4
25,6976.5
6,6977.1
8,6978.2
18,6979.9
19,6980.5
4,6980.8
10,6980.8
22,6981.3
21,6981.6
28,6981.7
27,6981.9
3,6982.3
11,6982.3
14,6982.7
16,6982.9
5,6983.4
26,6983.8
25,6984.0
17,6984.2
6,6984.7
20,6985.0
18,6985.6
0,6985.8
10,6986.5
31,6988.2
21,6989.1
8,6989.9
18,6991.7
10,6992.6
25,6996.8
18,7000.5
10,7001.0
17,7004.7
21,7029.3
16,7040.1
18,7042.2
17,7042.6
10,7042.7
19,7042.7
14,7042.9
0,7042.9
25,7043.0
26,7043.0
21,7043.1
8,7043.2
1,7043.2
6,7043.2
31,7043.5
27,7043.5
30,7043.5
24,7043.5
20,7043.6
2,7043.7
28,7043.7
15,7043.8
11,7044.0
5,7044.2
16,7047.5
18,7049.1
10,7049.5
17,7049.7
25,7050.0
21,7050.0
0,7050.0
6,7050.5
19,7050.6
14,7051.1
28,7051.6
8,7051.7
31,7051.8
27,7052.3
20,7052.4
5,7052.4
26,7052.6
11,7052.9
2,7053.0
1,7053.5
15,7054.9
24,7055.1
18,7055.2
10,7055.2
30,7055.6
16,7055.7
17,7056.0
21,7056.0
25,7056.5
0,7056.7
6,7057.2
29,7057.3
10,7060.6
8,7061.3
28,7061.5
18,7061.8
19,7062.0
21,7062.5
31,7062.5
22,7062.6
5,7062.9
27,7063.0
11,7063.0
17,7063.5
4,7063.8
14,7064.2
25,7064.4
20,7064.9
6,7064.9
26,7065.2
10,7066.2
0,7067.5
16,7068.8
21,7070.7
10,7072.1
18,7073.3
10,7079.0
6,7087.5
21,7091.2
18,7103.4
18,7122.4
10,7122.6
21,7122.6
17,7122.7
19,7122.7
16,7122.8
0,7122.9
25,7122.9
14,7123.0
6,7123.1
26,7123.1
8,7123.2
1,7123.3
24,7123.4
30,7123.4
31,7123.5
27,7123.5
28,7123.5
20,7123.6
15,7123.7
2,7123.7
11,7124.0
5,7124.2
18,7129.3
21,7129.4
10,7129.5
17,7129.7
25,7129.9
0,7129.9
6,7130.1
19,7130.6
16,7131.2
14,7131.4
27,7131.5
28,7131.5
8,7131.8
31,7131.8
20,7132.3
11,7132.3
5,7132.7
26,7133.0
2,7133.0
1,7133.9
15,7134.4
24,7134.8
10,7135.1
21,7135.3
18,7135.4
30,7135.7
17,7136.1
0,7136.5
6,7136.5
25,7136.5
10,7140.6
21,7141.3
27,7141.7
28,7141.9
8,7142.0
19,7142.0
16,7142.1
18,7142.2
11,7142.4
31,7142.6
6,7143.3
17,7144.4
25,7144.6
14,7144.7
23,7144.7
5,7145.5
20,7145.7
0,7146.0
26,7146.1
10,7146.2
21,7148.2
4,7149.1
3,7151.3
10,7152.2
18,7152.6
6,7156.2
10,7159.7
17,7205.7
28,7228.1
5,7311.0
4,7346.9
16,7393.5
11,7425.7
18,7507.3
19,7507.8
21,7507.8
8,7508.0
16,7508.0
14,7508.1
10,7508.1
26,7508.2
6,7508.3
17,7508.3
1,7508.4
30,7508.5
25,7508.6
27,7508.6
24,7508.7
31,7508.7
28,7508.9
0,7509.0
15,7509.1
11,7509.2
5,7509.5
18,7513.9
21,7514.6
8,7515.3
10,7515.7
6,7515.7
19,7515.8
28,7516.7
16,7516.8
14,7516.8
31,7517.6
27,7517.7
26,7518.2
5,7518.4
25,7518.7
11,7518.7
18,7519.2
1,7519.3
15,7520.2
30,7520.2
21,7520.6
24,7520.8
17,7521.3
8,7521.9
10,7522.4
6,7522.4
18,7524.3
28,7525.7
21,7527.1
27,7527.4
19,7527.6
0,7527.6
16,7528.1
8,7529.4
18,7529.5
10,7529.8
11,7529.8
6,7530.1
29,7533.3
26,7534.0
18,7534.8
21,7536.5
14,7536.8
18,7540.7
18,7547.5
18,7587.1
21,7587.5
16,7587.6
8,7587.7
19,7587.7
14,7587.8
24,7588.0
17,7588.0
26,7588.1
10,7588.1
6,7588.1
30,7588.3
31,7588.3
1,7588.3
25,7588.4
15,7588.5
27,7588.5
28,7588.6
0,7588.7
11,7589.0
5,7589.0
18,7593.7
21,7594.3
8,7595.0
6,7595.4
19,7595.5
10,7595.6
16,7595.8
14,7595.9
28,7596.5
27,7596.8
31,7596.8
26,7597.4
5,7597.6
11,7598.1
25,7598.2
30,7598.7
24,7598.8
18,7598.8
15,7598.8
1,7598.9
21,7600.1
17,7600.5
8,7601.6
6,7601.9
10,7602.5
18,7603.9
0,7604.1
27,7605.9
28,7606.0
16,7606.1
21,7606.4
14,7606.6
19,7606.8
11,7608.3
18,7608.9
6,7609.0
31,7609.7
5,7609.9
8,7610.3
7,7610.4
10,7611.3
26,7613.7
21,7613.7
18,7614.3
18,7619.9
18,7626.1
18,7635.0
8,7647.8
18,7658.9
8,7662.9
18,7667.2
21,7667.6
16,7667.6
19,7667.7
17,7668.0
14,7668.0
10,7668.1
26,7668.1
6,7668.2
31,7668.2
25,7668.2
1,7668.3
0,7668.3
30,7668.3
27,7668.4
24,7668.6
28,7668.6
15,7668.8
11,7669.1
5,7669.2
8,7669.8
18,7673.6
21,7674.4
6,7675.5
10,7675.6
19,7675.6
16,7675.9
8,7676.1
14,7676.4
28,7676.5
31,7676.6
27,7677.1
5,7677.7
26,7678.0
25,7678.0
11,7678.3
18,7678.7
1,7678.9
15,7679.6
30,7680.2
21,7680.2
24,7680.2
17,7680.2
0,7681.5
6,7682.1
10,7682.3
8,7682.5
18,7683.5
16,7686.0
28,7686.0
27,7686.2
21,7686.4
19,7686.9
4,7687.6
18,7688.2
31,7688.5
11,7688.6
5,7689.4
6,7689.7
10,7689.9
8,7689.9
26,7690.1
2,7692.8
18,7693.0
25,7693.7
21,7694.0
14,7695.8
18,7698.1
18,7703.6
18,7709.5
26,7712.0
18,7716.6
10,7722.1
21,7732.0
13,7736.5
26,7739.9
18,7747.1
19,7747.7
16,7747.7
21,7747.8
8,7747.9
10,7748.0
14,7748.0
6,7748.1
17,7748.1
25,7748.2
30,7748.3
1,7748.4
27,7748.5
24,7748.5
28,7748.6
31,7748.6
0,7748.7
15,7748.8
11,7749.1
5,7749.2
26,7750.1
18,7753.7
21,7754.7
6,7755.1
8,7755.2
10,7755.4
19,7755.5
16,7756.1
27,7756.1
28,7756.3
14,7756.5
31,7757.1
11,7757.5
5,7757.7
25,7758.0
18,7758.9
1,7759.1
15,7759.5
24,7759.5
30,7759.9
26,7760.3
21,7760.6
17,7760.7
6,7761.6
0,7761.7
10,7761.9
8,7761.9
29,7763.6
18,7763.9
4,7764.1
27,7764.6
7,7765.1
28,7765.5
19,7765.6
16,7766.5
21,7766.7
11,7767.8
18,7769.0
31,7769.2
6,7769.2
14,7769.2
10,7769.3
5,7769.7
8,7770.9
21,7774.3
18,7774.3
18,7779.9
18,7786.0
16,7791.6
18,7793.6
10,7798.6
27,7881.3
11,7889.2
26,7912.0
24,7913.9
1,7914.3
29,7914.7
21,8021.6
27,8044.2
3,8124.1
18,8132.3
19,8132.8
21,8132.9
8,8133.0
27,8133.0
16,8133.0
10,8133.0
17,8133.1
6,8133.3
14,8133.3
26,8133.4
30,8133.5
25,8133.5
1,8133.5
31,8133.7
29,8133.8
0,8133.8
28,8133.8
24,8133.9
15,8134.0
12,8134.1
11,8134.3
5,8134.5
3,8136.5
18,8138.7
21,8139.7
10,8140.0
27,8140.1
8,8140.3
6,8140.7
19,8140.8
16,8141.4
29,8141.9
28,8141.9
14,8142.3
31,8142.6
5,8143.3
18,8143.6
11,8143.8
25,8144.1
26,8144.2
1,8144.3
12,8144.7
17,8145.5
15,8145.6
30,8145.6
21,8145.7
10,8145.8
24,8145.9
27,8146.3
8,8147.0
6,8147.4
3,8148.0
18,8148.3
10,8151.7
29,8152.1
28,8152.2
21,8152.4
27,8152.9
18,8153.0
16,8153.0
19,8153.1
31,8154.6
6,8154.9
11,8155.5
8,8155.5
14,8155.7
7,8157.2
0,8157.5
18,8157.7
10,8158.0
27,8161.1
18,8162.6
21,8163.9
18,8167.9
10,8168.1
18,8173.7
11,8179.3
18,8180.2
18,8194.2
18,8212.1
21,8212.6
19,8212.7
16,8212.7
10,8212.8
14,8212.8
27,8212.9
8,8212.9
24,8213.0
6,8213.1
17,8213.1
30,8213.2
26,8213.2
1,8213.2
25,8213.4
0,8213.5
31,8213.6
28,8213.6
3,8213.7
29,8213.7
15,8213.8
12,8213.8
11,8214.1
5,8214.2
18,8218.6
21,8219.5
10,8219.7
27,8219.9
8,8220.1
6,8220.3
19,8220.4
16,8221.2
14,8221.3
28,8221.5
29,8221.6
31,8222.2
5,8222.7
3,8223.0
11,8223.1
26,8223.3
18,8223.4
25,8223.5
1,8223.6
24,8223.6
12,8224.0
15,8224.5
30,8224.8
17,8225.1
21,8225.4
10,8225.6
27,8226.1
0,8226.5
6,8226.7
23,8226.8
8,8226.8
18,8228.1
29,8230.3
19,8230.4
28,8230.7
20,8231.0
10,8231.6
16,8231.6
21,8231.8
27,8232.4
18,8232.6
14,8232.7
6,8233.2
31,8233.7
5,8234.0
11,8234.0
8,8235.8
18,8237.1
10,8238.3
21,8240.3
27,8240.3
26,8241.0
18,8241.6
6,8243.0
18,8246.1
8,8248.6
18,8250.6
10,8251.1
18,8255.4
18,8260.5
21,8264.0
18,8266.1
18,8272.2
18,8280.3
16,8281.3
17,8282.2
6,8286.7
11,8287.0
14,8290.3
18,8292.3
19,8292.6
21,8292.6
8,8292.8
27,8292.8
10,8292.8
26,8293.0
25,8293.3
1,8293.3
30,8293.3
3,8293.5
31,8293.6
28,8293.6
24,8293.6
29,8293.7
0,8293.7
15,8293.8
12,8293.8
6,8293.9
16,8294.0
5,8294.2
11,8295.5
17,8295.6
14,8297.8
18,8298.7
21,8299.5
10,8299.7
27,8299.8
8,8300.1
19,8300.3
6,8300.3
28,8301.6
29,8301.6
31,8301.8
5,8302.3
16,8302.5
26,8302.7
3,8302.7
11,8303.1
25,8303.3
18,8303.5
12,8303.7
1,8304.0
24,8304.4
15,8304.7
30,8305.0
21,8305.4
10,8305.6
27,8306.0
14,8306.3
6,8306.5
8,8306.7
18,8308.2
19,8310.0
29,8311.0
9,8311.1
10,8311.4
21,8311.5
31,8311.6
28,8311.7
11,8312.0
27,8312.1
0,8312.4
16,8312.4
18,8312.7
5,8312.9
6,8313.0
4,8313.6
8,8315.6
18,8317.3
10,8317.5
21,8318.8
27,8319.2
18,8322.1
6,8322.6
10,8324.8
18,8327.1
18,8332.5
18,8338.4
18,8345.1
18,8357.6
18,8372.3
21,8372.6
19,8372.7
16,8372.7
10,8372.8
8,8372.8
27,8372.9
14,8373.0
26,8373.1
17,8373.1
6,8373.2
30,8373.3
1,8373.4
25,8373.4
31,8373.5
24,8373.6
28,8373.6
3,8373.7
29,8373.7
15,8373.8
0,8373.8
12,8373.8
11,8374.1
5,8374.2
18,8378.7
21,8379.5
27,8379.7
10,8379.7
8,8379.9
6,8380.1
19,8380.5
16,8380.8
14,8381.3
28,8381.5
29,8381.6
31,8382.1
11,8382.4
5,8382.6
3,8382.7
26,8382.9
25,8383.5
18,8383.6
12,8383.6
1,8384.3
15,8384.5
30,8384.9
24,8385.1
21,8385.4
10,8385.6
27,8385.8
17,8385.8
8,8386.3
6,8386.6
18,8388.2
29,8390.4
16,8390.9
28,8391.1
19,8391.2
10,8391.5
21,8391.5
31,8391.6
27,8391.9
14,8392.3
5,8392.7
18,8392.8
11,8393.5
6,8393.7
0,8393.8
8,8394.0
4,8394.6
7,8396.6
18,8397.3
10,8397.6
21,8398.8
27,8399.2
3,8399.5
18,8402.0
10,8405.1
18,8407.1
6,8407.2
21,8411.8
18,8412.5
29,8414.0
18,8418.3
18,8425.0
21,8435.5
10,8435.7
22,8436.4
14,8436.6
18,8437.3
17,8674.2
11,8676.1
23,8676.5
10,8676.6
5,8706.3
29,8745.2
18,8757.1
27,8757.4
21,8757.8
19,8757.8
30,8757.8
16,8757.9
10,8758.0
8,8758.0
6,8758.2
14,8758.2
17,8758.3
26,8758.3
1,8758.3
4,8758.4
25,8758.6
24,8758.7
13,8758.7
31,8758.8
3,8758.8
0,8758.9
15,8759.0
12,8759.1
11,8759.2
29,8760.1
18,8763.4
27,8764.2
21,8764.7
10,8765.0
8,8765.3
6,8765.5
30,8765.8
19,8765.8
16,8766.5
14,8766.9
4,8767.7
31,8767.7
18,8768.2
11,8768.6
29,8768.7
3,8768.7
1,8768.8
25,8768.8
26,8769.3
12,8769.5
27,8769.6
17,8770.5
24,8770.6
21,8770.8
10,8770.9
15,8770.9
8,8771.9
13,8772.1
6,8772.2
18,8772.9
27,8774.7
28,8775.0
30,8776.1
10,8776.7
18,8777.2
19,8777.3
21,8777.6
16,8778.1
0,8779.0
20,8779.1
31,8779.2
11,8779.3
2,8779.4
6,8779.5
27,8779.9
29,8780.0
8,8780.2
7,8780.3
4,8781.3
18,8781.5
10,8783.0
22,8783.3
25,8783.6
14,8783.8
27,8785.4
18,8785.9
18,8790.6
21,8791.0
27,8791.2
10,8792.8
18,8795.6
27,8797.8
18,8801.0
18,8807.0
18,8814.5
8,8829.4
5,8830.2
22,8830.5
20,8835.8
21,8835.9
18,8836.9
27,8837.2
30,8837.6
19,8837.7
16,8837.7
10,8837.8
4,8837.8
17,8838.0
1,8838.0
14,8838.0
6,8838.1
26,8838.2
13,8838.3
25,8838.4
24,8838.6
3,8838.6
0,8838.6
31,8838.6
29,8838.7
15,8838.9
8,8839.0
12,8839.0
11,8839.1
21,8842.6
18,8843.2
27,8843.9
10,8844.7
6,8845.3
30,8845.5
19,8845.7
16,8845.9
8,8846.2
14,8846.4
29,8846.5
4,8846.6
31,8847.2
25,8847.8
1,8848.0
18,8848.0
11,8848.0
3,8848.1
21,8848.5
26,8848.6
12,8848.9
27,8849.2
15,8849.3
17,8849.9
24,8850.0
10,8850.6
13,8851.8
6,8851.8
0,8851.9
18,8852.7
8,8853.3
27,8854.2
21,8854.5
23,8855.1
29,8855.2
30,8855.8
16,8856.2
10,8856.4
18,8857.0
19,8857.1
14,8857.2
31,8857.5
11,8858.7
6,8858.7
4,8858.8
27,8859.2
20,8860.8
21,8861.2
18,8861.2
2,8861.3
5,8862.3
10,8862.7
27,8864.2
8,8865.2
18,8865.6
27,8869.6
18,8870.1
6,8871.4
10,8871.4
21,8873.3
18,8874.8
27,8875.3
18,8880.0
27,8881.6
18,8885.5
5,8889.0
18,8891.4
27,8892.1
18,8898.8
21,8901.5
25,8906.5
18,8916.9
27,8917.1
19,8917.7
8,8917.7
30,8917.7
10,8917.8
16,8917.8
14,8917.9
21,8917.9
6,8918.1
26,8918.1
4,8918.1
17,8918.1
1,8918.2
13,8918.3
31,8918.5
12,8918.6
24,8918.6
0,8918.6
3,8918.6
29,8918.7
15,8918.8
11,8919.0
25,8920.0
18,8923.2
28,8923.2
27,8923.7
10,8924.7
21,8924.8
8,8924.9
6,8925.4
19,8925.5
30,8925.6
16,8926.1
14,8926.1
29,8926.5
4,8926.9
31,8926.9
3,8927.8
18,8928.0
26,8928.2
1,8928.2
12,8928.2
11,8928.3
27,8929.0
15,8929.1
24,8930.1
10,8930.6
17,8930.7
21,8930.7
25,8931.0
13,8931.2
8,8931.6
0,8931.6
6,8931.9
27,8933.9
2,8934.1
19,8934.7
30,8935.5
16,8936.0
10,8936.4
29,8936.4
31,8936.7
21,8937.1
14,8938.0
4,8938.2
27,8938.7
11,8938.8
6,8939.4
8,8940.3
10,8942.6
27,8943.7
18,8945.6
21,8946.1
27,8948.9
18,8949.9
10,8951.0
18,8954.4
25,8954.4
27,8954.5
18,8959.1
27,8960.5
26,8960.7
18,8964.2
27,8968.2
18,8969.7
18,8975.7
18,8983.0
18,8997.0
27,8997.1
21,8997.6
19,8997.6
30,8997.7
16,8997.8
10,8997.8
8,8997.9
14,8998.0
17,8998.1
26,8998.2
4,8998.2
6,8998.2
13,8998.3
25,8998.4
1,8998.4
31,8998.6
24,8998.6
29,8998.7
3,8998.7
0,8998.8
15,8998.8
12,8998.9
11,8999.1
18,9003.3
27,9003.8
21,9004.5
10,9004.7
6,9005.1
8,9005.2
19,9005.5
30,9005.6
14,9006.2
16,9006.2
29,9006.6
31,9007.1
4,9007.4
11,9007.5
18,9008.1
3,9008.1
25,9008.4
26,9008.4
1,9008.7
12,9009.0
27,9009.1
24,9009.5
15,9009.7
21,9010.4
10,9010.6
13,9011.1
17,9011.1
6,9011.6
0,9011.9
8,9012.0
27,9014.1
30,9015.4
19,9015.5
29,9016.2
10,9016.5
21,9016.7
16,9017.1
31,9018.0
11,9018.1
14,9018.7
27,9019.1
6,9019.4
18,9021.4
8,9021.7
26,9022.4
10,9023.0
27,9024.3
18,9025.6
21,9025.8
27,9029.8
18,9030.0
18,9034.6
10,9035.4
27,9035.8
18,9039.5
27,9043.3
18,9044.8
18,9050.4
18,9056.7
18,9066.2
25,9070.2
27,9083.4
10,9120.4
4,9179.1
23,9186.0
11,9186.4
9,9186.6
26,9196.1
24,9256.7
8,9302.9
29,9311.4
26,9317.1
18,9375.2
8,9375.9
18,9382.3
27,9382.5
19,9382.7
21,9382.8
30,9382.8
10,9383.0
16,9383.0
14,9383.2
17,9383.3
26,9383.3
31,9383.4
4,9383.4
25,9383.5
1,9383.5
13,9383.6
3,9383.7
0,9383.9
24,9383.9
29,9383.9
8,9384.0
23,9384.1
12,9384.2
7,9384.2
15,9384.2
6,9384.3
22,9384.7
18,9388.0
27,9389.5
21,9389.7
10,9389.9
30,9390.2
19,9390.5
31,9390.8
8,9391.3
16,9391.8
14,9391.8
29,9392.0
4,9392.7
18,9392.8
26,9393.0
7,9393.5
25,9393.6
3,9393.7
23,9394.0
1,9394.4
6,9394.5
12,9394.8
17,9394.8
22,9395.0
24,9395.4
10,9395.6
27,9395.6
21,9395.7
15,9395.9
30,9397.1
31,9397.7
8,9397.8
13,9400.4
19,9400.7
10,9401.3
21,9402.3
27,9402.7
29,9402.9
16,9403.6
8,9404.8
14,9405.4
11,9405.4
20,9405.4
4,9406.2
31,9406.4
0,9406.6
10,9407.2
30,9407.3
21,9412.2
10,9413.9
27,9416.2
8,9416.7
18,9418.9
18,9423.3
18,9427.9
29,9428.7
16,9430.5
18,9432.9
18,9438.3
18,9444.2
18,9451.4
18,9462.1
27,9462.3
21,9462.5
19,9462.6
30,9462.6
4,9462.8
14,9462.8
10,9462.8
16,9462.8
17,9462.8
8,9462.9
31,9463.1
26,9463.2
13,9463.3
25,9463.4
1,9463.4
24,9463.4
29,9463.7
3,9463.7
15,9463.8
0,9463.8
12,9463.9
7,9463.9
23,9464.0
6,9464.1
22,9464.4
18,9468.4
27,9469.2
21,9469.3
10,9469.7
30,9469.9
8,9470.2
31,9470.4
19,9470.5
14,9471.1
16,9471.3
4,9471.4
29,9471.6
7,9473.1
18,9473.2
23,9473.4
26,9473.6
3,9473.6
25,9473.6
12,9474.1
6,9474.2
1,9474.3
15,9474.6
22,9474.6
17,9474.8
24,9474.9
21,9475.2
27,9475.3
10,9475.5
30,9476.5
13,9476.6
8,9476.8
31,9477.0
21,9481.2
10,9481.3
19,9481.5
4,9481.6
29,9481.7
27,9482.0
16,9482.1
14,9483.5
31,9483.8
5,9484.2
30,9485.1
20,9485.5
7,9485.6
8,9485.7
18,9486.5
10,9487.5
11,9487.9
21,9488.4
18,9490.8
27,9493.8
10,9495.2
18,9495.2
31,9496.7
18,9499.8
18,9504.7
18,9510.1
18,9515.7
31,9521.4
18,9522.0
18,9530.3
13,9541.9
18,9542.1
27,9542.3
30,9542.5
21,9542.6
16,9542.7
19,9542.7
10,9542.8
8,9542.9
26,9542.9
14,9543.0
17,9543.1
31,9543.2
4,9543.2
1,9543.3
3,9543.4
24,9543.5
15,9543.5
29,9543.5
25,9543.5
0,9543.7
12,9543.8
7,9543.8
23,9543.9
6,9544.1
22,9544.5
18,9548.4
27,9549.2
21,9549.5
30,9549.7
10,9549.7
8,9550.2
31,9550.3
19,9550.5
16,9550.9
29,9551.2
14,9551.5
4,9552.0
7,9552.1
13,9552.4
3,9552.5
23,9552.6
26,9552.8
18,9553.2
1,9553.6
25,9553.7
22,9553.9
12,9553.9
15,9554.0
6,9554.1
24,9554.3
27,9555.3
21,9555.3
10,9555.6
17,9556.2
30,9556.3
8,9556.8
31,9556.9
29,9560.9
21,9561.4
10,9561.4
19,9561.7
27,9561.9
16,9562.2
0,9562.7
7,9563.0
4,9563.0
31,9564.3
23,9564.8
30,9565.0
8,9565.4
20,9566.5
18,9566.6
10,9567.6
21,9568.9
18,9570.7
27,9573.9
18,9575.1
10,9575.5
18,9579.7
18,9584.5
18,9589.7
18,9595.2
27,9597.7
18,9601.2
10,9605.5
18,9608.6
18,9622.0
27,9622.3
21,9622.6
30,9622.7
16,9622.7
19,9622.7
8,9622.9
10,9623.0
14,9623.0
17,9623.1
26,9623.1
4,9623.2
31,9623.2
1,9623.3
13,9623.4
25,9623.6
24,9623.6
29,9623.7
3,9623.7
0,9623.8
15,9623.8
23,9623.9
7,9623.9
12,9623.9
6,9624.1
22,9624.5
18,9628.4
27,9629.1
21,9629.5
30,9629.8
10,9629.9
8,9630.2
31,9630.4
19,9630.6
16,9631.0
14,9631.5
29,9631.5
4,9632.1
7,9632.3
23,9632.6
26,9632.7
1,9633.0
25,9633.1
3,9633.1
18,9633.1
15,9633.8
12,9633.9
22,9634.1
24,9634.3
6,9634.3
27,9635.2
21,9635.3
17,9635.5
13,9635.5
10,9635.8
30,9636.5
8,9636.9
31,9637.1
21,9641.5
19,9641.6
10,9641.7
29,9641.7
27,9641.9
16,9642.0
7,9643.8
4,9644.0
11,9644.2
0,9644.4
23,9645.4
31,9645.6
30,9645.7
8,9645.8
18,9646.4
2,9648.0
10,9648.1
21,9649.5
18,9650.7
27,9654.4
18,9655.1
10,9658.8
18,9659.8
18,9664.7
18,9670.1
18,9675.9
18,9682.6
21,9690.1
18,9695.8
18,9718.7
8,9750.0
11,9769.8
20,9781.8
23,9793.4
31,9812.7
10,9855.6
21,9880.0
29,9880.4
0,9934.0
21,9987.8
4,9988.4
