13,104.1
12,104.3
21,105.5
29,105.6
5,105.9
11,106.1
6,106.3
3,106.5
20,106.6
28,106.6
19,107.1
14,108.3
15,112.2
23,113.3
22,115.2
14,181.1
21,181.9
11,182.1
12,182.3
13,182.8
15,182.9
23,183.3
4,183.5
29,184.1
5,184.2
19,184.2
6,184.3
18,184.5
27,184.6
20,184.8
28,185.1
3,185.3
26,185.7
9,186.5
30,186.7
10,188.5
8,188.8
11,222.7
8,228.7
17,229.1
13,233.5
21,235.8
25,236.0
18,236.5
26,237.5
14,238.8
6,238.9
23,240.4
12,256.2
3,259.1
15,261.1
28,261.3
13,262.7
11,262.8
22,262.9
19,263.0
5,263.2
29,263.6
21,263.6
27,263.8
14,264.1
20,264.2
6,265.9
23,266.0
30,266.4
2,266.6
7,268.9
18,271.0
26,273.4
4,291.7
13,292.5
12,293.5
20,294.5
11,294.5
9,297.9
5,298.9
25,306.0
28,319.9
21,321.0
6,332.5
12,333.1
11,333.7
13,334.2
19,334.7
29,336.4
14,336.7
8,340.5
18,341.1
30,341.4
26,346.0
11,375.7
20,375.8
4,377.4
12,377.8
1,381.1
25,382.7
17,383.0
13,388.4
24,392.9
26,393.0
10,393.8
3,394.1
18,394.1
9,394.4
19,395.0
11,399.4
16,403.4
2,408.3
8,428.1
0,429.6
12,430.5
21,431.5
22,433.0
9,433.6
18,434.9
27,438.5
13,451.9
19,452.1
11,452.1
20,452.4
4,454.0
29,455.7
14,473.8
10,474.2
17,476.2
18,477.4
26,477.5
3,477.9
8,478.9
5,479.2
12,479.3
1,481.3
21,482.6
2,482.7
11,487.7
9,487.8
13,501.7
4,515.8
12,517.5
7,519.1
11,524.3
10,524.5
18,533.6
8,535.2
16,536.2
9,539.0
3,551.4
2,551.5
17,552.4
13,555.1
30,555.2
21,555.6
12,558.4
0,562.0
11,569.0
10,569.7
29,586.1
21,613.2
6,614.9
13,618.4
19,622.2
17,622.7
3,623.5
18,624.1
4,627.1
20,641.8
10,645.7
15,645.8
28,645.8
14,646.2
23,646.5
21,647.2
30,647.3
22,647.6
29,647.8
11,647.9
12,647.9
27,648.4
13,649.0
5,649.6
6,649.9
2,650.6
26,650.8
3,651.0
19,652.1
8,652.2
7,652.3
31,653.9
4,655.6
18,657.8
25,658.2
20,680.5
12,682.2
23,684.1
5,689.4
11,690.0
26,690.2
30,692.9
22,693.8
19,699.3
13,699.6
21,702.9
2,706.7
18,709.4
29,710.2
9,710.2
6,712.7
4,714.2
20,715.6
28,718.5
12,724.2
10,725.2
17,725.5
15,726.6
11,727.2
14,727.2
23,727.6
21,727.7
27,728.5
22,728.8
3,729.0
13,729.6
19,729.8
5,729.9
26,730.3
30,730.8
29,731.6
6,733.5
7,734.1
31,736.2
20,736.6
25,739.7
18,740.8
17,763.0
11,765.1
26,765.1
9,765.6
4,766.0
14,767.1
12,767.9
27,770.6
16,771.7
19,772.7
5,773.5
20,774.0
28,774.1
13,775.0
18,778.2
3,778.8
10,779.4
21,780.8
25,782.1
22,783.8
23,784.4
8,785.6
29,793.5
26,798.0
17,802.4
11,805.3
12,805.7
7,806.5
21,806.6
6,806.7
27,806.7
15,806.8
14,807.1
20,807.9
30,808.1
19,808.2
13,808.3
5,809.0
28,809.0
18,810.0
3,810.3
23,810.4
31,811.2
22,811.6
2,812.1
29,812.7
4,812.9
10,823.6
26,833.4
11,838.2
15,839.8
13,841.1
5,841.9
3,843.1
19,844.3
6,844.9
12,845.6
4,848.1
20,848.4
18,849.5
21,852.1
17,854.6
23,856.5
27,857.4
14,860.4
29,866.3
28,866.6
9,866.8
11,867.6
26,877.5
22,878.9
13,880.8
10,884.9
12,885.4
21,885.5
19,886.1
3,886.9
11,887.1
2,887.1
6,887.3
5,887.7
23,888.2
15,888.3
20,888.6
4,888.9
14,889.2
29,889.4
18,889.5
7,890.0
27,890.5
8,891.0
28,891.1
30,891.9
0,892.1
17,892.4
25,892.7
31,897.5
21,921.2
13,923.7
22,926.1
19,928.3
9,928.9
12,929.4
20,929.6
29,929.9
27,931.0
16,933.9
24,934.3
6,934.9
3,935.0
23,935.5
5,935.9
10,937.0
15,937.1
14,937.2
4,937.5
18,938.5
11,938.5
1,939.0
17,939.8
2,945.6
8,946.1
26,947.6
28,956.7
21,958.5
19,959.3
13,962.5
20,967.7
10,967.7
14,970.9
17,973.3
9,974.4
12,975.6
22,978.0
0,978.0
18,978.3
11,979.4
4,984.8
3,988.0
27,988.8
26,991.2
5,998.1
21,998.3
15,1004.5
13,1007.1
28,1008.9
20,1014.2
10,1018.9
23,1023.6
14,1024.5
25,1025.2
12,1029.4
18,1030.1
11,1030.5
8,1032.7
2,1033.3
16,1034.4
22,1039.0
6,1040.6
26,1055.6
13,1070.7
10,1080.3
11,1082.3
3,1082.3
9,1087.0
8,1092.2
4,1095.7
24,1097.7
26,1099.0
29,1099.6
14,1103.5
5,1104.3
19,1104.7
27,1106.4
17,1113.0
13,1118.1
12,1118.4
20,1120.9
11,1125.8
18,1126.0
10,1130.6
25,1130.7
28,1131.2
30,1132.6
1,1136.5
27,1136.7
31,1139.4
29,1145.9
22,1146.5
12,1147.7
19,1149.9
21,1151.1
3,1158.8
13,1159.9
24,1164.7
17,1166.8
9,1166.9
16,1174.5
18,1176.3
28,1183.6
2,1184.3
1,1185.3
11,1185.7
10,1188.1
29,1191.3
15,1197.8
22,1198.0
7,1198.1
19,1199.7
8,1202.1
3,1203.5
30,1212.9
23,1213.2
13,1222.8
27,1232.0
17,1233.4
1,1238.2
2,1251.7
8,1254.5
9,1256.2
10,1256.6
18,1258.0
16,1265.7
21,1267.8
20,1267.9
29,1268.5
28,1268.6
11,1269.2
14,1270.3
22,1270.5
6,1270.9
15,1271.1
23,1271.3
31,1271.5
13,1272.2
26,1272.2
30,1272.6
19,1272.9
27,1273.0
5,1273.2
12,1273.2
3,1274.0
17,1274.7
7,1275.8
4,1276.1
10,1285.5
9,1306.1
21,1306.9
20,1310.6
23,1311.9
22,1312.1
11,1312.5
29,1312.6
14,1313.1
28,1313.3
15,1314.2
13,1314.8
30,1317.7
12,1318.4
18,1322.2
4,1328.2
11,1348.7
12,1348.9
10,1349.4
21,1350.3
28,1351.2
29,1351.3
22,1351.7
6,1351.8
17,1351.9
23,1352.0
19,1352.1
20,1352.3
27,1352.4
13,1352.4
5,1352.7
14,1353.1
15,1353.8
3,1354.0
30,1354.7
26,1355.2
31,1355.3
8,1356.0
7,1356.2
25,1357.3
18,1357.3
1,1363.6
9,1364.4
23,1380.5
19,1382.1
11,1385.1
27,1385.9
6,1386.0
28,1386.2
26,1387.4
29,1387.8
18,1388.7
21,1388.8
2,1391.5
15,1393.4
14,1394.4
20,1395.4
4,1395.9
13,1397.2
10,1397.5
12,1397.6
5,1397.9
22,1401.2
0,1414.7
3,1419.3
23,1422.6
11,1422.9
19,1423.9
18,1425.1
30,1425.3
20,1428.5
21,1429.5
28,1429.6
27,1429.6
26,1430.7
9,1431.2
29,1431.2
14,1431.3
6,1431.5
7,1431.6
15,1431.9
22,1432.0
13,1432.2
4,1432.2
12,1432.3
5,1432.5
2,1436.1
10,1437.3
23,1437.6
31,1437.8
25,1441.3
1,1450.3
17,1461.2
11,1462.2
19,1464.5
20,1465.4
12,1468.2
3,1470.5
29,1471.4
14,1471.5
4,1472.9
13,1473.4
22,1473.6
18,1473.7
21,1475.3
16,1477.7
28,1478.0
30,1479.0
6,1483.3
23,1483.5
15,1483.6
5,1483.9
10,1485.5
11,1490.8
20,1498.1
29,1499.4
19,1507.3
14,1511.0
21,1511.8
13,1512.2
26,1512.5
22,1512.5
23,1512.8
12,1513.2
18,1513.2
27,1514.1
28,1514.5
15,1514.8
11,1515.2
5,1515.3
6,1515.5
3,1516.2
30,1516.8
29,1517.0
4,1518.2
31,1518.2
20,1518.5
17,1518.7
7,1519.5
8,1519.9
10,1523.1
2,1524.6
9,1526.7
13,1535.7
21,1535.7
29,1537.7
20,1539.7
14,1542.8
12,1547.4
22,1551.7
11,1551.9
18,1555.3
23,1556.2
28,1557.5
19,1557.8
26,1559.9
5,1560.5
17,1561.5
10,1562.9
30,1565.0
25,1565.0
16,1565.9
6,1570.0
21,1574.4
4,1574.8
13,1574.9
2,1585.6
29,1587.5
18,1591.0
11,1591.8
14,1598.8
20,1599.2
12,1600.5
22,1608.0
15,1609.1
21,1611.8
13,1612.0
10,1617.9
17,1619.2
5,1624.2
0,1627.8
18,1629.3
3,1630.6
11,1633.1
14,1639.5
26,1640.6
23,1640.6
25,1642.4
12,1643.8
30,1647.7
20,1650.3
21,1651.4
22,1656.6
13,1662.9
28,1677.5
29,1678.3
14,1681.5
11,1684.9
18,1691.4
8,1694.3
21,1703.8
20,1710.5
9,1716.0
10,1716.2
22,1716.3
1,1716.4
15,1720.4
14,1720.7
13,1726.7
2,1728.0
7,1729.6
4,1729.9
17,1731.7
6,1750.3
30,1752.9
18,1755.5
26,1758.8
10,1759.9
2,1770.6
20,1772.5
19,1772.8
25,1773.5
21,1774.2
13,1774.3
29,1774.7
27,1777.9
11,1778.2
12,1778.4
14,1784.0
17,1785.2
22,1785.8
10,1813.6
25,1826.3
13,1829.9
12,1831.7
4,1833.1
19,1838.3
11,1844.3
22,1851.1
14,1854.4
6,1860.6
30,1861.9
21,1862.2
29,1862.5
2,1870.4
5,1877.9
23,1879.0
22,1886.8
20,1887.7
12,1894.3
11,1894.4
21,1895.0
14,1896.0
19,1897.4
29,1897.6
27,1897.9
13,1898.1
28,1898.3
15,1898.4
3,1898.6
6,1898.9
23,1899.0
26,1899.1
4,1899.5
5,1900.1
17,1900.8
30,1901.0
7,1901.6
25,1902.3
18,1903.8
10,1904.2
8,1905.2
9,1905.2
24,1906.5
2,1907.4
1,1910.8
12,1923.7
11,1925.9
13,1935.0
5,1935.5
21,1938.0
14,1938.4
23,1940.0
19,1941.5
10,1941.9
22,1944.9
18,1945.6
26,1946.9
3,1947.1
4,1947.9
29,1948.7
17,1950.5
9,1950.6
20,1951.7
6,1951.9
2,1952.1
8,1953.8
15,1963.4
11,1965.4
25,1967.2
12,1968.6
7,1969.3
14,1975.9
28,1976.0
21,1976.1
13,1976.1
23,1976.4
5,1976.7
10,1976.8
19,1977.1
22,1977.5
29,1977.8
20,1978.6
30,1978.8
27,1980.0
6,1980.9
3,1981.3
18,1981.5
11,1981.6
12,1982.2
4,1983.0
26,1984.0
17,1984.1
2,1987.0
15,1987.2
13,2006.4
21,2008.2
9,2010.1
29,2012.0
8,2012.4
28,2020.2
20,2020.7
22,2021.9
11,2022.5
10,2023.7
19,2024.4
14,2025.2
23,2025.4
30,2027.7
5,2029.3
12,2030.0
3,2036.1
17,2036.8
21,2038.6
4,2039.8
6,2041.0
2,2041.6
20,2044.3
13,2044.9
11,2053.4
18,2054.8
15,2054.9
26,2055.8
25,2056.7
29,2056.9
7,2057.0
23,2057.1
19,2057.3
22,2057.5
10,2057.5
28,2057.5
1,2058.0
27,2058.1
14,2058.2
0,2058.5
12,2058.6
5,2058.7
21,2059.1
20,2060.5
6,2060.8
30,2061.0
3,2061.1
13,2061.7
17,2062.7
8,2063.3
9,2066.0
15,2083.6
23,2083.8
11,2083.9
2,2087.7
30,2088.3
6,2090.6
28,2091.1
21,2092.4
29,2092.9
14,2094.0
5,2095.3
12,2095.8
13,2098.7
19,2100.0
10,2100.1
20,2102.3
4,2102.3
3,2102.9
18,2109.6
26,2109.7
9,2111.3
22,2113.1
11,2119.3
21,2129.1
23,2132.4
17,2132.4
12,2132.9
13,2134.0
0,2134.0
19,2134.4
5,2134.8
10,2134.8
28,2134.8
6,2135.3
29,2135.4
14,2135.6
15,2135.7
30,2138.0
20,2138.0
11,2139.1
7,2139.8
8,2139.9
27,2140.0
3,2140.2
4,2140.7
18,2141.1
22,2141.1
2,2141.2
26,2141.3
31,2142.3
21,2145.2
12,2166.8
13,2168.5
15,2172.5
23,2173.1
14,2173.4
30,2174.7
5,2175.0
10,2177.7
11,2178.3
25,2180.5
21,2181.3
16,2181.9
6,2183.5
19,2188.2
20,2188.9
8,2189.4
29,2189.4
0,2189.9
9,2190.0
18,2190.8
28,2195.8
26,2197.0
3,2201.5
11,2211.9
13,2212.4
12,2212.6
14,2215.7
5,2220.0
23,2222.5
10,2223.2
1,2223.9
21,2227.1
30,2228.0
22,2228.8
6,2228.8
18,2230.1
2,2230.4
29,2231.0
15,2237.3
19,2237.8
20,2237.9
9,2242.7
17,2243.8
11,2254.3
12,2255.2
8,2256.0
13,2257.2
21,2264.1
5,2275.0
10,2280.5
0,2281.9
25,2283.9
1,2284.2
26,2284.4
3,2288.6
6,2299.3
29,2303.7
20,2305.2
13,2305.3
19,2322.2
11,2322.9
21,2324.9
18,2327.2
5,2330.8
26,2336.8
22,2341.5
14,2360.7
27,2361.2
29,2364.6
28,2365.3
30,2369.1
21,2369.6
10,2369.9
3,2372.2
17,2373.3
9,2373.5
12,2374.6
11,2374.8
18,2375.2
1,2375.5
20,2381.6
4,2386.9
5,2395.7
13,2401.6
22,2403.6
19,2408.1
11,2408.8
8,2409.1
21,2410.7
10,2418.9
1,2425.9
17,2428.9
23,2429.5
2,2436.9
3,2445.8
10,2459.6
22,2459.7
18,2460.1
11,2462.7
21,2463.0
13,2476.0
5,2476.8
14,2478.7
9,2483.8
20,2484.9
30,2486.5
8,2487.8
23,2488.3
19,2490.5
1,2491.5
29,2492.8
21,2499.1
10,2502.6
28,2512.2
11,2512.6
26,2513.3
12,2513.6
4,2515.0
18,2520.1
22,2521.4
15,2521.4
6,2521.9
13,2521.9
27,2522.0
14,2522.1
23,2522.8
19,2523.4
20,2523.6
5,2523.8
3,2523.8
21,2526.1
29,2527.5
30,2527.6
7,2527.7
31,2528.1
17,2528.8
11,2529.0
12,2531.4
0,2538.5
10,2541.8
2,2557.2
1,2557.4
11,2560.2
23,2561.1
13,2561.1
3,2561.5
5,2562.3
14,2564.3
21,2566.2
22,2568.4
29,2568.8
20,2568.9
19,2577.6
12,2584.1
27,2585.5
18,2585.7
13,2586.5
10,2588.0
31,2589.2
23,2590.6
5,2590.8
8,2592.2
17,2592.6
16,2595.7
11,2597.9
14,2598.3
9,2599.3
20,2599.4
21,2600.8
1,2600.8
15,2601.5
22,2602.0
6,2602.5
13,2602.6
29,2603.0
30,2603.1
26,2603.2
23,2603.2
5,2603.3
28,2603.4
4,2603.8
12,2604.2
3,2604.3
19,2604.5
2,2604.9
18,2607.7
7,2607.7
27,2608.9
25,2609.0
11,2628.3
10,2630.2
13,2636.6
17,2637.0
12,2638.1
20,2638.8
21,2639.5
5,2642.3
3,2646.4
14,2647.4
6,2648.6
19,2649.9
22,2651.7
29,2653.0
23,2653.8
30,2653.8
18,2657.1
2,2658.8
0,2659.6
11,2670.7
15,2679.9
13,2680.6
21,2680.7
28,2681.1
14,2682.0
26,2682.1
12,2682.2
23,2682.7
7,2682.9
5,2683.1
6,2683.5
27,2683.6
20,2683.6
22,2683.7
29,2683.8
10,2685.0
19,2685.5
3,2685.5
11,2686.1
4,2686.5
30,2687.1
18,2687.4
25,2687.5
17,2688.0
9,2689.0
8,2689.7
24,2690.5
2,2696.2
13,2704.0
15,2707.3
5,2709.2
6,2709.7
14,2710.1
16,2712.1
10,2716.1
26,2717.2
12,2726.6
21,2726.6
23,2728.8
11,2729.3
20,2730.6
19,2731.8
28,2731.9
22,2733.1
30,2735.4
3,2735.7
29,2736.2
13,2736.8
17,2738.8
14,2739.0
4,2740.1
27,2742.7
31,2743.7
5,2747.6
2,2748.5
18,2749.2
15,2752.1
10,2760.6
12,2760.9
11,2761.0
21,2761.8
13,2762.7
6,2763.1
29,2763.5
23,2763.7
0,2763.7
30,2764.4
28,2764.8
8,2764.9
22,2764.9
26,2765.2
25,2765.7
20,2766.0
5,2766.1
14,2766.5
3,2767.1
19,2767.3
9,2767.4
7,2769.3
4,2773.0
2,2780.5
11,2792.7
27,2794.9
21,2795.1
18,2795.9
12,2798.3
29,2801.4
13,2802.0
23,2803.7
20,2805.2
10,2805.7
26,2806.2
17,2807.1
30,2813.3
6,2813.6
3,2814.4
14,2814.5
5,2815.6
15,2817.5
11,2827.7
0,2829.4
2,2833.0
19,2833.1
18,2834.6
10,2834.8
22,2835.3
21,2838.1
26,2840.6
20,2841.3
23,2841.4
27,2842.3
13,2844.0
12,2844.7
29,2850.6
28,2851.1
4,2854.0
5,2857.1
25,2857.9
11,2858.4
14,2863.5
6,2868.9
20,2873.8
9,2880.4
10,2880.9
21,2881.3
18,2881.4
22,2882.7
24,2883.5
12,2885.6
17,2886.3
25,2889.4
26,2889.6
19,2889.6
27,2890.3
28,2891.7
13,2899.8
11,2912.7
20,2918.1
8,2924.1
12,2927.2
3,2928.0
4,2928.2
21,2928.4
2,2934.3
5,2937.6
13,2941.0
14,2941.6
18,2941.7
19,2945.5
30,2948.0
25,2951.7
16,2961.9
0,2962.1
29,2965.7
11,2966.3
20,2967.7
17,2968.9
26,2969.0
27,2969.0
10,2969.2
23,2973.9
31,2984.7
18,3001.6
14,3008.1
22,3008.4
20,3009.8
21,3010.0
5,3010.9
19,3016.3
29,3017.4
27,3019.0
12,3020.6
2,3022.2
30,3039.4
23,3045.0
28,3045.2
21,3046.4
13,3046.7
4,3047.3
22,3048.6
14,3049.1
20,3050.8
17,3060.8
15,3074.4
3,3083.9
29,3085.4
12,3089.2
13,3089.4
21,3094.3
26,3096.6
4,3106.4
18,3111.4
17,3113.9
5,3114.7
9,3136.9
10,3138.0
8,3138.7
22,3140.2
19,3143.3
12,3143.5
21,3144.4
13,3145.1
29,3145.1
26,3145.5
18,3145.7
20,3146.0
23,3146.6
2,3146.6
14,3146.8
28,3147.1
6,3147.5
15,3147.6
11,3147.7
17,3148.0
5,3148.0
3,3149.4
7,3151.6
27,3152.1
31,3152.6
30,3153.0
4,3153.2
25,3163.9
10,3171.1
20,3181.0
12,3182.5
26,3184.1
23,3184.3
11,3184.8
13,3186.5
19,3187.6
29,3188.1
18,3190.1
21,3191.7
30,3192.8
22,3196.4
28,3196.8
14,3197.6
17,3205.9
2,3213.2
31,3220.3
30,3221.8
21,3222.3
15,3225.0
29,3225.2
12,3225.4
22,3225.7
14,3225.7
23,3225.9
13,3226.0
11,3226.5
5,3226.8
6,3227.0
1,3227.4
4,3227.4
20,3227.5
19,3227.6
28,3228.2
3,3228.4
26,3228.7
27,3229.2
18,3229.4
10,3229.4
17,3229.8
8,3229.9
16,3230.2
25,3231.5
7,3231.5
0,3232.2
13,3253.1
9,3258.6
12,3263.0
21,3263.7
30,3263.9
14,3264.6
5,3266.4
11,3267.7
29,3268.0
1,3268.9
22,3269.6
20,3270.7
17,3272.0
26,3272.6
23,3274.5
3,3274.7
19,3275.8
28,3276.7
18,3281.3
25,3289.5
13,3295.0
21,3300.2
11,3303.5
12,3303.9
29,3305.3
4,3305.8
27,3306.0
20,3306.5
14,3306.6
15,3306.6
31,3306.9
6,3307.0
10,3307.1
28,3307.2
22,3307.5
30,3307.6
23,3307.8
5,3308.1
2,3308.2
13,3308.7
7,3309.3
3,3309.8
0,3309.8
8,3309.9
19,3310.4
18,3311.4
26,3311.4
17,3312.6
9,3315.3
24,3316.5
16,3317.6
25,3319.3
15,3330.7
14,3331.0
23,3333.0
30,3336.2
11,3336.9
17,3338.8
12,3340.1
26,3342.1
18,3343.5
10,3345.3
22,3348.2
3,3350.4
20,3351.2
19,3351.3
9,3352.5
21,3353.3
13,3353.8
28,3354.7
29,3357.2
7,3369.4
31,3370.9
23,3373.7
11,3376.3
15,3379.9
8,3381.3
30,3381.7
14,3384.1
12,3384.4
18,3385.6
17,3386.2
22,3386.5
21,3386.9
26,3387.1
10,3387.6
28,3387.7
13,3387.7
29,3387.9
6,3388.3
5,3388.6
20,3388.7
4,3389.7
19,3390.0
3,3390.7
27,3391.0
11,3391.2
23,3392.4
25,3397.4
16,3404.6
0,3410.8
28,3414.2
21,3414.6
18,3416.0
12,3416.0
29,3417.1
22,3421.3
13,3424.7
10,3425.5
26,3443.3
5,3445.9
20,3446.1
19,3446.8
11,3447.1
23,3450.0
18,3451.2
3,3451.9
21,3452.5
27,3457.4
25,3460.4
12,3463.0
28,3465.6
29,3466.4
15,3467.2
30,3470.2
22,3470.9
14,3471.9
13,3474.2
17,3485.8
19,3486.5
8,3488.1
11,3490.2
20,3490.5
10,3493.3
24,3506.5
18,3507.4
16,3507.6
5,3509.1
21,3509.6
12,3510.3
3,3510.8
4,3510.8
13,3529.9
29,3535.9
30,3538.6
23,3540.9
15,3542.2
11,3547.6
2,3548.3
22,3550.5
26,3550.8
25,3553.7
10,3555.3
12,3559.2
21,3566.9
5,3568.8
20,3575.3
9,3575.3
27,3576.1
0,3576.1
3,3576.8
13,3602.7
18,3603.7
17,3604.7
25,3608.5
26,3608.7
10,3608.9
30,3610.5
1,3614.1
28,3616.1
22,3619.0
6,3620.2
11,3631.5
9,3637.7
29,3640.6
19,3645.1
10,3654.1
20,3655.5
21,3659.5
15,3659.9
12,3660.8
23,3661.8
13,3670.5
5,3671.7
17,3677.0
18,3679.3
25,3682.6
10,3683.1
26,3685.3
22,3685.5
11,3686.0
14,3686.8
9,3689.0
3,3694.3
4,3694.5
6,3700.2
16,3720.8
8,3723.4
30,3726.9
23,3729.3
20,3738.4
12,3740.1
28,3740.2
11,3744.5
3,3744.8
10,3745.0
1,3745.5
9,3747.1
14,3747.4
7,3749.9
21,3759.0
19,3768.7
5,3768.8
12,3769.0
20,3769.3
22,3769.3
4,3770.3
11,3770.7
27,3771.2
13,3771.3
30,3771.4
15,3771.5
23,3771.8
14,3771.8
6,3772.1
29,3772.5
18,3772.6
2,3774.3
17,3774.3
28,3774.4
26,3774.4
21,3775.3
31,3775.4
3,3776.0
10,3779.2
8,3779.3
25,3792.8
12,3800.1
20,3801.8
11,3802.5
22,3803.3
19,3806.6
29,3810.0
23,3810.4
30,3814.2
2,3814.8
18,3816.7
14,3820.3
13,3821.1
3,3823.1
11,3832.9
26,3833.3
21,3836.8
10,3837.1
9,3837.9
17,3838.5
12,3839.4
20,3841.6
0,3844.3
28,3849.3
15,3851.0
22,3851.1
5,3851.2
19,3851.3
24,3851.4
11,3851.6
14,3851.8
23,3851.9
29,3852.0
6,3852.1
27,3852.3
7,3852.6
13,3852.6
16,3852.7
30,3853.2
18,3853.6
21,3854.4
2,3854.4
4,3854.6
3,3854.8
8,3854.8
12,3856.0
31,3857.4
20,3857.5
26,3858.7
1,3859.1
9,3864.2
10,3864.5
17,3877.4
29,3880.1
28,3882.6
23,3883.1
22,3885.4
21,3888.4
14,3890.7
13,3890.8
30,3891.1
5,3891.3
2,3892.1
31,3892.2
15,3892.5
12,3892.9
18,3893.7
6,3894.1
0,3895.2
11,3900.2
3,3900.7
20,3911.1
4,3911.4
19,3912.1
23,3916.3
10,3920.9
22,3923.0
14,3925.5
13,3926.4
26,3927.2
30,3927.3
5,3927.5
29,3927.8
21,3927.9
18,3927.9
28,3928.1
9,3929.2
12,3929.5
11,3929.9
15,3930.0
27,3930.2
1,3931.1
6,3932.1
16,3932.4
8,3932.6
31,3933.0
17,3933.6
23,3934.5
20,3934.7
3,3934.9
19,3936.6
2,3937.1
7,3937.5
4,3938.8
25,3938.8
0,3957.4
18,3959.2
10,3960.8
12,3965.8
13,3967.0
29,3973.1
21,3973.2
11,3973.8
20,3974.1
28,3975.9
27,3978.1
14,3980.0
4,3980.7
5,3981.2
19,3981.9
2,3982.1
9,3982.6
30,3983.2
6,3984.4
17,3984.5
25,3987.3
3,3987.6
26,3991.4
23,3991.7
8,3992.2
22,3992.6
18,3995.2
10,4002.4
12,4009.1
11,4010.1
15,4011.2
20,4011.2
13,4011.4
19,4011.6
21,4011.6
29,4012.1
23,4012.7
14,4012.7
28,4013.0
27,4013.4
5,4013.8
1,4013.8
30,4014.0
6,4014.0
4,4014.7
3,4015.0
31,4015.4
22,4015.6
7,4017.3
18,4023.2
2,4023.3
26,4024.3
17,4025.9
10,4028.0
13,4032.7
5,4032.9
6,4033.3
20,4035.4
9,4036.1
15,4038.8
23,4040.8
14,4041.5
12,4044.3
21,4045.7
4,4047.0
25,4051.2
11,4052.6
29,4053.5
19,4053.8
28,4055.2
22,4055.3
27,4055.3
18,4055.8
20,4059.1
26,4066.8
30,4071.2
2,4071.3
13,4072.6
12,4073.4
5,4073.9
10,4074.4
21,4074.8
23,4077.2
1,4078.4
9,4078.6
14,4079.3
31,4080.2
28,4083.2
19,4085.4
11,4086.7
6,4086.9
15,4087.4
29,4089.2
7,4093.4
20,4093.6
4,4095.0
18,4097.7
3,4100.2
13,4105.7
21,4106.5
27,4106.5
30,4107.5
5,4109.0
22,4109.9
12,4110.1
10,4111.1
14,4111.9
17,4111.9
23,4117.3
2,4118.7
11,4123.4
25,4125.8
19,4126.3
26,4126.4
29,4127.3
8,4129.2
9,4133.0
16,4136.7
1,4138.1
6,4140.4
28,4140.7
4,4141.9
20,4141.9
10,4143.4
18,4143.7
13,4148.1
3,4148.1
12,4149.5
21,4149.8
17,4152.1
5,4152.9
11,4156.8
30,4159.9
29,4169.1
15,4177.9
19,4178.3
25,4179.8
14,4181.8
26,4181.9
20,4183.1
21,4184.4
18,4184.6
12,4184.6
23,4185.4
28,4186.4
13,4187.7
27,4188.2
10,4188.9
3,4191.3
11,4191.3
22,4196.5
17,4197.0
9,4198.5
6,4202.1
30,4202.3
5,4206.5
7,4208.2
29,4209.8
20,4210.4
19,4216.4
23,4219.3
12,4219.4
13,4220.8
21,4221.2
4,4222.8
14,4230.0
26,4235.0
18,4237.1
28,4239.2
11,4240.0
27,4240.7
22,4242.7
10,4244.9
30,4249.2
20,4249.4
25,4250.0
29,4251.2
19,4254.5
17,4256.1
13,4267.6
21,4269.1
3,4271.3
8,4271.7
0,4272.7
12,4274.3
11,4276.9
18,4278.8
29,4301.2
26,4304.9
27,4305.2
20,4307.2
19,4308.3
30,4309.0
22,4309.7
10,4310.0
17,4310.0
4,4310.6
12,4311.1
2,4313.2
13,4343.8
21,4346.1
9,4353.1
18,4362.2
26,4366.2
20,4366.4
19,4369.2
10,4369.3
8,4370.5
29,4372.2
6,4373.7
23,4386.5
4,4391.0
2,4391.1
11,4393.8
13,4393.8
30,4394.8
12,4395.0
15,4395.2
22,4395.4
14,4395.4
31,4395.6
5,4396.0
21,4396.2
27,4397.3
7,4397.5
28,4397.6
6,4397.7
19,4397.9
17,4398.0
20,4398.0
3,4398.4
18,4398.6
29,4399.1
1,4401.2
10,4402.6
23,4403.8
26,4407.5
13,4429.8
21,4432.1
12,4432.3
14,4434.3
30,4437.1
22,4437.3
4,4439.4
25,4442.8
16,4443.1
29,4446.1
18,4448.3
11,4449.7
28,4451.6
6,4455.6
10,4460.7
3,4462.5
8,4463.5
9,4465.9
5,4468.8
13,4470.8
15,4474.2
14,4474.8
12,4474.8
21,4475.1
20,4475.5
23,4475.8
19,4475.8
7,4476.1
11,4476.2
22,4476.7
6,4476.7
4,4477.3
30,4478.0
29,4478.3
26,4478.6
17,4479.4
18,4479.7
27,4480.8
28,4480.8
31,4481.1
10,4495.5
2,4496.9
12,4504.2
21,4506.6
5,4506.9
13,4510.0
23,4511.1
9,4513.7
14,4516.0
11,4518.1
24,4523.2
19,4523.8
29,4524.3
20,4527.3
15,4531.3
6,4538.8
10,4543.1
28,4545.0
4,4545.6
21,4551.4
12,4552.0
14,4554.5
13,4554.8
11,4555.1
5,4555.4
15,4555.7
23,4556.0
7,4556.3
19,4556.3
22,4556.5
3,4556.9
6,4557.2
30,4557.2
20,4557.3
29,4557.7
27,4558.1
18,4558.4
31,4559.3
26,4560.0
16,4561.6
17,4561.9
8,4570.7
0,4572.4
2,4575.2
11,4582.8
5,4584.2
13,4586.5
10,4589.9
6,4594.3
25,4597.2
14,4598.5
18,4599.0
19,4600.1
26,4601.2
1,4601.8
9,4604.5
23,4605.3
21,4605.5
12,4607.2
20,4607.7
28,4609.2
29,4609.8
30,4614.4
11,4618.2
13,4623.1
5,4632.9
22,4633.2
14,4633.5
15,4635.1
12,4635.2
3,4635.5
19,4635.8
6,4636.0
7,4636.3
27,4636.4
20,4636.5
21,4636.5
10,4636.6
11,4636.6
4,4636.9
17,4636.9
18,4637.0
13,4637.1
23,4637.5
26,4637.7
29,4640.0
30,4640.8
28,4640.9
15,4664.4
23,4664.9
12,4670.9
21,4673.5
13,4673.5
5,4674.0
19,4674.8
20,4675.6
6,4675.9
14,4676.7
7,4679.2
22,4680.7
31,4681.1
29,4681.9
4,4685.1
11,4695.2
17,4700.6
21,4704.9
26,4707.8
18,4712.6
19,4714.1
10,4716.1
20,4716.2
9,4716.6
1,4716.9
8,4717.1
14,4717.5
27,4717.5
30,4717.7
12,4717.8
13,4717.9
5,4719.2
3,4719.3
15,4721.1
23,4722.2
29,4722.8
22,4723.3
28,4728.1
25,4728.4
6,4731.3
4,4741.3
0,4741.4
11,4745.9
7,4746.1
10,4749.5
12,4749.8
21,4750.0
5,4750.2
19,4751.2
17,4752.0
20,4752.1
18,4752.7
13,4753.1
31,4754.1
3,4760.8
14,4761.3
2,4761.7
29,4766.0
22,4771.1
30,4771.3
23,4776.4
21,4786.6
11,4789.8
10,4790.8
25,4794.2
19,4795.7
5,4796.4
12,4797.9
20,4801.1
29,4803.1
27,4805.4
28,4807.2
30,4807.2
13,4811.9
21,4815.6
9,4816.0
18,4816.1
14,4816.9
16,4817.0
26,4817.6
1,4819.4
2,4821.3
17,4822.7
22,4828.5
6,4829.1
15,4830.6
3,4830.9
23,4831.0
4,4831.4
10,4833.2
11,4835.7
5,4836.1
13,4837.2
19,4839.0
8,4841.7
29,4859.3
25,4860.0
0,4861.0
12,4864.8
14,4871.9
21,4874.0
28,4874.0
17,4874.5
30,4875.1
20,4875.6
22,4876.0
26,4884.2
9,4889.4
1,4889.8
10,4892.4
6,4897.9
13,4901.5
14,4919.3
2,4933.0
11,4934.2
21,4934.4
12,4936.2
18,4937.0
30,4939.3
22,4940.6
1,4943.0
0,4944.5
9,4946.4
4,4948.8
3,4956.2
20,4958.6
5,4959.8
28,4960.7
29,4963.0
14,4964.4
19,4969.7
10,4974.4
8,4975.4
27,4978.5
17,4978.8
11,4980.8
22,4998.6
21,5000.2
30,5001.8
23,5018.4
13,5020.2
15,5020.3
12,5020.7
11,5021.0
19,5021.1
6,5021.2
14,5021.4
20,5021.8
5,5022.1
28,5022.3
4,5022.6
7,5024.0
22,5024.9
29,5025.1
21,5025.4
18,5025.9
30,5026.3
17,5026.3
1,5026.3
3,5026.6
2,5026.8
27,5027.0
25,5027.6
10,5027.7
16,5028.2
31,5029.2
8,5030.2
9,5032.1
0,5034.3
13,5045.7
14,5051.3
12,5052.1
5,5055.1
21,5062.7
22,5063.7
11,5070.7
19,5073.0
10,5073.4
7,5073.7
20,5074.0
13,5074.5
18,5077.4
27,5078.8
17,5079.3
29,5080.4
12,5080.5
25,5084.5
24,5086.2
14,5087.0
6,5087.7
5,5094.2
4,5094.8
15,5100.0
21,5100.4
13,5100.6
22,5100.9
30,5101.8
23,5102.1
28,5102.1
14,5102.2
19,5103.0
11,5103.5
20,5103.6
12,5105.5
7,5106.9
10,5108.2
1,5108.5
2,5108.7
9,5108.7
29,5108.7
18,5110.4
31,5110.7
3,5111.0
17,5113.2
8,5123.3
22,5141.7
30,5142.6
14,5144.2
19,5146.1
13,5146.2
16,5146.8
18,5147.6
23,5149.7
21,5150.3
11,5150.7
15,5151.9
20,5152.5
12,5152.5
5,5158.3
3,5159.3
26,5180.1
14,5180.5
13,5180.5
15,5180.7
6,5181.0
12,5181.1
19,5181.1
27,5181.3
28,5181.3
22,5182.1
7,5182.2
29,5182.3
30,5182.4
21,5182.5
20,5182.5
17,5182.6
23,5182.8
11,5182.8
18,5183.0
5,5183.7
31,5185.0
25,5185.6
4,5185.9
10,5186.5
1,5186.7
2,5189.3
0,5189.6
8,5191.2
3,5199.0
14,5210.9
22,5211.2
19,5214.7
13,5215.1
20,5219.5
6,5219.8
30,5220.0
21,5220.9
18,5221.3
12,5222.7
26,5223.0
15,5223.2
5,5230.9
10,5231.0
23,5231.8
11,5235.6
4,5241.1
2,5243.2
25,5249.5
14,5252.0
28,5252.1
7,5254.8
19,5256.6
18,5258.9
13,5259.2
15,5260.1
12,5260.2
22,5260.3
6,5261.0
3,5261.1
20,5261.1
21,5261.4
23,5261.6
30,5261.7
11,5262.1
5,5262.5
27,5262.6
26,5262.9
29,5263.2
17,5263.8
14,5265.2
4,5265.7
1,5266.6
10,5266.9
16,5270.4
31,5271.0
2,5280.5
12,5289.9
20,5290.8
13,5291.6
19,5295.7
21,5296.3
6,5296.8
18,5298.6
28,5300.1
23,5300.8
22,5302.9
30,5305.2
14,5306.3
15,5307.3
5,5309.5
27,5310.0
26,5314.7
17,5315.3
10,5318.7
11,5319.7
9,5321.2
13,5322.3
12,5322.3
24,5327.3
20,5329.1
19,5331.0
18,5343.3
22,5353.4
23,5356.2
14,5358.8
12,5360.9
2,5362.1
6,5363.8
13,5364.1
15,5364.4
20,5364.8
5,5365.9
29,5368.8
10,5370.6
3,5373.0
27,5373.7
11,5375.4
19,5377.1
30,5381.4
1,5382.0
21,5386.3
22,5389.1
25,5403.0
14,5406.1
18,5406.9
2,5408.3
10,5409.4
12,5415.7
13,5418.3
20,5418.8
23,5420.6
31,5423.4
19,5434.2
16,5434.6
0,5434.9
7,5443.6
5,5446.7
3,5447.7
20,5451.7
12,5453.7
22,5454.6
14,5456.4
15,5459.1
13,5463.7
10,5467.7
28,5467.9
21,5467.9
9,5468.6
30,5468.8
17,5471.7
1,5477.9
0,5483.9
19,5484.8
18,5487.0
29,5487.2
11,5489.5
12,5490.1
20,5491.5
3,5492.4
8,5501.4
21,5512.2
22,5515.9
16,5515.9
23,5522.4
10,5534.7
2,5535.2
30,5537.4
28,5538.6
29,5540.0
27,5541.5
13,5542.0
14,5542.4
20,5546.8
21,5548.4
12,5548.9
5,5554.1
15,5555.2
19,5575.1
17,5577.7
6,5581.2
14,5582.7
25,5583.2
13,5584.6
9,5584.7
12,5584.9
2,5586.4
10,5589.4
20,5591.6
7,5598.4
5,5599.0
1,5603.2
21,5608.2
19,5611.3
26,5613.4
22,5613.8
23,5613.8
28,5614.1
31,5614.4
11,5620.3
6,5624.2
4,5624.6
12,5625.7
13,5626.1
14,5627.7
27,5644.4
20,5645.3
29,5645.6
30,5645.6
15,5646.6
5,5646.6
9,5646.8
13,5647.0
21,5647.1
3,5647.3
17,5647.4
18,5647.5
12,5647.7
7,5648.4
10,5648.5
11,5648.9
25,5648.9
28,5649.1
19,5649.6
26,5650.0
14,5650.5
22,5652.2
23,5652.3
1,5652.5
8,5652.7
2,5652.9
24,5652.9
6,5653.2
16,5653.3
4,5655.2
5,5675.9
20,5676.7
21,5678.1
11,5681.0
17,5681.6
31,5682.1
18,5682.6
30,5683.1
26,5683.4
23,5683.9
28,5684.4
25,5685.0
15,5685.8
9,5686.5
29,5686.8
3,5686.8
14,5687.1
13,5687.3
27,5687.6
19,5689.2
10,5691.9
12,5692.2
2,5696.4
4,5699.3
6,5699.7
20,5701.5
5,5719.4
1,5723.2
11,5724.3
7,5725.2
15,5726.0
22,5726.1
14,5726.2
18,5726.2
13,5726.3
17,5726.3
27,5726.3
28,5726.5
20,5726.5
19,5726.7
30,5726.9
12,5726.9
9,5727.6
21,5727.7
3,5728.2
26,5728.3
23,5728.7
25,5728.8
29,5729.1
10,5730.3
6,5731.0
4,5731.1
2,5735.4
31,5737.8
13,5750.6
11,5754.0
17,5754.1
14,5754.3
29,5754.5
20,5754.9
15,5756.0
21,5756.5
5,5757.7
12,5760.4
22,5762.4
6,5765.8
8,5765.8
19,5767.3
3,5767.3
23,5768.8
30,5769.0
1,5770.6
25,5771.9
18,5772.1
27,5773.6
26,5773.6
28,5780.6
10,5782.1
9,5785.6
7,5789.5
13,5791.6
20,5794.7
14,5795.1
29,5795.6
11,5798.0
17,5798.1
22,5798.8
23,5799.4
21,5801.4
15,5801.7
19,5802.4
5,5802.6
12,5803.3
4,5803.8
13,5806.7
18,5806.9
30,5807.1
27,5808.3
3,5808.5
6,5808.5
25,5810.8
2,5811.0
26,5811.8
20,5812.5
10,5813.9
1,5813.9
7,5814.5
14,5815.3
28,5816.5
19,5820.9
11,5822.5
17,5833.3
12,5834.3
29,5841.0
18,5841.8
22,5842.4
13,5843.0
5,5844.8
21,5844.9
31,5851.6
15,5852.1
14,5853.8
20,5854.2
3,5856.3
8,5858.6
30,5859.4
10,5860.6
23,5861.3
25,5865.5
16,5866.1
0,5867.3
6,5868.0
2,5869.1
1,5870.0
9,5872.8
19,5874.6
11,5874.7
26,5880.5
13,5881.2
4,5881.2
5,5881.7
12,5882.9
28,5883.1
14,5885.1
15,5885.3
17,5885.9
20,5886.0
18,5886.3
7,5886.5
21,5887.0
22,5887.1
27,5887.2
29,5887.4
30,5888.8
3,5889.5
25,5890.1
10,5890.1
23,5892.1
11,5894.0
2,5894.3
31,5895.3
19,5895.4
1,5895.6
17,5921.0
10,5921.7
12,5923.1
25,5924.3
13,5929.1
20,5929.3
14,5931.4
11,5931.9
18,5932.5
5,5933.0
29,5938.4
19,5939.4
28,5939.6
27,5943.9
3,5944.0
2,5944.7
21,5945.5
4,5948.2
12,5955.3
20,5959.2
30,5959.6
23,5959.8
13,5961.2
22,5961.6
31,5964.6
10,5968.7
11,5968.8
17,5969.2
9,5969.5
25,5971.6
18,5971.7
26,5972.9
1,5973.4
19,5976.0
27,5984.2
21,5986.4
14,5987.7
29,5990.3
28,5992.1
20,5998.1
18,6002.5
2,6003.2
11,6005.2
6,6005.9
17,6006.9
25,6007.2
19,6007.3
3,6007.7
10,6010.1
12,6017.1
13,6019.8
30,6020.2
21,6022.8
4,6029.4
5,6029.8
8,6031.6
9,6034.0
11,6034.6
18,6038.4
20,6043.8
24,6045.2
17,6055.3
10,6058.4
22,6059.4
19,6059.6
1,6059.8
28,6061.2
12,6067.8
13,6069.0
14,6070.7
29,6070.8
11,6071.6
27,6072.3
21,6073.2
23,6085.2
5,6093.2
26,6093.2
20,6094.0
6,6094.1
18,6095.4
16,6095.4
2,6095.6
13,6096.0
25,6097.5
4,6097.9
0,6098.6
12,6102.7
17,6102.8
19,6104.0
10,6110.9
11,6116.7
9,6118.5
21,6127.7
25,6128.2
8,6129.9
30,6130.8
5,6132.3
18,6133.7
29,6134.2
3,6142.0
20,6143.0
19,6146.2
12,6146.6
1,6146.8
17,6147.1
11,6149.2
10,6154.0
24,6156.0
22,6158.3
31,6159.8
27,6160.4
28,6161.9
14,6167.6
18,6174.4
13,6174.5
9,6186.8
8,6187.2
30,6189.7
21,6190.2
17,6191.3
10,6197.8
19,6203.6
20,6204.3
12,6205.6
11,6205.9
3,6207.3
2,6218.2
4,6218.8
13,6222.6
5,6226.7
0,6230.5
14,6231.5
9,6231.6
10,6231.8
26,6236.2
28,6237.1
27,6237.3
18,6237.4
21,6237.7
17,6238.3
30,6240.5
11,6247.0
20,6247.4
29,6250.5
19,6262.2
12,6265.5
3,6267.6
28,6270.2
13,6270.5
23,6270.5
7,6270.8
15,6271.0
22,6271.5
18,6271.6
5,6271.7
20,6271.7
6,6272.1
31,6272.3
21,6272.5
27,6272.9
9,6273.0
30,6273.0
25,6273.3
29,6274.0
14,6275.0
17,6276.1
10,6276.3
11,6276.5
2,6276.7
26,6277.9
16,6278.0
4,6280.3
19,6281.1
12,6290.0
18,6304.5
10,6307.0
23,6311.3
28,6315.0
30,6315.8
20,6316.1
21,6319.9
22,6320.4
1,6320.7
13,6321.0
25,6321.5
11,6324.9
19,6326.6
17,6327.0
3,6327.9
29,6327.9
9,6329.8
12,6341.9
27,6345.5
4,6347.1
10,6347.1
18,6348.9
13,6349.6
15,6349.8
7,6349.9
14,6350.1
22,6350.4
30,6350.4
5,6350.6
23,6350.9
20,6351.0
21,6351.0
6,6351.6
28,6352.4
31,6352.7
29,6354.1
19,6355.0
26,6355.2
11,6355.6
25,6356.2
17,6356.7
12,6357.6
1,6357.8
3,6358.1
9,6361.4
8,6363.9
0,6374.9
13,6380.4
6,6380.8
5,6380.8
18,6382.0
21,6383.4
14,6383.9
29,6385.2
20,6385.3
12,6385.4
22,6385.5
30,6389.5
23,6390.7
7,6391.1
11,6394.3
19,6397.1
15,6399.6
10,6399.7
28,6401.2
17,6405.4
13,6420.3
14,6425.4
21,6427.2
22,6429.2
18,6429.7
11,6430.0
5,6430.7
12,6430.7
23,6430.8
30,6430.8
15,6431.1
27,6431.1
7,6431.4
20,6431.5
6,6431.6
29,6431.8
16,6433.2
9,6433.2
25,6434.2
31,6434.3
26,6434.4
19,6434.4
3,6434.5
17,6435.1
28,6435.1
2,6435.2
13,6435.7
1,6436.0
4,6436.9
10,6437.3
24,6437.9
23,6467.4
30,6467.5
21,6467.5
14,6467.9
20,6468.5
12,6468.6
18,6469.1
29,6469.2
11,6469.2
22,6470.0
15,6472.4
5,6475.4
25,6478.9
19,6479.2
6,6479.9
13,6482.2
27,6489.1
26,6489.4
28,6489.7
0,6495.3
10,6497.7
2,6499.1
17,6501.4
8,6508.7
29,6509.9
12,6510.2
11,6510.3
7,6510.5
23,6510.7
30,6510.8
20,6510.8
15,6510.9
13,6511.1
21,6511.3
22,6511.5
14,6511.5
3,6512.5
18,6512.7
19,6513.3
5,6513.8
31,6514.0
6,6515.5
1,6515.9
9,6516.3
4,6516.7
25,6516.8
28,6517.4
27,6517.7
20,6541.1
21,6542.9
12,6543.1
30,6543.8
29,6545.0
13,6549.0
23,6549.4
2,6550.6
11,6551.8
10,6552.9
22,6556.6
19,6559.9
28,6560.3
15,6562.0
26,6562.7
17,6565.2
27,6568.4
18,6571.4
3,6571.9
14,6573.2
7,6575.3
20,6577.0
8,6577.4
1,6578.4
9,6579.6
0,6581.4
21,6581.7
30,6584.1
12,6587.9
29,6589.6
2,6594.2
11,6594.8
13,6596.3
10,6602.3
23,6606.2
19,6607.0
26,6608.2
16,6609.4
25,6610.2
14,6621.2
3,6621.3
20,6621.4
5,6626.3
15,6626.5
4,6626.8
12,6629.5
21,6632.3
1,6633.7
2,6639.4
11,6640.4
30,6642.5
7,6645.7
29,6650.3
13,6650.3
23,6652.2
19,6658.1
27,6659.0
5,6663.3
14,6664.1
3,6679.1
10,6680.1
25,6680.6
12,6681.0
24,6681.1
26,6682.3
28,6682.5
15,6683.8
4,6685.9
16,6690.4
13,6691.1
29,6692.1
23,6696.6
11,6701.2
20,6701.4
27,6713.3
30,6713.4
17,6726.1
8,6726.6
18,6726.7
19,6728.6
9,6728.7
12,6731.6
26,6733.2
20,6734.2
1,6746.4
14,6746.6
6,6748.0
10,6751.8
11,6753.1
2,6753.7
22,6753.9
13,6754.1
9,6759.8
23,6759.9
18,6760.1
8,6764.1
21,6771.3
4,6773.4
27,6773.9
19,6776.4
3,6779.4
10,6784.1
29,6785.8
20,6786.2
1,6804.4
30,6805.6
12,6806.2
17,6807.2
16,6807.9
26,6809.6
21,6814.6
18,6816.3
13,6817.7
31,6817.8
9,6818.2
22,6827.9
2,6836.6
0,6836.7
10,6837.1
28,6838.1
19,6838.3
17,6838.5
8,6839.1
11,6839.2
20,6840.8
1,6847.8
21,6853.7
18,6858.3
14,6864.9
6,6870.5
25,6872.6
13,6874.2
12,6875.7
17,6876.2
5,6886.4
19,6889.8
20,6891.4
11,6892.6
28,6895.3
18,6895.3
10,6895.7
30,6895.8
15,6896.1
23,6896.1
7,6896.3
21,6896.6
31,6896.7
22,6896.8
3,6897.0
14,6897.0
29,6897.1
12,6897.8
2,6897.9
13,6899.4
16,6899.7
26,6900.0
9,6902.3
25,6903.3
8,6904.7
1,6904.8
17,6905.0
27,6905.6
5,6906.7
18,6926.4
10,6928.4
21,6934.4
11,6934.7
23,6937.1
5,6937.3
12,6937.9
22,6938.6
13,6938.8
30,6939.8
0,6940.3
14,6940.3
28,6942.4
26,6943.3
25,6943.4
19,6946.7
17,6949.0
1,6954.4
9,6957.0
8,6958.0
10,6963.4
2,6965.3
3,6967.9
29,6969.7
20,6971.0
4,6973.0
15,6973.4
18,6973.9
31,6974.2
12,6974.2
21,6974.4
7,6975.1
11,6975.1
19,6975.3
23,6975.3
14,6975.5
22,6975.5
30,6975.6
28,6975.7
6,6976.6
13,6976.7
5,6977.3
25,6978.9
27,6979.4
26,6981.1
17,6985.9
10,6999.9
8,7000.1
14,7005.0
20,7006.7
21,7006.7
30,7007.5
13,7008.1
5,7008.3
22,7008.4
18,7009.5
28,7011.6
11,7013.1
12,7013.6
15,7015.4
23,7015.6
29,7020.2
19,7022.4
2,7030.2
3,7030.5
27,7035.6
21,7036.2
26,7038.3
25,7038.5
20,7040.5
9,7041.5
1,7042.7
10,7043.4
14,7045.0
0,7045.3
11,7045.5
18,7046.1
13,7051.3
12,7051.3
28,7051.4
5,7054.3
22,7054.6
30,7055.5
23,7055.6
7,7055.8
15,7055.8
31,7056.1
19,7056.1
21,7057.2
29,7058.4
4,7059.6
14,7060.3
6,7061.7
16,7062.0
2,7062.2
25,7063.7
27,7065.2
24,7065.9
17,7065.9
8,7066.2
20,7066.8
26,7067.2
3,7068.0
10,7085.8
22,7089.0
30,7091.7
23,7091.7
13,7092.4
19,7094.9
12,7095.2
11,7097.3
21,7097.5
15,7098.0
7,7098.0
5,7098.5
18,7100.6
14,7103.6
25,7107.6
28,7111.1
29,7113.3
2,7114.3
20,7118.2
6,7118.6
4,7123.1
13,7123.3
17,7124.2
22,7128.3
30,7130.5
10,7132.1
12,7133.1
16,7133.5
15,7134.2
23,7134.7
14,7134.7
21,7135.7
27,7136.0
7,7136.1
31,7136.5
5,7137.8
8,7139.3
18,7139.4
9,7139.4
28,7139.5
29,7139.5
19,7139.6
20,7139.6
13,7139.8
25,7139.9
1,7140.4
0,7143.8
11,7144.3
22,7147.6
6,7148.4
2,7157.6
23,7175.4
5,7176.4
30,7176.9
14,7177.1
21,7177.8
13,7177.9
12,7178.8
15,7181.5
10,7187.2
22,7189.4
18,7190.4
3,7192.0
19,7192.2
20,7192.7
11,7195.5
28,7197.2
29,7204.5
27,7210.6
12,7215.0
13,7215.3
5,7218.1
6,7219.5
21,7220.0
14,7223.4
25,7224.2
23,7225.4
17,7226.1
26,7226.6
22,7229.0
30,7229.5
8,7229.7
9,7231.1
15,7237.1
4,7240.4
18,7241.5
3,7243.1
12,7250.4
20,7250.7
31,7254.1
5,7257.0
11,7261.3
21,7263.4
19,7264.2
14,7266.8
29,7270.6
13,7271.4
23,7273.0
22,7277.7
18,7303.1
15,7303.4
1,7304.9
10,7308.1
5,7308.4
12,7309.2
28,7309.6
21,7310.1
2,7310.1
20,7310.3
3,7310.7
14,7318.2
11,7319.2
22,7322.4
29,7323.4
27,7327.6
30,7327.8
13,7328.8
19,7329.3
18,7334.7
20,7335.7
23,7336.2
4,7339.9
24,7343.9
17,7344.1
12,7349.8
28,7357.9
21,7358.9
10,7359.6
3,7365.0
14,7368.3
5,7370.4
15,7372.0
29,7376.0
18,7379.6
26,7387.6
25,7388.6
20,7390.4
4,7391.9
11,7393.1
12,7393.2
10,7396.9
13,7403.0
6,7403.4
23,7406.5
17,7407.7
1,7411.1
30,7411.8
22,7412.7
5,7416.1
31,7418.1
28,7419.2
21,7419.6
12,7433.9
11,7437.0
3,7439.3
20,7445.6
10,7449.0
4,7450.7
14,7451.2
29,7452.8
23,7463.4
22,7466.3
19,7466.3
26,7470.6
21,7471.9
28,7473.7
12,7484.4
14,7492.4
10,7496.2
1,7496.6
2,7496.8
8,7496.8
5,7497.3
13,7498.4
20,7503.0
4,7504.6
27,7509.5
25,7510.0
9,7512.4
26,7516.5
21,7522.4
22,7522.4
7,7522.6
10,7522.7
19,7523.2
15,7523.3
24,7523.6
28,7523.6
12,7523.9
18,7524.0
31,7524.4
30,7524.8
23,7525.0
17,7525.3
14,7526.0
11,7526.6
29,7527.2
0,7527.7
13,7527.8
25,7527.9
1,7527.9
3,7528.0
8,7528.9
20,7528.9
5,7531.8
9,7542.0
19,7557.1
12,7558.1
10,7559.2
21,7561.9
20,7562.2
11,7562.4
18,7563.5
16,7564.7
25,7564.7
17,7565.2
22,7567.3
29,7568.1
30,7573.8
9,7584.6
14,7588.6
6,7589.9
10,7591.6
12,7593.3
18,7597.7
19,7600.1
13,7600.2
31,7600.9
20,7601.2
21,7601.4
23,7601.6
27,7601.9
22,7602.1
11,7602.2
15,7602.8
26,7602.8
28,7603.5
17,7603.5
5,7603.9
7,7604.0
25,7604.9
3,7605.5
1,7606.3
30,7606.9
0,7607.1
29,7607.6
14,7608.0
8,7609.3
4,7610.7
16,7611.2
10,7611.6
12,7624.6
9,7626.4
18,7632.5
2,7633.7
17,7635.3
5,7639.1
26,7641.0
13,7641.4
20,7642.5
11,7644.2
1,7644.4
6,7645.6
23,7645.9
19,7646.7
25,7646.9
21,7647.1
22,7648.2
14,7648.2
15,7648.9
0,7650.0
10,7650.1
8,7652.2
28,7654.7
27,7657.4
12,7664.0
18,7677.7
17,7680.0
20,7681.4
26,7681.7
25,7682.2
14,7682.2
10,7682.5
7,7682.5
30,7682.7
19,7683.4
16,7683.5
21,7683.6
24,7684.3
28,7684.3
22,7684.4
29,7684.4
9,7684.5
15,7684.6
23,7684.7
2,7684.9
13,7685.2
5,7685.2
3,7685.8
27,7686.0
11,7686.4
31,7686.4
12,7686.8
1,7686.9
0,7690.7
6,7691.6
8,7703.1
18,7713.4
4,7713.6
12,7714.2
19,7714.4
20,7714.7
5,7718.9
21,7719.6
11,7719.6
13,7720.8
29,7723.6
22,7723.8
14,7724.8
27,7726.0
28,7726.7
26,7726.9
10,7727.3
17,7728.3
25,7730.3
23,7731.5
1,7733.4
9,7736.1
3,7737.7
16,7738.8
2,7739.8
19,7747.6
12,7748.6
20,7748.7
11,7758.2
6,7758.3
21,7760.4
18,7760.6
30,7761.3
14,7761.9
13,7762.0
4,7762.0
5,7762.1
28,7762.3
10,7762.4
22,7762.7
17,7763.6
25,7763.9
31,7763.9
27,7764.2
19,7764.2
15,7764.3
7,7764.3
26,7765.2
24,7766.7
0,7766.9
23,7767.2
29,7767.4
8,7767.9
1,7768.5
9,7769.3
20,7779.3
10,7794.0
18,7794.2
28,7794.7
25,7795.1
13,7795.3
12,7795.4
27,7795.7
17,7801.4
11,7809.1
14,7809.9
22,7810.1
19,7812.7
21,7813.4
3,7814.7
29,7819.5
15,7822.6
20,7828.5
23,7828.7
13,7836.5
6,7836.8
30,7838.9
10,7840.8
28,7842.6
16,7842.8
18,7844.1
19,7847.3
25,7848.8
12,7849.1
22,7850.7
27,7851.0
14,7854.3
11,7859.3
26,7859.5
9,7860.4
21,7861.2
24,7861.6
0,7863.9
29,7864.1
20,7867.9
10,7879.0
1,7880.4
18,7882.4
28,7882.9
19,7888.2
17,7890.4
25,7890.7
27,7891.2
12,7896.2
14,7897.8
30,7898.0
13,7904.3
20,7907.0
22,7907.1
21,7907.8
29,7908.1
11,7911.0
5,7911.8
4,7912.8
23,7914.2
0,7914.4
7,7915.5
15,7916.6
6,7916.7
8,7918.0
9,7918.6
10,7919.8
28,7920.0
18,7930.8
17,7934.9
16,7936.6
25,7937.5
27,7939.8
26,7941.5
13,7942.0
20,7948.2
29,7953.0
14,7953.9
21,7959.6
30,7963.2
12,7967.7
11,7970.0
3,7975.8
10,7976.6
13,7986.7
17,7993.5
23,7995.4
20,7996.5
14,8014.9
26,8016.1
19,8017.2
18,8017.4
9,8017.5
21,8017.6
29,8017.7
4,8020.3
27,8021.1
28,8021.6
12,8023.4
7,8023.4
2,8024.3
11,8024.3
20,8026.2
25,8041.1
17,8044.0
8,8044.7
10,8046.2
6,8055.2
5,8058.1
18,8066.1
12,8068.4
20,8074.2
1,8077.4
9,8077.5
19,8088.3
13,8097.4
18,8107.8
16,8113.1
15,8113.4
21,8125.6
10,8126.8
19,8128.4
27,8129.1
26,8132.5
9,8133.9
23,8136.0
7,8136.7
4,8137.2
14,8138.1
30,8138.5
12,8138.5
13,8146.0
22,8147.2
28,8147.8
25,8147.9
20,8148.0
5,8148.0
21,8148.2
31,8148.2
29,8148.2
17,8149.0
15,8151.9
18,8152.1
19,8152.2
11,8152.4
23,8152.7
14,8153.7
27,8156.2
26,8158.8
12,8173.7
22,8175.7
21,8177.1
20,8179.4
29,8180.5
28,8180.6
13,8183.3
19,8183.3
11,8184.6
30,8186.3
3,8186.6
18,8201.4
14,8208.0
16,8208.5
23,8209.3
21,8211.0
9,8213.8
15,8213.9
22,8214.7
20,8220.3
26,8221.7
12,8224.9
13,8225.3
29,8225.6
28,8225.8
19,8226.1
30,8226.3
5,8226.3
17,8226.5
8,8226.9
2,8227.0
25,8227.1
6,8227.3
31,8227.3
11,8227.6
21,8227.9
27,8228.4
7,8229.8
14,8229.8
18,8231.1
23,8231.6
4,8231.6
22,8231.7
20,8232.4
10,8233.2
0,8233.9
15,8233.9
1,8234.9
24,8235.4
13,8256.3
19,8258.0
29,8259.8
11,8260.2
12,8260.5
28,8260.7
14,8260.8
20,8261.0
21,8261.1
4,8263.7
22,8269.1
7,8270.5
30,8277.8
17,8279.9
18,8280.8
10,8281.0
23,8281.7
9,8282.5
31,8284.8
27,8286.7
8,8287.3
13,8287.7
25,8290.4
11,8291.4
21,8292.0
12,8292.4
19,8292.9
14,8295.1
28,8296.1
29,8303.7
26,8304.9
20,8305.7
18,8305.7
22,8305.8
30,8306.9
17,8307.0
5,8307.3
10,8308.1
1,8308.3
15,8308.5
13,8308.7
6,8310.5
21,8310.5
7,8310.7
3,8311.0
23,8311.1
31,8311.1
14,8311.4
19,8312.0
24,8312.6
12,8313.0
27,8313.4
25,8314.2
28,8314.8
11,8315.0
9,8317.9
20,8339.3
29,8340.3
22,8342.8
5,8343.1
10,8344.7
18,8345.2
21,8346.0
13,8346.6
2,8348.1
11,8348.3
14,8348.4
30,8353.7
17,8356.4
19,8365.6
27,8367.8
1,8368.9
28,8369.8
12,8374.7
8,8377.5
20,8380.3
9,8380.8
22,8385.7
14,8386.1
29,8386.2
21,8386.3
25,8386.3
13,8386.5
30,8386.6
3,8386.9
5,8387.2
23,8387.9
11,8387.9
31,8388.5
18,8389.8
26,8390.1
15,8390.1
17,8390.7
10,8390.7
6,8390.8
19,8390.8
28,8391.4
7,8392.0
4,8392.6
12,8392.8
0,8394.9
20,8395.0
24,8395.3
27,8395.5
2,8395.6
21,8417.4
13,8419.7
14,8422.3
22,8425.9
29,8427.8
11,8430.3
5,8434.3
30,8435.3
10,8435.9
1,8438.5
28,8439.6
26,8441.1
20,8442.8
18,8442.8
9,8443.3
4,8444.0
2,8445.5
19,8451.2
21,8458.0
12,8464.0
6,8469.0
11,8470.3
7,8471.1
13,8474.7
25,8474.9
14,8475.0
3,8478.5
5,8480.3
22,8481.8
29,8483.2
15,8485.1
20,8486.1
26,8486.4
28,8491.4
21,8497.4
30,8498.5
23,8502.1
18,8514.5
14,8518.1
31,8519.8
20,8524.0
11,8524.6
29,8524.9
0,8525.0
13,8527.0
19,8535.8
21,8549.1
27,8549.5
26,8556.6
22,8568.6
14,8580.6
10,8584.7
25,8598.9
6,8608.2
5,8608.7
20,8613.8
2,8618.8
19,8618.9
29,8620.5
21,8620.9
17,8622.2
12,8632.0
11,8642.4
10,8646.6
20,8651.2
28,8651.6
21,8658.4
13,8667.9
30,8671.3
14,8672.5
23,8673.1
31,8674.1
19,8675.3
12,8676.1
29,8678.3
27,8678.8
11,8685.4
20,8687.8
6,8690.2
4,8699.2
21,8700.4
8,8705.3
10,8720.6
25,8720.8
18,8721.5
11,8725.2
0,8727.4
28,8729.3
14,8731.6
12,8733.0
13,8733.8
20,8739.0
30,8747.8
4,8749.8
11,8757.3
29,8770.2
19,8771.5
27,8771.5
3,8771.7
26,8771.9
21,8772.0
18,8772.0
22,8772.2
12,8772.8
28,8772.8
23,8773.6
17,8773.6
31,8773.6
20,8773.7
14,8773.8
15,8774.1
5,8774.3
30,8774.8
7,8775.2
13,8775.3
11,8776.1
25,8776.6
4,8777.6
24,8777.7
6,8778.2
9,8783.0
22,8802.7
14,8803.8
13,8804.7
10,8810.8
29,8811.2
12,8812.0
21,8812.8
20,8813.8
19,8815.2
23,8815.5
11,8815.5
18,8820.4
4,8820.5
26,8828.2
3,8833.6
22,8833.7
30,8834.6
25,8834.7
14,8835.5
20,8838.5
13,8839.0
7,8840.2
6,8840.4
12,8841.6
9,8841.8
11,8846.0
27,8847.0
10,8849.6
28,8850.3
19,8851.8
17,8852.3
1,8853.0
21,8853.4
29,8853.7
31,8853.8
18,8854.0
23,8854.3
30,8854.8
22,8855.5
15,8855.8
5,8857.0
25,8857.1
4,8857.3
20,8857.4
14,8857.8
26,8858.0
12,8858.1
24,8858.7
16,8859.0
13,8861.3
3,8864.7
2,8865.1
11,8877.0
21,8879.4
9,8887.5
19,8888.3
28,8889.9
22,8890.9
29,8892.8
10,8898.2
27,8901.3
23,8903.0
20,8903.3
18,8903.7
12,8905.7
14,8908.4
21,8908.7
30,8911.6
4,8912.5
13,8916.7
0,8917.0
2,8918.0
11,8918.1
3,8918.4
17,8919.5
25,8920.2
5,8922.5
1,8923.8
19,8923.8
28,8924.7
10,8930.7
20,8931.3
26,8931.7
27,8932.0
31,8932.1
29,8932.1
12,8932.5
22,8932.6
30,8933.4
18,8934.0
21,8934.6
24,8935.6
23,8936.0
9,8936.0
14,8936.7
6,8937.0
16,8937.6
15,8938.0
11,8938.5
7,8938.6
13,8940.3
4,8940.9
25,8941.2
5,8954.7
20,8958.5
21,8959.4
14,8961.9
29,8963.2
28,8964.1
11,8966.2
22,8968.1
12,8968.7
19,8969.7
10,8984.4
13,8985.9
4,8987.4
18,8988.6
23,8991.0
27,8991.7
17,8995.2
30,8995.7
2,8998.5
9,9000.2
20,9000.4
21,9007.2
28,9008.9
25,9010.1
26,9010.2
11,9010.3
19,9010.7
18,9011.4
12,9012.2
29,9012.4
3,9012.4
22,9012.4
31,9012.8
14,9013.0
5,9015.0
15,9016.8
24,9017.1
17,9017.3
7,9017.9
13,9018.0
23,9018.2
27,9018.4
4,9018.8
10,9019.3
20,9019.5
30,9020.0
16,9020.2
1,9020.4
29,9043.3
22,9043.4
21,9043.6
18,9047.2
12,9047.8
19,9048.4
28,9048.8
20,9049.8
26,9051.4
10,9053.0
11,9056.3
27,9057.7
30,9059.0
0,9059.0
14,9059.8
17,9062.3
13,9067.5
2,9068.0
18,9075.6
25,9078.0
1,9078.7
12,9081.9
21,9082.1
19,9082.5
22,9084.3
3,9084.5
5,9085.3
29,9086.5
10,9088.2
28,9090.7
20,9091.4
26,9092.2
23,9098.8
11,9100.8
13,9102.8
4,9108.0
14,9108.3
27,9119.9
12,9120.0
18,9120.4
16,9126.6
21,9130.8
1,9131.5
17,9131.9
20,9133.7
19,9134.1
29,9135.1
28,9148.3
10,9148.8
25,9153.1
9,9155.7
11,9158.9
13,9162.6
5,9167.1
18,9168.3
0,9169.5
17,9170.5
2,9170.7
4,9171.5
12,9173.7
16,9174.0
20,9176.2
3,9176.7
26,9178.0
19,9178.7
10,9181.1
24,9181.6
22,9185.2
23,9185.7
21,9187.7
28,9188.4
30,9189.1
27,9189.7
29,9190.8
7,9192.2
14,9192.5
13,9193.3
31,9200.1
18,9204.1
1,9205.0
9,9208.0
17,9228.9
10,9229.4
12,9230.4
2,9230.5
11,9231.0
5,9231.6
20,9232.4
21,9239.4
16,9248.1
8,9249.0
28,9254.3
27,9254.9
29,9256.7
13,9260.3
4,9263.6
6,9263.7
14,9264.0
20,9266.0
10,9275.5
17,9290.8
30,9291.2
21,9292.2
31,9294.5
12,9297.3
18,9300.7
19,9302.6
9,9307.7
20,9310.5
27,9316.9
8,9321.2
0,9322.0
10,9323.3
15,9324.0
14,9324.2
11,9326.3
29,9338.5
18,9338.6
7,9339.0
22,9340.0
30,9340.5
17,9344.2
26,9344.9
13,9346.6
12,9347.9
6,9349.6
25,9352.0
20,9359.4
19,9360.9
18,9390.6
10,9391.1
3,9391.8
4,9392.0
28,9392.8
11,9393.0
0,9395.6
20,9395.7
14,9395.8
30,9396.0
22,9396.2
27,9396.3
29,9396.4
12,9396.5
19,9396.8
9,9396.9
13,9397.2
15,9397.4
23,9397.5
17,9397.6
26,9397.8
31,9398.4
25,9398.4
2,9398.5
5,9398.8
21,9399.1
8,9399.8
24,9401.3
16,9402.2
6,9406.5
7,9409.7
18,9427.1
4,9428.5
11,9429.5
12,9430.8
3,9431.2
20,9431.7
28,9432.6
10,9433.2
19,9433.5
5,9433.7
14,9435.5
21,9437.5
29,9441.1
26,9441.5
9,9442.2
17,9444.7
22,9447.6
1,9460.3
12,9463.6
8,9463.8
20,9465.2
11,9465.3
0,9465.6
6,9466.4
5,9467.6
15,9469.0
18,9470.0
13,9471.5
25,9475.6
14,9476.3
19,9476.4
28,9476.4
4,9476.6
30,9476.7
22,9476.8
10,9476.9
27,9478.0
21,9478.3
29,9478.3
31,9478.4
23,9478.6
2,9478.9
3,9479.3
9,9479.6
17,9480.7
26,9481.3
12,9481.7
11,9482.2
20,9483.0
16,9483.0
24,9483.2
7,9484.7
5,9489.1
18,9491.4
13,9505.6
8,9506.5
22,9509.0
14,9512.1
19,9515.1
20,9515.7
4,9517.2
10,9517.4
30,9520.8
26,9521.2
2,9522.7
18,9522.9
9,9523.5
21,9525.3
12,9525.5
23,9526.1
11,9526.3
25,9527.2
29,9528.3
3,9530.1
17,9531.1
28,9531.5
27,9532.6
16,9540.9
14,9548.7
5,9550.1
19,9550.9
13,9554.9
22,9555.3
18,9555.5
30,9556.3
20,9556.5
12,9556.9
29,9558.4
31,9559.0
23,9559.1
10,9559.5
11,9559.6
26,9559.8
3,9560.0
6,9560.4
8,9560.7
28,9560.7
21,9560.7
4,9560.8
0,9561.1
1,9561.7
25,9562.3
27,9562.3
24,9563.2
9,9563.2
15,9563.7
17,9564.4
7,9565.2
2,9566.7
14,9566.7
19,9580.8
20,9592.9
22,9594.7
11,9595.2
12,9596.1
13,9597.6
21,9600.2
5,9602.7
27,9603.2
30,9603.5
18,9604.1
26,9604.4
29,9604.6
17,9609.6
23,9612.8
6,9613.3
14,9617.4
4,9620.4
10,9620.5
12,9622.1
19,9629.1
0,9629.6
20,9632.4
9,9633.9
22,9636.0
28,9636.0
30,9636.6
21,9636.7
1,9636.8
18,9637.0
13,9637.2
29,9637.3
31,9637.4
11,9637.6
2,9638.1
8,9639.7
5,9640.0
14,9641.1
3,9641.5
26,9641.6
12,9642.1
25,9642.4
23,9642.8
17,9643.0
15,9643.2
27,9644.1
4,9644.6
19,9644.7
24,9645.0
16,9648.4
6,9648.5
5,9674.6
11,9676.4
12,9676.9
10,9677.9
21,9678.9
20,9679.2
18,9680.0
22,9680.1
14,9681.5
30,9682.8
23,9682.8
13,9684.7
31,9685.0
3,9687.1
17,9687.3
25,9687.8
0,9687.8
9,9688.2
26,9689.8
2,9691.6
29,9692.2
1,9695.5
6,9704.8
7,9705.4
19,9706.6
8,9713.2
11,9715.6
20,9716.9
12,9721.4
5,9727.5
16,9729.6
18,9731.2
3,9731.8
2,9731.8
21,9733.9
25,9735.1
14,9742.3
13,9743.9
28,9745.8
23,9748.2
11,9748.6
19,9748.9
4,9749.2
26,9750.6
9,9752.3
0,9753.7
10,9754.2
12,9755.9
20,9756.2
6,9756.2
17,9760.1
22,9767.9
25,9768.9
5,9769.0
18,9770.1
30,9770.3
21,9770.7
27,9771.5
13,9776.5
29,9778.3
11,9784.0
2,9787.0
10,9790.2
4,9792.3
20,9794.1
19,9795.1
18,9798.8
26,9799.7
28,9800.9
12,9801.1
17,9807.0
6,9810.8
15,9812.8
21,9812.9
9,9812.9
5,9813.0
14,9813.2
23,9813.4
13,9820.4
10,9822.6
11,9824.2
20,9826.7
25,9828.7
29,9835.6
2,9840.2
22,9843.0
12,9848.7
27,9848.9
19,9850.2
18,9850.5
21,9852.9
26,9855.4
10,9861.2
9,9865.7
7,9870.5
14,9871.2
17,9871.2
23,9871.5
0,9872.6
30,9874.4
31,9875.0
5,9877.9
13,9878.2
1,9878.7
11,9881.5
20,9882.8
12,9891.3
16,9899.4
24,9899.9
22,9905.9
8,9908.0
4,9910.3
10,9912.4
19,9913.0
9,9922.7
11,9929.9
20,9930.5
5,9931.0
28,9931.7
12,9935.3
21,9942.4
3,9944.4
14,9947.9
26,9949.2
23,9950.6
22,9952.7
18,9956.8
10,9958.7
25,9968.1
17,9968.4
19,9972.8
13,9973.6
6,9973.7
11,9974.2
29,9975.8
4,9979.4
2,9980.4
20,9981.8
5,9984.1
12,9989.0
27,9989.0
14,9994.9
22,9996.6
21,9996.9
