36,25.0
128,47.2
252,53.0
315,54.0
31,66.3
286,71.3
216,89.7
298,91.4
211,92.8
316,94.2
138,97.9
144,98.6
31,98.9
199,99.2
370,99.8
382,100.0
137,100.3
324,100.8
287,101.2
203,102.1
218,102.3
335,102.7
69,103.1
254,103.8
77,104.3
261,104.7
282,104.8
147,105.1
376,105.1
33,105.5
128,105.6
45,107.1
320,107.1
126,107.3
357,107.9
280,108.0
62,108.2
27,108.3
334,109.2
279,109.4
83,109.6
231,111.6
123,113.7
160,120.3
46,127.5
130,147.0
259,148.9
29,149.7
376,155.6
297,158.8
131,164.8
148,166.0
339,166.4
281,171.2
90,175.0
103,175.0
138,177.0
65,177.8
31,178.0
165,178.5
370,179.1
382,179.2
137,179.3
258,179.6
324,180.1
287,180.4
335,181.1
203,181.3
218,181.6
353,182.4
69,182.5
348,182.7
254,182.9
77,183.6
98,183.6
33,183.8
261,183.9
282,184.0
147,184.1
228,185.0
41,185.1
45,185.1
320,186.0
280,186.3
363,186.3
253,186.4
126,186.4
73,186.7
168,186.7
357,186.9
15,187.0
76,187.2
27,187.5
202,187.5
62,187.5
334,187.6
262,187.9
91,187.9
230,188.1
279,188.4
217,189.2
178,189.9
322,190.0
199,190.2
378,197.6
298,197.8
88,199.0
115,201.3
12,201.3
212,202.2
192,207.5
340,210.5
139,212.5
191,215.1
51,216.0
165,218.4
127,219.1
330,219.2
242,221.6
102,224.7
244,225.6
1,226.0
42,228.0
32,228.0
294,228.7
303,231.2
268,232.5
279,233.2
173,233.6
253,234.0
137,235.2
297,238.0
41,238.2
338,238.6
354,242.6
31,249.0
121,252.3
73,254.3
138,257.1
287,257.3
370,259.1
382,259.2
376,260.2
324,260.2
335,261.2
203,261.3
218,262.0
69,262.4
254,263.2
282,264.1
147,264.1
77,264.1
261,264.2
33,264.2
137,264.4
66,264.9
45,265.3
320,265.8
170,266.1
280,266.4
231,267.3
126,267.5
357,267.5
334,267.9
27,268.9
171,269.5
65,269.5
342,271.1
289,272.8
214,274.0
60,278.1
99,279.1
50,281.2
120,286.0
193,291.2
257,291.9
84,291.9
124,296.4
288,300.9
33,302.2
319,309.0
163,310.2
221,313.1
5,314.1
144,316.0
249,316.3
185,319.4
53,324.7
292,326.7
327,327.8
36,328.3
16,329.8
267,329.9
70,330.4
316,330.7
79,331.4
59,336.5
203,336.6
97,337.0
277,337.3
375,337.7
261,338.4
281,340.6
254,340.7
61,341.0
40,346.0
151,347.4
94,347.5
124,347.8
55,351.4
4,356.5
263,357.6
187,359.0
96,361.0
255,366.2
366,369.2
161,371.6
72,372.2
62,374.3
351,375.0
206,375.6
289,380.2
172,383.1
204,384.9
242,387.2
164,387.9
299,388.5
122,390.1
157,390.3
107,391.0
222,392.1
332,397.8
240,399.0
53,400.3
378,402.4
65,404.2
14,405.0
118,405.8
15,406.0
361,415.5
153,417.2
148,424.5
101,425.3
202,426.7
364,427.6
226,428.6
91,428.9
245,429.5
295,432.2
372,434.5
342,444.8
213,445.5
311,445.6
120,448.3
218,449.4
244,450.4
184,455.4
366,456.0
352,459.6
92,460.1
343,465.8
270,469.1
346,470.0
212,470.1
275,470.2
19,471.7
13,472.2
40,472.6
195,473.3
76,475.4
58,475.8
126,476.1
165,476.5
175,477.1
135,477.7
216,477.9
68,480.2
151,481.5
149,481.8
0,483.2
16,484.8
185,487.0
183,490.6
15,491.3
247,494.6
174,497.7
121,499.0
63,504.4
370,507.7
82,508.0
369,509.0
173,509.5
324,509.9
16,512.1
249,513.6
166,515.2
93,515.3
36,515.5
102,517.8
38,519.6
14,520.4
24,521.3
238,522.2
108,529.5
202,529.8
146,530.8
96,533.9
293,534.8
8,536.2
123,537.6
86,539.8
52,542.8
117,543.3
105,546.6
167,546.8
130,549.9
220,550.9
56,551.2
261,552.6
45,556.1
11,556.3
354,560.0
228,560.2
184,563.2
22,568.1
290,572.9
182,573.0
43,576.5
368,579.0
12,581.4
96,583.9
37,587.8
191,590.5
211,592.5
137,592.8
291,592.9
328,595.5
155,600.6
371,602.3
249,602.8
326,605.7
356,606.9
40,609.9
150,615.7
333,617.0
301,617.7
142,618.3
199,619.8
23,620.5
6,622.3
123,624.8
111,633.7
312,638.1
315,639.5
139,640.4
138,642.6
137,643.4
370,643.7
31,644.1
382,644.5
157,644.5
324,644.7
287,645.4
168,645.8
69,646.2
218,646.3
247,646.4
335,646.4
261,646.8
203,646.8
282,647.3
319,647.4
228,647.5
45,647.7
147,647.8
77,648.2
254,648.5
33,648.7
126,648.9
376,648.9
202,649.0
15,649.7
367,649.9
320,650.0
76,650.5
280,650.6
27,650.8
357,651.1
70,651.4
279,651.4
334,651.8
41,652.4
231,653.0
38,653.3
91,653.9
345,654.6
86,654.8
73,655.3
207,657.9
304,659.2
4,659.7
187,663.2
133,664.6
243,665.9
266,666.8
7,668.3
170,672.2
309,674.1
334,675.1
28,681.4
60,683.6
276,684.8
215,686.3
324,688.5
335,695.5
59,700.0
192,700.4
122,700.9
365,702.9
71,703.3
181,703.7
107,704.0
88,709.0
194,709.3
216,712.4
57,715.1
343,719.5
317,719.8
138,721.9
370,723.5
31,723.7
137,723.7
382,723.9
324,724.7
287,724.9
282,725.6
203,726.1
335,726.4
218,726.7
280,726.8
69,727.4
254,727.8
45,728.0
147,728.2
376,728.4
168,728.5
334,728.7
77,728.8
133,728.8
33,729.1
261,729.6
269,729.8
320,729.9
228,730.1
279,731.1
217,731.3
357,731.6
253,731.9
27,732.4
202,732.6
199,732.8
232,733.9
41,733.9
349,734.4
15,735.9
353,737.1
361,743.0
176,743.9
206,744.1
359,746.0
296,747.4
302,751.3
338,752.5
285,752.5
248,754.9
308,758.2
86,758.7
34,760.0
303,760.6
132,761.4
151,762.7
305,764.8
125,766.0
25,766.5
295,767.4
311,767.9
265,773.5
211,775.0
178,775.8
244,776.2
55,776.8
121,778.3
197,778.3
374,778.5
355,781.1
47,784.7
246,787.0
252,789.8
200,791.1
359,791.2
273,793.1
330,794.6
349,794.8
83,799.9
141,800.9
320,801.3
350,801.5
138,802.0
39,802.0
251,803.1
31,803.6
370,803.8
137,804.0
382,804.0
324,804.2
335,805.0
287,805.0
27,805.2
203,806.8
282,806.9
69,807.2
218,807.2
85,807.5
15,807.6
376,808.5
280,808.8
147,808.8
158,808.9
45,809.0
254,809.0
116,809.2
33,809.3
140,809.4
334,809.5
77,809.7
261,810.3
76,810.4
171,810.6
338,810.8
231,811.4
119,811.7
126,811.8
279,811.8
91,812.1
357,812.3
303,812.5
133,812.8
86,813.2
228,813.6
56,816.7
21,818.8
351,819.3
67,820.2
285,823.2
229,825.1
191,828.2
301,830.9
30,832.1
170,834.8
329,836.2
108,839.4
75,840.4
241,842.2
128,843.3
126,844.1
19,850.5
91,854.9
120,855.6
323,857.6
357,858.6
341,859.2
114,860.2
258,860.8
290,866.8
182,870.7
2,872.0
34,873.2
167,874.1
272,874.8
283,876.4
316,880.6
65,881.3
138,882.0
105,883.5
31,883.8
303,883.8
370,883.8
382,884.0
137,884.4
324,884.9
287,885.0
147,885.0
335,885.5
371,885.8
320,886.3
203,886.7
69,887.5
282,887.8
218,887.8
15,887.9
51,888.3
376,888.3
254,888.4
27,888.8
45,889.2
33,889.3
41,889.4
77,889.4
280,889.7
126,889.9
200,890.3
334,890.7
76,891.2
178,891.8
128,891.9
279,892.5
152,892.6
251,892.7
202,893.0
261,893.8
224,896.7
91,897.5
183,899.8
276,902.0
116,903.3
374,904.4
96,906.1
110,907.7
275,910.0
210,915.3
378,916.1
63,916.5
360,918.3
130,919.3
272,921.6
195,922.7
97,924.1
144,924.2
340,927.6
334,928.3
138,929.1
289,930.5
291,931.7
100,931.9
190,932.0
213,933.7
87,933.9
177,934.2
98,934.3
108,935.6
13,940.9
192,941.4
102,941.9
147,942.8
58,944.4
309,944.7
214,945.2
126,947.8
225,949.3
326,949.6
304,949.6
180,952.1
256,952.4
364,955.6
168,956.1
54,958.4
49,961.1
153,961.6
201,962.5
196,962.9
123,963.4
135,965.5
278,965.8
115,967.7
112,970.7
48,971.3
79,972.7
313,977.6
366,978.2
217,978.6
69,980.9
342,984.0
253,985.0
51,988.2
344,990.4
266,992.4
137,997.9
181,1000.8
351,1001.4
297,1001.6
262,1002.7
3,1011.2
149,1011.5
114,1015.3
18,1016.0
234,1017.3
27,1019.1
186,1020.3
260,1020.9
341,1021.3
173,1025.6
306,1026.5
155,1027.9
91,1031.6
340,1034.0
140,1036.3
42,1039.0
125,1045.5
244,1051.3
99,1053.0
267,1061.1
331,1063.1
235,1067.0
296,1073.8
307,1074.2
113,1075.6
291,1077.3
2,1078.1
20,1081.2
303,1081.4
281,1083.2
198,1085.3
337,1089.2
1,1089.3
216,1091.2
203,1092.6
339,1093.1
318,1093.9
38,1094.5
284,1096.1
78,1098.1
300,1099.1
132,1099.9
210,1100.9
381,1100.9
258,1102.8
227,1104.7
57,1107.0
336,1107.2
286,1107.9
212,1109.3
383,1109.4
47,1111.3
176,1113.5
120,1114.8
352,1118.7
268,1119.9
97,1120.6
217,1121.4
21,1123.2
230,1124.1
293,1126.5
310,1126.8
295,1127.0
175,1127.4
73,1127.5
319,1128.1
160,1128.4
347,1130.1
169,1132.9
87,1133.8
383,1134.1
70,1134.5
263,1139.1
4,1139.8
298,1140.5
321,1140.8
64,1141.5
311,1142.4
328,1142.8
218,1146.7
325,1152.0
315,1152.0
157,1153.1
8,1154.1
229,1154.7
239,1156.7
290,1158.9
291,1159.8
252,1160.1
121,1160.8
13,1162.2
322,1164.0
186,1165.0
148,1170.2
376,1170.2
145,1170.6
118,1170.9
236,1173.3
287,1176.9
5,1178.5
264,1179.3
14,1181.8
368,1184.7
273,1187.0
356,1189.3
189,1192.6
85,1192.9
155,1194.2
215,1195.8
254,1196.2
93,1197.0
145,1198.4
159,1199.3
76,1204.7
329,1205.8
181,1211.0
193,1212.1
106,1215.5
280,1216.5
88,1217.4
365,1217.8
199,1222.8
2,1224.6
179,1225.5
262,1225.8
362,1226.5
59,1227.4
52,1229.3
202,1233.4
313,1233.6
44,1237.4
350,1237.9
234,1238.3
159,1247.8
39,1247.9
105,1249.0
17,1250.0
90,1251.8
148,1252.0
18,1254.4
107,1254.5
172,1257.0
295,1257.1
265,1261.6
323,1263.3
103,1264.0
98,1264.7
106,1266.5
345,1267.4
138,1267.5
188,1268.8
335,1268.8
287,1268.8
31,1268.9
382,1269.3
370,1269.3
164,1269.3
137,1269.5
324,1270.4
376,1271.3
218,1271.4
69,1271.8
203,1271.8
28,1272.0
293,1272.1
254,1272.3
76,1272.5
280,1273.0
77,1273.2
282,1273.3
33,1273.4
178,1273.8
262,1273.8
135,1274.2
45,1274.5
320,1274.6
147,1274.9
73,1275.0
27,1275.1
261,1275.4
279,1275.8
41,1275.9
30,1276.1
182,1276.2
228,1276.3
334,1276.7
248,1276.8
357,1276.9
202,1276.9
231,1277.2
191,1278.0
149,1278.2
181,1278.9
91,1280.0
22,1280.7
38,1281.0
207,1281.0
250,1289.3
333,1290.1
337,1290.8
362,1295.5
228,1297.5
285,1299.6
33,1300.3
109,1300.8
139,1305.7
363,1307.7
371,1309.7
267,1310.5
375,1312.7
126,1316.0
219,1318.2
161,1318.4
123,1321.8
226,1322.8
25,1335.8
276,1336.8
266,1338.4
259,1338.9
45,1345.6
138,1347.0
31,1348.5
370,1348.8
382,1348.9
287,1349.0
335,1349.2
137,1349.4
324,1350.3
203,1351.1
33,1351.3
218,1351.8
254,1351.9
376,1352.0
69,1352.1
228,1352.6
282,1353.5
147,1353.6
77,1353.6
280,1353.8
76,1354.4
320,1354.8
126,1355.4
178,1355.4
15,1355.8
279,1356.0
202,1356.1
27,1356.3
334,1356.5
262,1356.6
261,1356.6
253,1356.7
41,1357.0
357,1357.0
98,1357.1
198,1357.3
362,1357.4
232,1357.9
133,1358.7
231,1359.7
348,1360.7
361,1360.8
160,1361.1
8,1361.1
184,1362.5
168,1362.9
294,1363.4
102,1364.2
257,1368.6
378,1369.4
238,1371.1
23,1375.2
95,1375.7
6,1376.1
323,1378.7
289,1379.0
262,1379.7
340,1380.6
208,1382.5
60,1383.3
54,1385.1
264,1385.3
42,1386.9
189,1389.6
26,1390.5
191,1391.4
166,1392.9
177,1393.4
360,1393.5
179,1394.1
89,1394.6
314,1395.1
308,1397.0
275,1397.5
36,1398.1
1,1398.7
317,1399.7
44,1407.5
96,1408.2
279,1410.0
206,1410.8
75,1412.9
213,1414.0
71,1414.3
239,1414.3
65,1417.3
327,1420.6
347,1421.9
216,1422.2
39,1425.3
138,1427.0
117,1427.0
31,1428.7
370,1428.9
382,1428.9
339,1429.0
287,1429.4
137,1429.6
335,1430.3
324,1430.3
203,1431.1
45,1431.3
69,1431.9
218,1431.9
254,1432.4
147,1432.5
33,1432.5
10,1432.7
376,1432.8
168,1433.4
77,1433.6
282,1433.8
262,1434.5
228,1434.6
320,1434.6
261,1434.9
280,1435.0
126,1435.1
284,1435.5
328,1435.8
357,1436.6
334,1436.9
306,1437.5
76,1438.5
41,1438.8
91,1438.9
27,1439.7
81,1442.5
51,1445.4
298,1446.1
118,1446.4
299,1454.1
210,1459.4
29,1459.6
223,1461.6
56,1463.5
382,1465.2
170,1465.9
362,1466.6
58,1468.9
293,1468.9
277,1469.3
304,1471.6
292,1473.4
147,1474.1
162,1474.5
25,1474.6
280,1474.7
192,1474.7
367,1475.2
163,1475.8
73,1478.7
190,1480.8
107,1483.2
32,1484.4
252,1489.7
267,1489.9
159,1492.0
360,1493.7
231,1495.7
316,1496.4
253,1506.9
138,1507.1
382,1508.3
31,1508.8
370,1509.0
137,1509.6
287,1509.8
364,1510.0
324,1510.6
335,1510.7
203,1511.8
279,1511.8
69,1512.4
147,1512.6
218,1512.7
45,1512.8
254,1513.2
33,1513.3
376,1513.3
282,1514.2
280,1514.2
77,1515.3
320,1515.4
299,1516.8
357,1517.1
261,1517.1
334,1517.2
314,1518.0
41,1518.3
27,1518.4
347,1518.4
228,1519.0
65,1519.3
74,1520.7
158,1523.0
154,1523.3
50,1523.9
136,1525.2
178,1526.1
269,1530.6
137,1530.7
268,1530.9
175,1532.2
383,1532.7
83,1535.4
228,1543.1
209,1544.8
77,1546.7
330,1547.5
212,1550.2
108,1550.3
194,1552.2
247,1554.3
300,1554.7
43,1556.1
203,1557.7
31,1558.6
199,1560.7
239,1561.7
206,1562.0
195,1562.6
260,1565.6
143,1565.6
368,1567.6
15,1569.2
278,1570.9
88,1571.9
304,1573.1
349,1575.0
96,1576.6
257,1576.6
16,1581.3
274,1581.8
12,1583.1
17,1584.4
322,1589.1
232,1590.9
62,1591.5
205,1591.7
119,1592.2
181,1596.9
115,1601.8
87,1603.5
289,1604.2
292,1604.5
226,1605.2
275,1607.2
222,1607.9
202,1614.9
177,1617.5
135,1620.4
46,1621.7
212,1622.1
13,1622.8
176,1624.5
186,1626.1
305,1627.0
61,1627.8
343,1628.5
9,1629.3
331,1629.5
66,1630.5
346,1635.7
138,1636.4
351,1640.0
251,1640.6
286,1643.2
339,1645.3
217,1647.3
37,1648.3
130,1649.2
91,1653.7
249,1653.9
95,1657.9
164,1662.2
274,1670.3
224,1670.3
197,1672.3
180,1673.7
68,1677.1
132,1677.8
375,1683.4
259,1689.0
200,1689.1
98,1690.6
363,1691.4
379,1697.8
92,1698.0
72,1698.9
319,1700.8
96,1703.5
194,1709.1
369,1709.4
106,1711.9
85,1712.4
90,1712.9
7,1713.0
323,1714.8
117,1720.7
97,1721.4
110,1721.8
134,1722.5
124,1724.2
58,1724.7
21,1725.7
237,1727.1
303,1727.6
168,1732.5
77,1737.6
190,1745.6
69,1746.4
89,1746.6
219,1746.9
126,1748.3
263,1750.1
338,1752.4
336,1752.5
5,1755.7
159,1755.8
259,1759.6
269,1764.9
55,1765.8
265,1767.1
271,1768.9
78,1769.3
207,1769.9
365,1772.4
1,1773.4
324,1774.2
208,1777.5
245,1779.0
41,1779.9
170,1781.3
216,1792.2
206,1794.4
292,1796.0
30,1796.5
123,1801.6
163,1801.7
76,1802.3
342,1805.2
154,1807.7
116,1808.5
187,1809.0
362,1813.9
142,1814.5
345,1817.3
78,1819.2
234,1820.1
344,1821.8
48,1822.0
79,1824.0
360,1824.1
202,1824.1
129,1828.3
352,1831.3
317,1832.1
246,1832.4
140,1833.9
17,1836.0
311,1836.1
339,1837.7
215,1838.1
261,1839.9
179,1846.5
296,1846.8
87,1848.7
192,1854.9
120,1854.9
371,1858.1
229,1858.2
117,1866.2
307,1868.2
250,1869.3
328,1870.1
82,1871.5
178,1872.0
227,1873.6
321,1876.8
210,1877.7
188,1881.4
91,1882.2
172,1883.7
377,1884.6
225,1884.9
122,1890.3
282,1891.3
138,1892.4
31,1894.0
370,1894.2
382,1894.3
137,1894.8
324,1894.9
287,1895.1
69,1896.1
335,1896.2
203,1896.3
261,1896.7
77,1897.1
11,1897.2
202,1897.5
218,1897.6
41,1897.7
196,1897.9
376,1898.1
254,1898.2
147,1898.5
76,1898.6
354,1898.7
33,1898.8
45,1899.2
320,1899.3
189,1899.4
280,1900.4
279,1900.5
157,1901.1
27,1901.2
357,1901.5
334,1901.5
87,1902.3
153,1902.5
126,1902.7
228,1902.9
15,1903.0
231,1903.3
253,1904.6
62,1904.8
232,1905.4
70,1906.3
8,1906.5
291,1908.1
209,1908.9
35,1909.7
72,1909.8
252,1915.5
89,1919.8
214,1926.0
84,1927.6
334,1927.6
339,1929.6
176,1930.0
183,1931.7
75,1934.3
96,1934.7
149,1935.8
285,1935.9
382,1936.5
150,1936.5
213,1940.1
10,1941.0
63,1942.9
332,1943.0
61,1943.2
66,1943.5
202,1946.7
98,1947.4
88,1948.7
234,1949.3
192,1951.7
37,1952.5
312,1953.6
54,1954.2
47,1957.4
224,1963.0
365,1963.5
343,1963.6
95,1964.1
257,1964.2
152,1965.8
259,1966.3
124,1968.1
311,1971.0
138,1972.1
271,1972.4
382,1973.5
370,1973.6
31,1973.7
287,1974.6
137,1974.6
324,1974.7
335,1975.6
282,1975.7
203,1976.2
69,1976.4
160,1976.5
109,1977.2
218,1977.6
77,1977.7
376,1977.9
254,1978.1
33,1978.2
261,1978.4
147,1978.6
45,1978.8
91,1978.8
334,1978.8
41,1979.2
320,1979.5
27,1980.6
76,1980.6
279,1980.6
183,1981.6
133,1981.7
62,1981.9
280,1982.0
73,1982.3
86,1982.3
178,1982.3
357,1984.9
366,1988.0
34,1989.3
313,1989.5
340,1990.4
53,1993.0
182,1994.8
131,1996.9
14,2003.0
274,2003.6
8,2004.1
121,2004.3
321,2004.7
374,2007.7
205,2008.4
254,2009.3
218,2011.2
356,2012.3
364,2013.9
228,2017.9
101,2019.9
306,2020.1
240,2023.3
64,2024.4
283,2024.5
27,2024.9
0,2025.7
165,2032.7
218,2032.9
267,2033.1
70,2034.6
201,2035.3
255,2035.8
139,2036.4
26,2037.7
277,2040.3
116,2041.0
261,2049.0
233,2049.7
212,2049.7
137,2050.3
329,2051.3
138,2052.0
127,2052.3
304,2052.3
15,2053.0
382,2053.2
193,2053.4
31,2053.7
370,2053.7
250,2054.4
287,2054.6
324,2055.2
44,2055.3
335,2055.7
12,2055.7
254,2056.5
203,2056.7
69,2057.2
282,2057.3
191,2057.6
376,2057.9
202,2058.1
228,2058.3
45,2058.9
147,2059.1
33,2059.2
220,2059.3
347,2059.4
320,2059.6
91,2059.6
334,2059.8
41,2061.1
279,2061.1
77,2061.2
280,2062.1
86,2063.1
357,2063.4
85,2063.6
98,2064.4
27,2064.4
314,2067.3
351,2067.5
289,2070.4
57,2071.5
40,2071.8
118,2072.6
235,2077.6
210,2079.1
323,2079.1
190,2079.3
239,2079.6
51,2082.6
225,2086.7
19,2090.4
130,2090.4
184,2092.4
154,2093.6
66,2094.4
28,2095.4
174,2095.5
168,2096.3
292,2098.6
337,2099.2
3,2101.0
128,2101.9
18,2102.7
198,2106.0
266,2106.8
92,2109.4
327,2111.1
155,2111.7
359,2116.9
93,2117.2
37,2121.7
346,2122.9
300,2125.1
317,2125.5
272,2126.8
167,2129.0
54,2129.3
31,2129.6
248,2129.9
297,2131.2
38,2132.1
138,2132.2
316,2132.4
79,2132.8
137,2133.0
382,2133.7
370,2133.8
287,2134.7
218,2134.7
242,2135.1
324,2135.3
257,2135.4
335,2135.9
203,2136.6
261,2136.9
254,2137.0
282,2137.8
69,2137.8
376,2138.2
15,2138.6
91,2138.7
228,2139.1
33,2139.1
45,2139.3
147,2139.3
27,2139.4
320,2139.9
334,2140.6
77,2141.1
279,2141.2
280,2141.3
189,2142.0
76,2142.2
286,2142.3
41,2142.3
347,2143.4
168,2143.6
314,2144.3
5,2145.0
141,2145.0
325,2149.4
351,2151.3
293,2153.0
22,2156.7
69,2162.5
50,2162.6
106,2164.8
286,2165.9
178,2168.5
90,2169.0
81,2169.0
326,2170.9
98,2171.2
374,2171.2
24,2174.4
61,2175.3
200,2177.2
209,2177.8
288,2178.9
183,2184.3
97,2184.6
155,2185.9
100,2186.0
204,2187.6
194,2191.6
95,2191.8
322,2192.5
254,2193.5
256,2194.0
162,2194.4
335,2194.4
125,2207.4
34,2208.5
150,2208.5
108,2219.8
145,2220.4
255,2220.7
371,2221.0
130,2223.3
273,2224.3
36,2225.0
338,2225.3
175,2226.6
373,2227.3
151,2229.6
105,2230.0
140,2231.9
143,2234.1
215,2234.4
57,2238.6
265,2241.7
350,2242.5
103,2243.4
280,2247.0
181,2250.9
59,2252.2
56,2252.6
275,2253.5
383,2254.3
317,2261.8
127,2262.0
196,2262.4
227,2272.1
240,2274.0
15,2276.2
206,2277.4
304,2279.7
160,2281.5
121,2281.8
8,2288.9
236,2290.2
177,2292.5
152,2295.7
6,2296.0
369,2298.0
271,2298.4
28,2302.9
348,2303.3
359,2304.0
238,2309.1
36,2312.3
320,2316.9
301,2318.9
349,2323.0
210,2324.0
176,2324.2
169,2325.3
203,2329.5
206,2333.7
180,2334.8
375,2334.9
242,2337.6
89,2339.1
280,2341.1
252,2342.9
111,2350.2
277,2353.9
305,2355.4
225,2355.7
366,2359.8
10,2361.5
35,2364.6
98,2365.6
291,2365.8
114,2366.0
378,2367.4
158,2368.0
13,2369.6
156,2370.1
330,2371.7
107,2372.1
45,2375.4
81,2376.5
371,2377.9
118,2381.5
25,2382.3
105,2383.4
104,2383.4
351,2386.7
76,2390.5
352,2392.0
183,2394.7
332,2396.5
221,2399.6
281,2401.2
148,2401.3
166,2401.7
20,2404.0
185,2404.3
260,2404.4
275,2405.0
67,2405.1
219,2405.1
27,2410.5
58,2413.0
78,2416.9
24,2418.3
7,2418.5
269,2418.9
146,2422.5
3,2422.8
250,2423.0
187,2425.0
379,2431.6
17,2432.3
54,2432.8
204,2434.0
68,2440.8
310,2445.2
345,2448.3
182,2449.4
212,2449.7
136,2450.7
361,2452.2
180,2455.3
205,2455.4
331,2457.3
167,2459.2
184,2459.6
374,2459.9
334,2462.1
115,2469.0
244,2470.0
134,2470.2
315,2471.5
84,2472.6
130,2474.2
367,2478.3
56,2478.7
308,2479.4
2,2480.9
139,2481.8
370,2482.3
48,2482.4
141,2482.6
111,2482.9
57,2485.4
235,2485.7
312,2489.1
149,2490.2
286,2494.4
268,2495.0
250,2499.7
267,2500.3
280,2504.9
198,2508.1
163,2508.6
238,2509.2
357,2509.4
118,2510.0
230,2510.6
138,2517.4
207,2518.3
370,2518.6
126,2518.8
31,2518.8
382,2519.4
359,2519.5
137,2519.6
287,2519.9
324,2520.1
335,2521.1
203,2521.1
218,2522.2
69,2522.2
254,2522.7
376,2522.8
282,2522.9
45,2522.9
77,2522.9
27,2523.3
127,2523.3
334,2523.6
320,2523.6
147,2523.6
33,2523.6
76,2524.2
261,2524.3
279,2525.0
180,2525.1
188,2525.2
136,2525.6
134,2525.7
212,2526.2
228,2527.2
41,2527.3
231,2527.4
15,2528.4
253,2528.7
183,2529.0
329,2532.0
8,2532.6
229,2533.2
46,2533.5
356,2536.6
117,2538.0
325,2538.1
214,2539.7
335,2541.6
120,2541.9
31,2542.6
93,2543.4
164,2545.0
376,2546.7
1,2549.2
113,2550.0
264,2550.1
9,2550.9
143,2551.7
19,2553.9
147,2554.1
95,2554.2
377,2556.5
343,2557.1
80,2559.2
341,2560.1
321,2560.2
278,2561.4
293,2564.0
271,2565.2
273,2571.0
157,2576.8
129,2579.8
265,2580.4
178,2580.8
245,2581.5
149,2581.8
360,2582.5
174,2582.9
327,2583.2
333,2586.0
133,2586.3
78,2586.4
195,2589.1
4,2589.5
99,2589.5
209,2591.5
156,2591.7
181,2593.8
345,2595.0
302,2595.1
60,2595.4
59,2596.5
138,2597.1
31,2597.8
370,2598.2
33,2599.1
382,2599.2
287,2599.6
137,2599.6
254,2599.7
335,2600.0
324,2600.5
376,2600.9
203,2601.2
147,2601.4
282,2601.4
357,2601.5
70,2601.9
69,2601.9
218,2602.7
280,2602.9
45,2602.9
305,2603.2
320,2603.7
126,2603.9
77,2604.1
191,2604.8
261,2604.8
334,2604.8
27,2604.9
41,2606.1
143,2606.5
91,2606.7
76,2606.8
134,2606.8
73,2607.2
165,2607.2
313,2607.4
219,2607.6
279,2608.5
38,2609.9
32,2612.4
241,2614.8
88,2615.5
224,2616.4
105,2617.0
16,2619.6
166,2621.9
259,2625.3
35,2628.3
290,2631.0
47,2632.2
318,2637.6
158,2638.4
75,2639.3
196,2640.5
76,2641.8
294,2643.7
218,2646.9
190,2650.4
206,2653.8
5,2654.2
63,2660.7
284,2666.1
307,2673.1
46,2675.7
92,2676.1
138,2677.1
382,2677.8
41,2678.1
31,2678.1
370,2678.5
137,2679.5
287,2679.6
324,2680.2
335,2680.4
254,2680.8
33,2680.9
376,2681.4
203,2681.4
218,2681.7
147,2681.9
69,2682.3
340,2682.5
282,2682.6
133,2683.1
357,2683.2
258,2683.3
45,2683.6
76,2683.7
77,2683.8
320,2683.8
261,2684.2
126,2684.6
248,2684.7
280,2684.9
228,2685.2
263,2685.4
334,2685.8
262,2685.9
281,2686.2
134,2686.4
279,2687.8
178,2687.8
27,2687.8
253,2688.0
231,2689.0
15,2689.0
67,2691.5
211,2692.1
110,2694.0
40,2694.8
49,2699.2
132,2702.2
81,2703.3
309,2704.0
80,2704.2
288,2707.1
327,2716.9
37,2717.8
369,2721.4
70,2723.2
279,2724.4
240,2726.9
313,2728.1
179,2729.2
342,2729.2
131,2731.2
373,2733.2
192,2734.5
231,2734.8
216,2736.4
142,2736.7
203,2739.0
109,2740.9
71,2741.2
189,2741.3
22,2748.2
17,2750.8
366,2752.8
324,2753.9
138,2757.1
31,2758.5
382,2758.5
370,2758.8
287,2759.6
137,2759.8
14,2760.5
335,2760.7
41,2761.2
218,2761.4
254,2761.8
154,2761.8
328,2761.9
300,2762.1
376,2762.5
33,2762.7
147,2762.7
69,2763.1
282,2763.4
98,2763.6
279,2763.8
45,2763.9
320,2764.5
76,2765.1
357,2765.1
261,2765.6
280,2766.1
77,2766.3
334,2766.4
173,2766.5
91,2768.5
21,2769.6
133,2770.0
221,2775.7
12,2776.5
338,2779.0
106,2782.2
184,2785.9
303,2788.0
265,2789.5
261,2790.2
161,2791.7
321,2792.8
330,2794.6
345,2796.5
125,2798.1
229,2800.3
138,2802.3
199,2802.4
148,2803.1
1,2804.9
217,2807.0
169,2810.1
232,2810.5
132,2810.7
30,2816.7
251,2817.1
168,2819.0
6,2819.1
378,2820.5
248,2822.2
43,2824.0
94,2824.4
351,2825.6
375,2826.3
207,2828.1
287,2828.3
14,2828.9
213,2831.0
355,2832.3
20,2832.4
277,2833.5
44,2838.1
314,2838.2
56,2838.3
376,2842.0
164,2842.6
219,2847.2
266,2847.9
362,2848.4
237,2849.7
32,2849.8
276,2850.0
339,2853.2
54,2855.2
354,2855.2
315,2857.0
166,2858.2
271,2863.4
28,2863.6
337,2865.9
321,2867.0
87,2869.4
249,2872.7
7,2874.1
202,2874.3
363,2875.9
340,2877.6
270,2878.2
91,2878.2
205,2880.2
55,2880.7
353,2881.8
208,2884.6
85,2887.3
257,2887.6
218,2894.6
123,2895.7
297,2898.0
315,2898.3
291,2907.4
158,2910.6
272,2911.9
289,2914.8
25,2915.1
104,2919.4
192,2920.0
267,2921.3
88,2923.3
312,2923.9
171,2924.3
18,2925.0
8,2928.4
369,2933.5
162,2934.1
33,2934.3
341,2936.7
222,2937.7
235,2940.1
204,2940.7
335,2942.5
293,2943.4
319,2944.4
238,2945.9
141,2948.0
316,2948.8
337,2950.1
62,2952.4
155,2956.2
272,2960.4
373,2963.5
301,2964.2
57,2964.6
246,2966.8
327,2968.8
236,2974.7
322,2975.6
191,2976.5
16,2977.3
334,2979.7
308,2990.5
26,2991.3
177,2991.6
240,2992.1
360,2995.0
352,2997.4
42,3000.5
274,3001.5
144,3002.0
85,3003.2
374,3004.0
253,3005.9
83,3006.2
135,3006.8
72,3007.9
363,3010.6
127,3012.1
255,3012.3
170,3014.7
251,3017.1
93,3017.9
271,3020.7
275,3022.4
383,3030.2
89,3031.4
292,3032.2
283,3034.5
80,3034.6
184,3035.4
311,3036.4
262,3039.9
330,3040.7
225,3042.0
219,3042.4
278,3043.2
366,3043.3
347,3045.4
138,3045.5
206,3047.2
226,3049.7
141,3055.7
196,3056.8
203,3056.9
337,3060.8
164,3061.2
213,3063.9
188,3066.8
190,3068.4
4,3071.1
143,3072.5
344,3072.8
84,3075.4
68,3079.0
137,3079.4
317,3079.9
364,3080.0
248,3080.5
29,3080.5
169,3083.1
220,3085.1
41,3087.6
48,3089.1
15,3090.4
343,3091.6
227,3092.7
3,3095.1
348,3095.4
114,3102.5
124,3102.7
200,3103.0
194,3108.1
13,3108.6
229,3109.1
207,3109.9
333,3123.1
151,3126.1
8,3128.2
64,3130.5
371,3132.4
52,3132.5
180,3132.6
153,3133.4
350,3134.0
148,3134.6
192,3135.8
212,3137.9
130,3138.0
128,3140.1
349,3141.5
138,3141.7
59,3142.0
137,3143.1
31,3143.9
370,3144.1
382,3144.3
287,3144.8
324,3145.1
203,3145.5
335,3145.9
41,3146.4
69,3146.7
218,3146.7
33,3147.6
376,3147.7
282,3147.9
15,3148.0
77,3148.2
261,3148.4
262,3148.5
254,3148.8
147,3148.8
45,3149.1
320,3149.2
253,3149.5
279,3149.8
334,3150.1
357,3150.1
228,3150.2
27,3150.4
280,3150.4
126,3151.4
231,3151.9
73,3151.9
71,3152.1
143,3152.7
91,3153.5
232,3153.9
288,3160.5
351,3161.8
115,3162.7
150,3163.6
160,3165.9
291,3166.8
282,3169.1
286,3169.6
54,3170.7
340,3171.9
50,3173.3
362,3174.6
108,3175.2
82,3176.6
6,3177.8
283,3177.8
67,3178.0
265,3179.0
310,3182.8
151,3183.3
378,3184.6
167,3189.0
273,3189.3
368,3189.7
136,3192.0
290,3193.5
226,3194.8
48,3195.3
39,3200.3
241,3201.5
307,3201.9
300,3202.2
193,3206.9
170,3207.8
368,3213.0
335,3216.4
230,3217.1
198,3218.4
233,3220.9
138,3221.6
137,3223.3
280,3223.4
31,3223.5
222,3223.6
370,3223.7
382,3223.8
32,3224.3
287,3224.4
18,3224.8
324,3225.1
59,3225.2
45,3225.3
203,3225.5
243,3225.7
282,3226.2
69,3227.0
218,3227.3
33,3227.7
254,3227.8
41,3227.8
147,3227.8
376,3228.1
128,3228.3
15,3228.9
320,3229.0
77,3229.1
76,3230.0
261,3230.3
357,3230.4
279,3230.5
27,3231.0
334,3231.2
133,3231.5
342,3232.0
153,3232.3
253,3232.8
228,3232.9
38,3232.9
172,3234.4
91,3235.4
0,3235.5
223,3235.7
302,3241.6
175,3241.8
137,3244.1
9,3246.4
34,3247.8
304,3250.3
58,3254.0
56,3254.4
237,3255.7
220,3259.5
336,3259.5
73,3260.4
231,3261.0
99,3262.7
62,3263.4
251,3263.5
92,3265.9
267,3266.7
292,3268.8
377,3269.8
165,3274.6
202,3277.3
89,3278.9
146,3280.9
11,3284.6
293,3285.3
77,3287.3
370,3287.4
182,3292.8
349,3293.7
42,3297.3
357,3301.7
138,3301.9
122,3302.2
105,3302.6
137,3303.1
31,3303.6
324,3303.6
382,3303.9
335,3304.3
287,3304.6
294,3305.2
203,3306.0
69,3306.9
282,3307.4
254,3307.5
218,3307.5
45,3307.6
280,3307.9
73,3308.0
147,3308.0
33,3308.6
376,3308.7
320,3309.0
261,3309.6
231,3309.7
41,3310.2
262,3310.8
174,3310.9
334,3311.4
128,3311.4
279,3311.6
62,3311.7
113,3311.9
253,3311.9
346,3312.1
327,3312.5
15,3312.5
27,3312.6
136,3312.7
251,3312.7
126,3312.8
36,3317.6
256,3322.5
313,3322.5
189,3322.8
238,3326.4
332,3327.0
286,3327.0
150,3331.1
18,3331.6
103,3335.8
308,3336.3
355,3341.6
381,3341.8
15,3341.8
375,3342.1
205,3343.1
46,3343.2
300,3343.6
211,3345.9
218,3346.3
204,3347.2
31,3347.6
149,3350.5
269,3350.8
316,3352.7
383,3353.2
12,3353.4
221,3358.9
47,3362.3
208,3365.3
334,3366.5
45,3367.2
366,3368.0
278,3368.1
10,3370.3
187,3371.6
260,3373.5
337,3374.6
98,3377.7
138,3381.1
370,3382.6
31,3383.2
194,3383.2
137,3383.4
382,3384.1
324,3384.6
287,3384.8
254,3385.4
335,3385.6
77,3385.8
218,3386.0
203,3386.3
357,3386.7
253,3387.4
202,3387.5
69,3387.6
33,3388.3
353,3388.4
282,3388.4
15,3388.6
147,3388.7
376,3388.9
320,3389.2
228,3389.3
44,3389.6
261,3389.7
280,3389.7
73,3390.0
23,3390.3
76,3390.3
231,3390.7
41,3390.8
279,3391.5
91,3391.9
27,3392.4
49,3392.4
133,3392.8
126,3393.7
38,3394.4
37,3397.8
295,3398.2
309,3398.9
360,3399.8
209,3400.1
79,3403.4
371,3403.8
50,3404.6
287,3405.7
13,3408.1
155,3410.2
319,3410.7
69,3411.4
261,3412.8
151,3422.8
38,3430.0
26,3433.2
152,3437.5
382,3438.3
349,3442.3
219,3442.6
66,3443.9
302,3444.3
217,3447.0
257,3451.2
345,3454.5
110,3456.2
234,3458.4
272,3458.7
350,3458.9
361,3460.8
90,3462.7
314,3463.5
370,3464.6
85,3466.2
328,3467.1
307,3467.6
356,3473.2
123,3473.6
306,3474.8
195,3479.0
159,3483.2
138,3485.2
114,3488.6
3,3488.9
367,3489.3
52,3490.5
33,3493.1
284,3498.1
71,3500.4
340,3501.9
341,3503.4
73,3503.9
245,3504.8
344,3505.2
63,3507.0
121,3508.5
191,3510.2
290,3517.3
356,3520.2
42,3524.7
31,3525.3
51,3526.9
246,3527.9
368,3528.4
1,3530.1
329,3531.5
163,3531.5
316,3532.8
55,3534.6
190,3536.5
6,3536.8
232,3541.0
70,3541.6
134,3544.1
242,3546.0
348,3547.0
347,3547.7
296,3551.0
19,3552.6
332,3552.9
222,3552.9
0,3553.0
371,3556.0
255,3559.1
91,3562.2
285,3562.4
27,3564.1
141,3564.9
154,3568.9
268,3570.9
302,3571.3
315,3571.7
12,3572.6
215,3572.9
350,3577.9
212,3579.4
168,3579.9
340,3580.7
62,3588.1
121,3593.4
180,3595.8
210,3598.5
365,3600.2
206,3600.3
339,3601.2
294,3602.0
105,3602.0
325,3602.3
328,3605.8
162,3607.2
152,3607.6
142,3610.2
353,3611.2
130,3614.4
279,3615.3
126,3616.1
312,3619.3
290,3621.4
278,3624.0
372,3624.1
201,3624.4
165,3625.6
89,3628.2
153,3628.6
267,3631.8
192,3632.2
202,3633.7
65,3635.7
191,3637.4
354,3639.8
275,3640.2
237,3641.0
297,3642.9
145,3643.8
161,3646.0
17,3649.6
224,3651.7
115,3652.4
3,3652.5
182,3655.5
140,3656.1
87,3656.8
327,3657.4
333,3662.2
230,3664.3
119,3664.5
76,3664.6
383,3667.1
186,3669.3
57,3671.3
56,3672.2
240,3673.0
288,3673.4
213,3673.9
169,3675.8
107,3677.3
340,3677.4
131,3679.7
234,3680.5
344,3681.6
307,3681.8
14,3684.8
225,3687.5
184,3689.3
29,3689.8
25,3690.7
196,3692.1
241,3692.1
204,3692.7
86,3694.1
19,3694.4
16,3696.0
262,3697.9
342,3701.0
227,3703.7
84,3704.5
174,3707.1
200,3708.2
53,3714.8
96,3717.5
246,3718.4
135,3721.4
329,3723.4
239,3723.5
39,3724.7
351,3728.9
170,3730.6
364,3730.7
99,3733.8
107,3735.2
216,3735.6
31,3737.5
68,3739.5
104,3741.3
236,3741.5
90,3742.6
197,3743.8
141,3744.7
128,3745.2
199,3749.8
220,3750.2
138,3750.5
298,3753.9
203,3755.6
373,3757.8
272,3759.6
58,3761.5
219,3763.9
166,3764.1
120,3765.3
147,3765.7
331,3765.8
237,3766.0
27,3767.1
53,3767.1
260,3768.0
318,3768.9
31,3769.0
370,3769.2
382,3769.4
137,3769.8
287,3770.1
324,3770.3
11,3771.0
335,3771.4
69,3771.5
218,3772.4
262,3772.8
376,3773.2
323,3773.4
364,3773.5
77,3773.5
279,3773.7
216,3773.8
33,3773.8
76,3773.8
163,3774.0
320,3774.1
45,3774.1
282,3774.1
340,3774.3
126,3774.3
357,3775.0
280,3775.5
228,3776.0
149,3776.0
41,3776.2
92,3776.5
334,3776.8
86,3777.0
91,3777.2
232,3779.2
109,3780.8
15,3782.9
299,3785.8
211,3790.6
117,3791.7
276,3793.1
223,3794.4
336,3796.0
154,3797.0
261,3799.4
65,3802.7
3,3804.1
351,3805.3
62,3809.7
334,3810.8
49,3812.6
122,3812.8
240,3813.2
48,3817.1
347,3817.8
189,3819.3
158,3823.7
77,3823.7
21,3825.6
339,3826.4
349,3828.7
362,3832.4
103,3833.4
278,3834.3
218,3834.9
172,3836.7
283,3838.0
164,3838.8
107,3840.0
22,3843.2
108,3843.6
374,3844.9
138,3845.9
322,3846.0
338,3846.3
147,3847.3
14,3847.6
293,3847.8
31,3848.0
370,3848.6
382,3848.8
137,3849.3
287,3849.5
53,3849.5
324,3850.1
51,3850.2
144,3850.4
335,3850.7
27,3851.9
260,3852.5
376,3852.6
282,3853.3
320,3853.5
33,3853.7
45,3853.7
360,3853.8
128,3854.0
334,3854.0
279,3854.2
157,3854.4
74,3854.4
54,3854.9
299,3855.3
17,3855.3
280,3855.3
357,3855.4
262,3855.7
76,3856.1
228,3856.1
199,3856.3
231,3857.5
303,3857.8
41,3858.6
302,3859.2
133,3859.5
310,3860.5
146,3862.7
305,3864.0
371,3869.2
55,3869.5
178,3870.5
9,3873.9
383,3882.4
249,3885.5
11,3886.7
147,3887.4
175,3887.5
335,3887.7
169,3888.1
133,3888.9
231,3889.2
368,3889.7
57,3890.9
40,3895.1
165,3898.4
58,3902.9
94,3903.5
382,3904.0
174,3904.4
75,3907.8
332,3908.4
284,3909.5
228,3916.8
227,3917.2
194,3917.8
309,3917.8
122,3920.1
131,3920.9
208,3922.9
177,3923.8
229,3924.4
193,3925.7
138,3926.8
147,3926.9
379,3927.7
31,3928.4
245,3928.7
370,3928.8
137,3929.5
287,3929.9
324,3930.1
335,3930.3
218,3930.4
53,3930.5
77,3931.2
296,3931.3
294,3931.3
328,3931.6
258,3931.8
81,3932.0
382,3932.1
15,3933.3
260,3933.3
376,3933.5
320,3933.8
45,3933.9
33,3934.0
27,3934.1
334,3935.0
282,3935.4
357,3935.6
231,3935.7
133,3935.8
69,3936.2
347,3936.3
279,3936.5
91,3936.8
280,3937.5
41,3938.2
362,3938.2
201,3939.3
299,3940.3
120,3942.2
102,3942.8
145,3947.0
364,3949.7
125,3949.8
98,3950.2
244,3952.3
363,3954.3
263,3955.2
205,3966.0
216,3967.7
106,3969.0
168,3970.6
77,3971.7
79,3973.7
257,3976.8
173,3976.9
72,3978.7
1,3979.4
95,3979.5
299,3980.1
297,3983.5
57,3984.8
111,3985.1
262,3985.5
343,3986.4
279,3986.6
317,3988.2
349,3988.4
208,3992.7
157,3997.7
369,4000.6
325,4003.1
211,4004.0
147,4006.8
138,4007.1
382,4008.5
9,4008.7
31,4008.7
370,4009.0
287,4009.8
137,4010.0
324,4010.2
335,4010.2
27,4010.6
221,4010.7
53,4010.8
88,4011.3
228,4011.7
218,4012.0
77,4012.1
376,4013.1
320,4013.8
33,4013.9
41,4013.9
45,4014.1
260,4014.2
231,4014.4
282,4014.7
276,4014.8
76,4014.9
334,4016.0
357,4016.1
133,4016.5
280,4016.6
98,4016.7
185,4017.5
126,4018.4
300,4018.7
37,4018.8
178,4018.9
60,4019.1
69,4020.0
115,4020.7
38,4021.5
159,4023.6
81,4026.2
32,4026.3
44,4026.4
286,4026.9
177,4027.7
293,4028.5
176,4035.4
285,4037.0
364,4037.7
50,4040.2
63,4041.3
273,4043.6
295,4045.5
352,4046.9
353,4048.1
118,4049.1
213,4049.1
282,4049.8
265,4051.1
361,4052.9
375,4053.6
321,4053.7
155,4054.9
336,4055.4
267,4056.4
83,4061.3
252,4063.5
253,4064.7
55,4065.6
163,4066.3
372,4066.8
367,4068.3
368,4068.9
170,4069.4
124,4071.2
233,4071.4
66,4072.0
7,4072.3
160,4073.6
139,4074.5
52,4075.2
116,4075.5
61,4085.2
171,4087.0
254,4087.7
93,4088.5
183,4088.6
357,4089.5
19,4091.7
69,4097.5
364,4098.7
259,4099.0
329,4100.4
78,4100.5
179,4102.0
264,4103.1
281,4103.1
132,4103.3
214,4106.4
330,4107.4
58,4107.7
121,4110.5
217,4111.7
251,4113.9
222,4115.2
292,4120.8
303,4121.7
4,4122.7
56,4123.1
239,4123.8
43,4124.2
73,4128.4
107,4128.8
119,4130.9
86,4131.7
250,4131.9
100,4132.6
55,4135.3
311,4135.3
8,4138.6
258,4139.7
112,4141.4
38,4143.7
257,4145.8
175,4146.2
274,4146.7
342,4146.8
105,4147.5
88,4148.3
381,4155.9
378,4156.1
365,4156.6
50,4161.0
118,4162.6
249,4163.8
319,4163.9
6,4165.6
341,4169.2
24,4169.9
284,4171.3
356,4173.1
241,4173.9
294,4175.0
218,4175.8
207,4178.2
331,4178.4
309,4180.1
320,4180.6
77,4180.7
90,4182.3
275,4182.9
117,4183.3
145,4183.6
301,4185.2
346,4185.9
130,4187.1
352,4187.2
95,4187.2
234,4190.2
12,4192.9
201,4193.3
271,4193.5
237,4195.3
204,4196.1
226,4196.8
120,4198.0
43,4198.6
47,4202.4
362,4202.5
187,4202.7
291,4203.0
32,4203.1
238,4204.9
172,4206.1
221,4206.3
232,4207.4
67,4208.3
192,4210.2
290,4211.4
273,4212.6
333,4214.0
215,4215.1
18,4215.5
272,4217.4
380,4221.1
46,4223.1
244,4227.3
178,4228.2
323,4233.1
163,4234.3
308,4236.2
126,4238.0
97,4238.9
143,4240.1
369,4240.2
263,4243.0
382,4246.6
148,4249.4
85,4250.0
340,4255.0
268,4258.9
255,4261.1
377,4261.4
300,4261.9
46,4262.2
30,4264.7
150,4266.0
53,4267.7
243,4269.1
324,4271.3
21,4273.3
350,4277.5
227,4283.2
95,4285.5
293,4286.3
373,4286.7
90,4288.2
296,4293.9
144,4299.2
122,4299.5
355,4299.8
305,4300.6
176,4302.7
378,4304.1
167,4304.9
226,4305.9
108,4306.5
75,4306.9
62,4309.1
84,4317.3
9,4323.2
359,4324.3
40,4332.8
58,4334.7
313,4338.0
179,4339.7
226,4340.7
149,4345.9
121,4347.8
316,4354.5
6,4355.2
309,4356.2
12,4356.2
315,4357.6
199,4361.4
166,4362.7
51,4364.5
152,4366.0
169,4366.1
190,4366.9
168,4369.3
191,4373.8
158,4376.4
136,4380.6
376,4385.8
205,4386.5
74,4386.7
111,4386.7
108,4389.6
382,4392.2
330,4392.3
138,4392.6
284,4393.0
218,4393.8
31,4393.9
370,4394.2
137,4394.4
324,4394.8
287,4394.9
87,4395.1
91,4395.8
29,4395.9
38,4396.1
335,4396.2
30,4396.7
77,4397.7
81,4398.0
282,4398.1
33,4398.4
320,4398.4
260,4398.4
147,4398.9
45,4399.0
126,4399.1
326,4399.2
117,4399.6
41,4399.7
280,4399.8
369,4399.9
228,4399.9
357,4400.1
42,4400.1
279,4400.4
361,4400.6
69,4400.8
27,4400.9
174,4401.0
132,4401.0
232,4401.2
375,4401.3
334,4401.5
86,4401.6
359,4402.3
120,4402.6
231,4402.9
36,4403.7
76,4404.0
143,4404.4
177,4404.7
56,4405.3
199,4408.4
339,4409.2
264,4410.1
247,4418.2
263,4422.1
230,4424.2
326,4428.7
79,4430.5
161,4432.1
366,4434.0
121,4434.3
246,4439.4
197,4440.2
266,4444.0
84,4452.4
238,4453.1
106,4453.6
76,4453.8
14,4457.4
75,4457.9
107,4459.7
6,4460.2
92,4463.9
72,4468.2
252,4469.0
376,4471.6
382,4472.0
138,4472.1
370,4472.5
97,4473.2
218,4473.3
91,4473.6
31,4473.6
137,4474.2
287,4474.4
324,4474.7
41,4474.9
87,4475.0
267,4475.2
29,4475.6
335,4475.8
38,4475.9
36,4476.3
326,4477.5
147,4477.7
30,4478.1
33,4478.2
282,4478.4
77,4478.6
260,4478.6
320,4478.6
45,4478.8
169,4479.4
81,4479.4
174,4479.8
357,4480.1
279,4480.3
280,4480.5
74,4480.6
334,4480.9
262,4481.2
213,4481.2
136,4481.2
258,4481.4
361,4481.6
27,4481.7
86,4481.7
126,4481.8
375,4482.4
369,4482.6
203,4483.3
62,4483.3
128,4483.8
69,4483.8
303,4484.1
344,4485.0
66,4488.4
149,4491.8
51,4492.2
212,4493.0
224,4493.1
28,4493.7
307,4499.9
273,4502.3
178,4502.6
104,4503.9
194,4506.6
96,4509.6
303,4511.8
265,4516.0
64,4517.4
7,4519.0
336,4519.6
306,4520.6
232,4522.8
81,4524.8
318,4525.6
236,4535.7
155,4537.9
346,4540.3
163,4540.9
216,4541.2
270,4543.4
187,4546.7
382,4552.1
138,4552.1
376,4552.3
370,4553.3
31,4553.6
218,4553.7
34,4554.0
137,4554.1
287,4554.5
91,4554.5
87,4555.0
33,4555.1
324,4555.2
41,4555.8
29,4555.8
38,4556.0
335,4556.1
338,4556.5
76,4556.7
258,4556.9
174,4557.5
198,4557.7
36,4557.8
147,4558.0
326,4558.1
363,4558.6
45,4558.8
282,4559.0
320,4559.1
30,4559.2
92,4559.2
239,4559.3
260,4559.4
228,4560.1
77,4560.2
266,4560.7
280,4561.3
81,4561.4
334,4561.4
40,4561.5
303,4561.5
279,4561.7
27,4562.0
357,4562.0
178,4562.5
332,4563.8
192,4564.3
361,4564.3
232,4565.2
146,4565.4
193,4567.3
13,4570.3
52,4570.4
237,4574.0
210,4574.2
152,4579.7
30,4580.1
93,4580.2
126,4581.7
251,4582.1
57,4583.4
242,4583.7
138,4591.5
349,4593.9
289,4594.2
213,4594.4
151,4596.1
280,4598.2
56,4598.9
102,4601.0
221,4602.4
120,4604.3
215,4604.4
364,4604.4
323,4606.2
324,4610.9
7,4614.4
277,4615.0
3,4616.7
290,4619.1
288,4619.2
33,4620.4
118,4622.5
181,4625.7
254,4627.7
331,4629.3
138,4631.7
81,4631.8
382,4632.2
376,4632.6
153,4632.7
370,4633.7
31,4633.7
218,4633.8
137,4634.4
287,4634.6
87,4635.1
91,4635.1
147,4635.3
24,4635.8
29,4636.1
335,4636.1
38,4636.2
30,4637.0
126,4638.3
41,4638.5
278,4638.7
356,4638.8
45,4639.0
280,4639.1
326,4639.2
282,4639.2
320,4639.3
258,4639.5
260,4640.3
213,4640.3
69,4640.6
174,4640.7
76,4640.7
357,4641.0
114,4641.1
334,4641.7
375,4641.9
279,4642.5
324,4642.7
251,4642.9
36,4643.2
77,4643.5
232,4643.6
340,4644.3
303,4644.7
361,4645.5
119,4648.9
176,4650.4
191,4652.9
333,4659.1
105,4660.5
46,4660.8
314,4662.0
253,4667.1
129,4667.2
175,4668.3
300,4669.3
133,4670.3
269,4671.2
4,4672.4
91,4672.9
132,4674.0
139,4675.1
381,4676.3
185,4678.3
82,4678.8
285,4681.1
123,4682.2
218,4689.6
329,4690.8
206,4692.3
168,4694.6
200,4696.9
317,4699.3
37,4702.1
67,4703.6
373,4704.8
58,4707.7
6,4708.5
302,4709.3
354,4710.0
351,4710.3
59,4711.1
368,4712.7
220,4714.0
75,4714.1
265,4714.3
275,4714.8
45,4715.7
71,4716.6
332,4717.9
318,4719.9
342,4722.0
256,4723.6
205,4725.0
339,4727.0
245,4730.7
15,4735.5
167,4736.9
124,4738.7
135,4740.8
207,4743.4
19,4743.6
85,4743.6
204,4743.7
33,4744.0
380,4744.5
362,4745.0
288,4746.1
227,4746.2
120,4747.3
157,4749.9
103,4749.9
61,4750.0
192,4752.3
169,4757.5
111,4757.9
366,4758.6
307,4761.3
298,4762.7
276,4767.1
142,4771.9
58,4773.4
177,4773.8
364,4774.5
65,4774.8
371,4775.0
255,4776.2
112,4783.7
347,4785.5
372,4786.0
72,4786.3
382,4787.3
292,4789.7
291,4790.9
18,4791.5
361,4797.2
365,4799.6
27,4799.6
370,4800.1
367,4802.2
140,4803.0
373,4803.0
171,4803.2
377,4808.2
225,4808.8
131,4809.6
296,4810.5
123,4812.2
252,4812.4
245,4813.1
164,4813.7
208,4814.8
101,4815.2
259,4817.8
89,4817.8
284,4821.1
69,4822.9
36,4823.4
215,4824.0
186,4824.8
281,4825.7
80,4826.7
34,4827.9
26,4828.1
99,4828.1
144,4828.9
88,4829.0
137,4830.6
67,4831.2
24,4831.2
343,4836.6
150,4838.0
209,4840.3
293,4850.2
169,4851.2
22,4851.8
70,4852.7
62,4854.7
100,4856.8
197,4856.9
189,4861.2
311,4863.9
280,4864.3
143,4867.3
297,4867.4
375,4868.0
335,4868.3
224,4869.8
317,4871.0
249,4879.8
48,4882.9
139,4883.6
152,4884.2
58,4885.3
97,4885.4
78,4885.4
359,4885.7
6,4890.0
140,4892.1
131,4894.1
233,4898.5
77,4899.0
54,4900.7
98,4905.5
193,4909.4
180,4913.5
374,4913.8
138,4914.7
153,4922.9
94,4925.3
306,4926.6
157,4928.6
2,4928.8
267,4930.0
261,4933.0
183,4935.7
375,4936.0
148,4936.7
282,4938.5
107,4939.5
223,4940.8
302,4941.2
3,4944.5
212,4947.3
270,4948.2
104,4950.3
71,4951.8
181,4953.1
160,4953.6
57,4955.3
372,4956.4
95,4959.8
287,4960.1
161,4965.9
179,4967.3
380,4968.0
360,4969.0
102,4969.7
16,4971.1
257,4972.8
1,4974.4
141,4975.9
306,4976.2
100,4976.6
324,4980.5
383,4984.3
45,4984.9
146,4988.0
234,4989.4
116,4989.7
244,4991.7
86,4994.8
226,4995.9
331,4996.4
259,5002.1
221,5010.5
363,5011.4
260,5012.4
138,5013.3
97,5013.5
74,5015.0
382,5017.5
228,5017.6
27,5017.7
41,5017.7
375,5017.8
376,5018.2
287,5018.5
218,5018.8
31,5018.8
370,5018.9
324,5019.5
126,5019.6
87,5020.1
29,5021.0
282,5021.1
77,5021.6
295,5022.4
273,5022.6
147,5023.1
125,5023.2
284,5023.4
318,5023.6
69,5023.7
81,5024.1
320,5024.6
261,5024.7
137,5024.9
279,5025.2
30,5025.5
361,5025.6
323,5025.6
357,5026.0
10,5026.1
174,5026.1
169,5027.3
181,5027.7
91,5028.0
84,5028.3
368,5028.4
85,5028.5
76,5028.5
145,5028.6
120,5029.3
36,5029.9
134,5030.3
248,5032.5
75,5034.5
2,5035.7
340,5036.9
230,5038.8
31,5039.4
39,5046.1
345,5048.4
82,5051.6
279,5052.3
80,5052.8
83,5054.4
76,5054.7
52,5056.7
178,5058.7
91,5061.3
310,5062.2
274,5063.3
92,5066.4
212,5067.5
88,5069.6
225,5071.0
176,5071.4
312,5071.7
217,5073.6
304,5075.9
319,5076.7
251,5077.0
169,5077.7
288,5080.6
240,5080.7
192,5083.6
87,5083.9
41,5084.4
302,5086.2
141,5086.3
30,5088.1
28,5090.6
182,5092.6
280,5095.1
382,5097.1
228,5097.5
376,5097.7
27,5097.7
138,5097.8
31,5097.9
375,5098.1
289,5098.2
287,5098.6
370,5098.7
218,5098.8
237,5099.6
324,5099.6
126,5100.0
260,5100.2
320,5100.9
29,5101.0
279,5102.0
147,5102.3
282,5102.5
337,5102.7
76,5103.1
273,5103.5
77,5104.1
284,5104.6
91,5104.6
108,5105.4
357,5106.2
69,5106.5
81,5107.2
245,5107.3
70,5107.5
328,5107.9
74,5108.6
135,5110.0
244,5113.7
21,5115.9
254,5118.1
232,5118.4
150,5118.9
26,5119.2
375,5119.9
131,5120.8
344,5123.6
259,5125.5
294,5127.2
204,5131.0
332,5132.4
215,5139.6
194,5141.4
17,5143.8
78,5146.5
188,5147.5
360,5148.4
252,5149.5
69,5156.0
86,5159.6
239,5167.0
156,5167.2
377,5175.4
41,5176.1
382,5177.1
198,5177.1
369,5177.5
228,5177.5
27,5177.6
370,5177.6
376,5177.7
375,5177.8
354,5177.8
31,5178.1
218,5178.5
87,5178.6
138,5178.6
287,5179.1
126,5179.5
324,5179.8
29,5180.9
30,5180.9
260,5182.2
320,5182.4
147,5182.6
343,5182.7
279,5182.8
282,5183.0
273,5183.4
77,5183.8
76,5184.2
48,5184.2
232,5184.5
280,5184.7
92,5184.9
91,5185.0
251,5185.1
361,5185.2
357,5185.3
278,5185.3
169,5185.4
284,5185.5
262,5185.6
60,5185.7
83,5186.8
81,5187.0
13,5187.9
261,5188.2
132,5188.7
204,5189.3
374,5190.0
72,5194.7
352,5194.9
130,5196.9
207,5197.4
54,5197.8
85,5203.4
307,5203.5
10,5204.4
378,5204.8
336,5205.4
6,5207.8
255,5208.1
229,5210.2
170,5210.8
175,5216.6
326,5217.7
309,5218.4
56,5221.5
144,5222.1
0,5224.5
111,5225.5
214,5226.6
169,5226.8
177,5228.8
299,5234.6
109,5234.7
154,5238.4
12,5239.0
357,5245.3
349,5245.4
43,5247.3
256,5247.4
370,5247.4
293,5247.7
128,5250.8
46,5251.8
224,5252.8
17,5253.4
210,5253.8
286,5255.2
41,5256.9
382,5257.2
228,5257.4
189,5257.5
234,5257.6
376,5257.7
27,5257.8
375,5258.2
31,5258.4
218,5258.8
353,5259.1
138,5259.2
287,5259.4
87,5259.5
163,5259.6
126,5259.8
324,5260.2
29,5261.2
81,5262.0
3,5262.0
79,5262.3
185,5262.4
369,5263.2
69,5263.3
147,5263.4
282,5263.6
260,5263.6
320,5263.7
175,5263.9
273,5263.9
30,5264.0
77,5264.2
279,5264.6
49,5264.8
85,5265.0
141,5265.0
91,5267.0
76,5267.2
284,5267.6
174,5268.3
202,5269.1
122,5271.3
291,5272.2
105,5276.2
7,5277.8
65,5278.3
35,5280.2
228,5280.8
218,5282.7
42,5284.3
379,5286.2
106,5286.6
312,5286.7
304,5287.7
159,5287.8
270,5287.9
282,5288.2
329,5288.2
361,5293.8
137,5302.6
262,5304.2
301,5304.4
8,5306.6
80,5309.7
249,5310.5
102,5314.8
277,5315.1
212,5316.7
35,5317.3
111,5317.7
272,5320.4
186,5321.1
201,5321.2
340,5323.0
211,5335.4
273,5342.0
68,5342.6
341,5350.8
275,5351.8
312,5354.9
6,5356.8
129,5357.3
173,5358.1
236,5361.3
187,5361.4
87,5361.8
316,5363.9
19,5366.4
69,5367.9
346,5369.0
22,5370.6
290,5372.0
348,5374.3
106,5375.6
213,5375.9
327,5376.0
369,5376.9
10,5378.2
283,5378.3
366,5378.8
371,5381.3
184,5383.6
140,5389.6
250,5392.7
241,5397.3
86,5399.2
63,5399.5
55,5399.9
117,5401.2
32,5405.5
100,5406.8
115,5407.6
9,5412.5
8,5413.5
125,5415.3
160,5416.3
347,5416.6
335,5416.7
216,5418.1
376,5418.9
98,5423.1
42,5426.4
4,5427.6
311,5428.7
151,5430.0
242,5430.4
75,5431.7
367,5432.2
359,5435.4
315,5437.0
90,5438.1
2,5438.7
41,5439.1
124,5441.1
218,5441.4
381,5444.8
373,5445.5
271,5446.7
262,5447.7
186,5449.4
118,5450.1
139,5452.4
281,5459.6
20,5460.6
323,5460.8
364,5463.7
246,5464.0
181,5464.4
54,5464.8
152,5465.5
349,5468.9
4,5469.3
99,5471.3
185,5472.4
218,5472.7
193,5475.4
45,5475.7
50,5477.3
223,5477.8
104,5478.0
240,5479.4
1,5480.7
263,5482.4
280,5482.5
318,5482.9
116,5484.0
291,5484.2
69,5487.9
160,5487.9
125,5489.3
209,5491.1
173,5495.9
91,5497.1
337,5497.5
343,5497.6
121,5500.2
59,5506.5
231,5507.7
155,5510.0
134,5512.1
327,5517.4
294,5518.8
37,5522.5
300,5525.9
371,5528.8
106,5528.8
71,5529.8
368,5532.8
141,5533.4
84,5536.3
362,5536.4
131,5537.2
168,5537.7
376,5539.4
226,5542.4
361,5544.3
174,5544.7
178,5546.5
334,5546.9
143,5547.0
83,5550.0
90,5550.1
380,5551.2
98,5556.5
18,5559.2
123,5559.4
96,5563.6
372,5564.6
215,5566.5
58,5569.7
309,5572.1
70,5572.4
283,5572.6
59,5575.6
34,5577.7
175,5578.3
344,5578.5
133,5578.6
222,5578.8
51,5579.4
295,5580.8
120,5583.2
207,5585.3
77,5586.7
289,5586.8
135,5589.5
122,5593.2
119,5593.7
36,5593.7
132,5595.5
146,5596.1
296,5597.0
53,5598.9
75,5601.6
190,5601.8
316,5604.1
140,5606.4
330,5608.3
314,5608.5
91,5609.3
329,5612.3
35,5614.1
254,5615.8
21,5617.8
379,5617.9
126,5621.4
179,5621.9
28,5622.2
57,5622.6
338,5623.4
195,5633.9
63,5637.0
267,5638.5
258,5639.5
357,5640.1
34,5641.6
376,5642.5
41,5642.6
382,5642.9
228,5643.0
218,5643.2
292,5644.0
272,5644.2
370,5644.5
147,5644.6
375,5644.7
203,5644.9
287,5645.0
138,5645.0
261,5645.3
87,5645.6
29,5646.6
2,5647.5
340,5648.1
175,5648.2
150,5648.4
273,5648.4
174,5648.7
260,5648.9
361,5649.1
133,5649.2
199,5649.4
320,5649.4
168,5649.5
27,5649.8
101,5650.0
120,5650.1
91,5650.1
69,5650.3
36,5650.5
158,5650.6
128,5651.0
30,5651.2
284,5652.2
323,5652.4
290,5653.9
94,5655.9
83,5657.7
269,5658.5
48,5660.6
84,5660.9
3,5663.6
89,5667.0
142,5668.1
274,5669.0
184,5670.8
305,5671.8
14,5673.1
26,5674.6
55,5675.2
227,5677.2
115,5677.3
30,5677.4
335,5677.6
308,5678.1
297,5678.7
149,5679.4
380,5680.5
298,5682.6
93,5682.8
284,5683.5
360,5684.5
23,5684.6
144,5684.8
351,5686.1
214,5686.9
270,5689.6
264,5690.1
381,5690.8
137,5691.8
156,5691.9
365,5692.7
104,5693.6
191,5694.9
81,5696.2
312,5701.5
199,5701.7
127,5709.0
60,5713.4
369,5717.9
112,5718.7
106,5719.8
147,5720.2
382,5722.1
85,5722.3
41,5722.3
376,5722.4
228,5722.5
218,5723.4
126,5723.5
338,5723.6
370,5723.9
375,5724.0
203,5724.4
287,5724.4
138,5724.5
2,5724.6
192,5724.8
261,5725.0
87,5725.3
260,5725.4
29,5726.2
82,5726.3
357,5726.7
157,5726.8
1,5727.1
290,5727.3
30,5727.4
284,5727.8
150,5727.9
53,5728.0
258,5728.6
69,5728.8
273,5728.8
120,5729.1
320,5729.2
91,5729.3
27,5730.3
361,5731.3
221,5731.5
158,5731.8
111,5732.1
83,5732.2
340,5732.2
245,5732.3
33,5732.5
174,5732.7
133,5734.3
232,5734.6
325,5735.2
217,5738.1
180,5740.4
16,5740.9
154,5743.7
268,5745.4
235,5745.8
186,5746.6
248,5747.6
38,5749.3
229,5752.2
120,5752.4
125,5752.7
280,5755.5
107,5760.5
126,5761.0
304,5762.1
238,5765.0
5,5766.7
307,5770.2
255,5776.3
327,5777.8
199,5778.5
153,5781.4
90,5784.0
252,5787.8
262,5790.5
133,5791.0
178,5792.3
285,5794.2
237,5794.8
331,5796.5
96,5797.2
65,5798.3
87,5799.2
271,5799.9
382,5802.1
147,5802.4
41,5802.4
228,5802.6
376,5802.6
126,5803.8
218,5803.9
370,5803.9
375,5804.1
138,5804.5
287,5804.5
203,5804.9
261,5805.1
29,5806.1
2,5807.0
260,5807.2
30,5808.2
369,5808.4
150,5808.4
352,5808.5
284,5808.9
192,5809.3
320,5809.4
357,5809.4
273,5809.6
113,5809.8
27,5809.8
120,5810.1
290,5810.3
338,5810.6
69,5810.7
280,5811.0
38,5811.2
85,5812.1
91,5812.8
160,5813.3
99,5813.4
198,5814.6
258,5814.8
305,5814.8
303,5815.2
86,5815.6
210,5816.9
62,5817.4
347,5819.0
176,5822.0
1,5824.3
314,5826.9
202,5829.3
205,5829.6
230,5835.6
75,5836.6
322,5844.7
171,5845.4
335,5845.5
129,5848.9
20,5851.1
51,5852.9
32,5853.1
340,5858.1
100,5860.6
136,5864.0
15,5865.0
151,5866.1
132,5874.3
177,5875.9
233,5876.0
266,5876.4
57,5879.3
70,5880.7
382,5882.1
41,5882.4
228,5882.6
376,5882.8
368,5883.0
218,5883.6
87,5883.7
126,5883.8
370,5883.9
147,5884.0
375,5884.1
138,5884.5
287,5884.6
381,5884.6
203,5884.9
197,5884.9
261,5885.0
29,5886.2
108,5886.3
161,5888.0
199,5888.3
133,5888.5
322,5888.8
63,5889.1
150,5889.1
350,5889.5
320,5889.6
0,5889.7
260,5889.9
198,5889.9
357,5890.0
273,5890.0
27,5890.1
30,5890.3
378,5890.4
284,5890.7
361,5890.9
55,5891.1
2,5891.2
221,5891.3
1,5892.2
137,5892.6
118,5892.9
62,5895.7
276,5896.2
204,5897.2
170,5906.4
250,5910.2
48,5912.3
303,5918.5
234,5920.7
255,5922.1
33,5927.0
61,5927.3
174,5928.7
117,5934.1
166,5934.1
256,5934.5
367,5935.1
211,5940.7
274,5941.7
124,5942.3
219,5944.3
317,5946.1
230,5949.0
78,5949.0
383,5950.0
329,5954.5
332,5955.2
323,5955.3
312,5955.6
375,5956.7
206,5957.3
272,5958.2
333,5960.4
257,5961.6
175,5964.1
293,5965.1
212,5966.3
11,5967.3
258,5969.0
338,5969.1
260,5970.4
249,5973.4
14,5974.2
55,5975.5
241,5975.7
200,5977.5
353,5979.9
91,5980.6
225,5984.1
362,5987.4
370,5988.1
208,5988.6
201,5990.8
27,5992.2
139,5995.2
306,5996.7
298,5997.7
321,5998.0
255,5998.1
112,5999.7
84,6000.1
69,6004.1
247,6005.3
217,6008.7
3,6011.3
64,6012.4
299,6015.0
267,6015.6
229,6015.9
6,6019.1
141,6023.0
216,6023.2
74,6025.3
147,6027.1
73,6027.4
167,6027.9
103,6028.1
41,6031.1
253,6031.2
109,6032.1
36,6033.0
34,6033.0
341,6038.1
201,6041.6
135,6047.0
282,6049.1
379,6052.2
80,6052.8
148,6054.2
68,6054.5
318,6054.9
210,6055.3
279,6064.2
173,6065.1
221,6065.1
132,6067.0
336,6067.2
161,6067.4
94,6077.8
224,6079.0
278,6079.1
39,6080.0
371,6084.6
346,6085.3
187,6086.5
183,6088.8
195,6088.9
129,6090.3
110,6090.6
134,6090.6
169,6091.7
37,6092.4
303,6092.6
49,6092.8
31,6093.8
118,6094.3
197,6095.1
5,6096.9
360,6097.0
301,6099.7
105,6102.2
124,6105.8
334,6108.0
248,6108.2
72,6109.2
353,6111.8
275,6112.8
343,6114.3
297,6114.4
292,6115.0
111,6115.1
245,6116.1
236,6116.8
89,6121.0
202,6121.7
131,6124.0
127,6125.0
107,6125.0
325,6127.7
63,6130.2
156,6134.6
167,6136.2
119,6137.1
363,6139.5
351,6140.5
102,6140.9
209,6143.1
166,6143.4
194,6143.8
381,6144.0
247,6145.0
341,6149.6
330,6153.4
250,6154.3
266,6154.7
369,6155.6
311,6156.1
222,6158.7
259,6160.1
305,6160.3
130,6163.6
277,6163.8
114,6165.8
343,6168.1
144,6170.3
261,6171.0
32,6171.1
56,6174.3
359,6176.8
328,6177.2
184,6179.2
98,6182.0
383,6182.7
152,6183.0
52,6183.0
368,6184.6
34,6184.9
380,6187.7
69,6194.7
356,6197.4
116,6199.6
214,6201.2
220,6202.0
304,6209.5
59,6213.4
171,6213.9
35,6215.1
121,6215.4
296,6215.9
24,6216.0
374,6216.8
247,6221.3
287,6222.4
239,6222.5
213,6225.1
149,6227.2
7,6227.4
106,6227.4
235,6227.7
172,6230.7
96,6231.2
357,6231.6
109,6231.8
260,6233.4
313,6234.1
322,6234.8
376,6235.1
297,6235.8
187,6239.0
82,6240.7
117,6244.0
26,6249.9
218,6257.6
157,6260.9
18,6262.6
151,6263.2
267,6263.6
361,6264.6
308,6264.9
230,6265.4
142,6266.2
2,6268.1
376,6268.1
315,6268.8
338,6269.1
261,6269.5
147,6269.6
126,6269.8
203,6270.1
300,6270.6
87,6270.6
382,6270.8
53,6270.9
29,6271.5
372,6272.2
319,6272.4
370,6272.5
69,6272.5
199,6272.5
260,6272.7
353,6273.3
228,6273.4
357,6273.4
27,6273.7
150,6273.7
273,6273.9
55,6273.9
320,6274.4
4,6274.5
343,6274.6
344,6274.7
252,6275.2
284,6275.3
288,6275.5
369,6275.5
213,6275.7
221,6276.1
299,6276.2
30,6276.6
41,6276.8
111,6277.1
67,6277.4
174,6277.4
17,6277.5
91,6278.8
291,6279.7
107,6280.3
263,6281.5
303,6281.7
184,6283.4
219,6284.2
248,6287.0
6,6293.0
155,6296.8
356,6297.5
199,6298.3
47,6299.9
163,6300.0
286,6302.3
348,6303.6
332,6306.5
95,6307.5
93,6313.0
196,6315.3
182,6316.4
9,6316.5
29,6320.1
25,6320.5
251,6321.2
66,6321.8
279,6328.0
317,6329.4
298,6331.4
110,6334.0
103,6335.1
56,6336.6
131,6336.8
272,6339.8
54,6341.9
92,6342.8
262,6342.8
63,6342.9
337,6345.4
2,6345.6
338,6346.8
147,6347.0
183,6347.2
376,6347.2
223,6347.7
318,6348.1
260,6348.1
53,6348.4
157,6349.1
192,6349.1
290,6349.1
126,6349.5
261,6349.6
203,6349.8
87,6349.9
300,6350.2
382,6350.2
69,6350.5
55,6350.7
199,6350.8
218,6351.4
284,6351.5
29,6352.3
228,6352.8
319,6352.8
370,6352.8
357,6352.9
361,6353.0
1,6353.5
120,6353.7
320,6353.8
150,6353.9
27,6354.4
343,6354.4
4,6354.5
344,6354.5
113,6354.6
353,6354.8
288,6355.7
31,6355.7
247,6355.8
273,6356.0
146,6356.3
185,6356.5
30,6356.6
41,6356.9
138,6357.7
299,6358.0
67,6358.5
154,6358.5
289,6358.7
14,6359.5
264,6362.5
333,6365.2
12,6367.7
200,6370.4
18,6371.2
197,6371.9
44,6372.3
53,6372.8
169,6375.5
102,6378.9
125,6379.1
134,6379.2
123,6379.6
270,6379.9
330,6382.3
133,6382.7
371,6387.0
90,6387.4
16,6388.2
166,6390.0
150,6395.9
159,6396.1
46,6396.8
190,6398.6
359,6400.3
84,6402.2
145,6408.3
189,6411.8
26,6413.3
164,6413.5
273,6417.3
210,6421.4
61,6421.8
340,6425.0
342,6425.3
318,6426.2
351,6427.2
376,6427.5
2,6427.6
338,6428.9
53,6429.3
147,6429.4
126,6429.6
29,6429.7
261,6429.9
203,6430.0
87,6430.0
382,6430.2
300,6430.4
341,6431.0
199,6431.4
228,6432.5
370,6432.5
307,6432.5
218,6432.6
319,6432.6
241,6432.7
25,6433.2
150,6433.3
245,6433.3
284,6433.4
320,6434.1
260,6434.3
27,6434.4
4,6434.7
55,6434.9
91,6435.0
357,6435.0
344,6435.0
361,6435.3
375,6435.8
169,6435.9
353,6435.9
288,6436.3
174,6436.5
323,6436.8
30,6436.9
265,6437.0
369,6437.5
221,6438.3
339,6438.5
251,6439.0
95,6439.5
258,6439.7
195,6444.3
84,6444.8
255,6446.0
246,6447.1
285,6447.1
158,6449.1
291,6451.6
13,6455.8
183,6460.6
81,6460.9
372,6461.5
276,6464.3
186,6465.0
252,6468.3
14,6472.3
120,6474.9
192,6477.6
330,6478.5
181,6482.6
262,6485.6
267,6487.9
15,6488.1
4,6491.5
232,6492.1
259,6494.7
118,6496.7
67,6501.2
62,6503.4
242,6504.6
88,6506.7
129,6507.5
376,6507.7
2,6507.7
338,6509.1
147,6509.5
53,6509.7
203,6510.0
115,6510.1
126,6510.2
382,6510.3
87,6510.5
261,6510.5
300,6510.6
29,6510.7
273,6510.7
344,6511.6
356,6511.7
199,6512.1
150,6512.2
370,6512.6
228,6512.9
158,6513.0
43,6513.0
216,6513.1
319,6513.3
291,6513.7
218,6514.1
320,6514.6
135,6514.6
39,6515.2
123,6515.6
284,6515.7
55,6515.9
299,6516.2
41,6516.4
73,6516.5
260,6516.7
357,6516.9
353,6517.1
288,6517.1
361,6517.7
138,6518.8
275,6519.0
30,6519.8
238,6522.8
76,6526.2
111,6530.7
26,6530.7
124,6534.0
329,6535.5
11,6536.8
367,6537.6
60,6546.2
272,6546.3
113,6548.5
382,6548.6
61,6549.4
190,6550.1
247,6550.2
324,6551.4
366,6552.1
307,6557.4
47,6558.8
271,6559.7
105,6560.1
283,6562.3
359,6564.1
17,6567.1
354,6567.6
99,6568.5
36,6569.7
54,6571.3
348,6572.7
360,6573.0
204,6575.2
326,6576.4
80,6576.7
104,6576.9
145,6582.4
85,6585.2
109,6586.8
5,6590.5
92,6592.6
3,6593.3
363,6594.8
213,6595.1
262,6597.9
1,6598.0
348,6598.9
18,6601.3
144,6601.6
291,6603.9
305,6605.6
138,6605.8
16,6606.9
55,6615.2
122,6616.8
135,6621.3
175,6621.4
185,6622.6
71,6624.8
0,6627.3
208,6631.8
118,6634.8
59,6635.2
22,6636.7
36,6639.9
33,6640.9
370,6641.7
97,6642.5
27,6642.9
379,6645.8
323,6646.4
177,6646.6
23,6647.6
362,6650.2
39,6652.5
119,6652.9
346,6653.5
259,6653.7
246,6656.4
189,6658.9
37,6659.5
375,6664.1
325,6671.6
126,6672.5
330,6672.9
170,6673.1
78,6674.0
285,6676.8
346,6677.0
314,6677.1
142,6679.5
160,6682.5
32,6682.8
252,6683.2
38,6688.0
132,6688.5
207,6692.7
321,6693.4
141,6694.3
291,6695.8
107,6696.2
217,6698.7
165,6702.3
371,6705.1
312,6706.5
331,6708.7
42,6709.2
157,6710.9
51,6712.4
359,6716.6
204,6717.7
75,6719.6
365,6720.7
195,6721.1
194,6723.3
148,6724.4
150,6724.6
309,6725.9
171,6727.9
308,6729.0
325,6731.9
184,6734.0
292,6734.5
249,6736.2
44,6737.7
201,6738.2
56,6740.6
320,6741.3
280,6741.3
376,6743.5
15,6748.8
278,6748.9
156,6749.1
58,6749.6
306,6750.9
281,6751.7
101,6751.8
104,6753.6
152,6756.4
84,6756.5
302,6756.6
332,6763.5
185,6764.8
153,6766.0
88,6767.8
8,6768.1
31,6768.5
262,6768.8
310,6772.0
69,6773.6
95,6774.1
66,6776.0
134,6776.9
311,6777.5
316,6778.8
29,6779.3
327,6782.1
286,6782.4
337,6788.7
183,6792.5
151,6797.1
10,6799.6
334,6799.8
172,6801.0
83,6801.6
113,6802.5
295,6803.1
176,6807.6
345,6807.8
377,6810.0
35,6811.3
370,6812.7
257,6813.2
383,6814.2
382,6815.1
291,6819.9
166,6820.2
279,6822.1
14,6825.0
85,6828.7
251,6831.7
57,6832.2
173,6833.2
307,6833.2
248,6833.6
156,6834.0
52,6834.2
317,6834.4
219,6841.5
195,6843.1
348,6843.5
352,6844.2
45,6846.8
208,6848.9
187,6852.7
338,6854.3
39,6855.9
256,6856.1
331,6858.3
2,6859.2
133,6862.3
246,6863.0
105,6863.9
125,6865.5
295,6866.9
94,6866.9
55,6869.1
221,6869.9
356,6871.8
134,6882.0
34,6883.1
176,6883.3
261,6885.7
306,6889.1
118,6889.2
245,6892.7
376,6892.8
2,6893.0
288,6893.2
338,6893.7
375,6894.0
260,6894.1
212,6894.1
258,6894.2
27,6894.4
126,6894.5
382,6894.5
158,6894.8
370,6895.5
29,6895.5
87,6895.8
369,6895.8
244,6896.6
221,6897.2
320,6897.7
10,6897.9
319,6897.9
228,6898.0
291,6898.0
273,6898.2
226,6898.5
353,6899.3
262,6899.3
69,6899.5
85,6899.8
294,6900.3
284,6900.6
253,6901.2
30,6901.6
67,6902.5
31,6902.5
323,6902.6
361,6902.8
355,6903.0
198,6903.2
322,6903.7
53,6904.7
19,6905.0
146,6905.4
300,6905.7
200,6905.9
227,6909.5
20,6910.3
243,6914.5
65,6918.5
76,6923.3
96,6924.3
244,6925.0
33,6925.4
137,6926.5
19,6926.7
139,6927.3
324,6931.8
9,6932.3
93,6934.1
266,6934.3
229,6934.4
280,6934.7
197,6935.7
209,6939.1
304,6940.9
102,6949.7
382,6951.8
154,6952.2
47,6952.5
257,6953.2
112,6957.3
104,6961.3
106,6962.3
247,6963.0
216,6963.2
274,6965.2
120,6966.7
214,6967.7
348,6969.7
252,6970.5
90,6970.8
122,6971.9
2,6972.0
376,6972.6
221,6972.8
338,6973.2
260,6973.5
258,6973.6
375,6973.7
27,6973.8
126,6974.0
118,6974.4
87,6974.8
129,6974.8
188,6974.8
158,6975.1
55,6975.3
369,6975.3
29,6975.4
244,6975.5
330,6975.6
370,6976.5
288,6976.5
300,6976.8
353,6977.1
228,6977.4
255,6977.8
192,6977.8
44,6977.9
319,6977.9
320,6977.9
69,6978.0
50,6978.1
290,6978.1
41,6978.5
273,6978.6
174,6979.0
91,6979.8
157,6980.6
53,6980.6
19,6980.8
115,6981.0
284,6981.2
30,6981.3
168,6981.3
176,6981.5
175,6981.7
10,6981.8
138,6983.1
132,6984.3
182,6984.6
189,6988.0
149,6990.6
11,6991.5
254,6991.8
245,6995.4
233,6998.7
84,7000.7
174,7001.9
351,7002.5
162,7003.9
25,7011.1
357,7012.1
143,7013.3
275,7013.9
29,7018.4
62,7020.6
175,7022.3
337,7023.1
329,7024.5
184,7025.8
117,7027.4
23,7027.8
161,7031.2
87,7033.1
124,7033.1
343,7033.6
6,7035.2
225,7037.2
107,7037.4
308,7039.1
262,7043.2
219,7043.5
241,7047.9
2,7048.7
315,7049.0
35,7049.5
67,7049.9
338,7051.4
260,7051.4
381,7051.4
210,7051.7
376,7052.6
382,7053.1
221,7053.3
297,7053.6
375,7053.7
258,7053.8
27,7054.4
115,7054.7
126,7054.8
183,7055.1
120,7055.2
55,7055.2
249,7055.3
290,7055.3
158,7055.3
369,7055.5
29,7055.5
244,7055.7
192,7056.3
118,7056.3
359,7056.8
69,7056.8
344,7056.8
370,7056.9
147,7057.3
275,7057.5
228,7057.7
319,7058.2
39,7058.3
53,7058.3
1,7058.9
288,7059.2
174,7059.3
157,7059.3
320,7059.3
273,7059.3
353,7059.7
30,7059.7
246,7059.8
253,7060.7
300,7060.8
298,7060.8
361,7060.9
284,7062.0
19,7063.3
91,7065.8
327,7068.2
374,7070.4
198,7071.5
40,7072.3
286,7076.3
9,7079.0
250,7080.2
311,7082.9
179,7083.5
282,7085.6
111,7086.8
94,7087.3
229,7090.3
41,7091.3
70,7095.2
155,7097.4
278,7097.4
113,7101.7
274,7107.9
16,7108.0
365,7108.2
36,7109.0
328,7113.2
177,7115.6
173,7117.6
121,7119.0
180,7120.1
248,7121.0
140,7121.1
139,7122.2
194,7123.0
341,7128.1
196,7130.5
369,7130.6
123,7131.9
2,7132.0
235,7132.5
99,7132.8
376,7132.9
260,7133.6
221,7133.6
258,7133.7
87,7133.8
361,7133.9
338,7134.0
375,7134.1
171,7134.3
27,7134.5
382,7134.9
126,7135.0
228,7135.2
29,7135.3
158,7135.4
30,7136.2
244,7136.5
41,7137.4
118,7137.4
262,7137.8
370,7137.8
91,7138.0
319,7138.4
67,7138.6
320,7139.4
55,7140.2
273,7140.3
172,7140.5
175,7140.5
178,7140.8
288,7141.3
353,7141.3
110,7141.5
343,7141.6
10,7141.7
300,7143.4
182,7144.8
90,7152.3
259,7152.5
157,7153.3
4,7154.1
76,7164.1
379,7167.6
183,7171.9
212,7172.1
73,7172.3
49,7173.2
50,7175.3
137,7175.8
188,7179.2
261,7179.6
75,7180.3
136,7181.7
199,7186.9
116,7189.4
163,7193.2
232,7199.7
176,7200.1
350,7205.1
175,7205.7
352,7209.8
227,7212.8
211,7213.2
86,7215.9
349,7219.6
243,7221.1
187,7223.1
92,7223.3
195,7223.7
370,7223.9
159,7226.0
149,7226.4
119,7230.3
50,7230.7
209,7230.8
286,7233.4
71,7234.7
63,7236.4
38,7237.6
169,7239.4
300,7239.5
21,7241.0
29,7242.5
245,7242.6
27,7245.4
213,7245.5
333,7247.4
185,7250.6
0,7253.0
87,7254.3
313,7254.6
260,7256.7
341,7259.1
168,7260.0
241,7263.8
329,7265.1
89,7268.8
326,7268.9
222,7272.5
10,7272.7
273,7275.2
28,7278.9
192,7279.4
57,7281.4
345,7284.2
76,7288.8
283,7290.4
143,7291.0
132,7294.5
191,7298.8
13,7299.5
317,7303.3
274,7304.7
225,7305.0
19,7305.3
72,7305.3
364,7307.9
69,7310.7
223,7314.2
252,7316.7
180,7319.0
20,7319.0
270,7320.6
373,7323.8
263,7323.9
272,7324.3
163,7326.0
308,7327.4
239,7328.5
363,7328.7
281,7331.3
26,7331.9
170,7335.7
17,7337.3
240,7338.9
303,7339.5
346,7340.7
339,7340.7
282,7341.8
133,7342.6
367,7346.0
267,7349.9
140,7350.6
93,7352.5
161,7353.0
104,7356.1
381,7357.2
302,7359.7
87,7361.0
145,7361.4
36,7361.4
244,7363.8
79,7366.1
372,7368.1
215,7368.6
202,7370.6
82,7371.7
43,7376.6
255,7377.2
203,7377.2
353,7380.9
288,7381.6
209,7382.8
165,7387.3
160,7388.2
22,7388.7
224,7390.6
9,7391.1
74,7391.8
18,7392.5
164,7393.5
137,7399.0
304,7400.7
130,7403.7
108,7404.7
326,7407.6
2,7407.9
227,7412.6
142,7413.6
159,7414.6
318,7415.9
313,7416.6
123,7418.4
230,7419.8
167,7421.5
206,7422.2
237,7422.7
356,7423.8
42,7424.2
241,7428.2
283,7429.4
297,7429.5
242,7431.2
323,7431.5
19,7433.6
218,7434.0
351,7436.1
43,7440.0
9,7441.5
217,7442.4
179,7444.3
132,7448.9
94,7449.8
155,7450.3
285,7453.7
264,7454.3
382,7459.4
134,7460.8
160,7463.4
364,7463.9
198,7464.7
348,7465.8
135,7466.2
319,7468.4
77,7476.6
100,7477.1
126,7479.7
333,7480.1
14,7480.2
122,7480.5
300,7482.8
97,7484.9
225,7486.7
139,7486.7
37,7488.8
59,7491.8
56,7492.3
74,7492.8
334,7492.9
58,7493.7
52,7494.4
337,7494.4
269,7498.6
47,7498.7
226,7500.7
251,7501.0
78,7501.0
359,7504.2
306,7505.6
200,7507.3
296,7507.8
343,7510.7
152,7511.1
27,7516.8
228,7516.8
201,7517.3
118,7517.5
2,7517.7
171,7518.1
260,7518.9
221,7519.3
258,7519.3
375,7519.4
338,7519.5
126,7520.0
87,7520.0
362,7520.2
158,7520.5
134,7520.6
324,7521.0
98,7521.1
83,7521.3
230,7521.4
376,7521.4
244,7521.5
29,7522.1
175,7522.7
130,7522.8
382,7523.4
273,7523.5
140,7523.7
369,7523.9
292,7524.0
323,7524.2
288,7524.5
79,7524.6
353,7525.0
19,7525.0
51,7525.9
300,7526.2
55,7526.3
284,7526.5
367,7526.5
253,7526.6
30,7526.7
159,7527.3
69,7527.8
168,7527.8
127,7528.0
361,7528.4
301,7529.5
10,7529.6
166,7531.7
295,7532.7
89,7537.8
151,7538.1
119,7540.0
304,7542.6
364,7545.7
72,7549.7
321,7551.2
162,7552.3
253,7553.4
111,7554.0
240,7554.9
164,7556.1
339,7557.1
250,7559.1
61,7560.0
225,7560.1
64,7560.2
330,7562.3
168,7564.9
378,7568.1
63,7568.9
204,7569.9
328,7570.1
193,7572.1
288,7574.8
148,7577.4
21,7577.9
352,7582.3
87,7583.6
366,7583.7
153,7584.6
76,7584.7
35,7587.5
26,7589.5
217,7592.3
163,7593.3
93,7596.1
27,7596.3
228,7596.4
146,7596.4
258,7597.0
118,7597.1
171,7597.4
2,7597.6
140,7597.8
234,7597.9
158,7598.0
260,7598.5
221,7598.7
375,7598.9
338,7599.2
215,7599.5
235,7599.6
362,7599.6
126,7599.9
134,7600.7
83,7601.0
376,7601.1
29,7601.8
175,7602.3
244,7602.3
230,7603.0
147,7603.1
253,7603.4
233,7603.6
273,7604.0
41,7604.0
368,7604.0
369,7604.1
382,7604.5
53,7605.2
192,7605.8
353,7606.2
130,7606.3
55,7606.5
300,7606.5
284,7606.6
72,7606.6
74,7607.3
30,7607.3
343,7607.9
67,7608.8
305,7610.2
91,7610.4
40,7612.5
277,7613.1
133,7616.3
129,7617.5
13,7617.5
107,7622.2
57,7624.1
276,7626.3
39,7627.1
34,7628.8
12,7628.9
297,7629.2
174,7633.1
50,7633.4
101,7635.0
266,7637.6
238,7637.6
135,7641.4
8,7642.1
175,7642.3
7,7642.8
177,7643.1
299,7643.4
279,7643.4
159,7645.1
152,7645.7
362,7651.3
211,7652.5
136,7657.1
383,7660.1
212,7661.6
90,7661.7
224,7664.2
138,7664.7
342,7666.2
47,7668.7
22,7668.9
2,7675.8
27,7676.3
260,7676.4
228,7676.5
372,7676.5
95,7676.9
118,7677.0
338,7677.1
68,7677.9
258,7678.1
171,7678.2
221,7678.6
147,7678.7
87,7678.7
290,7678.8
375,7678.9
158,7679.5
357,7679.6
126,7680.9
83,7681.0
175,7681.1
288,7681.1
55,7681.3
192,7681.3
376,7681.3
69,7681.4
134,7681.6
362,7681.7
140,7681.8
157,7681.8
29,7682.0
53,7682.6
120,7682.7
244,7682.7
174,7683.2
208,7683.6
1,7683.7
205,7684.3
369,7684.6
253,7685.1
273,7685.2
79,7685.4
361,7686.2
279,7686.4
65,7686.8
382,7686.9
284,7687.1
353,7687.6
230,7687.8
280,7687.9
30,7688.2
343,7688.6
117,7688.7
165,7688.9
84,7689.1
326,7689.7
272,7693.9
85,7694.8
308,7697.4
116,7697.7
14,7698.8
169,7701.9
82,7702.7
71,7703.0
269,7704.0
164,7704.5
356,7707.3
226,7710.9
25,7711.1
188,7712.9
265,7716.6
364,7716.8
121,7717.7
376,7718.0
312,7718.1
314,7720.4
295,7723.2
54,7724.5
264,7724.7
143,7725.2
178,7726.2
206,7727.1
198,7729.0
192,7730.7
31,7731.7
112,7732.0
53,7734.1
360,7734.9
163,7737.8
367,7742.7
274,7746.6
125,7747.2
45,7747.4
69,7749.7
0,7751.7
28,7753.1
2,7755.7
27,7756.4
260,7756.4
228,7756.5
338,7757.0
277,7757.2
118,7757.3
66,7757.9
26,7758.0
258,7758.7
362,7758.9
171,7758.9
221,7759.0
375,7759.0
147,7759.8
87,7759.9
376,7760.1
290,7760.2
158,7760.4
70,7760.7
55,7761.4
175,7761.4
83,7761.5
126,7761.7
29,7762.2
134,7762.2
244,7762.8
294,7763.9
138,7763.9
369,7764.7
41,7764.9
140,7765.0
174,7765.4
273,7765.6
157,7765.9
288,7766.3
279,7766.7
382,7767.4
85,7767.6
155,7767.7
284,7768.0
30,7768.6
300,7769.0
353,7769.3
296,7770.0
42,7771.4
203,7774.4
4,7775.2
235,7777.2
309,7779.8
338,7784.5
354,7786.0
214,7786.3
51,7786.7
78,7787.3
140,7789.1
250,7789.1
315,7789.8
287,7792.6
47,7794.0
103,7796.9
141,7798.4
180,7802.8
161,7803.7
371,7806.2
116,7809.9
223,7815.2
156,7817.1
278,7822.3
317,7827.3
228,7828.9
120,7829.9
325,7833.5
301,7835.4
197,7838.2
81,7840.4
318,7840.5
300,7841.1
316,7842.2
36,7846.2
272,7847.0
141,7851.0
87,7851.3
254,7853.0
345,7853.1
134,7855.4
54,7856.1
261,7856.5
248,7857.7
86,7858.8
340,7859.1
329,7859.3
186,7860.7
75,7862.5
270,7865.0
196,7867.1
382,7867.9
267,7869.2
161,7871.7
287,7874.8
160,7875.3
157,7876.3
361,7876.8
208,7877.5
204,7883.8
239,7883.8
202,7885.0
136,7885.1
253,7887.0
303,7888.8
362,7888.8
155,7889.3
295,7889.6
323,7892.3
224,7892.7
313,7898.4
88,7898.8
8,7900.6
149,7903.8
227,7904.0
53,7904.3
344,7905.7
306,7906.9
176,7909.0
179,7909.0
15,7909.3
74,7909.8
183,7909.9
238,7910.0
216,7910.2
79,7912.8
153,7913.0
195,7913.3
381,7915.4
368,7916.2
123,7919.0
48,7921.9
268,7925.1
1,7926.0
40,7927.1
199,7930.3
346,7933.5
147,7933.9
272,7934.7
351,7939.8
245,7941.0
232,7941.3
6,7943.2
11,7946.6
315,7948.2
220,7949.4
43,7951.4
77,7953.6
131,7956.0
42,7957.1
166,7959.8
129,7962.6
64,7964.6
116,7968.5
283,7972.6
102,7973.3
343,7973.8
135,7974.3
169,7975.1
90,7976.7
114,7981.4
308,7984.9
152,7988.9
335,7990.0
106,7998.8
231,8003.9
60,8009.0
229,8010.0
302,8012.1
93,8012.8
223,8013.3
273,8016.0
172,8016.1
115,8017.2
357,8017.3
264,8017.3
36,8017.5
253,8017.8
143,8019.6
314,8020.7
218,8032.0
333,8032.8
55,8035.4
105,8036.9
342,8038.0
168,8038.8
343,8039.1
232,8039.5
378,8041.0
56,8042.0
61,8049.0
33,8050.9
125,8051.6
124,8053.4
98,8053.9
103,8054.3
107,8055.7
259,8058.5
207,8062.7
41,8063.2
92,8066.7
148,8070.7
128,8073.3
379,8075.1
233,8077.0
112,8077.7
198,8083.0
164,8083.2
369,8087.8
131,8093.3
269,8093.8
338,8095.6
383,8097.7
212,8098.4
191,8101.6
210,8102.1
306,8103.8
240,8104.8
288,8107.3
325,8108.6
218,8109.2
2,8109.6
376,8112.9
290,8115.0
302,8116.9
289,8118.3
264,8118.5
182,8119.3
37,8122.1
158,8122.4
161,8123.9
315,8126.4
307,8126.5
275,8127.0
381,8128.5
52,8128.7
7,8130.7
111,8131.1
237,8131.5
319,8131.7
138,8132.3
22,8133.2
226,8134.1
139,8134.5
311,8136.1
374,8136.7
99,8138.3
118,8140.9
27,8141.8
228,8141.8
260,8141.8
258,8142.5
375,8142.6
2,8143.1
126,8143.3
244,8143.4
338,8143.8
221,8144.2
157,8144.3
168,8144.3
171,8144.5
362,8145.0
334,8145.1
32,8145.3
67,8145.6
269,8145.9
83,8146.3
316,8146.4
369,8146.8
54,8146.8
41,8147.0
29,8147.1
134,8147.2
273,8147.3
55,8148.2
175,8148.8
366,8149.0
255,8149.2
16,8149.4
253,8150.2
326,8150.2
208,8150.5
288,8150.6
151,8150.8
76,8151.1
344,8151.1
205,8151.2
170,8151.3
280,8151.5
30,8151.6
48,8152.0
53,8152.3
343,8153.0
327,8153.6
18,8153.9
79,8154.1
353,8154.6
145,8154.9
6,8161.5
282,8162.1
360,8162.6
162,8164.2
230,8168.6
332,8171.7
322,8173.5
320,8174.7
167,8175.6
126,8180.5
109,8181.5
318,8182.4
157,8183.7
259,8186.3
369,8189.1
192,8193.3
38,8197.5
10,8198.2
221,8199.2
249,8202.3
323,8203.6
96,8204.2
235,8206.2
189,8206.6
239,8207.8
108,8208.2
106,8209.2
255,8215.6
107,8215.6
118,8220.5
285,8220.6
150,8221.2
27,8221.3
260,8221.3
228,8221.6
173,8222.0
258,8222.0
375,8222.1
2,8222.2
126,8222.6
244,8222.7
159,8222.8
157,8223.3
338,8223.4
158,8223.5
332,8223.6
74,8224.0
171,8224.1
168,8224.7
362,8224.9
32,8225.1
67,8225.2
34,8225.7
83,8226.0
290,8226.1
316,8226.3
230,8226.4
269,8226.5
45,8226.6
29,8226.6
54,8226.7
221,8226.9
18,8227.0
134,8227.1
268,8227.1
237,8227.9
369,8228.0
175,8228.5
41,8228.5
273,8228.6
219,8229.0
366,8229.3
16,8229.3
55,8229.5
69,8229.9
208,8230.1
288,8230.3
76,8230.7
376,8231.1
130,8231.1
30,8231.2
361,8231.3
344,8231.3
310,8231.4
205,8231.4
305,8231.5
174,8233.6
351,8233.8
353,8234.3
135,8234.8
356,8237.0
137,8239.1
120,8239.9
350,8239.9
192,8243.7
293,8244.1
296,8248.6
47,8250.7
223,8250.7
88,8251.7
238,8257.9
122,8258.6
95,8258.9
267,8259.0
12,8262.3
44,8265.9
364,8267.3
8,8267.6
114,8270.3
377,8270.6
312,8272.7
206,8274.1
87,8274.5
97,8275.6
144,8276.3
126,8277.5
66,8278.1
133,8280.6
53,8281.0
380,8281.4
284,8282.1
337,8282.3
262,8282.5
261,8285.0
132,8287.4
77,8288.1
14,8288.4
59,8290.6
92,8290.8
64,8291.8
294,8292.5
13,8294.7
246,8297.1
157,8299.7
2,8299.9
260,8300.3
118,8300.6
328,8301.1
27,8301.4
228,8301.6
375,8302.0
258,8302.1
206,8302.3
244,8302.7
338,8302.7
362,8303.3
221,8303.3
32,8303.5
171,8304.3
158,8304.8
378,8304.8
126,8305.2
67,8305.4
168,8305.5
255,8306.0
104,8306.1
83,8306.3
29,8306.8
316,8306.9
369,8307.0
54,8307.2
134,8307.5
290,8307.6
305,8307.6
269,8307.9
147,8308.4
55,8308.4
192,8308.6
230,8308.9
120,8309.0
275,8309.3
10,8309.4
366,8309.6
175,8309.9
16,8310.0
327,8310.1
273,8310.3
18,8311.0
41,8311.3
69,8311.5
76,8312.2
351,8312.3
343,8312.5
1,8312.6
30,8312.7
323,8312.8
288,8313.2
237,8314.0
344,8314.6
112,8315.1
353,8315.4
266,8318.3
349,8319.4
106,8320.2
257,8321.9
241,8324.5
75,8330.4
177,8331.9
9,8334.1
217,8334.4
366,8335.6
36,8336.6
80,8337.3
211,8339.1
156,8339.5
37,8347.5
127,8356.2
62,8359.6
310,8360.4
10,8364.7
243,8366.2
82,8366.7
363,8372.0
2,8372.5
49,8373.4
51,8375.5
373,8375.5
260,8379.5
303,8379.7
118,8380.6
157,8380.9
27,8381.3
228,8381.6
258,8382.0
338,8382.0
375,8382.0
126,8382.4
119,8382.7
125,8382.8
244,8382.8
240,8382.9
221,8383.6
53,8384.0
362,8384.3
171,8384.4
32,8384.6
192,8384.8
300,8384.9
290,8385.0
168,8385.5
67,8385.5
158,8385.7
19,8386.0
147,8386.0
331,8386.0
207,8386.1
55,8386.2
83,8386.5
134,8386.9
29,8386.9
351,8387.0
120,8387.2
54,8387.2
366,8387.3
316,8387.3
69,8387.3
305,8387.8
255,8387.9
369,8388.2
269,8388.5
76,8388.7
262,8388.9
175,8389.5
16,8389.9
88,8390.1
205,8390.4
273,8390.9
230,8391.1
36,8391.1
361,8391.6
208,8391.9
327,8392.0
57,8392.1
30,8393.5
281,8393.9
332,8394.9
40,8399.4
224,8400.5
38,8401.0
256,8401.1
131,8403.9
282,8406.4
0,8407.9
184,8409.5
24,8413.4
365,8415.2
20,8425.8
274,8429.4
371,8430.7
66,8431.1
347,8431.5
28,8431.7
27,8432.1
6,8432.6
84,8432.9
11,8434.3
254,8436.7
357,8437.7
181,8439.3
29,8440.2
62,8440.7
336,8442.3
142,8443.1
307,8455.5
269,8456.0
190,8458.4
72,8459.8
188,8460.5
344,8464.9
141,8466.6
208,8469.8
40,8470.6
122,8474.2
61,8476.8
293,8479.2
236,8481.0
135,8482.1
258,8482.6
266,8483.1
174,8486.3
3,8486.4
276,8487.3
91,8488.9
242,8492.4
277,8494.1
183,8496.3
212,8502.4
5,8504.9
213,8505.8
201,8511.7
335,8514.1
321,8514.2
124,8514.7
325,8516.5
48,8517.4
329,8518.1
232,8520.1
306,8520.5
104,8521.9
88,8524.1
90,8528.0
173,8530.8
126,8531.9
314,8544.0
190,8544.7
116,8547.3
94,8549.9
207,8552.5
359,8553.3
356,8556.2
251,8559.0
12,8559.7
39,8560.7
315,8562.4
85,8563.3
280,8565.5
338,8566.3
341,8568.9
380,8569.4
144,8570.6
114,8575.0
110,8578.9
240,8582.8
362,8586.8
21,8592.0
304,8594.2
96,8598.4
76,8600.7
33,8602.5
140,8603.3
23,8604.6
360,8609.3
171,8612.7
259,8614.2
1,8616.0
270,8617.0
340,8617.6
218,8617.7
312,8619.8
61,8620.1
7,8621.4
154,8624.0
336,8624.6
273,8625.6
324,8626.7
320,8628.9
222,8630.2
47,8631.5
91,8634.4
351,8634.9
164,8637.4
219,8637.7
99,8638.8
193,8641.5
108,8642.5
367,8647.5
364,8648.3
165,8649.3
40,8650.0
216,8654.3
211,8657.5
130,8661.1
308,8661.5
172,8662.5
333,8667.3
233,8668.0
232,8669.0
122,8670.2
326,8670.5
230,8671.4
263,8671.8
335,8674.4
22,8675.0
8,8676.0
316,8679.0
325,8679.7
125,8681.2
185,8683.8
112,8683.8
352,8687.5
273,8690.3
147,8691.9
24,8694.5
182,8695.5
214,8695.6
122,8696.7
102,8699.1
166,8700.1
2,8700.6
38,8701.1
113,8713.5
289,8715.7
82,8716.3
248,8716.8
7,8718.0
204,8718.2
221,8722.2
164,8724.5
189,8727.5
84,8728.8
302,8728.8
77,8729.4
281,8732.2
235,8733.2
32,8736.2
218,8737.4
261,8739.3
207,8739.5
210,8739.9
229,8741.8
24,8742.3
25,8745.3
43,8746.6
209,8750.7
68,8753.3
15,8754.5
297,8763.8
313,8765.8
118,8765.9
132,8766.7
228,8766.9
70,8767.0
375,8767.4
258,8767.4
2,8767.5
158,8768.2
244,8768.3
260,8768.4
221,8768.4
27,8769.0
29,8769.2
338,8769.3
157,8769.3
170,8769.3
255,8769.4
147,8769.9
273,8770.3
32,8770.7
83,8771.4
261,8771.4
134,8771.8
54,8771.9
204,8772.0
230,8772.5
175,8772.8
8,8773.0
269,8773.2
130,8773.3
76,8773.8
171,8774.3
259,8774.4
369,8774.7
208,8774.7
16,8775.1
55,8775.2
205,8775.5
367,8775.7
140,8775.8
30,8776.0
327,8776.3
281,8776.6
344,8776.9
305,8777.2
126,8777.2
66,8777.4
329,8777.4
4,8777.6
351,8777.8
67,8778.2
254,8778.2
296,8778.8
174,8778.9
310,8780.2
365,8789.5
157,8790.1
278,8790.6
41,8790.7
349,8795.5
115,8797.4
319,8797.6
49,8802.8
133,8807.4
161,8808.5
239,8809.4
192,8809.9
223,8812.6
102,8814.1
122,8814.2
309,8814.9
75,8816.8
146,8817.7
141,8817.9
252,8820.4
110,8822.8
217,8823.0
184,8823.4
64,8824.2
371,8824.4
200,8824.6
237,8826.7
199,8829.5
170,8829.5
30,8830.3
221,8830.9
179,8831.1
354,8831.7
108,8833.4
138,8834.1
118,8837.5
312,8841.1
196,8842.8
359,8843.1
228,8846.6
375,8847.1
258,8847.1
29,8847.1
2,8847.4
298,8847.5
244,8847.9
158,8848.1
260,8848.2
157,8848.3
27,8848.7
255,8849.2
338,8849.3
32,8849.4
261,8849.6
41,8851.0
147,8851.2
83,8851.3
257,8851.4
134,8852.2
273,8852.3
54,8852.5
175,8853.0
269,8853.9
8,8854.0
204,8854.2
313,8854.4
192,8854.8
331,8855.1
76,8855.2
16,8855.2
259,8855.3
249,8855.5
288,8855.8
53,8855.8
130,8856.1
369,8856.1
55,8856.4
66,8856.6
69,8857.7
26,8857.8
250,8857.9
67,8858.4
187,8858.6
18,8858.7
230,8858.9
344,8859.1
106,8859.7
180,8860.1
293,8860.6
0,8863.5
303,8867.4
336,8868.3
148,8869.1
268,8870.0
86,8871.1
219,8871.7
296,8873.2
275,8873.5
220,8874.8
185,8876.2
155,8879.7
101,8882.0
372,8882.8
38,8883.8
61,8887.4
299,8891.6
105,8896.4
264,8896.5
361,8900.2
224,8900.5
129,8901.6
147,8903.5
228,8903.5
348,8903.7
383,8904.8
20,8907.9
216,8909.1
204,8910.0
21,8910.0
310,8910.8
15,8912.7
238,8912.7
308,8915.3
201,8915.5
80,8917.1
156,8917.4
35,8917.6
71,8919.8
42,8924.2
266,8924.3
118,8925.2
375,8926.9
258,8927.1
131,8927.3
221,8927.4
244,8927.9
29,8928.0
2,8928.0
170,8928.2
260,8928.2
158,8928.2
157,8928.7
228,8928.8
27,8928.8
338,8929.4
255,8929.5
32,8930.1
261,8930.3
30,8930.8
265,8930.8
83,8931.3
25,8931.4
134,8931.8
294,8932.0
237,8932.8
41,8933.3
54,8933.5
175,8933.5
273,8934.3
269,8934.4
67,8934.6
329,8935.0
8,8935.3
369,8935.4
327,8935.5
16,8936.0
259,8936.6
281,8936.7
76,8937.2
66,8938.2
186,8938.9
192,8938.9
55,8938.9
290,8939.7
147,8940.2
313,8940.4
344,8940.8
229,8942.4
10,8942.9
280,8944.1
135,8946.9
322,8948.9
235,8949.2
206,8949.6
255,8950.3
270,8955.7
183,8955.8
269,8956.5
222,8957.3
33,8957.4
261,8957.5
54,8958.6
119,8964.3
121,8968.2
75,8974.8
69,8979.9
311,8980.3
323,8981.8
26,8983.9
353,8988.3
152,8989.3
342,8991.3
60,8991.9
383,8993.3
11,8994.7
103,8997.0
149,8997.8
305,9000.2
150,9002.4
355,9003.1
302,9004.1
118,9005.4
228,9006.0
375,9007.0
258,9007.2
244,9007.9
260,9008.1
2,9008.1
158,9008.2
29,9008.4
221,9008.5
255,9008.6
27,9008.8
157,9009.1
170,9009.2
338,9009.6
261,9010.0
32,9010.4
148,9010.6
54,9011.1
147,9011.2
83,9011.3
269,9011.9
134,9011.9
204,9012.8
67,9013.0
175,9013.6
30,9014.0
41,9015.0
10,9015.3
8,9015.7
369,9015.8
288,9016.2
16,9016.2
230,9016.3
130,9016.5
53,9016.6
132,9016.8
310,9017.1
174,9017.5
55,9018.0
66,9018.2
76,9018.3
259,9018.6
119,9018.8
144,9020.3
352,9025.3
81,9028.8
271,9029.3
95,9032.7
330,9036.0
13,9038.4
207,9041.2
369,9042.3
263,9044.5
363,9044.7
30,9046.9
203,9047.0
327,9047.9
301,9051.4
8,9051.9
234,9052.8
368,9055.5
128,9058.1
264,9061.5
260,9062.2
62,9062.5
254,9064.2
173,9064.4
338,9066.2
42,9070.5
202,9072.0
208,9073.1
86,9073.4
97,9075.0
160,9077.8
119,9078.1
130,9078.1
227,9078.2
220,9078.5
106,9078.7
199,9081.2
36,9083.6
145,9086.1
112,9088.4
251,9089.3
219,9090.9
79,9091.3
372,9092.2
229,9095.2
282,9095.2
50,9099.0
204,9099.1
143,9099.9
315,9100.3
78,9100.5
14,9103.3
375,9105.5
267,9111.4
88,9112.4
29,9114.3
345,9114.5
71,9114.9
239,9117.1
246,9121.6
120,9122.0
4,9122.3
329,9125.8
262,9127.5
58,9128.0
290,9132.5
17,9132.9
152,9143.3
307,9144.0
383,9144.2
247,9145.0
109,9147.7
233,9153.5
140,9154.0
174,9155.9
196,9157.3
99,9161.9
249,9162.2
163,9163.1
74,9163.2
155,9165.1
195,9165.6
72,9167.6
151,9169.2
248,9171.1
111,9172.4
357,9173.3
57,9173.5
191,9174.7
197,9175.7
250,9179.2
230,9180.7
377,9181.1
256,9181.2
375,9181.4
271,9183.5
124,9184.5
382,9186.1
157,9186.5
319,9186.5
92,9188.3
245,9190.0
356,9190.1
333,9191.0
277,9192.5
232,9193.7
63,9196.3
148,9200.3
7,9203.1
154,9205.8
269,9207.9
175,9210.2
298,9219.9
65,9225.4
288,9225.7
312,9226.7
37,9227.6
129,9234.4
283,9234.5
367,9240.4
100,9241.3
214,9242.0
242,9243.4
359,9250.1
364,9251.0
360,9251.3
9,9254.7
220,9254.9
135,9256.3
16,9258.0
81,9258.0
361,9258.7
156,9263.4
18,9264.0
215,9267.2
356,9271.9
38,9280.4
185,9282.1
139,9282.7
52,9283.7
365,9285.3
116,9285.3
366,9286.7
328,9289.3
19,9290.1
287,9291.2
113,9293.0
169,9295.0
243,9297.5
153,9298.1
223,9298.6
210,9298.6
181,9299.9
254,9302.7
297,9303.8
293,9304.2
209,9304.2
27,9306.4
207,9307.5
272,9311.1
236,9311.6
89,9313.1
12,9314.2
50,9317.6
193,9317.9
308,9318.5
189,9320.1
56,9320.2
233,9320.3
219,9320.6
239,9320.7
300,9321.6
47,9324.2
3,9324.5
107,9330.2
194,9333.4
46,9334.0
132,9334.1
330,9334.8
178,9334.8
212,9339.0
54,9339.2
36,9340.2
281,9340.3
270,9342.1
40,9343.9
379,9345.1
371,9346.0
294,9346.0
284,9346.2
380,9348.7
20,9350.9
165,9352.5
356,9355.8
272,9356.3
347,9356.6
34,9359.5
29,9361.2
350,9367.7
139,9369.2
58,9376.2
49,9379.7
370,9382.7
320,9383.3
115,9386.9
13,9387.1
213,9387.8
118,9388.0
317,9390.0
79,9391.1
260,9391.4
2,9391.6
135,9391.7
375,9392.2
157,9392.5
338,9392.7
27,9392.7
158,9393.2
244,9393.3
175,9393.3
147,9393.5
255,9393.7
258,9393.8
300,9393.9
221,9394.3
130,9394.6
170,9394.6
343,9395.6
290,9395.6
54,9395.8
32,9395.8
261,9395.8
55,9395.9
192,9396.1
83,9396.1
134,9396.4
228,9396.6
204,9396.9
351,9397.1
120,9397.1
53,9397.4
269,9397.7
169,9398.0
226,9398.2
16,9398.3
21,9398.5
369,9399.2
174,9399.4
281,9400.0
312,9400.1
1,9400.4
177,9400.4
126,9400.5
74,9400.6
8,9401.2
208,9401.4
288,9401.4
140,9401.5
18,9401.7
44,9401.8
327,9401.8
259,9402.1
106,9402.3
263,9402.6
66,9403.0
344,9403.2
29,9403.7
67,9403.8
91,9405.8
238,9408.8
159,9409.5
154,9410.8
324,9413.6
192,9421.1
57,9423.1
128,9424.0
222,9425.0
216,9425.0
353,9425.2
21,9425.5
122,9428.4
73,9430.9
314,9432.2
205,9436.1
125,9443.4
207,9445.7
146,9456.1
166,9457.5
90,9458.9
148,9459.9
175,9460.1
228,9462.7
37,9463.1
177,9464.0
292,9464.2
375,9469.3
152,9469.9
118,9470.1
158,9472.8
255,9472.9
244,9472.9
2,9473.0
260,9473.0
27,9473.1
258,9473.3
83,9473.5
300,9473.8
157,9474.0
221,9474.0
338,9474.2
130,9474.5
170,9474.7
32,9475.8
261,9476.2
54,9476.3
134,9476.5
21,9476.7
343,9476.9
6,9478.3
147,9478.5
205,9478.5
226,9478.6
246,9478.6
79,9478.8
269,9478.9
369,9479.5
16,9479.6
192,9479.7
8,9479.9
334,9480.0
55,9480.1
174,9480.7
204,9481.3
259,9481.4
169,9481.4
74,9482.0
66,9482.3
111,9482.3
171,9482.6
327,9483.0
29,9483.4
312,9483.5
288,9484.2
281,9484.9
286,9486.3
129,9487.4
361,9487.6
351,9488.6
161,9493.4
342,9495.1
191,9496.5
278,9497.1
1,9497.4
170,9497.4
51,9498.2
10,9506.6
374,9508.2
213,9508.5
2,9509.2
294,9514.0
109,9514.3
327,9517.3
123,9518.0
167,9519.0
279,9521.5
133,9523.0
270,9523.6
323,9523.9
341,9524.5
243,9524.5
349,9525.7
65,9527.0
218,9527.5
259,9528.8
346,9528.9
263,9530.1
190,9532.1
209,9535.1
245,9537.4
188,9537.4
241,9538.1
78,9539.8
80,9546.6
87,9548.3
262,9548.7
251,9550.2
118,9550.4
375,9551.1
258,9551.9
31,9552.1
175,9552.2
2,9552.4
119,9552.8
244,9553.0
158,9553.1
260,9553.2
374,9553.3
27,9553.5
170,9553.7
221,9554.0
255,9554.0
157,9554.3
228,9554.4
300,9554.4
338,9554.6
130,9554.7
83,9555.2
32,9555.9
310,9556.1
261,9556.1
134,9556.6
21,9557.4
54,9557.4
8,9557.5
343,9557.5
147,9558.7
226,9558.9
177,9558.9
269,9559.6
6,9559.7
369,9559.8
205,9560.1
327,9560.1
16,9560.2
351,9560.4
10,9560.4
340,9560.8
67,9560.9
174,9561.0
53,9561.0
55,9561.4
223,9561.4
126,9562.1
169,9562.4
344,9562.5
74,9562.7
66,9562.7
204,9562.9
208,9564.3
335,9569.4
376,9571.4
14,9571.8
20,9574.6
29,9575.7
222,9576.1
268,9585.1
281,9585.2
314,9590.8
99,9591.2
351,9591.4
5,9592.1
175,9594.7
166,9597.4
116,9598.3
265,9600.6
190,9600.7
208,9601.2
290,9605.8
381,9605.9
85,9608.3
172,9608.9
305,9609.2
191,9609.9
36,9611.7
287,9614.2
68,9616.0
212,9616.3
4,9621.9
96,9622.9
82,9625.3
45,9626.0
269,9627.2
102,9627.6
176,9629.3
41,9629.8
118,9630.6
375,9631.7
382,9632.3
2,9632.4
134,9632.4
258,9632.9
244,9632.9
175,9632.9
260,9633.1
158,9633.1
27,9633.8
221,9634.2
255,9634.3
170,9634.3
157,9634.3
300,9634.4
130,9634.6
338,9634.6
54,9635.0
83,9635.8
32,9636.0
228,9636.3
273,9636.5
99,9636.6
261,9636.9
147,9637.5
343,9637.7
21,9638.0
141,9638.9
259,9638.9
263,9638.9
204,9639.1
8,9639.5
192,9639.8
369,9639.9
226,9640.0
281,9640.0
327,9640.8
310,9641.0
29,9641.1
208,9641.2
288,9641.3
55,9641.4
16,9641.7
351,9641.9
78,9641.9
38,9642.2
174,9642.3
56,9643.5
66,9643.8
205,9644.3
240,9644.4
324,9648.1
34,9656.1
144,9656.9
57,9659.0
183,9660.4
346,9668.6
153,9669.3
16,9669.6
130,9670.2
87,9671.2
142,9671.9
378,9672.6
266,9673.3
197,9673.7
322,9676.3
188,9677.4
147,9678.3
333,9679.5
215,9683.4
106,9683.8
93,9684.3
292,9684.5
110,9687.2
84,9692.5
247,9694.1
368,9695.3
379,9695.5
303,9698.2
186,9699.3
137,9700.9
255,9704.0
173,9704.9
100,9708.4
298,9710.2
117,9710.5
67,9713.0
49,9715.4
125,9720.4
250,9725.2
194,9725.2
66,9727.4
68,9728.4
362,9730.6
339,9734.2
146,9735.2
88,9736.6
171,9739.3
138,9739.4
254,9740.3
163,9741.6
184,9742.1
15,9743.4
62,9745.3
352,9745.7
307,9745.8
297,9748.1
35,9749.1
203,9749.2
25,9750.8
19,9752.6
218,9754.4
257,9757.9
26,9759.1
14,9759.4
250,9759.5
181,9761.7
346,9763.2
185,9764.6
229,9765.1
30,9765.5
336,9765.7
262,9767.4
354,9769.4
180,9770.9
271,9771.1
235,9773.0
46,9774.4
24,9776.2
9,9778.0
114,9780.0
58,9780.7
23,9782.8
263,9788.2
168,9788.4
43,9790.3
108,9791.1
363,9791.5
317,9794.2
54,9794.2
259,9794.4
207,9795.8
364,9797.1
98,9799.3
82,9802.0
116,9802.7
285,9804.9
33,9806.2
300,9807.0
81,9807.0
370,9807.9
156,9808.2
129,9809.9
102,9811.5
0,9818.3
362,9818.7
265,9819.4
248,9823.5
159,9825.8
132,9826.7
231,9829.5
374,9839.3
280,9839.9
221,9842.7
263,9844.7
312,9845.4
252,9846.1
146,9850.1
66,9850.2
208,9851.1
36,9853.3
291,9853.3
182,9854.5
18,9858.4
149,9861.3
87,9864.2
249,9865.8
94,9866.5
141,9867.0
49,9867.1
237,9868.2
6,9869.7
324,9870.7
380,9872.0
328,9872.1
71,9872.9
74,9875.1
321,9875.2
292,9875.4
69,9879.7
333,9880.0
302,9881.1
335,9882.8
322,9883.5
295,9894.1
164,9894.6
92,9895.4
336,9896.2
91,9896.3
289,9896.9
298,9899.5
96,9900.6
53,9900.8
278,9901.0
32,9903.4
75,9903.8
383,9906.0
162,9908.9
198,9910.5
102,9912.6
204,9914.1
9,9918.2
158,9918.6
131,9918.8
72,9923.3
214,9926.4
176,9926.6
318,9928.1
354,9928.4
0,9932.1
317,9938.8
80,9939.9
75,9940.4
313,9942.1
331,9943.3
39,9943.6
191,9946.4
227,9948.7
115,9950.6
21,9961.7
299,9961.8
42,9963.6
349,9964.1
320,9966.5
40,9968.8
105,9968.9
119,9970.2
372,9970.3
174,9971.1
103,9972.1
156,9972.9
165,9974.0
177,9978.8
359,9983.7
170,9984.0
66,9984.2
76,9984.4
343,9984.7
47,9985.2
127,9987.5
294,9990.1
234,9990.9
222,9991.4
223,9991.9
78,9994.8
253,9995.0
200,9997.7
89,9998.6
218,9998.7
183,9998.9
91,9999.9
