36,25.0
128,47.2
252,53.0
315,54.0
31,66.3
286,71.3
216,89.7
298,91.3
211,92.6
316,93.6
65,97.6
303,98.6
315,98.9
128,98.9
331,99.1
229,99.4
261,99.5
267,99.6
134,99.7
144,99.9
365,100.3
29,100.7
103,100.8
111,101.1
263,101.2
199,101.3
358,101.3
121,101.9
353,102.0
312,102.7
36,103.1
357,103.3
235,103.6
367,104.0
355,104.4
115,104.5
278,104.7
248,105.5
83,106.6
158,106.7
17,106.9
275,107.0
62,108.0
240,108.6
306,108.7
129,108.7
346,110.9
123,113.8
160,120.1
46,128.5
130,146.4
259,149.1
29,150.0
376,155.7
297,158.2
131,164.5
148,166.0
339,166.4
281,170.7
103,173.4
90,174.0
65,176.4
303,177.9
331,178.3
165,178.5
128,178.6
261,178.6
315,178.7
229,178.7
267,179.0
134,179.0
365,179.5
258,179.9
353,180.3
29,180.3
111,180.4
263,180.4
358,180.6
121,181.3
216,181.5
312,181.8
357,182.6
348,182.7
235,182.9
62,183.2
367,183.4
363,183.4
36,183.6
115,183.6
191,183.7
355,183.7
278,183.8
248,184.7
194,185.4
120,185.4
76,185.6
316,185.7
158,185.7
17,186.3
275,186.3
98,186.4
308,186.9
83,187.0
140,187.0
240,187.8
166,188.0
222,188.1
350,188.2
306,188.3
330,188.7
129,188.8
346,189.9
230,190.2
322,191.5
217,191.7
287,193.9
298,196.7
88,197.0
378,197.5
12,201.3
212,202.1
115,205.1
192,207.5
340,211.5
139,214.1
191,215.2
51,215.9
127,218.3
165,218.4
330,219.5
242,221.6
102,224.0
244,225.6
1,226.0
32,227.5
294,228.4
42,228.6
303,231.7
279,232.8
268,232.9
253,233.4
173,233.7
137,235.6
41,237.5
297,237.6
338,238.6
354,242.3
31,249.0
121,251.7
73,255.7
65,255.9
331,258.4
103,258.5
303,258.8
261,258.9
229,259.0
353,259.1
315,259.1
29,259.1
134,259.1
128,259.1
267,259.3
365,259.7
111,260.4
263,260.7
358,260.7
312,261.8
115,261.8
191,262.2
357,263.1
235,263.2
170,263.4
367,263.5
355,263.7
278,263.9
131,264.0
36,264.6
66,265.1
216,265.2
248,265.5
330,266.0
17,266.2
158,266.4
171,268.8
240,268.9
194,270.8
289,271.0
342,272.9
214,274.3
60,279.9
99,280.9
50,282.4
120,283.7
84,291.0
193,291.2
257,291.3
124,296.7
288,300.9
33,302.3
319,308.6
163,310.4
221,312.7
5,313.7
249,316.4
144,316.5
185,319.3
53,325.2
292,326.3
327,327.5
36,328.4
16,329.9
267,330.0
70,330.2
316,330.5
79,331.4
203,336.6
59,336.6
97,336.9
277,337.5
375,337.9
261,338.3
281,340.3
254,340.8
61,340.8
40,346.0
151,347.3
94,347.6
124,347.9
55,351.5
4,356.4
263,357.6
187,359.1
96,361.0
255,366.1
366,369.2
161,371.6
72,372.2
62,374.3
351,375.0
206,375.6
289,380.2
172,383.1
204,384.9
242,387.2
164,388.0
299,388.4
122,390.1
157,390.3
107,391.0
222,392.2
332,397.8
240,399.1
53,400.3
378,402.4
65,404.0
14,405.0
118,405.7
15,406.0
361,415.5
153,417.3
148,424.6
101,425.3
202,426.6
364,427.6
226,428.6
91,428.9
245,429.5
295,432.2
372,434.4
342,444.8
213,445.5
311,445.6
120,448.3
218,449.3
244,450.4
184,455.4
366,456.0
352,459.6
92,460.0
343,465.7
270,469.2
346,470.0
212,470.1
275,470.4
19,471.7
13,472.2
40,472.6
195,473.5
76,475.4
58,475.9
126,476.0
165,476.5
175,477.0
135,477.8
216,478.0
68,480.2
151,481.6
149,481.9
0,483.2
16,484.8
185,487.1
183,490.6
15,491.3
247,494.6
174,497.8
121,499.1
63,504.4
370,507.6
82,508.0
369,509.0
173,509.5
324,509.9
16,512.1
249,513.6
166,515.2
93,515.2
36,515.6
102,517.9
38,519.6
14,520.4
24,521.4
238,522.2
108,529.5
202,529.7
146,530.8
96,533.8
293,534.8
8,536.2
123,537.6
86,539.7
52,542.7
117,543.4
105,546.5
167,546.9
130,549.9
220,550.9
56,551.2
261,552.5
45,556.0
11,556.4
354,560.0
228,560.1
184,563.2
22,568.2
182,573.0
290,573.2
43,576.5
368,579.1
12,581.3
96,583.9
37,587.8
191,590.6
211,592.5
137,592.7
291,592.9
328,595.4
155,600.5
371,602.2
249,603.9
326,605.7
356,606.9
40,610.0
150,615.7
333,617.0
301,617.5
142,618.4
199,619.7
23,620.1
6,622.4
123,624.7
111,633.8
312,637.6
315,638.5
139,641.6
65,642.3
303,642.9
261,643.1
331,643.7
157,643.7
229,643.9
134,644.1
267,644.1
128,644.6
365,644.7
29,645.2
247,645.4
103,645.5
263,645.6
358,645.6
121,645.7
353,646.2
357,646.3
191,646.5
319,646.7
168,647.2
235,647.4
367,647.9
36,648.0
275,648.3
278,648.4
355,648.4
248,648.7
115,648.8
216,649.0
158,649.3
282,649.3
368,649.7
76,649.9
308,649.9
17,650.1
70,650.2
240,650.6
346,650.7
129,651.1
166,651.2
306,651.5
120,651.6
14,652.2
345,652.7
222,654.0
194,654.1
350,655.3
207,656.5
280,658.9
304,659.3
4,659.5
187,663.6
133,665.5
243,666.1
266,668.0
7,669.9
170,670.4
309,673.3
334,674.0
28,682.1
60,684.4
276,685.6
215,685.9
324,688.0
335,695.3
122,700.1
59,700.2
192,700.4
71,703.0
365,703.1
181,704.0
107,704.0
88,708.6
194,709.5
216,712.6
57,715.1
317,719.4
343,720.7
65,721.8
303,722.7
315,722.8
331,723.0
261,723.1
229,723.6
111,723.7
134,723.9
267,723.9
128,724.1
312,724.5
29,724.5
103,724.9
358,725.2
263,725.3
367,725.4
353,725.6
121,726.3
357,726.9
235,727.2
191,727.6
269,727.8
355,727.9
278,728.2
36,728.7
115,728.8
248,729.0
140,729.2
17,729.7
275,730.0
158,730.2
240,730.5
95,731.2
346,731.4
306,731.6
76,731.6
349,732.3
302,732.4
39,733.0
129,733.2
217,733.3
330,733.3
91,733.4
319,734.4
350,736.7
15,739.6
206,741.8
176,742.9
361,743.0
296,746.4
27,746.5
359,747.0
285,751.4
338,752.6
302,753.7
248,756.3
308,757.1
34,759.0
86,760.1
132,760.8
303,761.8
151,762.2
305,764.3
125,766.4
25,766.9
295,767.3
311,767.4
265,773.1
211,774.8
244,776.3
178,776.6
55,776.8
374,777.8
197,778.1
121,778.4
355,781.1
47,784.9
246,786.9
252,789.6
200,790.7
359,791.2
273,793.2
349,794.6
330,794.8
83,798.7
350,800.3
39,800.5
141,800.9
320,801.8
65,801.8
303,802.5
365,803.1
353,803.2
331,803.2
261,803.7
315,803.7
251,803.8
229,803.8
134,804.0
128,804.3
267,804.3
29,804.6
103,804.7
111,804.8
358,805.6
312,805.7
263,805.8
158,806.1
140,806.6
367,807.0
248,807.2
194,807.3
85,807.5
235,807.5
357,807.7
176,808.5
278,808.6
216,808.9
191,809.4
308,809.4
122,809.5
17,809.6
116,809.7
171,809.9
36,809.9
119,810.0
338,810.9
240,811.5
317,812.0
302,812.2
115,812.9
346,813.5
14,814.1
56,816.6
351,818.1
21,818.7
147,819.2
67,819.6
285,821.8
229,826.3
191,830.4
301,832.0
170,833.3
30,833.4
329,835.3
108,839.4
75,839.4
241,842.3
126,842.5
128,844.3
19,850.4
91,853.8
120,854.9
323,857.3
357,858.5
341,859.6
114,860.2
258,860.8
290,866.5
182,870.5
2,871.8
34,872.9
167,874.2
272,874.7
283,876.4
316,879.7
65,880.3
303,882.3
331,883.2
229,883.2
128,883.8
261,883.9
315,884.0
365,884.0
134,884.1
105,884.4
267,884.5
29,884.6
353,884.9
103,885.0
111,885.6
358,885.6
121,885.8
355,885.8
263,886.0
312,886.1
191,886.5
140,886.7
158,886.8
371,887.4
367,887.5
235,887.7
200,887.8
51,888.3
374,888.9
278,889.0
39,889.1
330,889.2
350,889.3
15,889.6
17,889.9
248,890.0
36,890.3
275,890.7
76,890.7
194,891.4
83,892.3
357,892.7
152,892.7
95,892.8
306,893.3
224,894.8
183,901.1
276,903.5
116,903.7
110,906.8
96,907.6
275,912.3
210,916.0
378,916.0
63,916.4
360,917.2
130,918.6
272,921.4
195,921.5
97,924.1
144,924.7
334,928.0
340,928.1
138,928.7
289,930.0
291,931.2
190,931.5
100,931.5
213,933.6
177,933.8
87,934.2
98,935.0
108,935.6
13,941.0
192,941.5
102,941.6
147,942.4
58,944.2
309,944.6
214,945.3
126,947.0
225,948.9
304,949.7
326,949.9
180,952.1
256,952.4
364,955.6
168,956.1
54,958.3
49,961.0
153,961.6
201,962.5
196,962.8
123,963.3
135,965.4
278,966.0
115,967.9
112,970.7
48,971.3
79,972.7
313,977.7
366,978.3
217,978.7
69,980.8
342,983.9
253,985.0
51,988.2
344,990.4
266,992.4
137,997.6
181,1000.6
351,1001.5
297,1001.7
262,1002.7
3,1011.2
149,1011.6
114,1015.3
18,1016.2
234,1017.4
27,1018.9
186,1020.3
260,1020.8
341,1021.3
173,1025.5
306,1026.9
155,1027.8
91,1031.5
340,1034.0
140,1036.4
42,1038.9
125,1045.5
244,1051.3
99,1052.8
267,1061.2
331,1063.3
235,1067.3
296,1073.9
307,1074.4
113,1075.8
291,1077.4
2,1078.2
20,1081.2
303,1081.5
281,1083.4
198,1085.4
337,1089.0
1,1089.3
216,1091.3
203,1092.3
339,1093.1
318,1093.8
38,1094.4
284,1096.0
78,1098.3
300,1099.2
132,1099.9
381,1101.0
210,1101.0
258,1102.8
227,1104.8
57,1107.0
336,1107.4
286,1107.9
212,1109.3
383,1109.3
47,1111.2
176,1113.6
120,1115.1
352,1118.7
268,1119.9
97,1120.6
217,1121.4
21,1123.2
230,1124.0
293,1126.5
310,1126.9
295,1127.0
175,1127.3
73,1127.4
319,1128.2
160,1128.5
347,1130.0
169,1132.9
87,1133.8
383,1134.1
70,1134.6
263,1139.3
4,1139.8
298,1140.5
321,1140.9
64,1141.7
311,1142.4
328,1142.6
218,1146.5
325,1152.0
315,1152.1
157,1153.2
8,1154.1
229,1155.1
239,1156.7
290,1159.0
291,1159.8
252,1160.3
121,1161.1
13,1162.2
322,1163.9
186,1165.0
376,1170.0
148,1170.3
145,1170.6
118,1170.9
236,1173.2
287,1176.8
5,1178.6
264,1179.3
14,1181.9
368,1184.9
273,1186.9
356,1189.3
85,1192.8
189,1192.8
155,1194.1
254,1195.9
215,1196.0
93,1196.9
145,1198.5
159,1199.5
76,1204.7
329,1205.9
181,1210.8
193,1212.0
106,1215.6
280,1216.3
88,1217.5
365,1217.9
199,1222.6
2,1224.7
179,1225.5
262,1225.7
362,1226.3
59,1227.3
52,1229.2
202,1233.2
313,1233.5
44,1237.4
350,1238.1
234,1238.4
159,1247.9
39,1248.2
105,1248.9
17,1250.2
90,1251.9
148,1252.1
107,1254.5
18,1254.6
295,1257.1
172,1257.3
265,1261.5
103,1263.1
323,1263.3
98,1265.6
106,1265.8
345,1266.7
65,1267.4
188,1267.5
303,1268.2
229,1268.3
164,1268.4
331,1268.4
365,1268.5
315,1268.6
267,1269.0
134,1269.0
261,1269.2
128,1269.6
29,1270.0
263,1270.3
335,1270.3
358,1270.7
121,1270.7
111,1271.1
353,1271.1
235,1271.7
312,1271.9
293,1272.0
76,1272.2
357,1272.4
367,1272.7
278,1273.0
135,1273.1
355,1273.2
28,1273.2
368,1274.6
191,1274.7
36,1274.7
216,1274.8
248,1275.0
115,1275.0
275,1275.1
129,1275.5
182,1275.7
240,1276.0
140,1276.0
178,1276.4
14,1276.8
120,1276.8
149,1276.9
350,1277.2
176,1277.3
346,1277.6
30,1277.9
306,1278.2
215,1279.2
194,1279.3
22,1279.5
207,1279.6
250,1287.8
333,1290.1
337,1292.5
228,1294.1
362,1297.3
285,1298.7
33,1299.7
109,1300.6
363,1306.5
139,1306.9
371,1310.4
267,1311.1
375,1313.5
126,1315.8
161,1318.0
219,1318.3
123,1321.8
226,1322.3
25,1335.9
276,1337.0
266,1338.5
259,1339.0
65,1346.8
45,1347.2
303,1347.7
331,1348.0
103,1348.1
267,1348.4
261,1348.5
365,1348.5
229,1348.5
315,1348.8
134,1348.9
128,1349.3
29,1349.5
263,1350.0
17,1350.0
358,1350.1
111,1350.2
191,1350.2
353,1350.6
312,1351.2
248,1351.3
121,1351.5
235,1351.9
357,1352.1
158,1352.8
367,1352.9
355,1353.0
159,1353.1
278,1353.3
39,1353.5
115,1354.1
95,1354.6
36,1354.7
76,1355.0
240,1355.2
350,1355.5
131,1355.8
62,1356.6
346,1356.6
306,1356.6
194,1356.8
308,1356.9
198,1357.3
330,1357.4
222,1357.8
140,1357.8
363,1358.5
14,1358.8
129,1358.9
166,1359.1
348,1360.7
160,1360.8
361,1360.9
8,1361.2
102,1362.5
184,1362.6
294,1362.6
61,1363.7
168,1364.2
257,1367.8
378,1369.3
238,1371.9
262,1372.0
23,1373.2
6,1375.1
95,1377.9
289,1378.1
323,1378.2
340,1381.4
208,1382.4
60,1382.9
264,1384.7
54,1384.8
42,1387.6
189,1388.7
26,1389.9
191,1391.6
177,1392.7
360,1392.8
166,1393.8
179,1394.1
89,1394.2
314,1395.5
275,1397.0
308,1397.2
36,1398.6
317,1399.4
1,1399.4
44,1407.7
96,1408.5
279,1409.6
206,1410.1
75,1412.6
213,1414.0
239,1414.1
71,1414.1
65,1417.4
327,1420.4
216,1422.0
347,1422.2
39,1424.2
117,1426.1
303,1427.7
331,1428.2
267,1428.6
261,1428.7
134,1428.9
103,1429.0
339,1429.0
229,1429.0
365,1429.1
315,1429.1
128,1429.3
29,1429.5
358,1430.3
111,1430.4
263,1430.5
353,1430.6
312,1431.2
357,1431.7
191,1431.8
248,1432.2
121,1432.4
17,1432.5
235,1432.6
367,1432.8
95,1432.9
355,1433.0
278,1433.4
10,1433.9
158,1433.9
36,1434.5
306,1434.8
115,1434.9
240,1435.3
275,1435.8
346,1436.8
194,1436.8
284,1436.8
76,1436.9
126,1437.3
350,1437.5
328,1437.6
368,1438.3
308,1438.6
81,1442.3
118,1445.1
298,1445.3
51,1445.4
299,1455.0
210,1460.2
29,1460.8
223,1461.0
56,1463.4
170,1464.8
382,1465.2
362,1467.8
58,1468.4
293,1468.9
277,1469.7
304,1471.6
292,1472.6
147,1473.4
280,1474.5
162,1474.5
192,1474.8
25,1475.0
367,1476.0
163,1476.0
73,1479.3
190,1480.4
107,1483.2
32,1484.2
252,1489.6
267,1490.2
159,1492.1
360,1493.5
231,1495.7
316,1496.2
65,1506.1
253,1507.5
303,1508.0
331,1508.3
29,1508.6
261,1508.8
134,1509.1
315,1509.2
229,1509.3
103,1509.4
365,1509.4
128,1509.5
364,1510.0
358,1510.3
353,1510.6
263,1510.7
111,1510.8
312,1511.3
191,1511.4
367,1512.3
357,1512.5
36,1512.6
235,1512.8
355,1513.1
121,1513.3
39,1513.3
306,1513.8
17,1513.8
278,1513.8
248,1513.9
275,1514.6
158,1515.0
115,1515.1
95,1515.2
216,1515.3
240,1515.5
140,1515.8
166,1515.9
308,1516.8
317,1516.8
194,1517.2
316,1517.3
346,1517.6
129,1518.1
350,1520.8
154,1522.0
74,1522.0
50,1525.0
136,1526.7
137,1527.8
178,1528.5
269,1529.0
268,1531.9
175,1533.1
83,1533.5
383,1533.8
228,1541.7
209,1543.7
77,1544.9
330,1546.2
108,1550.2
212,1550.3
194,1552.7
247,1553.8
300,1554.3
43,1556.4
203,1557.5
31,1558.1
199,1561.3
239,1561.3
206,1561.5
195,1562.1
260,1565.9
143,1566.0
368,1567.2
15,1569.5
278,1571.1
88,1571.6
304,1573.2
349,1574.8
257,1576.4
96,1576.9
16,1581.4
274,1581.8
12,1583.1
17,1584.7
322,1589.0
232,1590.9
62,1591.5
205,1591.7
119,1592.2
181,1596.6
115,1602.2
87,1603.4
289,1604.4
292,1604.7
226,1605.4
275,1607.5
222,1608.1
202,1614.7
177,1617.5
135,1620.4
46,1621.6
212,1622.2
13,1622.8
176,1624.6
186,1626.1
305,1627.0
61,1628.0
343,1628.4
9,1629.5
331,1629.7
66,1630.5
138,1636.1
346,1636.1
351,1640.1
251,1640.6
286,1643.2
339,1645.3
217,1647.3
37,1648.3
130,1649.3
91,1653.6
249,1654.0
95,1658.1
164,1662.4
274,1670.2
224,1670.3
197,1672.3
180,1673.5
68,1677.2
132,1677.9
375,1683.1
259,1689.0
200,1689.3
98,1690.4
363,1691.6
379,1697.6
92,1697.9
72,1699.0
319,1700.9
96,1703.3
194,1709.3
369,1709.4
106,1712.0
85,1712.4
7,1712.7
90,1713.0
323,1714.9
117,1720.7
97,1721.4
110,1721.9
134,1722.7
124,1724.2
58,1724.8
21,1725.7
237,1727.1
303,1727.7
168,1732.4
77,1737.3
190,1745.7
69,1746.2
89,1746.8
219,1747.1
126,1748.2
263,1750.6
338,1752.4
336,1752.7
5,1755.9
159,1756.0
259,1759.7
269,1765.1
55,1765.9
265,1767.2
271,1768.9
78,1769.4
207,1769.9
365,1772.6
1,1773.4
324,1774.0
208,1777.5
245,1778.9
41,1779.8
170,1781.5
216,1792.4
206,1794.6
292,1796.2
30,1796.4
123,1801.7
163,1801.7
76,1802.3
342,1805.1
154,1807.8
116,1808.5
187,1809.0
362,1813.8
142,1814.6
345,1817.5
78,1819.3
234,1820.2
344,1821.6
48,1822.2
202,1823.9
79,1824.1
360,1824.2
129,1828.6
352,1831.4
317,1832.2
246,1832.5
140,1834.1
17,1836.2
311,1836.2
339,1837.8
215,1838.2
261,1839.9
179,1846.6
296,1846.9
87,1848.6
192,1854.9
120,1855.3
371,1858.0
229,1858.6
117,1866.3
307,1868.4
250,1869.5
328,1870.0
82,1871.6
178,1871.8
227,1873.6
321,1877.0
210,1877.7
188,1881.6
91,1882.2
172,1883.9
377,1884.6
225,1885.2
122,1889.4
282,1892.1
65,1892.3
303,1893.0
261,1893.1
331,1893.7
229,1893.8
134,1894.0
365,1894.1
315,1894.6
128,1894.9
29,1895.0
267,1895.0
103,1895.2
263,1895.3
111,1895.3
358,1895.5
353,1895.8
11,1896.0
17,1896.2
312,1896.6
140,1897.4
357,1897.4
354,1897.5
235,1897.7
189,1897.7
355,1897.9
196,1897.9
121,1897.9
367,1898.1
76,1898.4
129,1898.4
278,1898.4
115,1899.1
216,1899.5
120,1899.5
157,1899.5
194,1899.6
158,1899.7
248,1899.8
240,1899.8
36,1900.0
191,1901.1
153,1901.2
317,1901.4
346,1901.7
306,1901.9
69,1902.0
350,1903.3
62,1903.7
131,1904.6
70,1905.1
8,1906.5
209,1906.7
291,1906.9
72,1908.0
35,1909.3
252,1914.0
89,1918.9
214,1926.0
334,1926.7
84,1926.9
176,1929.6
339,1929.7
183,1932.4
75,1933.5
285,1935.3
149,1935.4
96,1935.4
382,1936.4
150,1937.1
213,1940.0
10,1941.4
332,1942.5
61,1942.5
63,1942.9
66,1943.7
202,1945.8
98,1948.0
88,1948.3
234,1949.4
192,1951.7
37,1952.4
312,1953.8
54,1954.0
47,1957.5
224,1962.9
365,1963.8
343,1963.9
95,1964.0
257,1964.2
152,1965.8
259,1966.4
124,1968.3
311,1970.2
65,1971.8
303,1972.8
271,1972.8
261,1973.1
331,1973.1
229,1973.3
134,1973.7
315,1974.1
267,1974.2
128,1974.3
29,1974.5
103,1974.8
111,1975.2
353,1975.3
263,1975.3
358,1975.3
160,1976.4
109,1976.5
357,1977.1
17,1977.2
235,1977.3
121,1977.6
367,1977.7
355,1977.7
91,1977.8
278,1977.9
62,1978.0
36,1979.1
122,1979.2
115,1979.3
248,1979.3
176,1979.5
140,1979.7
275,1979.8
240,1979.9
354,1980.0
158,1980.1
225,1980.6
129,1981.1
194,1981.2
191,1981.3
76,1981.8
346,1981.9
374,1981.9
302,1982.7
330,1982.8
14,1983.9
350,1984.1
86,1984.8
34,1987.5
366,1988.0
313,1991.2
340,1991.5
182,1994.2
53,1995.0
131,1996.1
321,2003.9
8,2004.1
274,2004.3
121,2005.0
14,2006.0
205,2008.6
374,2008.7
254,2008.8
218,2010.2
356,2012.2
364,2014.0
228,2018.7
306,2019.5
101,2019.9
240,2023.8
64,2024.1
27,2024.3
283,2024.5
0,2025.7
218,2032.0
165,2032.8
267,2033.3
70,2034.5
201,2035.4
255,2035.6
139,2036.6
26,2037.6
277,2040.4
116,2041.1
261,2048.5
212,2049.8
233,2050.2
329,2050.3
127,2051.5
65,2051.8
304,2052.3
137,2052.5
303,2052.9
365,2053.1
331,2053.2
250,2053.3
193,2053.4
229,2054.0
315,2054.1
312,2054.2
134,2054.2
15,2054.3
103,2054.5
29,2054.6
128,2054.8
191,2055.0
358,2055.2
44,2055.3
353,2055.4
12,2055.7
263,2055.8
111,2055.9
95,2056.6
121,2057.2
235,2057.4
357,2057.6
355,2057.7
367,2057.9
17,2058.5
131,2058.6
278,2058.7
220,2059.1
61,2059.5
91,2059.6
36,2059.8
248,2060.2
306,2060.2
240,2060.4
374,2060.6
347,2060.8
140,2061.1
158,2061.5
14,2061.5
194,2062.3
346,2062.7
115,2063.4
85,2063.5
351,2066.3
314,2068.7
289,2069.1
118,2071.4
57,2071.5
40,2071.9
190,2078.3
323,2078.5
239,2078.6
235,2079.5
210,2080.1
51,2082.6
225,2085.3
130,2089.8
19,2090.4
184,2092.5
154,2093.1
66,2094.7
174,2095.3
28,2095.9
168,2096.7
292,2097.9
337,2099.8
3,2101.0
128,2102.5
18,2102.6
198,2106.1
266,2107.0
92,2109.5
327,2110.7
155,2111.8
359,2117.0
93,2117.2
37,2121.7
346,2123.3
300,2125.1
317,2125.6
272,2126.6
167,2129.1
54,2129.2
248,2129.6
297,2130.5
31,2130.7
316,2131.5
65,2131.8
38,2132.4
261,2132.5
79,2132.8
303,2133.0
267,2133.0
331,2133.2
365,2133.8
134,2133.8
229,2134.1
315,2134.1
128,2134.3
257,2134.5
29,2134.6
103,2134.8
242,2135.2
358,2135.2
191,2135.3
263,2135.5
353,2135.5
111,2135.5
312,2135.6
235,2135.8
121,2136.0
357,2137.4
91,2137.6
367,2137.9
355,2138.0
240,2138.1
278,2138.8
17,2139.2
36,2139.6
189,2140.1
306,2140.6
115,2140.6
158,2141.3
76,2141.6
350,2141.7
62,2141.9
122,2142.3
286,2142.3
5,2143.8
95,2144.3
14,2144.8
141,2144.9
325,2149.3
351,2150.3
77,2152.4
293,2152.9
22,2155.7
69,2159.9
50,2163.4
106,2164.2
286,2165.9
90,2168.3
81,2168.8
178,2169.6
374,2170.3
326,2171.6
98,2172.3
24,2173.9
61,2174.4
200,2176.3
209,2177.1
288,2178.9
97,2184.6
183,2184.7
100,2185.8
155,2186.1
204,2187.7
194,2191.1
95,2192.4
322,2192.7
254,2193.3
256,2194.0
335,2194.0
162,2194.4
125,2207.4
34,2208.4
150,2208.6
108,2219.8
145,2220.4
255,2220.7
371,2221.0
130,2223.3
273,2224.2
36,2225.3
338,2225.3
175,2226.5
373,2227.3
151,2229.8
105,2230.0
140,2232.0
143,2233.8
215,2234.6
57,2238.7
265,2241.7
350,2242.9
103,2243.7
280,2246.6
181,2250.6
59,2252.1
56,2252.6
275,2253.8
383,2254.1
317,2262.0
127,2262.2
196,2262.4
227,2272.1
240,2274.5
15,2276.1
206,2277.7
304,2279.7
160,2281.5
121,2282.3
8,2288.9
236,2290.2
177,2292.6
152,2295.6
6,2296.2
369,2298.0
271,2298.5
28,2302.8
348,2303.3
359,2304.0
238,2308.9
36,2312.5
320,2316.7
301,2318.8
349,2323.2
210,2324.1
176,2324.3
169,2325.2
203,2329.1
206,2334.0
375,2334.6
180,2334.7
242,2337.6
89,2339.3
280,2340.8
252,2343.2
111,2350.4
277,2353.8
305,2355.5
225,2356.0
366,2359.8
10,2361.3
35,2364.6
98,2365.3
291,2365.9
114,2366.0
378,2367.4
158,2368.4
13,2369.6
156,2370.2
330,2372.0
107,2372.1
45,2375.0
81,2376.5
371,2377.7
118,2381.4
25,2382.2
105,2383.2
104,2383.3
351,2386.8
76,2390.5
352,2392.0
183,2394.5
332,2396.7
221,2399.7
148,2401.3
281,2401.4
166,2401.9
20,2404.0
260,2404.3
185,2404.4
219,2405.2
67,2405.2
275,2405.3
27,2410.2
58,2413.2
78,2417.0
7,2418.3
24,2418.4
269,2419.2
146,2422.4
3,2422.8
250,2423.2
187,2424.9
379,2431.4
17,2432.5
54,2432.8
204,2434.0
68,2440.9
310,2445.3
345,2448.5
182,2449.4
212,2449.7
136,2450.5
361,2452.2
180,2455.1
205,2455.4
331,2457.6
167,2459.2
184,2459.5
374,2460.3
334,2461.8
115,2469.5
244,2470.0
134,2470.5
315,2471.8
84,2472.8
130,2474.3
367,2478.5
56,2478.7
308,2479.7
2,2481.0
139,2481.5
370,2481.9
141,2482.6
48,2482.7
111,2483.1
57,2485.4
235,2486.1
312,2489.5
149,2490.3
286,2494.5
268,2495.0
250,2499.8
267,2500.5
280,2504.7
198,2508.1
163,2508.5
238,2509.1
357,2509.3
118,2510.0
230,2510.6
207,2517.2
65,2517.2
331,2517.9
134,2518.2
303,2518.2
315,2518.4
126,2518.8
261,2519.0
229,2519.1
128,2519.6
111,2519.6
365,2519.8
29,2519.9
103,2520.2
359,2520.4
358,2520.5
263,2520.8
353,2520.8
367,2521.1
115,2521.5
17,2521.6
121,2521.7
312,2521.8
127,2522.2
235,2522.4
275,2522.6
355,2523.0
278,2523.3
158,2523.5
374,2523.5
76,2523.5
36,2523.5
188,2523.6
248,2523.7
240,2524.1
308,2524.7
191,2524.7
310,2525.4
166,2525.8
212,2526.2
346,2526.3
330,2526.5
194,2526.8
350,2527.0
129,2527.4
216,2527.8
219,2528.0
282,2528.1
222,2530.1
329,2530.5
8,2532.6
46,2534.5
356,2536.6
117,2536.6
335,2537.3
325,2538.1
214,2539.7
120,2539.9
31,2540.8
93,2543.6
164,2544.0
376,2545.5
113,2548.7
1,2549.2
9,2549.5
264,2549.5
147,2552.8
143,2553.2
95,2553.4
19,2553.8
377,2556.6
343,2558.0
80,2558.7
321,2559.7
341,2560.7
278,2561.7
293,2563.9
271,2565.3
273,2571.3
157,2576.6
129,2580.3
265,2580.3
178,2581.0
245,2581.6
149,2581.7
360,2582.3
174,2582.8
327,2583.1
333,2586.1
133,2586.3
78,2586.4
195,2589.0
4,2589.4
99,2589.6
209,2591.2
156,2591.7
302,2594.0
345,2594.3
181,2594.8
60,2596.3
65,2596.7
59,2596.9
229,2597.7
331,2597.8
303,2597.8
267,2598.2
315,2598.3
134,2598.5
261,2598.6
111,2599.1
365,2599.3
128,2599.5
29,2599.5
103,2600.0
357,2600.0
358,2600.1
312,2600.1
353,2600.2
263,2600.4
70,2600.9
235,2601.2
33,2601.4
367,2601.5
278,2601.8
191,2602.0
254,2602.4
305,2602.6
17,2602.6
355,2602.6
121,2603.0
115,2603.3
95,2603.4
120,2603.7
36,2604.0
240,2604.5
158,2604.9
9,2604.9
248,2605.3
140,2605.6
126,2605.6
219,2607.0
382,2607.0
308,2607.1
346,2607.1
165,2607.4
194,2607.6
313,2609.4
350,2610.0
32,2611.1
88,2613.7
224,2614.8
241,2614.8
105,2617.7
16,2620.7
166,2621.0
259,2625.6
35,2627.9
290,2629.9
47,2632.7
318,2637.5
75,2638.6
158,2638.9
76,2640.3
196,2640.5
294,2643.6
218,2646.4
190,2650.0
206,2653.6
5,2654.0
63,2660.7
284,2666.1
307,2672.7
46,2676.1
65,2676.7
92,2676.8
134,2676.9
331,2677.8
303,2677.9
229,2678.1
41,2678.4
315,2678.5
267,2678.6
261,2678.6
128,2679.1
365,2679.2
29,2679.3
103,2679.8
191,2679.8
111,2679.9
358,2680.0
353,2680.2
263,2680.3
312,2680.6
235,2681.0
278,2681.1
357,2681.1
367,2681.7
158,2682.2
121,2682.4
355,2682.5
129,2682.7
219,2682.9
302,2683.1
248,2683.2
76,2683.3
275,2683.4
340,2683.5
258,2683.5
115,2683.6
166,2683.7
17,2683.8
36,2684.0
281,2684.3
240,2684.9
95,2685.1
330,2685.2
195,2686.1
306,2686.2
346,2687.0
216,2687.4
222,2687.4
194,2687.5
120,2687.5
368,2687.7
39,2687.8
374,2688.0
67,2690.9
14,2691.4
211,2691.4
110,2692.9
40,2694.8
49,2698.3
132,2701.2
81,2702.9
80,2703.2
309,2703.2
288,2707.1
327,2716.1
37,2717.4
369,2721.2
70,2722.8
279,2723.5
240,2727.4
313,2728.6
179,2729.1
342,2729.5
131,2731.0
373,2733.3
231,2734.3
192,2734.5
142,2736.5
216,2737.1
203,2738.8
71,2741.0
189,2741.1
109,2741.1
22,2748.2
17,2751.1
366,2752.8
324,2754.3
65,2756.7
303,2757.9
134,2758.2
331,2758.2
261,2758.7
315,2759.0
263,2759.1
267,2759.1
229,2759.1
128,2759.4
365,2759.5
29,2759.5
103,2759.8
14,2760.1
358,2760.2
353,2760.3
111,2760.4
154,2760.6
300,2761.0
312,2761.1
248,2761.5
357,2761.6
278,2762.3
367,2762.5
191,2762.5
355,2762.6
121,2762.8
235,2763.1
158,2763.2
328,2763.6
76,2764.0
115,2764.3
36,2764.6
240,2764.9
98,2766.0
129,2766.2
173,2766.5
350,2766.9
140,2767.1
9,2767.7
346,2768.1
166,2768.2
308,2768.9
302,2769.0
306,2769.3
21,2769.5
221,2774.5
12,2776.5
338,2779.1
106,2781.5
184,2785.9
265,2788.8
261,2789.1
303,2789.8
161,2790.9
321,2792.1
330,2793.4
345,2795.6
125,2798.6
229,2800.5
138,2801.7
148,2803.1
199,2803.3
1,2804.9
217,2807.6
169,2810.4
132,2810.5
232,2810.7
30,2817.0
251,2817.5
6,2819.1
168,2819.2
378,2820.4
248,2822.7
43,2824.0
94,2824.5
351,2825.5
375,2826.3
287,2827.9
207,2828.1
14,2828.9
213,2831.1
20,2832.5
355,2832.7
277,2833.6
44,2838.2
314,2838.2
56,2838.3
376,2841.6
164,2842.7
219,2847.5
266,2847.9
362,2848.3
237,2849.6
276,2849.9
32,2849.9
339,2853.3
54,2855.3
354,2855.3
315,2857.3
166,2858.5
271,2863.5
28,2863.5
337,2865.7
321,2867.2
87,2869.2
249,2872.8
7,2873.9
202,2874.2
363,2876.1
340,2877.5
91,2878.1
270,2878.3
205,2880.3
55,2880.7
353,2882.1
208,2884.6
85,2887.2
257,2887.7
218,2894.4
123,2895.7
297,2898.2
315,2898.4
291,2907.5
158,2911.0
272,2912.2
289,2915.0
25,2915.0
104,2919.4
192,2919.9
267,2921.5
88,2923.5
312,2924.3
171,2924.4
18,2925.2
8,2928.4
369,2933.5
33,2933.9
162,2934.1
341,2936.5
222,2938.1
235,2940.5
204,2940.8
335,2942.2
293,2943.4
319,2944.6
238,2945.8
141,2948.0
316,2949.0
337,2949.8
62,2952.5
155,2956.0
272,2960.7
373,2963.6
301,2964.1
57,2964.6
246,2966.9
327,2969.0
236,2974.8
322,2975.5
191,2976.7
16,2977.2
334,2979.3
308,2990.8
26,2991.4
177,2991.7
240,2992.5
360,2995.2
352,2997.5
42,3000.3
274,3001.4
144,3001.8
85,3003.2
374,3004.5
253,3005.7
83,3006.5
135,3006.9
72,3008.1
363,3010.9
127,3012.3
255,3012.4
170,3014.9
251,3017.0
93,3017.8
271,3020.7
275,3022.8
383,3030.0
89,3031.5
292,3032.5
283,3034.5
80,3034.8
184,3035.4
311,3036.6
262,3039.7
330,3041.0
225,3042.2
219,3042.6
366,3043.3
278,3043.6
347,3045.2
138,3045.3
206,3047.1
226,3050.1
141,3055.6
203,3056.5
196,3056.8
337,3060.5
164,3061.5
213,3063.9
188,3067.1
190,3068.4
4,3071.2
143,3072.2
344,3072.6
84,3075.6
137,3079.0
68,3079.2
317,3080.0
364,3080.0
248,3080.6
29,3080.8
169,3083.0
220,3085.2
41,3087.5
48,3089.2
15,3090.1
343,3091.5
227,3092.7
3,3094.9
348,3095.4
114,3102.5
124,3102.6
200,3103.2
194,3108.4
13,3108.7
229,3109.6
207,3110.0
333,3123.1
151,3126.2
8,3128.1
64,3130.8
371,3132.2
52,3132.3
180,3132.5
153,3133.5
350,3134.4
148,3134.5
192,3135.8
130,3137.8
212,3138.0
128,3139.7
349,3140.8
65,3142.2
59,3142.3
303,3143.1
229,3143.5
29,3143.6
331,3143.6
267,3143.8
261,3143.9
315,3144.0
134,3144.0
365,3144.4
358,3145.2
103,3145.3
263,3145.4
353,3145.5
111,3145.5
121,3146.2
312,3146.3
278,3146.4
235,3146.6
357,3146.8
248,3147.2
191,3147.3
275,3147.4
367,3147.5
355,3147.7
115,3148.2
219,3148.9
216,3149.1
36,3149.2
17,3149.3
330,3149.4
240,3149.4
308,3149.5
158,3149.6
317,3149.8
194,3150.5
62,3150.6
306,3150.8
120,3150.8
71,3150.8
129,3150.9
222,3151.1
374,3151.1
200,3151.7
140,3151.8
83,3151.8
346,3152.2
76,3152.3
131,3152.7
225,3153.0
166,3153.6
39,3153.9
190,3154.2
14,3156.6
45,3157.6
288,3160.5
351,3160.7
150,3165.0
282,3165.2
160,3165.6
291,3165.9
286,3169.6
54,3170.3
340,3172.7
50,3174.0
108,3175.3
362,3176.0
82,3176.6
6,3177.2
67,3177.7
283,3177.8
265,3178.4
310,3182.1
151,3183.1
378,3184.5
368,3188.9
167,3189.3
273,3189.7
136,3192.4
290,3193.1
226,3194.3
48,3194.9
39,3200.9
241,3201.5
307,3201.7
300,3202.0
193,3206.9
170,3207.6
368,3212.9
335,3216.2
230,3217.5
198,3218.5
233,3221.5
65,3221.7
222,3222.0
303,3222.8
331,3223.1
128,3223.1
32,3223.2
229,3223.2
261,3223.4
29,3223.7
134,3223.8
267,3223.8
315,3224.0
18,3224.0
365,3224.1
103,3224.7
115,3224.7
358,3225.1
263,3225.2
353,3225.4
280,3225.4
111,3225.4
59,3225.8
243,3225.8
312,3226.1
121,3226.4
357,3226.8
278,3226.9
235,3227.4
367,3227.5
355,3227.8
248,3227.9
191,3228.6
350,3228.6
17,3228.8
36,3228.9
194,3229.3
158,3229.6
240,3229.9
275,3230.3
346,3230.9
153,3231.0
310,3231.6
172,3231.9
216,3232.2
95,3232.5
306,3233.1
342,3233.4
122,3233.4
223,3234.5
200,3234.7
0,3235.6
324,3236.7
302,3239.3
137,3241.7
175,3242.8
9,3244.5
34,3246.4
304,3250.4
58,3253.3
56,3254.4
237,3255.8
336,3258.7
220,3259.6
73,3261.2
231,3261.9
62,3263.4
99,3263.5
251,3264.1
92,3266.3
267,3267.1
292,3268.2
377,3269.8
165,3274.7
202,3277.4
89,3278.6
146,3281.1
11,3284.4
293,3285.2
77,3286.8
370,3287.2
182,3292.7
349,3293.7
42,3297.6
122,3301.0
357,3301.5
65,3301.7
303,3302.8
331,3303.2
261,3303.5
105,3303.5
267,3303.6
128,3303.6
229,3303.6
134,3303.8
29,3304.1
315,3304.1
365,3304.2
294,3304.6
103,3304.7
358,3305.0
353,3305.3
263,3305.3
111,3305.7
138,3306.1
312,3306.2
368,3306.3
121,3306.5
115,3307.3
39,3307.4
235,3307.5
367,3307.5
278,3307.5
355,3307.7
222,3308.5
36,3308.7
62,3308.9
302,3309.0
191,3309.1
17,3309.2
9,3309.4
346,3309.5
113,3309.6
140,3309.6
76,3310.2
174,3310.3
327,3310.7
248,3310.7
129,3310.8
131,3310.9
158,3311.2
275,3311.4
350,3311.9
330,3312.0
172,3312.2
216,3312.3
300,3312.5
91,3312.8
253,3312.8
306,3313.0
194,3313.0
14,3314.3
254,3314.8
240,3314.8
189,3321.2
256,3322.5
313,3324.1
332,3325.7
238,3327.1
286,3327.1
18,3331.2
150,3332.2
308,3335.5
103,3336.2
15,3340.6
381,3341.2
355,3342.1
375,3342.9
205,3343.2
46,3343.7
300,3345.0
218,3345.7
211,3345.8
31,3347.0
204,3347.2
149,3350.2
269,3350.4
316,3352.4
12,3353.4
383,3353.6
221,3358.8
47,3362.4
208,3365.3
334,3366.1
45,3366.9
366,3368.2
278,3368.3
10,3370.3
187,3371.6
260,3373.5
337,3374.7
98,3378.2
194,3381.7
65,3381.7
303,3382.9
331,3383.2
267,3383.5
261,3383.6
134,3383.9
103,3383.9
128,3383.9
229,3384.0
315,3384.2
29,3384.3
365,3384.3
357,3385.1
358,3385.1
263,3385.4
353,3385.4
111,3385.4
36,3385.6
312,3386.3
355,3386.3
121,3387.2
346,3387.4
367,3387.6
235,3388.0
23,3388.5
122,3388.5
115,3388.8
308,3389.2
17,3389.4
248,3389.7
191,3389.7
44,3390.0
368,3391.0
62,3391.0
240,3391.1
49,3391.2
302,3391.4
222,3391.5
95,3391.5
158,3391.7
350,3392.7
39,3392.8
129,3393.5
300,3394.6
37,3396.7
209,3397.9
309,3397.9
295,3397.9
360,3398.1
287,3402.5
133,3403.4
79,3403.4
371,3405.2
50,3405.5
13,3408.1
69,3408.4
319,3410.1
155,3411.1
261,3411.3
151,3422.5
38,3428.9
26,3433.0
152,3437.6
382,3438.1
349,3441.9
219,3442.8
66,3444.1
302,3444.7
217,3447.1
257,3451.2
345,3454.4
110,3456.3
234,3458.4
272,3459.0
350,3459.4
361,3460.7
90,3462.6
314,3463.5
370,3464.3
85,3466.2
328,3467.0
307,3467.7
356,3473.3
123,3473.7
306,3475.3
195,3479.2
159,3483.4
138,3484.9
114,3488.7
3,3488.9
367,3489.6
52,3490.3
33,3492.7
284,3498.0
71,3500.5
340,3501.8
341,3503.3
73,3503.5
245,3504.8
344,3505.0
63,3507.1
121,3509.1
191,3510.6
290,3517.6
356,3520.2
42,3524.5
31,3525.0
51,3526.9
246,3528.0
368,3528.7
1,3530.0
163,3531.5
329,3531.7
316,3533.0
55,3534.6
190,3536.7
6,3537.1
232,3540.9
70,3541.7
134,3544.3
242,3546.1
348,3547.0
347,3547.6
296,3551.1
19,3552.6
0,3553.0
332,3553.1
222,3553.4
371,3555.8
255,3559.3
91,3562.3
285,3562.7
27,3563.7
141,3565.0
154,3569.1
268,3570.9
302,3571.7
315,3572.0
12,3572.6
215,3573.0
350,3578.4
212,3579.5
168,3579.8
340,3580.6
62,3588.1
121,3593.9
180,3595.7
210,3598.4
206,3599.8
365,3600.4
339,3601.2
105,3601.8
294,3602.1
325,3602.2
328,3605.5
162,3607.2
152,3607.5
142,3610.4
353,3611.5
130,3614.5
279,3615.0
126,3616.0
312,3619.7
290,3622.2
372,3623.8
278,3624.3
201,3624.4
165,3625.6
89,3628.2
153,3628.7
267,3632.1
192,3632.4
202,3633.5
65,3635.8
191,3637.6
354,3640.0
275,3640.6
237,3640.9
297,3643.1
145,3644.0
161,3646.2
17,3649.9
224,3651.8
3,3652.3
115,3652.9
182,3655.5
140,3656.5
87,3656.6
327,3657.6
333,3662.2
230,3664.2
76,3664.6
119,3664.6
383,3667.0
186,3669.3
57,3671.1
56,3672.1
288,3673.4
240,3673.4
213,3673.8
169,3675.6
107,3677.2
340,3677.3
131,3679.9
234,3680.6
344,3681.4
307,3681.9
14,3684.9
225,3687.7
184,3689.3
29,3690.1
25,3690.5
196,3692.1
241,3692.1
204,3692.8
86,3693.7
19,3694.4
16,3695.8
262,3697.7
342,3700.8
227,3703.7
84,3704.6
174,3707.1
200,3708.5
53,3714.5
96,3717.3
246,3718.4
135,3721.4
329,3723.5
239,3723.6
39,3725.0
351,3729.1
170,3730.7
364,3730.7
99,3733.6
107,3735.1
216,3736.0
31,3737.1
68,3739.7
104,3741.3
236,3741.4
90,3742.7
197,3743.7
141,3744.7
128,3745.3
199,3749.5
220,3750.1
138,3750.3
298,3754.0
203,3755.1
373,3757.9
272,3759.8
58,3761.4
219,3763.4
166,3763.7
331,3764.7
120,3765.3
237,3766.1
303,3766.5
159,3767.0
191,3767.7
27,3767.9
65,3767.9
29,3768.8
318,3768.8
261,3768.9
267,3768.9
365,3769.0
315,3769.1
190,3769.3
229,3769.4
126,3769.5
61,3769.7
330,3769.8
11,3769.9
353,3769.9
158,3770.0
308,3770.1
103,3770.2
357,3770.4
111,3770.4
323,3770.8
248,3770.9
369,3771.2
211,3771.3
115,3771.5
17,3771.9
278,3772.1
171,3772.1
216,3772.3
329,3772.7
235,3772.7
349,3773.0
140,3773.3
131,3773.4
240,3773.5
364,3773.5
275,3773.7
206,3773.9
184,3774.1
36,3774.5
128,3774.6
149,3774.8
39,3775.2
340,3775.3
14,3775.4
350,3776.5
200,3777.1
92,3777.6
306,3777.6
156,3778.2
194,3778.3
222,3778.7
129,3778.7
62,3779.0
109,3780.3
15,3782.9
299,3786.7
117,3790.5
211,3793.1
223,3793.5
276,3794.1
336,3795.0
154,3796.2
261,3800.1
65,3803.4
3,3803.7
351,3806.3
334,3810.3
62,3811.3
122,3811.9
49,3812.2
240,3813.8
48,3816.5
347,3818.3
189,3818.9
77,3823.3
158,3824.0
21,3825.6
339,3826.5
349,3828.7
362,3832.8
103,3833.7
278,3834.5
218,3834.7
172,3836.5
283,3838.0
164,3838.8
107,3840.0
22,3842.9
108,3843.6
374,3843.9
14,3846.3
322,3846.5
331,3847.1
338,3847.5
191,3847.6
65,3847.6
293,3847.7
261,3847.9
303,3847.9
120,3848.6
323,3848.8
29,3848.8
365,3848.9
190,3848.9
315,3849.0
330,3849.1
229,3849.2
267,3849.3
128,3849.4
159,3849.5
126,3849.9
353,3850.1
211,3850.1
51,3850.2
111,3850.7
369,3850.9
144,3851.7
17,3852.2
235,3852.3
216,3852.5
54,3853.0
240,3853.1
329,3853.5
36,3853.8
115,3853.8
360,3853.9
157,3854.3
140,3854.7
95,3854.7
248,3854.9
74,3855.6
166,3855.7
91,3855.8
88,3856.0
122,3856.0
358,3856.1
26,3856.5
275,3856.5
302,3856.5
39,3856.7
62,3857.1
194,3857.8
350,3858.2
184,3858.7
310,3859.2
305,3863.2
146,3864.0
371,3870.5
55,3870.7
9,3872.1
178,3872.4
383,3883.1
11,3886.1
249,3886.3
335,3887.1
133,3887.3
147,3887.6
175,3887.9
169,3888.4
231,3888.5
368,3888.7
57,3890.9
40,3895.1
165,3898.4
58,3902.7
94,3903.7
382,3903.9
174,3904.3
332,3907.9
75,3908.1
284,3909.6
228,3916.5
227,3917.3
309,3917.7
194,3918.2
122,3920.3
131,3920.8
208,3923.0
177,3923.2
229,3923.3
193,3925.7
65,3927.5
303,3927.7
261,3927.8
331,3927.8
191,3928.0
103,3928.4
245,3928.7
315,3929.0
365,3929.0
379,3929.1
120,3929.1
267,3929.1
29,3929.3
190,3929.3
159,3929.5
330,3929.5
128,3929.6
126,3929.9
323,3929.9
17,3930.1
278,3930.2
353,3930.2
296,3930.2
349,3930.2
211,3930.4
111,3930.5
294,3930.6
369,3930.9
81,3930.9
158,3931.5
328,3932.0
258,3932.1
240,3932.3
235,3932.9
302,3933.6
14,3933.7
15,3933.8
216,3933.8
36,3934.0
368,3934.3
115,3934.3
248,3934.4
374,3934.6
9,3934.9
310,3935.9
306,3936.0
129,3936.3
62,3937.5
358,3937.5
171,3938.0
140,3938.0
172,3938.6
201,3939.4
102,3941.3
145,3948.0
364,3949.7
125,3950.5
98,3952.0
244,3952.3
363,3952.7
263,3953.9
205,3966.2
216,3968.7
106,3969.2
168,3971.0
77,3971.0
79,3973.7
257,3976.6
173,3976.9
72,3978.3
95,3979.1
299,3979.2
1,3979.9
297,3983.3
57,3984.8
262,3985.8
111,3985.8
279,3986.1
343,3986.5
317,3988.2
349,3988.5
208,3992.8
157,3997.8
369,4000.6
325,4002.6
211,4003.5
9,4007.4
303,4007.9
331,4007.9
65,4008.0
120,4008.0
191,4008.1
229,4008.1
261,4008.4
88,4009.0
315,4009.2
190,4009.2
330,4009.3
267,4009.3
365,4009.3
29,4009.4
103,4009.4
221,4009.5
159,4009.9
128,4009.9
126,4010.3
323,4010.5
353,4010.5
27,4011.9
17,4012.1
278,4012.2
194,4012.6
235,4012.8
131,4012.9
122,4013.3
81,4013.9
36,4014.1
216,4014.1
41,4014.3
240,4014.7
332,4015.0
329,4015.5
248,4015.8
158,4015.9
276,4016.4
185,4016.5
350,4016.8
275,4016.9
231,4016.9
115,4017.1
368,4017.4
300,4017.6
37,4018.9
363,4019.1
60,4020.8
335,4022.0
133,4023.6
32,4025.1
177,4026.2
286,4026.9
44,4026.9
293,4028.4
176,4034.8
285,4036.2
364,4037.8
50,4040.8
63,4041.3
273,4044.1
295,4045.3
352,4046.9
353,4048.9
282,4048.9
213,4049.1
118,4049.1
265,4050.7
361,4052.9
321,4053.4
375,4053.9
155,4054.7
336,4055.0
267,4057.0
83,4060.8
252,4063.4
253,4064.6
55,4065.9
372,4066.9
163,4067.2
367,4068.4
368,4069.3
170,4069.4
7,4071.0
124,4071.2
233,4071.5
66,4072.1
160,4073.4
139,4074.3
52,4075.2
116,4075.5
61,4084.2
171,4086.3
254,4086.9
357,4088.3
93,4088.4
183,4088.5
19,4091.6
69,4097.9
364,4098.8
259,4099.1
78,4100.6
329,4100.6
179,4102.0
281,4103.2
264,4103.2
132,4103.4
214,4106.4
330,4107.7
58,4107.8
121,4110.9
217,4111.6
251,4113.9
222,4115.4
292,4121.1
303,4121.8
4,4122.7
56,4122.9
239,4123.8
43,4124.1
73,4128.1
107,4128.7
119,4131.1
86,4131.2
250,4132.1
100,4132.8
55,4135.3
311,4135.4
8,4138.6
258,4139.7
112,4141.7
38,4143.5
257,4145.9
175,4146.0
274,4146.5
342,4146.7
105,4147.4
88,4148.4
378,4156.1
381,4156.1
365,4156.9
50,4160.9
118,4162.5
249,4163.8
319,4164.0
6,4165.8
341,4169.0
24,4170.0
284,4171.1
356,4173.1
241,4173.9
294,4175.1
218,4175.6
207,4178.2
331,4178.8
309,4180.2
320,4180.3
77,4180.4
90,4182.4
275,4183.4
117,4183.4
145,4183.6
301,4185.0
346,4186.3
352,4187.2
130,4187.4
95,4187.4
234,4190.3
12,4192.9
201,4193.3
271,4193.6
237,4195.2
204,4196.1
226,4197.2
120,4198.4
43,4198.5
47,4202.1
362,4202.3
187,4202.6
291,4203.1
32,4203.2
238,4204.8
172,4206.3
221,4206.5
232,4207.2
67,4208.4
192,4210.2
290,4211.6
273,4212.4
333,4214.1
215,4215.3
18,4215.8
272,4217.7
380,4220.8
46,4223.0
244,4227.3
178,4227.9
323,4233.2
163,4234.2
308,4236.4
126,4237.9
97,4238.9
143,4239.7
369,4240.2
263,4243.4
382,4246.1
148,4249.4
85,4250.0
340,4255.0
268,4258.9
255,4261.3
377,4261.4
300,4262.1
46,4262.1
30,4264.6
150,4265.8
53,4267.2
243,4269.0
324,4271.0
21,4273.2
350,4277.9
227,4283.3
95,4285.8
293,4286.2
373,4286.8
90,4288.3
296,4294.1
144,4299.1
122,4299.8
355,4300.2
305,4300.6
176,4302.8
378,4304.1
167,4304.9
226,4306.3
108,4306.4
75,4307.0
62,4309.2
84,4317.5
9,4323.5
359,4324.2
40,4332.8
58,4334.9
313,4337.9
179,4339.8
226,4340.8
149,4346.0
121,4348.2
316,4354.6
6,4355.4
12,4356.1
309,4356.3
315,4357.9
199,4361.0
166,4362.9
51,4364.5
152,4366.0
169,4366.2
190,4367.2
168,4369.1
191,4374.1
158,4376.8
136,4380.4
376,4385.6
111,4386.5
205,4386.5
74,4386.9
108,4388.9
330,4390.6
65,4391.5
331,4393.3
284,4393.7
229,4393.8
315,4393.9
261,4394.0
267,4394.3
120,4394.4
365,4394.4
126,4394.5
159,4394.7
29,4394.9
128,4395.3
369,4395.4
323,4395.5
300,4395.6
190,4395.9
211,4396.4
294,4396.5
303,4396.7
62,4396.8
235,4396.8
95,4397.0
176,4397.5
246,4397.5
117,4398.1
115,4398.2
278,4398.4
349,4398.5
36,4398.9
17,4399.1
275,4399.5
132,4399.7
248,4399.7
122,4399.9
370,4400.1
9,4400.2
361,4400.3
216,4400.3
91,4400.3
129,4400.6
350,4400.7
140,4401.1
31,4401.5
88,4401.5
308,4401.6
42,4401.6
358,4402.1
329,4402.8
306,4403.0
86,4403.9
131,4404.3
226,4404.4
103,4404.4
177,4404.7
81,4404.8
166,4404.8
56,4405.3
264,4409.0
339,4409.2
247,4419.6
263,4420.8
230,4425.0
326,4428.1
79,4431.5
161,4431.5
121,4433.9
366,4434.1
197,4439.4
246,4439.6
266,4444.6
84,4452.2
238,4452.9
76,4453.2
106,4453.6
14,4457.0
75,4458.0
107,4459.7
6,4460.4
92,4464.1
72,4467.8
252,4468.8
65,4471.0
191,4471.3
330,4472.7
331,4472.9
190,4473.1
97,4473.2
267,4473.2
315,4473.3
261,4473.4
111,4473.6
229,4473.6
365,4474.1
159,4474.4
29,4474.4
120,4474.6
126,4474.8
128,4474.8
41,4475.3
300,4475.5
323,4475.6
369,4475.6
36,4476.1
303,4476.4
294,4476.4
211,4476.5
246,4476.5
235,4476.7
91,4477.1
278,4477.9
349,4478.0
115,4478.2
17,4479.0
248,4479.1
62,4479.1
95,4480.4
306,4480.4
275,4480.4
166,4480.4
361,4480.7
174,4481.2
263,4481.5
350,4481.7
358,4481.8
308,4482.0
140,4482.1
184,4482.2
31,4483.7
203,4485.8
344,4486.7
66,4488.4
224,4491.6
212,4491.6
33,4491.7
149,4492.0
51,4492.3
28,4494.7
307,4498.8
273,4503.0
178,4504.0
104,4505.2
194,4506.0
96,4510.4
303,4511.3
265,4515.6
64,4517.0
7,4518.9
336,4519.2
306,4521.1
232,4523.0
81,4524.0
318,4525.5
236,4535.6
155,4537.8
346,4540.3
163,4540.8
216,4541.4
270,4543.3
187,4546.6
65,4551.0
191,4552.5
34,4552.7
267,4553.0
331,4553.0
261,4553.6
315,4553.6
330,4553.6
190,4553.6
229,4554.0
365,4554.2
29,4554.3
111,4554.8
159,4554.8
120,4554.9
128,4555.2
303,4555.4
126,4555.5
36,4555.8
246,4555.8
300,4556.0
323,4556.0
369,4556.1
363,4556.3
338,4556.3
294,4556.6
235,4557.0
211,4557.1
198,4557.7
258,4557.9
239,4558.0
349,4558.1
278,4558.5
115,4559.0
14,4559.1
17,4559.2
248,4559.3
306,4559.9
103,4560.8
332,4561.1
129,4561.3
40,4561.5
88,4562.6
62,4562.6
361,4562.9
31,4562.9
91,4563.4
329,4563.7
358,4564.2
350,4564.2
146,4565.3
192,4566.1
193,4567.3
147,4567.4
52,4568.6
13,4570.4
237,4574.2
210,4574.5
30,4575.9
152,4579.7
93,4580.3
57,4582.8
126,4583.5
242,4583.8
251,4583.8
138,4590.8
349,4594.2
289,4594.4
213,4594.9
151,4596.3
280,4597.7
56,4598.9
102,4600.6
221,4602.7
215,4604.3
364,4604.5
120,4605.0
323,4606.6
324,4610.4
7,4614.3
277,4615.0
3,4616.7
290,4619.2
288,4619.3
33,4620.0
118,4622.4
181,4625.6
254,4628.0
331,4628.4
65,4631.0
153,4631.8
81,4631.9
191,4632.9
261,4633.7
267,4633.8
190,4633.9
330,4633.9
315,4634.0
229,4634.1
126,4634.1
29,4634.3
365,4634.5
159,4634.6
24,4634.6
111,4634.9
128,4635.1
120,4635.3
303,4635.8
278,4636.0
300,4636.2
369,4636.6
211,4636.7
349,4636.7
294,4636.8
246,4636.9
235,4637.3
36,4637.7
323,4638.2
140,4638.5
356,4638.8
115,4638.9
17,4638.9
216,4639.0
306,4639.2
248,4639.3
114,4639.6
95,4640.1
332,4640.2
62,4641.3
26,4641.8
363,4642.5
14,4643.5
340,4645.4
119,4647.6
176,4649.6
334,4650.2
191,4654.1
105,4659.1
333,4659.1
46,4661.5
314,4662.0
129,4666.8
253,4667.1
175,4668.7
300,4670.3
133,4670.6
269,4670.9
91,4671.7
4,4672.2
132,4673.6
139,4675.4
381,4675.7
185,4678.1
82,4678.8
285,4680.8
123,4682.2
218,4689.5
329,4690.4
206,4692.2
168,4694.6
200,4696.7
317,4699.4
37,4702.2
67,4703.7
373,4704.8
58,4707.8
6,4708.7
302,4709.4
354,4710.0
351,4710.2
59,4711.1
368,4712.7
220,4714.1
75,4714.3
265,4714.3
275,4715.1
45,4715.2
71,4716.6
332,4718.2
318,4719.7
342,4722.0
256,4723.6
205,4725.2
339,4727.1
245,4730.8
15,4735.5
167,4737.1
124,4738.8
135,4740.9
85,4743.5
207,4743.5
19,4743.6
204,4743.7
33,4743.7
380,4744.3
362,4744.9
288,4746.2
227,4746.3
120,4747.6
157,4749.9
103,4750.3
61,4750.4
192,4752.3
169,4757.4
111,4758.2
366,4758.7
307,4761.5
298,4762.9
276,4766.9
142,4772.0
58,4773.6
177,4773.8
364,4774.5
371,4774.8
65,4775.0
255,4776.4
112,4783.8
347,4785.4
372,4785.7
72,4786.4
382,4786.9
292,4790.0
291,4791.0
18,4791.7
361,4797.1
27,4799.3
370,4799.7
365,4799.9
367,4802.4
373,4803.0
140,4803.4
171,4803.4
377,4808.1
225,4809.0
131,4809.8
296,4810.7
123,4812.3
252,4812.6
245,4813.1
164,4813.9
208,4814.9
101,4815.3
259,4817.8
89,4818.0
284,4820.9
69,4822.6
36,4823.6
215,4824.2
186,4824.7
281,4825.8
80,4826.8
99,4827.9
34,4828.0
26,4828.4
144,4828.7
88,4829.3
137,4830.1
24,4831.3
67,4831.3
343,4836.4
150,4837.8
209,4840.4
293,4850.1
169,4851.0
22,4851.9
70,4852.7
62,4854.8
197,4857.0
100,4857.0
189,4861.5
311,4863.9
280,4863.9
143,4867.0
297,4867.6
375,4867.7
335,4868.0
224,4869.9
317,4871.1
249,4879.7
48,4883.0
139,4883.3
152,4884.2
58,4885.4
97,4885.4
359,4885.5
78,4885.6
6,4890.1
140,4892.4
131,4894.3
233,4898.3
77,4898.7
54,4900.9
98,4905.2
193,4909.4
180,4913.4
374,4914.2
138,4914.4
153,4923.0
94,4925.1
306,4927.1
157,4928.6
2,4928.8
267,4930.3
261,4933.0
183,4935.5
375,4935.7
148,4936.7
282,4938.1
107,4939.4
223,4941.0
302,4941.5
3,4944.5
212,4947.3
270,4948.3
104,4950.3
71,4951.9
181,4952.8
160,4953.7
57,4955.4
372,4956.2
287,4959.8
95,4960.0
161,4966.1
179,4967.2
380,4967.8
360,4968.9
102,4969.9
16,4971.1
257,4972.9
1,4974.3
141,4975.8
306,4976.6
100,4976.8
324,4980.2
383,4984.1
45,4984.6
146,4987.9
234,4989.5
116,4989.7
244,4991.8
86,4994.4
226,4996.2
331,4996.7
259,5001.9
221,5010.6
363,5011.5
260,5012.8
97,5013.2
138,5013.7
74,5015.9
267,5017.0
261,5018.0
159,5018.3
65,5018.4
300,5018.5
191,5018.7
369,5018.9
349,5019.1
365,5019.2
229,5019.3
190,5019.6
330,5019.9
128,5020.3
113,5020.7
126,5020.7
350,5020.7
52,5021.4
295,5021.4
68,5021.4
14,5021.4
211,5021.5
323,5021.6
105,5022.0
235,5022.5
246,5022.6
140,5022.6
311,5022.6
157,5022.7
306,5022.7
131,5022.8
331,5022.8
161,5022.9
36,5022.9
95,5023.2
278,5023.2
318,5023.6
17,5023.8
248,5023.9
374,5023.9
125,5024.0
361,5024.1
62,5024.1
297,5024.6
4,5024.6
275,5024.7
216,5025.1
368,5025.8
10,5025.8
31,5025.9
308,5025.9
129,5026.0
317,5026.2
88,5026.5
346,5026.6
29,5026.8
84,5027.1
71,5027.5
103,5027.5
171,5027.6
320,5027.7
26,5027.7
60,5028.1
145,5028.4
357,5028.4
166,5028.7
134,5030.4
206,5030.6
156,5033.8
75,5034.7
340,5038.0
230,5039.9
39,5044.7
345,5048.5
279,5050.8
82,5051.6
80,5052.9
76,5052.9
83,5054.3
52,5056.8
178,5058.8
91,5059.7
310,5062.3
274,5063.5
212,5067.1
92,5067.2
88,5070.0
225,5070.7
176,5071.1
312,5071.1
217,5073.2
304,5076.0
319,5076.5
169,5077.6
251,5077.6
288,5080.6
240,5080.7
87,5083.7
192,5083.7
41,5084.0
141,5086.0
302,5086.5
30,5087.9
28,5090.7
182,5092.4
280,5096.3
267,5097.1
289,5097.2
331,5097.6
159,5097.8
300,5097.9
191,5098.1
65,5098.2
261,5098.3
369,5098.3
349,5098.6
229,5098.9
190,5099.1
330,5099.1
365,5099.2
237,5099.9
128,5100.1
350,5100.1
52,5100.2
113,5100.6
31,5100.6
126,5100.7
14,5101.1
68,5101.3
323,5101.4
248,5101.5
105,5101.9
235,5102.1
211,5102.1
295,5102.4
370,5103.1
278,5103.3
368,5103.3
306,5103.3
246,5103.5
36,5103.6
108,5103.7
161,5103.7
337,5103.7
17,5104.0
4,5104.5
157,5104.6
311,5104.6
39,5104.9
70,5105.4
91,5105.5
140,5105.6
83,5105.9
361,5106.6
297,5107.5
245,5107.6
329,5107.9
29,5107.9
363,5107.9
328,5108.3
135,5109.4
346,5110.1
244,5112.1
21,5114.1
26,5117.2
375,5118.5
232,5119.2
254,5119.7
131,5120.0
150,5120.4
344,5124.9
294,5126.8
259,5126.8
332,5130.9
204,5132.3
215,5139.4
194,5141.0
17,5144.3
78,5146.6
188,5147.1
360,5148.5
252,5149.4
69,5155.6
86,5159.8
239,5166.9
156,5167.4
377,5174.7
369,5176.8
198,5177.1
267,5177.1
354,5177.7
300,5177.9
331,5177.9
159,5177.9
261,5178.2
191,5178.2
65,5178.2
349,5178.5
229,5179.0
190,5179.2
365,5179.2
330,5179.3
52,5179.9
128,5180.0
350,5180.0
126,5180.4
113,5180.6
14,5180.8
68,5181.4
323,5181.5
211,5181.8
105,5181.8
248,5182.1
278,5182.2
17,5182.4
246,5182.7
235,5182.7
88,5183.0
131,5183.2
60,5183.2
26,5183.4
312,5183.5
295,5183.6
343,5183.7
36,5183.9
176,5184.1
31,5184.2
48,5184.4
95,5184.5
4,5184.6
306,5185.0
311,5185.1
157,5185.2
161,5185.2
275,5185.2
62,5185.2
103,5185.8
319,5185.9
332,5186.1
129,5186.6
91,5186.7
308,5186.8
216,5187.0
346,5187.1
132,5187.3
222,5187.5
140,5187.5
39,5187.7
81,5187.7
13,5187.9
361,5188.3
374,5188.8
297,5189.0
368,5189.4
294,5190.8
72,5192.9
352,5193.4
54,5196.1
130,5196.1
207,5197.4
307,5203.6
10,5204.3
336,5204.4
378,5204.7
85,5205.0
255,5207.0
6,5207.0
170,5210.2
229,5210.6
175,5217.6
309,5218.0
326,5218.4
56,5221.6
144,5222.1
0,5224.5
111,5225.8
169,5226.5
214,5226.7
177,5228.7
109,5234.8
299,5235.0
154,5238.3
12,5239.0
357,5244.8
349,5245.5
370,5247.2
293,5247.3
43,5247.3
256,5247.4
128,5251.0
46,5252.0
224,5252.8
17,5252.9
210,5253.9
286,5256.0
189,5256.5
369,5257.2
267,5257.3
300,5258.1
229,5258.1
331,5258.2
159,5258.2
191,5258.2
65,5258.4
353,5258.4
261,5258.7
190,5259.2
234,5259.2
330,5259.3
365,5259.6
163,5259.6
350,5260.0
278,5260.5
126,5260.6
27,5260.8
52,5261.0
113,5261.0
14,5261.0
68,5261.5
323,5261.7
3,5262.0
211,5262.5
105,5262.5
235,5262.7
185,5262.8
246,5263.5
141,5263.7
374,5263.9
79,5264.0
60,5264.2
36,5264.2
248,5264.3
49,5264.9
29,5265.0
81,5265.1
4,5265.3
295,5265.9
31,5266.2
161,5267.3
157,5267.4
26,5268.5
122,5268.5
202,5269.0
346,5270.0
291,5270.2
228,5273.2
147,5277.6
7,5277.8
282,5278.8
35,5279.7
65,5280.8
218,5280.9
312,5285.0
42,5285.3
329,5286.6
106,5286.7
270,5287.1
379,5287.3
304,5287.8
159,5288.0
361,5293.7
137,5303.0
262,5304.5
301,5304.8
8,5306.2
80,5309.8
249,5310.8
102,5314.7
277,5315.1
212,5316.7
35,5317.3
111,5318.0
272,5320.5
186,5321.2
201,5321.3
340,5323.1
211,5335.8
273,5341.7
68,5342.9
341,5350.8
275,5352.0
312,5355.2
6,5357.0
129,5357.7
173,5358.2
236,5361.2
187,5361.4
87,5361.6
316,5364.0
19,5366.4
69,5367.6
346,5369.4
22,5370.7
290,5372.1
348,5374.4
106,5375.7
213,5375.7
327,5376.1
369,5376.9
10,5378.1
283,5378.3
366,5378.8
371,5381.1
184,5383.7
140,5390.0
250,5392.8
241,5397.2
86,5398.9
63,5399.6
55,5399.8
117,5401.3
32,5405.6
100,5406.9
115,5408.0
9,5412.8
8,5413.5
125,5415.2
160,5416.3
335,5416.4
347,5416.5
216,5418.5
376,5418.5
98,5422.8
42,5426.2
4,5427.7
311,5428.9
151,5430.0
242,5430.4
75,5431.8
367,5432.4
359,5435.1
315,5437.3
90,5438.3
2,5438.5
41,5439.1
124,5441.2
218,5441.2
381,5444.9
373,5445.5
271,5446.8
262,5447.5
186,5449.4
118,5450.0
139,5452.2
281,5459.7
20,5460.6
323,5460.9
364,5463.8
181,5464.1
246,5464.4
54,5465.0
152,5465.5
349,5469.2
4,5469.4
99,5471.0
185,5472.4
218,5472.5
193,5475.4
45,5475.4
50,5477.2
223,5477.9
104,5477.9
240,5479.8
1,5480.5
280,5482.2
263,5482.7
318,5482.9
116,5484.0
291,5484.3
69,5487.7
160,5487.9
125,5489.2
209,5491.2
173,5495.9
91,5497.0
337,5497.4
343,5497.5
121,5500.6
59,5506.3
231,5507.4
155,5509.9
134,5512.2
327,5517.5
294,5519.1
37,5522.5
300,5526.1
371,5528.6
106,5528.9
71,5530.0
368,5533.1
141,5533.4
362,5536.1
84,5536.5
131,5537.5
168,5537.5
376,5539.0
226,5542.8
361,5544.3
174,5544.6
178,5546.3
334,5546.6
143,5546.9
90,5550.3
83,5550.3
380,5551.0
98,5556.3
123,5559.3
18,5559.4
96,5563.4
372,5564.5
215,5566.7
58,5569.7
309,5572.2
283,5572.6
70,5572.6
59,5575.4
34,5577.9
175,5578.1
344,5578.3
133,5578.4
222,5579.2
51,5579.5
295,5580.9
120,5583.4
207,5585.3
77,5586.4
289,5586.8
135,5589.6
122,5593.5
36,5593.8
119,5593.9
132,5595.6
146,5596.1
296,5597.1
53,5598.5
75,5601.6
190,5602.1
316,5604.1
140,5606.6
314,5608.5
330,5608.7
91,5609.2
329,5612.5
35,5614.2
254,5615.6
21,5617.7
379,5617.7
126,5621.3
179,5621.9
28,5622.0
57,5622.7
338,5623.3
195,5634.1
63,5637.0
267,5637.6
258,5640.0
34,5640.2
357,5640.3
229,5641.8
369,5642.2
272,5642.3
361,5642.4
235,5643.2
159,5643.3
292,5643.4
191,5643.6
190,5643.7
349,5643.7
65,5643.7
131,5643.8
300,5644.7
365,5644.7
350,5645.4
113,5645.9
232,5646.0
323,5646.1
246,5646.7
211,5646.8
68,5646.8
52,5647.0
105,5647.3
295,5647.6
4,5648.1
140,5648.2
215,5648.3
321,5648.6
248,5648.6
340,5649.0
39,5649.1
128,5649.6
330,5649.7
122,5649.7
17,5649.9
101,5650.0
331,5650.1
368,5650.6
311,5650.9
346,5651.5
157,5651.6
199,5651.6
161,5651.7
103,5651.9
32,5651.9
216,5652.2
91,5652.2
329,5652.8
306,5652.9
261,5653.1
275,5653.3
184,5653.4
83,5653.6
94,5656.1
147,5657.2
84,5659.3
269,5659.8
48,5660.7
3,5663.7
142,5666.9
89,5667.1
274,5669.6
14,5671.4
305,5671.7
26,5673.2
184,5674.5
55,5676.1
30,5676.4
115,5676.9
308,5677.0
227,5677.3
335,5677.4
297,5677.6
149,5679.4
380,5680.4
284,5682.2
298,5682.4
93,5682.9
23,5683.7
360,5684.5
144,5684.8
351,5686.8
214,5687.1
270,5689.2
264,5689.7
381,5690.9
156,5691.3
137,5692.2
104,5692.8
365,5693.0
191,5694.8
81,5696.2
312,5701.5
199,5701.9
127,5708.9
60,5712.6
369,5717.4
112,5718.9
106,5720.1
267,5721.4
229,5721.5
159,5721.9
361,5722.4
235,5723.0
65,5723.1
190,5723.4
126,5723.5
349,5723.5
131,5723.9
191,5723.9
85,5724.1
34,5724.3
179,5724.5
365,5724.6
300,5725.0
350,5725.0
113,5725.3
357,5725.9
323,5726.0
232,5726.1
82,5726.2
68,5726.3
211,5726.4
52,5726.6
308,5727.0
248,5727.0
105,5727.1
246,5727.6
14,5727.7
62,5728.5
140,5728.5
83,5728.5
17,5728.5
26,5728.7
39,5729.0
297,5729.1
4,5729.2
31,5729.3
128,5729.4
321,5729.5
171,5729.6
295,5729.7
91,5729.9
184,5730.2
330,5730.2
180,5730.4
272,5730.6
331,5731.4
95,5731.4
122,5731.6
33,5731.7
215,5732.1
329,5732.1
157,5732.1
245,5732.3
346,5732.6
161,5732.9
311,5732.9
340,5733.3
325,5733.5
217,5736.7
16,5740.9
154,5742.4
186,5745.7
268,5746.2
235,5746.7
248,5749.4
38,5749.8
120,5750.8
229,5752.3
125,5753.3
280,5756.7
107,5760.5
126,5761.0
304,5762.2
238,5764.8
5,5766.8
307,5770.4
255,5776.4
327,5777.8
199,5779.1
153,5781.5
90,5783.8
252,5787.8
262,5790.3
133,5790.4
178,5792.1
285,5794.2
237,5794.8
331,5796.6
96,5797.3
65,5797.3
87,5799.7
271,5800.3
369,5800.7
229,5801.2
267,5801.9
191,5802.3
235,5802.5
361,5802.5
159,5803.1
365,5803.4
349,5803.6
232,5803.9
190,5804.1
126,5804.2
131,5804.4
350,5805.0
300,5805.3
113,5805.8
179,5806.1
323,5806.3
34,5806.7
68,5806.7
352,5806.9
180,5806.9
52,5807.0
211,5807.1
248,5807.3
105,5807.5
246,5808.5
17,5809.0
60,5809.4
14,5809.7
4,5810.2
321,5810.6
308,5810.8
261,5811.0
295,5811.3
160,5812.0
103,5812.1
306,5812.3
157,5813.0
161,5813.7
297,5813.7
346,5813.8
62,5814.3
305,5814.7
99,5815.1
198,5815.9
210,5817.3
86,5817.7
347,5818.5
176,5821.2
1,5826.3
314,5827.8
202,5829.1
205,5829.8
230,5836.3
75,5836.7
322,5844.6
171,5844.9
335,5845.4
129,5849.2
20,5850.8
32,5852.8
51,5852.9
340,5858.5
100,5861.1
136,5863.9
15,5865.1
151,5866.1
132,5874.2
177,5875.8
233,5876.2
266,5876.4
57,5879.4
70,5879.8
368,5881.2
229,5881.2
369,5881.4
267,5882.0
65,5882.1
235,5882.6
361,5882.7
191,5882.8
159,5883.1
197,5883.6
349,5883.6
365,5883.8
190,5884.1
126,5884.2
113,5884.3
131,5884.5
381,5884.7
232,5885.2
350,5885.3
300,5885.5
161,5885.9
179,5886.2
108,5886.3
323,5886.5
62,5886.6
331,5886.7
52,5887.0
68,5887.0
211,5887.1
105,5887.6
63,5887.7
39,5887.9
176,5887.9
248,5888.0
322,5888.7
246,5888.8
34,5888.9
17,5889.3
275,5889.4
180,5889.5
0,5889.7
140,5889.9
31,5889.9
321,5890.2
311,5890.3
378,5890.3
4,5890.5
171,5891.0
330,5891.4
14,5891.8
261,5892.0
184,5892.0
308,5892.2
55,5892.5
118,5892.6
295,5893.1
346,5893.3
26,5893.5
297,5895.7
276,5897.7
204,5899.4
150,5902.4
170,5905.4
250,5908.8
48,5912.3
303,5918.8
234,5921.6
255,5922.0
33,5926.5
61,5926.9
174,5929.0
166,5933.6
117,5933.9
256,5934.5
367,5935.0
211,5941.2
274,5941.8
124,5942.5
219,5944.3
317,5946.4
78,5949.1
230,5949.1
383,5950.1
329,5954.4
332,5955.3
323,5955.5
312,5955.7
375,5956.4
206,5957.3
272,5958.3
333,5960.3
257,5961.6
175,5963.9
293,5965.1
212,5966.4
11,5967.4
258,5969.0
338,5969.1
260,5969.9
249,5973.4
14,5974.6
55,5975.4
241,5975.7
200,5977.7
353,5980.1
91,5980.7
225,5984.2
362,5987.3
370,5987.8
208,5988.6
201,5990.8
27,5991.8
139,5995.2
306,5997.2
298,5997.9
255,5998.1
321,5998.4
112,5999.8
84,6000.2
69,6003.9
247,6005.1
217,6008.8
3,6011.3
64,6012.6
299,6014.9
267,6015.9
229,6016.4
6,6019.2
141,6023.0
216,6023.5
74,6025.0
147,6026.8
73,6027.2
167,6027.9
103,6028.5
41,6031.0
253,6031.1
109,6032.3
36,6033.1
34,6033.2
341,6038.1
201,6041.6
135,6047.2
282,6048.9
379,6052.0
80,6052.9
148,6054.2
318,6054.9
68,6054.9
210,6055.6
279,6063.9
221,6065.0
173,6065.1
132,6067.1
336,6067.4
161,6067.7
94,6077.7
224,6079.1
278,6079.4
39,6080.5
371,6084.4
346,6085.7
187,6086.5
183,6088.7
195,6089.1
129,6090.6
134,6090.7
110,6090.7
169,6091.5
303,6092.3
37,6092.5
49,6092.8
31,6093.7
118,6094.2
197,6095.2
5,6096.9
360,6097.0
301,6099.5
105,6102.5
124,6105.9
334,6107.6
248,6108.5
72,6109.3
353,6112.0
275,6113.1
343,6114.4
297,6115.0
111,6115.1
292,6115.2
245,6116.0
236,6116.8
89,6121.1
202,6121.6
131,6124.2
107,6125.0
127,6125.1
325,6127.8
63,6130.2
156,6134.6
167,6136.3
119,6137.2
363,6139.8
351,6140.5
102,6141.1
209,6143.2
166,6143.7
194,6144.0
381,6144.1
247,6144.8
341,6149.6
330,6153.8
266,6154.4
250,6154.5
369,6155.6
311,6156.3
222,6159.0
259,6160.0
305,6160.3
130,6163.7
277,6163.8
114,6165.8
343,6168.0
144,6170.2
261,6170.9
32,6171.2
56,6174.2
359,6176.6
328,6177.1
184,6179.4
98,6181.7
383,6182.5
152,6182.9
52,6183.3
368,6184.9
34,6185.1
380,6187.6
69,6194.4
356,6197.4
116,6199.6
214,6201.2
220,6202.0
304,6209.5
59,6213.1
171,6214.2
35,6215.1
121,6215.7
296,6215.9
24,6216.1
374,6217.1
247,6221.0
287,6222.1
239,6222.6
213,6225.0
149,6227.2
7,6227.3
106,6227.4
235,6228.2
172,6230.9
96,6231.1
357,6231.5
109,6231.9
260,6232.9
313,6234.0
376,6234.6
322,6234.7
297,6236.2
187,6238.9
82,6240.7
117,6244.2
26,6250.3
218,6257.3
157,6261.2
18,6262.5
267,6262.6
151,6263.0
361,6264.0
308,6264.1
142,6265.4
230,6266.3
315,6267.1
246,6267.7
235,6267.7
229,6268.1
159,6268.4
65,6268.7
248,6268.8
349,6269.2
297,6269.7
369,6270.0
52,6270.4
350,6270.4
4,6270.7
372,6270.8
300,6270.8
113,6271.1
34,6271.4
68,6271.6
63,6271.6
323,6271.7
352,6271.7
105,6271.9
211,6272.0
261,6272.5
245,6272.6
32,6273.2
17,6273.8
321,6274.1
311,6274.1
365,6274.3
338,6274.4
368,6274.6
31,6274.7
214,6274.9
216,6274.9
331,6275.2
171,6275.3
191,6275.5
166,6275.7
252,6276.1
62,6276.1
161,6276.1
346,6276.1
306,6276.5
190,6276.6
180,6276.6
284,6276.9
103,6277.0
357,6277.1
145,6277.2
14,6277.9
295,6278.0
203,6278.1
162,6278.1
107,6280.4
263,6280.6
184,6281.9
219,6283.4
248,6289.6
6,6292.1
155,6295.9
199,6296.9
356,6297.4
163,6299.8
47,6299.8
348,6302.8
286,6303.0
332,6306.0
95,6307.5
93,6313.1
196,6315.4
182,6316.1
9,6316.1
29,6319.6
25,6320.5
251,6321.7
66,6322.0
279,6328.1
317,6329.6
298,6331.8
110,6334.1
103,6335.7
56,6336.0
131,6336.6
272,6339.8
54,6341.6
63,6342.4
262,6342.8
92,6343.2
337,6345.8
361,6346.6
267,6346.6
248,6346.7
159,6346.9
183,6347.2
246,6347.3
235,6347.6
318,6348.0
223,6348.0
229,6348.2
65,6348.3
349,6348.8
297,6348.8
245,6349.8
308,6349.9
369,6350.1
350,6350.3
4,6350.3
17,6350.4
300,6350.6
113,6351.1
52,6351.3
357,6351.6
323,6351.6
68,6351.8
352,6352.0
60,6352.1
211,6352.4
105,6352.8
171,6353.1
26,6353.6
34,6353.8
157,6354.5
315,6355.1
185,6355.3
140,6355.3
261,6355.5
191,6355.7
146,6355.7
365,6355.9
14,6356.8
289,6357.1
154,6357.1
32,6357.6
31,6357.8
331,6357.8
338,6358.0
346,6358.2
264,6361.4
333,6364.2
12,6366.3
18,6369.9
200,6370.3
197,6371.7
53,6371.8
44,6372.4
169,6377.1
102,6378.1
270,6379.0
123,6379.6
134,6379.6
125,6379.7
330,6381.6
133,6382.2
90,6386.7
371,6387.3
166,6389.1
16,6389.1
150,6395.6
159,6396.1
46,6397.1
190,6398.2
359,6400.5
84,6401.9
145,6408.0
189,6412.0
164,6413.3
26,6413.6
273,6417.0
210,6421.4
61,6421.6
342,6425.3
340,6425.4
318,6426.1
267,6426.9
351,6427.2
361,6427.3
246,6427.3
235,6427.6
229,6427.9
248,6428.2
159,6428.2
65,6428.4
349,6428.6
297,6429.2
113,6429.6
350,6430.0
369,6430.3
4,6430.3
63,6430.5
300,6430.5
341,6431.0
307,6431.0
323,6431.4
352,6432.0
245,6432.1
17,6432.1
52,6432.1
68,6432.2
211,6432.4
241,6432.6
25,6433.2
105,6433.4
14,6433.6
321,6433.7
185,6433.8
272,6434.0
103,6434.4
365,6434.5
331,6435.0
166,6435.3
190,6435.4
180,6435.5
191,6435.7
265,6435.8
311,6435.9
338,6436.0
261,6436.0
34,6436.0
295,6436.3
157,6436.8
368,6436.9
161,6437.1
339,6437.2
329,6437.8
308,6437.9
95,6439.3
346,6439.7
140,6440.2
258,6440.8
195,6442.1
344,6442.1
84,6443.4
255,6446.0
285,6447.3
158,6449.7
246,6449.8
291,6451.8
13,6456.8
372,6460.4
183,6460.6
81,6461.2
276,6465.0
186,6465.1
252,6469.0
14,6472.7
120,6475.1
192,6478.2
330,6478.3
181,6482.7
262,6485.5
267,6487.8
15,6488.2
4,6491.5
232,6492.1
259,6494.8
118,6496.5
67,6501.4
62,6503.2
242,6503.9
88,6506.2
246,6506.7
361,6507.6
159,6507.8
235,6507.9
229,6508.1
65,6508.4
349,6508.7
248,6508.7
115,6508.8
129,6509.1
297,6509.5
350,6510.1
113,6510.4
300,6510.6
369,6510.7
245,6511.3
323,6511.7
356,6511.7
216,6511.7
145,6512.0
68,6512.0
52,6512.2
352,6512.2
63,6512.7
211,6512.7
26,6513.0
17,6513.3
105,6513.3
190,6513.8
39,6513.8
135,6514.0
43,6514.0
31,6514.4
267,6514.9
14,6515.0
123,6515.5
365,6515.6
32,6516.5
331,6516.6
321,6516.7
191,6516.7
73,6516.9
34,6517.4
157,6518.1
275,6519.9
103,6519.9
238,6521.6
76,6526.2
319,6528.3
111,6531.2
329,6533.8
26,6533.9
124,6534.4
11,6536.9
367,6537.3
272,6545.7
60,6546.0
382,6548.3
113,6548.7
61,6548.8
247,6550.7
190,6551.1
324,6551.4
366,6552.3
307,6556.9
47,6558.8
271,6559.8
105,6560.4
283,6562.3
359,6564.3
17,6567.5
354,6567.7
99,6568.7
36,6569.9
54,6571.0
348,6572.6
360,6572.9
204,6575.3
326,6576.5
104,6576.9
80,6577.0
145,6582.9
85,6585.2
109,6586.9
5,6590.6
3,6592.3
92,6592.4
213,6594.9
363,6595.0
262,6597.9
348,6598.9
1,6598.9
144,6601.5
18,6601.6
291,6603.8
138,6605.5
305,6605.6
16,6606.9
55,6615.0
122,6617.0
175,6621.1
135,6621.5
185,6622.8
71,6625.0
0,6627.3
208,6631.8
118,6634.7
59,6635.0
22,6636.8
36,6639.8
33,6640.7
370,6641.4
27,6642.5
97,6642.6
379,6645.7
323,6646.5
177,6646.6
23,6647.8
362,6649.8
39,6652.8
119,6653.1
259,6653.5
346,6653.9
246,6656.6
189,6659.1
37,6659.6
375,6663.6
325,6671.7
126,6672.5
170,6673.3
330,6673.3
78,6674.1
285,6677.0
314,6677.1
346,6677.2
142,6679.7
160,6682.5
32,6683.0
252,6683.3
38,6687.8
132,6688.6
207,6692.6
321,6693.8
141,6694.3
291,6695.7
107,6696.2
217,6698.9
165,6702.4
371,6704.9
312,6706.7
42,6709.0
331,6709.0
157,6711.0
51,6712.4
359,6716.4
204,6717.5
75,6719.7
365,6721.0
195,6721.4
194,6723.5
150,6724.2
148,6724.3
309,6726.0
171,6728.2
308,6729.3
325,6732.0
184,6734.2
292,6734.6
249,6736.0
44,6737.8
201,6738.2
56,6740.6
280,6741.0
320,6741.0
376,6743.1
15,6748.7
278,6749.1
156,6749.1
58,6749.6
306,6751.4
281,6751.7
101,6751.9
104,6753.3
152,6756.4
84,6756.6
302,6756.7
332,6763.7
185,6764.9
153,6766.1
88,6768.1
8,6768.2
31,6768.5
262,6768.7
310,6772.0
69,6773.3
95,6774.3
66,6776.1
134,6776.9
311,6777.8
316,6778.8
29,6779.2
327,6782.1
286,6782.2
337,6788.6
183,6792.4
151,6797.2
334,6799.5
10,6799.6
172,6801.2
83,6801.6
113,6802.9
295,6803.2
345,6807.7
176,6807.7
377,6810.0
35,6811.3
370,6812.4
257,6813.3
383,6814.1
382,6814.5
291,6819.9
166,6820.5
279,6821.9
14,6825.3
85,6828.3
251,6831.3
57,6832.2
307,6833.3
173,6833.3
248,6834.0
156,6834.0
317,6834.5
52,6834.5
219,6841.7
195,6843.3
348,6843.6
352,6844.4
45,6846.7
208,6848.8
187,6852.6
338,6854.2
39,6856.1
256,6856.1
331,6858.6
2,6858.8
133,6862.2
246,6863.3
105,6864.2
125,6865.4
94,6866.8
295,6867.1
55,6868.9
221,6869.8
356,6871.7
134,6882.0
34,6883.4
176,6883.4
261,6885.6
306,6889.1
118,6889.8
245,6890.9
267,6892.5
212,6892.8
361,6893.2
235,6893.2
248,6893.3
311,6894.0
349,6894.1
128,6894.7
26,6894.7
288,6894.9
297,6895.2
52,6895.5
229,6895.6
352,6895.6
4,6895.6
161,6895.7
369,6895.8
300,6895.9
29,6896.0
115,6896.2
72,6896.7
68,6896.9
211,6897.1
184,6897.2
331,6897.3
246,6897.3
374,6897.4
226,6897.5
338,6897.7
321,6898.0
316,6898.1
159,6898.2
105,6898.2
185,6898.7
63,6898.9
14,6899.0
62,6899.2
143,6899.3
294,6899.5
353,6899.9
166,6900.0
191,6900.2
157,6900.3
350,6900.4
190,6900.8
346,6901.1
195,6901.2
355,6901.8
215,6901.9
162,6902.4
145,6902.5
180,6902.7
113,6903.2
198,6903.2
126,6903.3
103,6903.5
322,6903.6
171,6903.9
329,6904.4
146,6905.5
200,6905.7
227,6908.5
20,6909.3
243,6915.7
65,6916.7
300,6919.0
76,6923.4
244,6923.5
96,6924.2
19,6924.4
33,6924.4
139,6926.4
137,6927.1
9,6931.7
324,6932.0
93,6934.2
266,6934.3
229,6934.8
280,6935.0
197,6935.6
209,6938.9
304,6941.0
102,6949.5
382,6951.0
47,6952.4
154,6952.4
257,6953.0
112,6957.1
104,6961.1
106,6962.4
247,6963.0
216,6963.5
274,6965.2
120,6966.8
214,6967.4
348,6969.0
90,6970.0
122,6970.6
252,6971.7
248,6972.2
267,6972.2
361,6972.8
235,6972.9
245,6973.2
349,6973.6
26,6974.2
311,6974.3
128,6974.3
330,6974.4
300,6974.4
229,6974.6
159,6974.7
297,6974.8
188,6974.9
369,6975.3
161,6975.3
4,6975.3
60,6975.4
246,6975.6
52,6976.1
352,6976.1
2,6976.2
34,6976.2
129,6976.5
105,6976.5
50,6976.7
331,6976.8
68,6976.8
72,6976.9
29,6977.0
211,6977.1
171,6977.2
115,6977.3
295,6977.4
374,6977.6
255,6977.9
184,6978.0
44,6978.0
338,6978.6
65,6978.8
143,6979.4
303,6979.9
191,6980.0
321,6980.3
33,6980.5
63,6980.5
350,6981.0
48,6981.1
176,6981.5
14,6981.8
21,6981.8
190,6982.4
132,6983.0
346,6983.3
182,6984.1
27,6984.2
157,6984.7
189,6988.1
149,6990.6
11,6991.5
254,6992.5
245,6996.4
174,6999.3
84,6999.5
233,6999.6
162,7002.5
351,7002.5
25,7011.1
357,7011.5
143,7013.7
275,7014.9
29,7018.4
62,7020.2
175,7021.8
337,7022.9
329,7024.0
184,7025.9
23,7027.3
117,7027.6
161,7031.3
87,7032.7
124,7033.3
343,7034.6
6,7035.2
225,7037.2
107,7037.7
308,7039.2
262,7043.5
219,7043.7
241,7047.8
315,7048.1
35,7049.5
210,7051.1
67,7051.3
381,7051.4
297,7051.5
267,7052.2
115,7052.5
361,7052.7
235,7053.1
248,7053.5
349,7053.5
311,7054.3
26,7054.4
300,7054.8
128,7054.8
183,7055.1
229,7055.2
369,7055.4
4,7055.4
245,7056.1
359,7056.3
246,7056.6
39,7056.9
352,7057.0
52,7057.0
68,7057.1
72,7057.2
249,7057.3
211,7057.3
29,7057.4
143,7057.5
105,7057.7
374,7058.2
344,7058.3
331,7058.8
159,7058.9
122,7059.0
162,7059.3
34,7059.3
62,7059.6
275,7059.7
191,7060.1
63,7060.6
298,7061.3
338,7061.3
350,7061.4
295,7061.7
214,7062.2
184,7062.4
30,7062.4
14,7063.3
190,7063.6
161,7064.5
91,7066.9
327,7068.1
198,7071.7
40,7072.4
286,7077.4
9,7077.9
250,7078.8
179,7082.9
311,7083.2
282,7085.6
111,7086.2
94,7087.4
229,7090.8
41,7091.8
70,7094.9
278,7097.1
155,7097.4
113,7101.6
274,7108.1
16,7108.3
365,7108.3
36,7109.7
328,7113.0
177,7115.5
173,7117.5
121,7119.1
180,7120.1
140,7121.1
248,7121.3
139,7122.1
194,7122.9
341,7128.1
235,7130.4
369,7130.7
196,7131.4
123,7131.9
267,7132.6
361,7132.6
349,7133.6
297,7133.6
99,7133.7
311,7133.8
115,7134.2
246,7134.5
171,7134.5
26,7134.6
161,7134.6
374,7135.0
229,7135.1
300,7135.2
4,7135.3
128,7135.5
29,7137.2
352,7137.3
52,7137.4
68,7137.5
72,7137.6
184,7137.6
228,7137.7
143,7137.8
211,7137.9
245,7138.0
105,7138.1
159,7138.8
315,7138.8
62,7138.9
172,7139.2
329,7139.3
350,7140.5
191,7140.7
178,7140.7
63,7141.5
157,7141.8
145,7141.9
331,7142.0
103,7142.1
65,7142.8
110,7143.0
111,7143.0
162,7143.1
295,7143.5
34,7143.8
182,7144.2
203,7144.3
346,7144.4
122,7146.0
90,7151.0
259,7152.4
4,7156.9
76,7164.3
379,7167.6
212,7171.6
183,7171.9
73,7172.4
49,7174.0
50,7174.7
137,7176.1
188,7179.3
261,7179.9
75,7180.3
136,7181.2
199,7187.2
116,7189.4
163,7193.2
232,7199.8
176,7200.2
175,7205.3
350,7205.7
352,7210.1
227,7212.7
211,7213.7
86,7215.7
349,7220.0
243,7221.0
187,7223.1
92,7223.2
370,7223.6
195,7223.8
149,7226.5
159,7226.6
119,7230.4
50,7230.7
209,7230.9
286,7233.4
71,7234.8
63,7236.8
38,7237.5
169,7239.2
300,7239.6
21,7241.1
29,7242.4
245,7242.8
27,7245.1
213,7245.3
333,7247.6
185,7250.8
0,7253.1
87,7254.1
313,7254.5
260,7256.2
341,7259.1
168,7259.7
241,7263.8
329,7265.5
326,7268.6
89,7268.9
10,7272.5
222,7272.7
273,7274.8
28,7278.8
192,7279.0
57,7281.5
345,7284.0
76,7288.7
283,7290.4
143,7291.2
132,7294.6
191,7299.2
13,7299.5
317,7303.3
274,7304.6
225,7305.0
19,7305.1
72,7305.6
364,7307.8
69,7310.4
223,7314.2
252,7316.7
180,7319.0
20,7319.2
270,7320.7
373,7323.9
263,7324.1
272,7324.4
163,7326.0
308,7327.6
239,7328.5
363,7329.0
281,7331.1
26,7332.2
170,7335.8
17,7337.6
240,7339.1
303,7339.7
339,7340.8
346,7341.2
282,7341.7
133,7342.6
367,7346.1
267,7350.3
140,7350.8
93,7352.4
161,7353.4
104,7356.0
381,7357.2
302,7359.8
87,7360.7
36,7361.2
145,7361.6
244,7363.7
79,7365.9
372,7368.2
215,7368.7
202,7370.6
82,7371.8
43,7376.5
203,7376.9
255,7377.2
353,7380.9
288,7381.2
209,7382.9
165,7387.3
160,7388.3
22,7388.7
224,7390.6
9,7391.3
74,7391.5
18,7392.8
164,7393.7
137,7398.8
304,7400.8
130,7403.8
108,7404.8
326,7407.4
2,7407.6
227,7412.6
142,7413.8
159,7415.0
318,7415.8
313,7416.5
123,7418.4
230,7419.7
167,7421.4
206,7422.4
237,7422.6
356,7423.8
42,7424.1
241,7428.2
283,7429.4
297,7429.9
242,7431.3
323,7431.5
19,7433.3
218,7433.8
351,7436.1
43,7439.9
9,7441.7
217,7442.5
179,7444.3
132,7449.0
94,7449.7
155,7450.4
285,7453.8
264,7454.4
382,7458.9
134,7460.9
160,7463.5
364,7463.9
198,7464.6
348,7466.0
135,7466.3
319,7468.2
77,7476.5
100,7476.9
126,7479.5
333,7480.2
14,7480.6
122,7480.8
300,7482.9
97,7485.1
139,7486.8
225,7486.8
37,7488.8
59,7491.6
56,7492.2
74,7492.5
334,7492.6
58,7493.6
337,7494.3
52,7494.8
47,7498.6
269,7498.6
251,7500.7
226,7501.0
78,7501.1
359,7504.1
306,7505.9
200,7507.4
296,7508.0
343,7510.4
152,7511.2
201,7517.3
300,7517.3
361,7518.2
349,7519.1
297,7519.2
171,7519.3
338,7519.3
26,7519.4
248,7519.4
267,7519.6
311,7520.0
161,7520.1
66,7520.1
128,7520.3
4,7520.7
369,7520.9
98,7520.9
112,7521.0
115,7521.5
229,7521.5
324,7521.6
159,7521.6
294,7521.7
72,7522.1
211,7522.1
68,7522.1
352,7522.7
105,7523.2
61,7523.2
246,7523.3
29,7523.7
63,7523.8
292,7524.0
48,7524.1
184,7524.3
215,7524.5
51,7524.6
143,7524.6
14,7525.1
126,7525.5
350,7525.5
336,7525.6
160,7525.6
34,7525.8
203,7526.0
62,7526.2
180,7526.2
122,7526.2
145,7526.4
235,7526.5
321,7526.5
127,7526.6
245,7527.3
313,7527.4
103,7527.8
157,7528.2
194,7528.5
166,7528.9
158,7529.3
346,7530.3
301,7531.0
295,7531.5
258,7531.8
151,7537.0
89,7537.9
119,7541.2
304,7542.7
364,7546.0
72,7550.3
162,7551.1
253,7551.6
321,7552.8
111,7553.5
240,7554.7
164,7555.3
339,7556.7
250,7558.4
225,7560.1
61,7560.5
64,7560.7
330,7561.7
168,7564.1
378,7568.5
328,7569.6
63,7569.7
204,7570.4
193,7572.2
288,7574.4
21,7577.4
148,7577.7
352,7582.6
87,7583.5
366,7584.0
76,7584.6
153,7584.6
35,7587.4
26,7589.9
217,7592.1
163,7593.3
146,7596.5
300,7596.6
93,7597.4
361,7597.7
235,7597.8
349,7598.6
215,7598.7
267,7599.0
338,7599.1
234,7599.3
248,7599.3
128,7599.5
297,7599.5
311,7599.7
52,7599.8
161,7600.1
140,7600.1
369,7600.3
66,7600.3
4,7600.3
229,7600.8
159,7600.8
72,7600.9
112,7601.2
294,7601.5
61,7601.8
68,7602.3
211,7602.5
368,7602.6
321,7602.8
147,7602.9
105,7603.0
246,7603.1
115,7603.8
295,7603.8
184,7604.1
48,7604.4
240,7604.6
233,7605.0
14,7605.3
171,7605.4
162,7605.5
143,7605.6
336,7605.7
29,7605.9
166,7605.9
350,7606.2
126,7606.2
194,7607.7
63,7607.8
122,7608.8
103,7608.8
346,7609.4
91,7610.0
305,7610.0
40,7612.5
277,7613.6
133,7617.6
13,7618.7
129,7619.0
107,7623.3
57,7624.3
276,7626.2
34,7627.1
39,7627.1
12,7628.0
297,7629.6
50,7632.7
174,7633.5
101,7635.0
238,7637.0
266,7637.6
135,7641.5
175,7642.0
8,7642.3
7,7642.5
177,7642.8
299,7643.8
279,7644.2
159,7646.0
152,7646.3
362,7651.2
211,7653.2
136,7657.0
383,7660.0
212,7661.6
90,7661.8
224,7664.2
138,7664.8
342,7666.2
47,7668.4
22,7668.8
372,7675.8
61,7676.4
248,7676.9
300,7676.9
48,7677.2
68,7677.3
26,7677.7
361,7677.8
95,7677.9
245,7678.4
349,7678.6
357,7678.8
297,7678.8
338,7678.9
60,7679.5
159,7679.6
72,7679.7
267,7679.7
352,7679.8
128,7679.8
311,7679.8
66,7680.3
161,7680.3
4,7680.3
369,7680.5
112,7681.1
294,7681.3
171,7681.3
34,7681.4
52,7681.7
229,7682.0
303,7682.3
246,7682.6
63,7683.1
147,7683.1
21,7683.4
215,7683.5
105,7683.5
115,7683.6
235,7683.8
65,7684.3
208,7685.1
321,7685.3
29,7685.3
336,7685.8
295,7685.9
350,7685.9
184,7686.0
205,7686.2
143,7687.0
117,7687.1
84,7687.3
157,7687.9
194,7688.0
240,7688.1
14,7688.1
280,7689.0
165,7689.0
326,7691.6
272,7691.7
308,7695.9
85,7696.7
116,7697.7
71,7701.2
82,7702.7
164,7703.1
169,7703.4
269,7705.5
356,7706.5
25,7711.1
226,7711.4
188,7713.0
265,7716.0
364,7717.0
121,7717.3
376,7717.7
312,7718.4
314,7720.4
264,7724.0
295,7724.2
54,7724.4
143,7725.7
178,7726.1
206,7726.8
198,7728.8
192,7730.4
31,7731.7
112,7732.6
53,7734.2
360,7734.9
163,7738.5
367,7742.9
274,7746.6
45,7747.1
125,7747.3
69,7750.4
0,7751.7
28,7753.2
66,7756.8
26,7757.0
300,7757.2
277,7757.5
361,7757.8
349,7758.7
338,7759.1
248,7759.1
297,7759.2
267,7759.6
128,7759.8
70,7759.9
311,7759.9
68,7760.3
4,7760.4
161,7760.5
211,7760.6
369,7760.6
229,7761.1
72,7761.2
294,7761.5
159,7761.9
352,7762.1
14,7762.4
52,7762.5
61,7762.6
246,7763.0
105,7763.6
272,7764.0
34,7764.0
184,7764.2
115,7764.2
65,7764.4
48,7764.8
143,7765.0
63,7765.1
112,7765.1
235,7765.2
295,7765.6
29,7765.7
321,7766.0
350,7766.3
155,7766.9
346,7767.1
336,7767.4
103,7768.2
296,7768.6
42,7769.8
203,7774.3
309,7778.9
4,7782.2
338,7784.9
214,7785.5
51,7786.0
354,7786.1
78,7787.2
140,7787.9
250,7788.0
315,7788.3
47,7793.1
287,7793.1
141,7798.3
103,7798.5
180,7801.9
161,7803.9
371,7806.7
116,7810.0
223,7815.1
156,7817.3
278,7822.2
317,7827.3
228,7828.7
120,7829.9
325,7833.4
301,7835.4
197,7838.2
81,7840.3
318,7840.4
300,7840.9
316,7842.3
36,7846.1
272,7847.3
87,7851.0
141,7851.0
254,7852.9
345,7853.0
134,7855.2
54,7856.2
261,7856.3
248,7858.1
86,7858.5
340,7859.1
329,7859.5
186,7860.7
75,7862.5
270,7865.2
196,7867.1
382,7867.4
267,7869.6
161,7872.1
287,7874.6
160,7875.4
157,7876.3
361,7876.8
208,7877.4
204,7883.6
239,7883.7
202,7885.0
136,7885.1
253,7886.8
362,7888.5
303,7888.9
155,7889.4
295,7889.8
323,7892.2
224,7892.5
313,7898.4
88,7898.9
8,7900.5
149,7903.9
53,7903.9
227,7904.0
344,7905.6
306,7907.3
176,7909.0
179,7909.1
15,7909.2
74,7909.4
183,7909.9
238,7910.0
216,7910.4
79,7912.6
153,7913.1
195,7913.7
381,7915.4
368,7916.4
123,7919.0
48,7922.0
268,7925.1
1,7925.6
40,7927.1
199,7930.2
147,7933.7
346,7933.9
272,7935.1
351,7939.8
232,7941.3
245,7941.3
6,7943.4
11,7946.6
315,7948.5
220,7949.5
43,7951.3
77,7953.5
131,7956.1
42,7957.1
166,7960.2
129,7962.5
64,7964.7
116,7968.5
283,7972.6
343,7973.5
102,7973.5
135,7974.3
169,7974.9
90,7976.8
114,7981.5
308,7985.2
152,7988.9
335,7989.9
106,7998.7
231,8003.8
60,8009.2
229,8010.5
302,8012.1
93,8012.7
223,8013.3
273,8015.6
172,8016.2
36,8017.2
357,8017.3
264,8017.4
115,8017.6
253,8017.7
143,8019.9
314,8020.8
218,8031.7
333,8033.0
55,8035.1
105,8037.3
342,8037.9
168,8038.5
343,8038.9
232,8039.5
378,8040.8
56,8041.9
61,8049.4
33,8051.0
125,8051.5
124,8053.3
98,8053.8
103,8054.7
107,8055.6
259,8058.4
207,8062.6
41,8062.9
92,8066.5
148,8070.6
128,8073.6
379,8075.1
233,8076.9
112,8077.8
198,8082.9
164,8083.4
369,8087.8
131,8093.4
269,8093.7
338,8095.5
383,8097.7
212,8098.5
191,8102.0
210,8102.2
306,8104.1
240,8104.9
288,8106.9
325,8108.7
218,8108.9
2,8109.3
376,8112.3
290,8114.8
302,8116.9
289,8118.4
264,8118.5
182,8119.2
158,8122.2
37,8122.3
161,8124.3
315,8126.5
307,8126.7
275,8126.9
381,8128.5
52,8129.1
7,8130.8
111,8131.2
319,8131.4
237,8131.4
138,8131.9
22,8133.2
226,8134.3
139,8134.6
311,8136.3
374,8136.8
99,8138.1
300,8142.7
338,8143.2
143,8143.7
334,8143.9
128,8144.0
349,8144.2
248,8144.2
369,8144.6
230,8145.1
112,8145.1
297,8145.4
4,8145.8
294,8146.5
105,8146.6
61,8146.7
68,8146.9
246,8147.4
72,8148.0
379,8148.0
352,8148.3
48,8148.6
159,8149.1
103,8149.2
151,8149.4
29,8150.1
194,8150.1
184,8150.3
240,8150.4
62,8150.5
63,8150.5
350,8150.8
81,8150.9
198,8151.2
326,8151.9
157,8152.0
280,8152.5
346,8152.5
329,8152.6
295,8152.7
321,8153.0
145,8153.4
18,8154.6
147,8154.9
60,8155.6
6,8160.4
282,8161.9
162,8162.2
360,8162.5
332,8171.0
230,8171.1
322,8174.1
320,8174.5
167,8175.7
126,8180.2
318,8181.6
109,8182.0
157,8184.2
259,8186.8
369,8188.8
192,8193.9
38,8197.9
10,8198.6
221,8199.1
249,8202.3
323,8203.4
96,8204.1
235,8206.0
189,8206.6
239,8207.8
108,8208.2
106,8209.4
255,8215.5
107,8215.7
285,8220.6
173,8220.9
150,8221.2
300,8222.2
159,8222.3
332,8222.9
338,8223.1
230,8223.4
349,8223.5
143,8223.6
37,8223.7
161,8223.8
128,8224.0
248,8224.0
34,8224.6
139,8224.8
369,8225.0
52,8225.0
297,8225.0
45,8225.4
48,8225.4
4,8225.5
112,8225.5
74,8225.8
294,8226.4
68,8226.7
246,8227.2
311,8227.2
105,8227.5
32,8227.6
352,8227.7
61,8227.7
72,8228.0
268,8228.1
145,8228.8
29,8229.3
162,8229.3
184,8229.6
157,8229.6
2,8229.7
379,8230.1
350,8230.5
361,8230.6
362,8230.7
219,8230.7
81,8231.7
63,8232.0
166,8232.0
329,8232.2
14,8232.8
180,8232.9
194,8233.4
346,8234.1
26,8235.0
135,8235.0
122,8235.4
356,8237.3
120,8240.2
137,8240.5
293,8243.7
296,8247.0
47,8249.7
88,8251.0
223,8251.7
238,8257.3
267,8257.9
95,8259.6
122,8259.8
12,8261.6
44,8266.0
364,8267.4
8,8267.8
114,8269.9
377,8271.0
312,8272.8
206,8273.3
87,8274.9
97,8275.3
144,8276.3
126,8277.2
66,8278.3
133,8280.5
53,8281.3
380,8281.4
284,8281.8
337,8281.9
262,8282.8
261,8285.0
132,8287.6
77,8287.9
14,8288.8
59,8290.7
92,8290.9
64,8292.0
294,8292.9
13,8294.8
246,8297.2
328,8300.4
157,8300.7
206,8301.5
300,8302.2
349,8303.5
248,8303.7
338,8303.7
143,8303.9
369,8304.2
230,8304.3
128,8304.5
378,8304.7
297,8304.8
161,8305.0
4,8305.4
104,8305.8
112,8306.0
37,8306.0
159,8306.1
48,8306.5
350,8306.5
139,8306.6
52,8306.9
68,8307.0
61,8307.2
352,8307.9
235,8308.0
105,8308.1
72,8308.2
305,8308.3
311,8309.2
29,8309.6
321,8309.8
184,8309.9
62,8310.8
122,8311.0
267,8311.2
275,8311.5
63,8311.7
171,8312.6
329,8313.0
103,8313.7
295,8314.6
266,8318.4
106,8321.8
257,8323.5
349,8323.6
241,8324.5
75,8330.3
177,8331.5
9,8333.2
217,8333.8
366,8334.7
36,8337.3
80,8337.9
211,8339.2
156,8340.4
37,8347.7
127,8356.3
62,8360.0
310,8360.8
10,8364.3
82,8366.6
243,8367.1
363,8371.9
2,8373.5
49,8373.6
51,8375.4
373,8375.5
303,8379.7
300,8382.2
240,8382.3
349,8382.9
125,8383.5
248,8383.7
112,8383.9
338,8383.9
119,8384.0
294,8384.1
143,8384.1
230,8384.3
246,8384.5
331,8384.7
297,8384.7
128,8384.8
369,8384.9
161,8385.3
4,8385.5
37,8386.3
68,8387.1
159,8387.2
139,8387.3
52,8387.6
352,8387.7
207,8387.7
72,8388.0
157,8388.1
19,8388.2
54,8388.5
14,8388.5
105,8388.8
350,8388.9
88,8389.1
379,8389.7
61,8389.7
184,8389.8
311,8390.5
48,8390.6
29,8390.8
346,8390.9
81,8391.1
76,8391.5
63,8391.5
284,8391.7
194,8391.8
57,8392.2
361,8392.4
290,8392.7
235,8393.2
332,8393.8
26,8394.0
211,8394.1
122,8394.1
180,8395.0
67,8395.1
40,8399.5
256,8401.0
224,8401.4
38,8402.2
131,8403.6
282,8406.3
0,8407.9
184,8411.6
24,8413.5
365,8414.8
20,8426.0
274,8429.3
347,8431.0
66,8431.2
371,8431.2
27,8431.4
28,8431.7
6,8432.4
84,8432.5
11,8434.3
254,8436.9
357,8437.5
181,8439.3
29,8440.3
62,8440.7
336,8442.6
142,8443.2
307,8455.4
269,8455.8
190,8458.4
72,8460.2
188,8460.5
344,8464.9
141,8466.5
208,8469.6
40,8470.7
122,8474.5
61,8477.1
293,8479.1
236,8481.0
135,8482.2
258,8482.3
266,8483.0
174,8486.0
3,8486.4
276,8487.3
91,8488.9
242,8492.6
277,8494.0
183,8496.2
212,8502.5
5,8504.8
213,8505.5
201,8511.7
335,8514.0
321,8514.6
124,8514.7
325,8516.7
48,8517.5
329,8518.4
232,8520.1
306,8520.7
104,8521.7
88,8524.2
90,8528.0
173,8530.9
126,8531.7
314,8543.9
190,8544.7
116,8547.2
94,8549.9
207,8552.4
359,8553.2
356,8556.2
251,8558.9
12,8559.9
39,8560.9
315,8562.6
85,8562.9
280,8565.4
338,8566.2
341,8568.9
380,8569.3
144,8570.6
114,8575.1
110,8578.7
240,8583.0
362,8586.5
21,8592.3
304,8594.2
96,8598.4
76,8600.5
33,8602.6
140,8603.1
23,8604.9
360,8609.3
171,8612.7
259,8614.0
1,8615.5
270,8617.1
218,8617.5
340,8617.6
312,8619.7
61,8620.4
7,8621.5
154,8624.0
336,8624.7
273,8625.1
324,8626.4
320,8628.7
222,8630.2
47,8631.6
91,8634.4
351,8634.7
164,8637.7
219,8637.8
99,8638.6
193,8641.5
108,8642.4
367,8647.5
364,8648.2
165,8649.2
40,8650.1
216,8654.4
211,8657.7
130,8661.1
308,8661.7
172,8662.7
333,8667.5
233,8667.8
232,8669.2
326,8670.2
122,8670.5
230,8671.4
263,8672.0
335,8674.3
22,8675.0
8,8675.9
316,8678.9
325,8679.9
125,8681.1
112,8684.0
185,8684.0
352,8688.0
273,8689.9
147,8691.7
24,8694.7
182,8695.4
214,8695.7
122,8696.8
102,8699.3
166,8700.3
2,8700.4
38,8701.0
113,8713.7
289,8715.9
82,8716.3
248,8717.3
204,8717.9
7,8718.1
221,8721.7
164,8724.7
189,8727.5
302,8728.8
84,8729.0
77,8729.2
281,8731.9
235,8733.5
32,8736.2
218,8737.1
261,8739.1
207,8739.4
210,8740.0
229,8742.3
24,8742.4
25,8745.2
43,8746.6
209,8750.8
68,8753.6
15,8754.4
297,8763.1
70,8765.9
313,8766.0
132,8767.5
352,8768.0
329,8768.6
230,8768.8
338,8768.9
369,8768.9
349,8769.1
105,8769.4
143,8769.6
300,8769.7
171,8769.7
112,8770.3
8,8770.6
316,8770.6
4,8770.7
161,8770.9
294,8771.5
364,8771.7
246,8771.8
54,8771.9
37,8772.5
52,8772.6
115,8772.7
139,8772.9
185,8773.1
72,8773.2
248,8773.5
184,8773.8
147,8773.8
174,8774.0
29,8774.5
367,8774.5
63,8774.8
48,8774.9
350,8775.1
214,8775.5
194,8775.6
61,8775.8
311,8777.0
296,8777.3
81,8777.3
157,8777.3
295,8777.4
346,8778.2
379,8778.6
14,8779.0
254,8780.0
365,8790.5
278,8790.6
41,8791.7
349,8796.9
319,8798.6
115,8799.2
49,8803.7
133,8807.4
161,8808.6
239,8809.3
192,8810.8
223,8813.1
102,8813.7
122,8813.7
309,8815.7
75,8816.8
146,8817.8
141,8817.8
252,8820.8
217,8822.8
110,8823.5
184,8823.7
64,8824.5
200,8824.8
371,8824.8
237,8827.1
199,8829.4
170,8829.5
30,8829.8
221,8830.4
179,8831.1
354,8831.7
108,8833.3
138,8834.0
118,8837.1
312,8841.4
359,8843.3
196,8843.3
329,8846.8
349,8848.1
352,8848.1
369,8848.4
298,8848.5
4,8848.6
297,8848.7
143,8849.0
338,8849.2
105,8849.2
300,8849.4
70,8849.5
171,8849.6
230,8849.7
161,8849.8
112,8851.1
115,8851.7
8,8851.8
316,8851.9
294,8852.0
54,8852.1
246,8852.8
367,8852.8
52,8852.9
364,8853.0
257,8853.2
157,8853.4
139,8853.4
72,8853.5
37,8854.9
174,8855.0
331,8855.3
249,8855.8
350,8856.2
26,8856.7
63,8856.8
69,8857.1
361,8857.4
250,8857.5
187,8858.5
180,8859.6
293,8860.3
0,8863.5
303,8867.5
336,8869.1
148,8869.6
268,8869.9
86,8870.7
296,8872.1
219,8873.1
275,8875.0
220,8875.2
185,8875.4
155,8879.1
372,8881.9
101,8882.0
38,8884.5
61,8886.3
299,8892.0
264,8896.1
105,8896.4
224,8900.7
361,8900.8
129,8901.9
147,8902.8
228,8903.1
348,8903.4
383,8904.8
20,8908.0
216,8909.1
204,8909.5
21,8910.1
310,8911.1
15,8912.4
238,8912.5
308,8915.2
201,8915.5
156,8917.1
80,8917.2
35,8917.5
71,8919.8
42,8923.6
266,8924.3
131,8926.8
329,8927.6
349,8928.1
369,8928.3
352,8928.4
143,8929.1
105,8929.2
297,8929.2
338,8929.2
171,8929.5
4,8929.5
300,8929.6
161,8929.8
230,8930.1
184,8930.3
70,8930.5
294,8930.6
265,8930.8
25,8931.4
112,8931.5
316,8931.6
8,8932.0
54,8932.1
52,8932.5
246,8932.6
185,8932.6
115,8932.8
139,8932.8
37,8933.1
364,8933.5
26,8933.7
48,8933.9
72,8934.1
61,8934.2
194,8934.4
367,8934.5
379,8935.1
174,8935.6
311,8936.3
350,8936.6
346,8936.7
81,8937.1
67,8937.1
14,8937.1
157,8937.4
63,8937.8
186,8937.9
229,8941.4
280,8945.1
10,8945.2
255,8946.7
135,8947.1
235,8948.4
206,8949.7
322,8949.8
269,8953.8
270,8955.8
183,8955.8
33,8956.6
261,8957.2
222,8957.3
54,8958.2
119,8964.6
121,8968.4
75,8974.8
69,8979.5
311,8980.9
323,8981.7
26,8984.7
353,8988.4
152,8989.4
342,8991.3
60,8991.9
383,8993.3
11,8994.7
103,8997.2
149,8997.8
305,9000.3
150,9002.4
355,9003.4
302,9004.6
329,9006.8
369,9008.3
349,9008.5
105,9008.5
352,9008.6
143,9009.2
338,9009.3
294,9009.3
297,9009.5
300,9009.6
171,9009.7
4,9010.1
161,9010.3
230,9010.5
54,9010.6
70,9010.8
148,9011.0
112,9011.9
316,9012.2
246,9012.3
361,9012.4
8,9012.6
52,9012.8
184,9012.8
115,9012.8
139,9013.0
37,9013.4
364,9013.7
72,9013.9
21,9014.5
147,9015.0
174,9015.5
350,9016.0
185,9016.4
367,9017.1
194,9017.2
295,9017.4
33,9017.5
132,9018.3
61,9018.3
63,9019.7
144,9020.2
346,9020.3
81,9028.1
352,9029.1
271,9030.6
95,9033.7
330,9034.9
13,9039.2
369,9041.2
207,9041.7
263,9044.5
363,9044.8
30,9046.2
203,9046.5
327,9048.9
301,9050.8
8,9051.9
234,9053.5
368,9054.9
128,9058.0
264,9061.0
260,9062.0
62,9062.2
173,9064.1
254,9064.3
338,9066.2
42,9070.3
202,9071.8
86,9073.2
208,9073.2
97,9074.9
119,9077.6
160,9077.7
130,9077.8
227,9078.2
220,9078.6
106,9078.9
199,9081.2
36,9083.5
145,9086.1
112,9088.6
251,9089.3
219,9091.1
79,9091.1
372,9092.2
282,9095.2
229,9095.7
204,9098.8
50,9099.0
143,9100.2
315,9100.4
78,9100.6
14,9103.4
375,9105.1
267,9111.7
88,9112.4
29,9114.2
345,9114.4
71,9115.0
239,9117.1
246,9121.8
120,9122.0
4,9122.5
329,9125.9
262,9127.3
58,9127.8
290,9132.3
17,9133.1
152,9143.1
307,9144.1
383,9144.1
247,9144.7
109,9147.7
233,9153.3
140,9153.8
174,9155.9
196,9157.2
99,9161.8
249,9162.1
74,9162.9
163,9163.1
155,9165.2
195,9165.9
72,9167.9
151,9169.4
248,9171.6
111,9172.5
357,9173.4
57,9173.5
191,9175.0
197,9175.6
250,9179.4
230,9180.7
375,9180.9
377,9181.0
256,9181.2
271,9183.5
124,9184.5
382,9186.0
319,9186.2
157,9186.5
92,9188.1
356,9190.1
245,9190.2
333,9191.2
277,9192.6
232,9193.9
63,9196.6
148,9200.3
7,9203.3
154,9205.9
269,9207.6
175,9209.6
298,9219.9
288,9225.3
65,9225.6
312,9226.7
37,9227.9
129,9234.2
283,9234.6
367,9240.4
100,9241.3
214,9242.2
242,9243.7
359,9250.0
364,9251.1
360,9251.2
9,9254.8
220,9254.8
135,9256.3
16,9257.6
81,9258.1
361,9258.8
156,9263.3
18,9264.0
215,9267.2
356,9271.8
38,9280.3
185,9282.3
139,9282.9
52,9284.2
116,9285.3
365,9285.4
366,9286.6
328,9289.4
19,9289.8
287,9291.1
113,9293.2
169,9294.8
243,9297.2
153,9298.2
223,9298.5
210,9298.7
181,9299.6
254,9302.5
293,9304.2
297,9304.2
209,9304.3
27,9306.1
207,9307.3
272,9311.4
236,9311.5
89,9313.1
12,9314.3
50,9317.8
193,9317.9
308,9318.7
56,9320.0
189,9320.1
233,9320.2
239,9320.6
219,9320.6
300,9321.7
47,9324.3
3,9324.5
107,9330.0
194,9333.8
46,9333.9
132,9334.1
178,9334.8
330,9335.1
54,9339.1
212,9339.2
281,9340.0
36,9340.1
270,9342.2
40,9343.9
379,9345.2
371,9345.7
294,9346.1
284,9346.2
380,9348.7
20,9350.9
165,9352.4
356,9355.8
272,9356.5
347,9356.8
34,9359.7
29,9361.1
350,9367.9
139,9369.5
58,9376.1
49,9379.5
370,9382.8
320,9383.2
115,9386.8
13,9386.9
213,9387.5
118,9389.0
317,9389.9
79,9391.7
352,9391.7
135,9391.8
55,9392.4
48,9392.6
8,9393.3
300,9393.5
3,9393.6
369,9393.8
329,9393.8
61,9394.1
338,9394.3
105,9394.5
73,9394.5
143,9394.5
161,9394.5
60,9394.6
120,9395.0
230,9395.1
255,9395.2
66,9395.2
347,9395.6
52,9395.9
214,9396.0
158,9396.2
171,9396.5
246,9396.5
37,9396.9
15,9396.9
159,9397.2
364,9397.3
316,9397.5
173,9397.7
12,9397.8
127,9398.0
148,9398.2
157,9398.3
379,9398.3
63,9398.3
174,9398.9
81,9399.0
184,9399.1
65,9399.2
349,9399.2
297,9399.5
294,9399.7
185,9400.1
361,9400.8
151,9400.8
113,9400.8
156,9403.2
44,9403.6
311,9403.7
91,9405.4
284,9405.6
83,9407.1
238,9407.7
154,9410.8
324,9413.4
192,9419.5
57,9422.7
21,9423.6
128,9423.7
216,9424.6
222,9425.0
353,9426.4
122,9428.6
73,9431.5
314,9432.8
205,9436.6
125,9443.8
207,9445.6
146,9455.9
166,9457.9
90,9458.9
175,9459.8
148,9460.3
228,9462.2
37,9463.4
177,9463.9
292,9464.4
152,9470.7
375,9471.1
352,9471.2
8,9472.9
369,9473.2
329,9473.3
300,9473.6
73,9473.7
139,9474.0
143,9474.0
161,9474.0
105,9474.1
338,9474.1
120,9474.9
347,9475.0
66,9475.2
115,9475.5
230,9475.6
52,9476.5
214,9476.7
246,9476.9
6,9477.1
316,9477.3
364,9478.0
173,9478.5
334,9478.7
349,9478.8
127,9478.8
55,9478.9
157,9479.0
63,9479.3
184,9479.9
48,9479.9
379,9479.9
350,9479.9
21,9480.0
174,9480.2
213,9480.3
22,9480.4
145,9481.3
14,9481.4
111,9481.9
311,9482.3
12,9482.3
26,9482.7
108,9483.1
361,9484.5
129,9487.4
286,9487.7
258,9488.7
351,9489.1
161,9495.1
191,9495.1
342,9495.1
170,9496.3
278,9497.1
51,9497.3
1,9498.9
10,9507.8
374,9508.4
2,9509.3
213,9509.9
294,9513.8
109,9514.0
327,9516.6
123,9518.7
167,9519.1
279,9521.8
133,9523.0
323,9523.6
270,9523.7
243,9524.5
341,9524.6
349,9526.4
65,9526.6
218,9527.3
259,9528.4
346,9528.7
263,9530.6
190,9531.8
209,9535.1
245,9537.2
188,9537.4
241,9538.1
78,9540.0
80,9546.9
87,9548.7
262,9549.2
251,9550.8
352,9551.3
8,9551.4
31,9551.7
374,9552.9
161,9553.1
119,9553.3
369,9553.3
329,9553.5
73,9553.7
105,9554.1
143,9554.1
300,9554.2
338,9554.5
246,9554.7
37,9554.8
120,9555.3
66,9555.4
347,9555.7
230,9556.1
139,9556.6
148,9556.6
52,9557.0
115,9557.2
361,9557.4
214,9557.7
316,9558.0
310,9558.3
6,9558.5
173,9559.2
127,9559.7
364,9559.7
157,9559.8
55,9560.1
184,9560.3
63,9560.5
340,9560.8
81,9560.9
349,9560.9
174,9561.1
54,9561.4
48,9561.7
294,9562.0
223,9563.0
151,9563.5
297,9563.6
335,9569.2
14,9569.4
376,9571.4
20,9574.6
222,9576.1
29,9577.0
268,9585.1
281,9586.6
351,9589.6
99,9590.6
314,9591.4
5,9592.6
175,9594.5
166,9598.0
116,9598.2
208,9600.2
190,9600.2
265,9601.1
381,9605.8
290,9606.0
85,9608.5
172,9609.3
305,9609.4
191,9609.5
36,9611.7
287,9613.9
68,9616.0
212,9616.3
4,9621.9
96,9623.0
82,9625.2
45,9625.9
102,9627.2
269,9627.2
176,9629.4
41,9629.9
352,9631.3
382,9631.9
8,9632.4
134,9632.7
369,9633.3
161,9633.5
329,9633.5
338,9634.2
105,9634.2
143,9634.2
300,9634.3
73,9634.6
99,9635.4
120,9635.5
66,9635.5
246,9635.7
347,9636.2
230,9636.3
273,9636.8
65,9637.2
316,9637.3
349,9637.3
346,9637.4
37,9637.4
115,9637.4
52,9637.6
139,9637.9
214,9638.0
14,9638.9
141,9638.9
364,9639.2
204,9639.4
148,9640.0
184,9640.2
213,9640.3
127,9640.5
311,9640.5
173,9640.6
157,9640.8
361,9641.2
379,9641.2
174,9642.3
63,9642.4
261,9643.1
48,9643.5
38,9643.6
56,9644.8
240,9644.9
324,9647.7
34,9655.0
144,9656.9
57,9659.1
183,9660.5
16,9668.2
153,9669.4
130,9669.5
346,9670.0
87,9671.7
378,9672.6
142,9672.7
266,9673.4
197,9674.4
322,9677.0
147,9677.3
188,9677.4
333,9679.0
215,9683.3
93,9684.1
106,9684.3
292,9684.9
110,9687.3
84,9692.3
247,9694.1
368,9695.1
379,9695.8
303,9698.5
186,9699.4
137,9700.7
255,9703.7
173,9705.1
100,9708.3
298,9710.3
117,9710.5
67,9713.0
49,9715.4
125,9720.4
250,9725.3
194,9725.5
66,9727.4
68,9728.5
362,9730.4
339,9734.3
146,9735.3
88,9736.7
138,9739.2
171,9739.4
254,9740.2
163,9741.6
184,9742.5
15,9743.4
62,9745.5
307,9745.9
352,9746.1
297,9748.6
35,9749.0
203,9749.2
25,9750.8
19,9752.3
218,9754.2
257,9757.8
26,9759.3
250,9759.6
14,9759.7
181,9761.4
346,9763.5
185,9764.8
30,9765.3
229,9765.4
336,9765.7
262,9767.3
354,9769.4
180,9771.1
271,9771.1
235,9773.3
46,9774.4
24,9776.2
9,9778.1
114,9780.2
58,9780.5
23,9783.0
168,9788.1
263,9788.2
43,9790.4
108,9791.1
363,9791.6
259,9794.1
54,9794.1
317,9794.2
207,9795.7
364,9797.3
98,9799.1
82,9802.0
116,9802.7
285,9804.9
33,9806.4
81,9807.1
300,9807.1
370,9808.1
156,9808.3
129,9809.7
102,9811.6
0,9818.2
362,9818.5
265,9819.3
248,9823.8
159,9825.9
132,9826.6
231,9829.4
374,9839.4
280,9839.8
221,9842.3
263,9844.7
312,9845.2
252,9846.0
146,9850.1
66,9850.3
208,9850.8
36,9853.1
291,9853.2
182,9854.4
18,9858.4
149,9861.3
87,9863.9
249,9865.7
94,9866.7
49,9866.9
141,9867.0
237,9867.9
6,9869.9
324,9870.6
380,9872.0
328,9872.2
71,9873.2
74,9874.7
292,9875.3
321,9875.4
69,9879.6
333,9880.2
302,9881.0
335,9882.6
322,9883.3
295,9894.1
164,9894.8
92,9895.2
336,9896.1
91,9896.4
289,9897.0
298,9899.4
53,9900.3
96,9900.6
278,9900.9
32,9903.2
75,9903.9
383,9905.9
162,9909.3
198,9910.6
102,9912.8
204,9914.0
9,9918.3
158,9918.4
131,9918.8
72,9923.5
176,9926.5
214,9926.8
318,9928.1
354,9928.4
0,9932.1
317,9938.6
80,9939.7
75,9940.4
313,9942.2
331,9943.3
39,9943.6
191,9946.5
227,9948.7
115,9950.9
299,9961.6
21,9961.7
42,9963.7
349,9964.4
320,9966.4
40,9968.9
105,9969.3
119,9970.1
372,9970.4
174,9971.0
103,9972.2
156,9973.0
165,9973.9
177,9978.7
359,9983.6
170,9983.6
76,9984.1
66,9984.3
343,9984.4
47,9985.4
127,9987.7
294,9990.3
234,9990.7
222,9991.4
223,9991.7
78,9994.7
253,9994.8
200,9997.5
89,9998.5
218,9998.5
183,9998.8
91,9999.9
