2,90.3
6,90.4
1,90.8
3,92.7
1,102.4
7,108.0
6,108.5
2,108.9
4,111.8
0,115.8
1,117.6
6,120.5
6,138.8
2,169.9
6,170.0
1,170.1
4,170.8
3,172.3
1,185.6
7,186.4
2,186.9
6,187.3
4,190.6
3,192.8
1,193.6
6,196.7
7,201.1
1,201.4
5,207.1
6,208.4
1,212.6
0,214.9
2,227.7
3,228.0
4,233.6
5,234.5
0,237.7
6,239.0
1,244.2
2,248.8
4,251.7
6,252.6
3,252.8
1,255.3
7,266.0
2,266.5
6,267.5
1,269.0
4,272.1
3,278.4
6,278.7
7,282.8
2,283.6
1,288.6
4,298.7
5,299.4
2,317.7
4,334.0
6,337.0
1,347.0
6,349.1
5,349.1
2,355.3
1,375.1
5,380.1
6,380.8
2,384.4
1,396.8
2,403.4
4,406.4
1,415.1
4,427.6
5,455.0
6,455.3
5,478.7
2,482.8
7,483.8
3,485.7
1,486.6
4,487.9
1,506.5
2,516.1
6,519.5
4,523.8
5,525.8
1,550.9
1,569.1
3,583.0
5,598.6
1,598.7
2,616.1
6,626.7
0,628.2
5,629.7
4,631.3
1,635.2
3,636.0
2,636.1
6,638.8
0,644.3
1,648.0
7,651.2
2,651.3
6,652.8
4,656.2
5,658.8
3,659.6
1,659.8
6,661.9
6,673.5
7,674.4
4,674.8
1,676.7
7,694.0
1,709.3
2,713.9
6,714.7
3,716.4
7,718.9
1,719.4
4,720.4
2,730.9
6,731.1
1,734.2
7,734.4
0,735.4
4,736.2
3,737.8
6,740.6
5,740.8
2,742.0
1,742.3
1,752.3
6,753.7
4,754.6
3,761.6
2,765.0
5,773.7
7,782.2
1,784.2
3,785.8
5,786.5
4,786.8
2,794.5
6,794.6
1,797.3
3,802.2
1,809.0
7,810.0
6,811.1
2,811.2
5,811.3
4,814.5
1,817.3
3,819.1
6,821.2
7,823.2
1,826.3
5,831.3
1,838.6
6,839.9
3,841.8
7,850.3
5,863.6
2,874.4
1,874.5
6,874.6
0,875.5
3,875.6
6,887.0
1,888.8
7,889.3
2,892.7
4,894.0
6,896.8
1,898.4
0,899.1
5,899.4
7,901.4
6,908.8
2,910.6
3,913.4
1,914.1
6,925.5
5,926.8
2,932.4
4,932.6
7,935.8
1,937.4
3,938.7
6,939.5
5,948.7
6,958.2
7,962.1
4,967.2
5,968.8
6,977.4
1,986.4
0,987.5
6,999.3
4,1000.6
1,1002.3
4,1020.3
1,1034.1
1,1081.2
1,1100.9
7,1101.4
6,1113.5
7,1121.5
1,1126.2
6,1130.1
3,1130.3
2,1134.1
5,1139.9
7,1140.8
3,1145.3
1,1147.1
2,1149.6
6,1154.1
0,1162.9
1,1166.0
5,1169.8
7,1170.6
4,1177.3
0,1184.3
1,1200.2
5,1206.2
4,1221.4
1,1226.5
7,1233.7
5,1234.5
6,1246.9
5,1255.4
4,1258.4
2,1259.5
1,1259.5
3,1260.9
6,1263.0
1,1272.4
7,1274.5
4,1276.5
2,1276.8
6,1277.8
3,1280.9
1,1282.5
7,1284.9
5,1286.3
6,1286.7
4,1287.5
2,1288.9
1,1292.4
6,1299.6
3,1300.4
6,1318.8
3,1320.2
7,1321.3
5,1326.4
6,1331.7
3,1339.3
2,1339.3
1,1339.5
6,1342.6
4,1344.5
7,1345.0
1,1351.8
6,1352.9
2,1354.7
4,1360.0
7,1360.2
6,1361.7
1,1361.7
3,1361.9
0,1362.7
5,1364.4
2,1366.6
1,1370.0
6,1371.0
4,1371.5
5,1379.9
3,1379.9
1,1380.6
6,1381.3
0,1381.4
4,1386.4
6,1399.0
7,1399.9
2,1403.2
4,1404.2
3,1406.0
6,1417.4
2,1419.1
1,1419.5
3,1422.8
4,1425.8
6,1427.1
1,1430.0
2,1435.1
7,1435.5
6,1437.6
1,1439.3
3,1441.5
4,1441.6
5,1444.5
2,1445.6
7,1446.7
6,1446.7
1,1449.1
2,1461.2
1,1461.7
1,1480.6
2,1481.6
5,1482.3
3,1488.3
1,1497.2
6,1498.5
2,1500.1
3,1505.3
4,1505.8
1,1508.0
6,1509.2
7,1513.9
2,1516.6
1,1518.7
6,1519.7
4,1522.7
3,1525.4
7,1526.8
6,1528.6
1,1529.4
0,1531.1
2,1538.0
6,1541.3
3,1543.0
1,1545.7
2,1557.2
1,1562.3
3,1563.7
6,1565.3
3,1584.5
1,1588.7
2,1597.7
4,1601.7
7,1602.8
3,1611.5
2,1614.4
6,1627.2
7,1635.3
6,1645.1
1,1653.7
2,1678.7
1,1685.3
6,1690.7
6,1709.2
2,1709.2
4,1720.8
6,1728.9
1,1731.7
3,1752.7
7,1754.0
6,1757.8
1,1761.5
7,1775.4
2,1777.6
1,1787.9
6,1808.9
0,1827.8
6,1827.9
1,1831.0
7,1837.0
6,1839.6
2,1858.3
5,1864.4
1,1875.4
6,1881.8
2,1883.3
3,1885.6
1,1888.7
4,1890.8
6,1892.1
2,1899.4
7,1900.3
1,1902.9
6,1903.1
0,1904.7
3,1906.2
4,1906.8
1,1911.9
7,1912.7
6,1913.4
2,1914.0
0,1917.2
4,1918.6
1,1920.9
7,1929.6
3,1942.2
4,1943.6
1,1947.6
6,1949.3
5,1952.9
1,1963.9
2,1964.2
0,1964.8
6,1964.9
3,1965.4
4,1965.8
1,1974.1
6,1974.4
2,1975.6
5,1978.5
7,1979.5
4,1983.0
1,1983.7
6,1983.7
2,1985.0
3,1986.7
0,1989.1
7,1989.9
1,1993.8
6,1994.3
5,1994.9
2,1997.1
4,2000.5
3,2004.6
7,2006.8
1,2013.9
2,2014.6
0,2015.3
6,2016.6
4,2020.1
3,2024.5
6,2037.5
1,2042.5
2,2044.1
3,2045.6
4,2045.7
6,2047.3
0,2050.7
1,2053.2
6,2057.9
2,2059.0
3,2059.9
7,2060.3
4,2062.0
1,2063.2
5,2063.8
6,2066.3
2,2068.2
0,2070.1
1,2072.3
3,2072.4
7,2072.6
6,2076.9
4,2078.8
2,2079.3
5,2082.8
1,2085.0
3,2088.0
6,2101.8
2,2103.2
1,2107.2
0,2109.9
4,2114.4
6,2116.9
1,2123.1
2,2123.8
3,2125.3
6,2126.7
0,2131.2
4,2133.2
1,2133.8
2,2135.2
6,2136.4
7,2139.1
1,2143.3
4,2143.7
5,2145.3
6,2145.7
2,2147.1
3,2149.6
0,2153.1
6,2154.8
1,2154.9
7,2157.1
4,2165.2
2,2167.0
1,2167.6
3,2180.4
2,2185.7
1,2188.2
5,2200.4
7,2201.9
1,2202.6
1,2226.4
0,2228.7
4,2235.6
3,2237.6
4,2255.0
7,2258.2
3,2260.9
2,2270.0
6,2280.4
0,2298.0
4,2301.8
6,2302.4
2,2307.5
6,2334.8
7,2344.7
1,2358.3
2,2359.9
1,2373.8
5,2377.7
2,2388.4
1,2392.6
5,2396.7
6,2400.1
4,2408.8
1,2412.2
3,2412.3
4,2439.5
1,2449.5
7,2465.1
3,2469.2
5,2481.0
2,2488.6
0,2489.3
1,2491.6
4,2496.2
6,2506.3
2,2509.4
1,2509.7
3,2510.4
4,2512.9
0,2515.1
6,2517.7
1,2522.8
7,2524.9
2,2525.9
3,2530.0
4,2530.1
6,2530.8
5,2532.0
1,2532.6
0,2534.0
7,2535.8
2,2536.3
3,2542.0
6,2542.7
1,2543.8
5,2552.6
0,2557.6
6,2562.7
3,2566.2
2,2571.3
7,2586.1
6,2586.2
1,2588.5
2,2589.1
3,2589.9
4,2590.3
6,2594.9
0,2595.0
1,2600.1
2,2600.4
7,2603.1
6,2604.4
5,2606.2
4,2607.6
1,2609.7
2,2610.5
7,2612.7
3,2612.7
6,2613.0
1,2621.6
6,2621.8
4,2624.7
2,2625.8
6,2638.8
1,2644.6
0,2648.2
3,2658.0
1,2666.5
2,2669.0
6,2669.1
0,2671.4
4,2672.5
3,2674.2
1,2676.4
6,2680.8
7,2685.1
2,2685.1
1,2686.1
6,2689.1
3,2690.3
5,2690.4
4,2691.2
0,2693.2
1,2693.7
2,2695.4
6,2697.4
7,2697.6
1,2700.7
5,2702.7
4,2707.7
2,2708.0
1,2708.3
6,2710.1
1,2720.8
6,2728.5
4,2736.2
2,2737.5
7,2738.2
6,2744.1
1,2744.9
3,2750.1
2,2751.2
0,2752.9
6,2753.9
1,2755.0
4,2756.9
2,2764.6
6,2765.9
7,2766.9
1,2768.4
5,2769.4
0,2771.0
3,2771.9
4,2773.6
2,2775.3
6,2775.5
1,2778.5
6,2787.0
4,2792.3
7,2793.0
5,2798.0
2,2799.2
6,2807.8
0,2811.4
1,2815.4
7,2818.5
5,2820.2
2,2822.5
6,2824.0
4,2827.3
6,2835.6
1,2838.2
4,2844.6
2,2849.9
6,2853.4
1,2858.5
7,2860.2
4,2862.4
2,2870.8
3,2883.3
4,2887.5
6,2901.9
4,2906.0
1,2914.3
2,2920.0
5,2924.6
0,2926.0
6,2927.3
6,2944.9
2,2951.1
1,2965.2
2,2968.4
6,2976.3
7,2984.7
2,2999.7
6,3000.8
1,3010.7
3,3017.0
6,3017.0
2,3024.2
1,3027.1
3,3035.9
7,3037.3
6,3049.2
3,3053.5
6,3072.3
3,3075.3
0,3078.5
1,3081.2
7,3089.2
6,3099.2
1,3099.8
0,3100.7
5,3116.7
2,3133.2
6,3133.4
1,3133.5
3,3134.2
4,3134.4
0,3134.5
1,3141.5
6,3142.2
2,3142.5
3,3143.5
4,3146.4
5,3148.9
1,3150.3
7,3151.3
6,3152.5
2,3153.5
3,3156.7
0,3157.8
1,3159.2
4,3161.8
6,3162.0
5,3169.6
1,3170.6
4,3182.9
6,3183.5
1,3185.9
0,3202.8
1,3209.3
2,3213.1
6,3213.2
3,3214.0
4,3214.4
1,3216.9
0,3218.5
6,3221.8
2,3221.9
3,3222.8
1,3224.1
4,3230.9
2,3231.1
7,3231.2
6,3231.7
1,3232.5
5,3233.5
3,3234.9
1,3241.4
0,3241.7
6,3242.5
2,3243.2
7,3248.5
3,3251.2
1,3254.4
1,3271.9
2,3276.0
6,3277.2
1,3292.9
2,3293.6
6,3293.7
3,3294.0
4,3294.8
0,3295.2
1,3300.5
6,3302.2
2,3302.5
3,3302.6
1,3308.7
4,3309.0
7,3311.1
6,3311.9
2,3313.1
5,3313.8
3,3314.6
0,3314.6
1,3317.1
6,3320.1
4,3320.3
1,3328.2
7,3329.8
6,3331.0
4,3349.3
1,3349.4
6,3350.1
6,3367.7
2,3373.0
1,3373.1
3,3373.9
4,3374.9
0,3375.2
6,3375.4
1,3380.7
2,3381.7
3,3382.2
6,3382.3
1,3388.6
6,3390.5
7,3391.2
2,3391.5
4,3392.6
5,3393.0
3,3394.4
1,3396.7
6,3399.1
1,3406.4
2,3407.5
6,3410.1
7,3410.6
5,3412.9
1,3423.4
1,3458.1
6,3467.8
1,3476.6
2,3482.9
4,3487.1
6,3491.6
1,3498.1
1,3516.2
0,3561.1
4,3567.2
1,3609.9
4,3611.1
5,3632.6
1,3646.3
4,3650.8
3,3663.2
2,3664.7
7,3676.5
4,3679.6
6,3684.2
1,3688.0
7,3702.4
1,3706.7
6,3712.1
1,3741.6
4,3745.7
1,3758.1
6,3758.2
2,3758.2
3,3759.1
0,3760.0
4,3761.2
1,3765.7
2,3766.6
6,3766.6
3,3768.2
1,3773.4
4,3773.5
7,3774.0
5,3775.2
6,3776.0
0,3777.0
2,3777.6
3,3779.7
1,3781.1
4,3784.1
6,3786.2
1,3790.4
2,3796.4
5,3797.5
1,3803.0
6,3807.3
7,3808.8
2,3820.9
4,3821.1
1,3821.3
1,3837.0
6,3838.2
2,3838.7
3,3839.0
4,3839.7
0,3840.1
1,3844.4
5,3844.5
6,3846.5
3,3847.7
2,3847.8
1,3851.4
4,3851.4
7,3853.2
6,3855.3
3,3857.7
0,3857.7
1,3858.3
2,3859.4
4,3861.0
5,3862.3
6,3863.7
1,3865.2
7,3872.2
4,3872.9
1,3873.8
6,3875.6
3,3893.8
7,3894.9
4,3896.6
6,3899.4
2,3901.6
1,3918.1
6,3918.1
2,3918.1
4,3918.8
3,3919.0
0,3920.3
1,3925.9
6,3926.2
2,3926.4
3,3927.6
4,3928.7
1,3933.5
6,3934.2
7,3934.5
2,3935.8
5,3936.7
0,3937.9
3,3939.6
4,3939.8
1,3940.7
6,3943.5
2,3948.1
1,3948.5
4,3951.9
5,3951.9
0,3955.7
7,3958.9
1,3960.8
3,3961.0
4,3972.1
1,3980.0
6,3985.2
2,3985.6
4,3989.9
1,3997.6
6,3998.6
2,3998.6
3,3999.0
0,3999.6
4,4000.7
1,4005.1
6,4006.1
2,4007.2
3,4007.5
4,4011.6
1,4012.3
5,4013.1
6,4014.1
7,4016.7
0,4017.7
2,4017.8
1,4019.5
3,4020.4
6,4022.5
4,4024.0
1,4027.7
5,4029.7
6,4033.7
2,4035.1
7,4038.5
1,4047.2
5,4052.0
6,4054.3
4,4057.8
7,4060.6
1,4064.0
6,4072.5
5,4077.5
1,4080.9
1,4097.8
7,4109.2
1,4120.8
3,4132.1
1,4141.0
4,4155.6
2,4156.5
3,4159.7
4,4184.0
1,4193.8
6,4196.6
5,4200.7
3,4206.6
1,4215.0
0,4219.3
6,4267.7
6,4291.5
4,4308.8
0,4367.4
4,4374.6
6,4377.5
2,4383.2
1,4383.3
3,4384.2
6,4385.4
4,4387.7
0,4387.9
1,4391.2
2,4392.0
6,4392.8
3,4393.5
4,4399.0
1,4399.2
7,4399.8
5,4402.6
0,4402.9
6,4403.1
2,4405.3
1,4407.4
3,4408.2
4,4409.7
6,4413.8
1,4416.8
3,4428.7
4,4453.1
2,4463.1
6,4463.2
1,4463.2
3,4463.9
0,4465.1
4,4465.6
1,4470.9
6,4471.7
2,4471.9
3,4472.7
4,4476.3
7,4478.3
1,4478.4
0,4480.6
6,4481.5
2,4483.5
5,4484.9
1,4485.8
3,4485.9
4,4487.6
6,4489.8
1,4494.5
2,4496.7
6,4499.0
1,4511.7
6,4518.0
1,4531.1
2,4532.4
6,4542.9
3,4543.8
4,4544.1
1,4544.1
2,4544.4
0,4545.2
6,4551.5
1,4551.8
3,4552.7
2,4553.6
4,4555.4
1,4559.6
0,4560.9
6,4562.3
3,4564.7
2,4564.8
5,4565.2
4,4566.2
1,4567.3
6,4574.6
1,4576.1
0,4577.7
5,4586.4
4,4586.5
1,4593.0
6,4598.9
4,4606.1
5,4612.1
2,4622.9
6,4623.1
1,4623.2
3,4624.1
4,4624.3
0,4624.5
6,4630.9
1,4631.1
2,4631.4
3,4632.7
4,4635.6
7,4636.7
1,4638.7
0,4640.4
5,4640.5
6,4640.5
2,4641.9
3,4644.9
4,4645.9
1,4646.7
6,4651.8
7,4653.9
2,4654.3
4,4658.5
1,4658.9
0,4660.6
6,4672.4
2,4676.8
7,4677.0
6,4695.8
1,4715.6
6,4755.0
1,4756.7
1,4772.1
6,4779.6
7,4780.0
1,4788.9
6,4798.5
1,4807.7
6,4820.1
7,4828.6
1,4842.1
6,4876.4
4,4934.0
6,4942.5
5,4977.6
4,4982.1
7,5004.6
3,5009.0
6,5009.0
0,5009.1
2,5009.1
4,5009.1
1,5009.6
3,5017.9
6,5019.1
4,5020.8
0,5021.4
1,5022.5
5,5026.5
7,5028.0
2,5028.6
4,5029.2
3,5030.3
1,5031.2
0,5032.6
6,5033.9
4,5038.1
5,5038.6
1,5041.4
3,5048.4
6,5053.0
1,5061.7
1,5083.3
2,5088.5
0,5088.7
6,5088.8
4,5088.8
3,5088.9
1,5094.1
3,5097.4
6,5098.9
4,5099.7
0,5100.0
7,5104.3
1,5105.0
5,5106.6
3,5108.0
4,5109.7
2,5109.7
0,5110.1
6,5113.7
1,5114.0
5,5118.5
4,5123.0
1,5125.1
7,5126.2
3,5126.9
2,5127.7
0,5129.0
6,5133.5
1,5137.2
6,5157.7
0,5168.6
3,5168.9
2,5168.9
4,5169.1
1,5169.3
6,5172.0
3,5177.5
0,5179.9
1,5180.4
4,5180.6
6,5182.6
7,5183.9
5,5186.0
3,5188.3
1,5188.8
2,5188.9
0,5189.9
4,5191.2
6,5193.4
1,5199.0
3,5199.5
5,5201.1
6,5205.0
4,5205.4
7,5207.8
2,5208.4
1,5211.6
1,5223.9
3,5226.3
0,5232.1
2,5233.4
6,5234.9
0,5248.5
1,5248.9
4,5249.1
3,5249.1
2,5249.6
6,5250.6
5,5254.5
3,5257.2
0,5258.9
6,5259.8
1,5260.2
4,5260.6
2,5261.3
7,5265.4
0,5268.1
3,5268.4
1,5269.1
5,5269.2
6,5270.6
4,5270.8
2,5279.1
1,5279.1
4,5282.5
3,5284.8
6,5289.4
1,5291.4
4,5301.5
2,5327.4
1,5351.4
2,5368.7
3,5369.0
0,5378.8
6,5383.1
4,5402.4
5,5408.9
7,5471.4
0,5495.2
1,5625.7
7,5628.6
4,5633.7
0,5634.1
2,5634.1
6,5634.2
3,5635.1
1,5639.3
4,5642.5
6,5645.2
0,5647.3
5,5647.6
1,5649.8
7,5650.6
2,5650.9
4,5651.7
0,5658.6
5,5658.9
1,5660.1
6,5660.2
3,5661.4
4,5661.9
7,5674.8
0,5676.2
4,5679.6
6,5682.5
5,5684.9
1,5687.9
4,5713.6
0,5713.6
2,5713.7
1,5714.0
6,5714.1
3,5714.5
4,5722.7
6,5724.6
0,5725.1
1,5725.1
2,5726.8
3,5727.3
7,5729.2
5,5729.2
4,5731.7
1,5733.6
0,5735.8
5,5741.4
4,5741.5
2,5742.6
6,5742.7
1,5742.9
0,5753.3
7,5758.7
4,5761.0
5,5761.9
1,5765.7
1,5784.5
4,5791.1
2,5793.9
0,5793.9
6,5794.0
3,5795.0
1,5797.4
4,5799.2
7,5804.2
6,5804.6
0,5806.2
1,5807.0
3,5807.2
2,5808.6
4,5808.7
5,5810.6
1,5814.9
0,5817.0
4,5818.6
2,5820.0
7,5822.1
6,5822.2
1,5823.4
4,5838.1
1,5843.8
7,5854.9
4,5873.2
2,5873.9
0,5873.9
6,5874.0
1,5874.3
3,5875.0
4,5881.7
6,5883.0
1,5884.9
0,5886.4
4,5889.7
7,5890.4
5,5891.5
1,5893.6
2,5894.3
0,5896.6
6,5897.9
4,5898.1
1,5903.2
4,5910.9
7,5912.6
0,5916.0
1,5919.6
6,5935.2
1,5937.1
5,5944.2
6,5964.9
2,5972.8
1,6004.7
4,6032.0
6,6096.9
5,6097.1
7,6099.7
6,6115.2
4,6121.5
7,6122.7
1,6123.7
2,6131.9
4,6149.6
2,6154.7
1,6162.4
6,6162.6
4,6168.6
4,6235.0
4,6258.8
0,6259.1
2,6259.1
6,6259.2
1,6259.6
3,6260.2
4,6268.1
6,6269.7
1,6271.5
0,6272.3
7,6274.3
5,6275.3
2,6276.5
4,6279.0
6,6281.8
1,6283.0
0,6288.4
3,6289.7
4,6290.9
7,6292.7
2,6296.0
1,6302.1
4,6312.6
4,6338.7
1,6338.7
2,6338.9
0,6338.9
6,6339.1
3,6339.9
4,6347.6
1,6348.6
6,6348.9
2,6350.9
0,6351.3
5,6353.5
7,6355.2
4,6357.1
1,6357.8
2,6362.1
0,6363.3
6,6364.9
4,6368.5
1,6370.2
5,6372.8
2,6379.7
4,6384.3
6,6386.2
3,6408.8
4,6418.1
0,6418.4
2,6418.9
6,6419.0
1,6419.3
3,6425.2
4,6426.7
0,6429.5
6,6429.5
1,6430.3
5,6435.5
2,6436.7
4,6437.9
7,6438.0
1,6439.8
0,6441.5
4,6450.2
5,6450.2
1,6450.7
2,6454.4
1,6462.9
7,6472.0
0,6498.4
4,6498.6
2,6498.6
6,6498.7
1,6499.3
3,6500.0
4,6507.8
6,6508.6
0,6509.5
1,6509.6
7,6513.9
2,6514.5
5,6514.5
4,6518.9
1,6520.9
3,6521.0
0,6521.0
6,6521.2
2,6525.5
4,6530.5
5,6532.1
1,6538.0
0,6539.0
2,6543.5
2,6563.8
1,6564.0
4,6580.1
1,6613.2
5,6658.0
1,6703.1
1,6730.5
5,6762.3
6,6778.2
0,6782.8
1,6810.2
1,6839.6
6,6853.6
6,6879.6
4,6883.8
2,6884.0
0,6884.2
3,6885.1
7,6885.5
6,6890.4
4,6893.2
0,6897.6
5,6899.9
1,6900.0
2,6901.5
6,6902.9
7,6903.5
3,6903.6
4,6905.3
0,6909.9
2,6914.8
6,6915.1
4,6915.8
1,6917.1
5,6917.5
7,6929.6
4,6942.0
6,6943.1
2,6947.0
4,6960.7
0,6963.9
6,6964.6
3,6964.9
2,6965.3
7,6965.3
4,6968.1
0,6974.9
4,6975.3
6,6975.4
5,6977.8
1,6978.2
7,6980.8
2,6981.8
4,6983.4
3,6983.9
6,6986.8
0,6987.7
4,6993.2
2,6993.8
7,6995.7
5,6995.8
1,6998.4
3,7005.5
6,7009.4
1,7015.5
2,7017.8
5,7018.1
3,7028.9
2,7037.3
5,7038.5
4,7043.1
0,7043.5
6,7044.1
3,7044.6
7,7045.1
2,7046.6
4,7051.6
6,7054.1
0,7055.0
3,7055.7
1,7057.7
2,7059.3
4,7061.4
5,7061.6
7,7064.0
6,7067.1
0,7069.5
3,7071.0
1,7073.2
2,7076.5
7,7083.9
4,7084.5
1,7092.8
0,7094.1
2,7099.2
1,7114.0
2,7122.8
4,7123.6
6,7123.8
0,7124.0
3,7124.9
7,7125.2
4,7132.9
6,7134.1
2,7135.1
0,7136.5
3,7137.3
1,7137.4
5,7139.5
4,7143.8
2,7146.1
6,7147.9
7,7148.1
0,7152.1
1,7153.7
3,7154.4
4,7160.9
6,7219.0
4,7234.8
5,7234.9
7,7247.3
6,7268.7
7,7316.7
2,7335.8
3,7338.5
5,7362.7
6,7420.5
6,7440.9
2,7508.8
4,7508.9
6,7509.2
3,7509.9
7,7510.2
0,7510.5
4,7519.1
6,7520.8
5,7523.5
2,7526.5
3,7528.0
7,7528.7
1,7530.3
4,7531.0
0,7531.0
6,7535.9
2,7538.1
5,7542.8
7,7546.6
3,7548.2
4,7548.4
1,7553.0
2,7559.8
4,7567.6
1,7569.4
6,7571.5
4,7588.1
2,7588.6
1,7588.7
6,7589.1
3,7589.6
7,7589.8
0,7590.1
4,7597.5
6,7599.3
3,7601.8
2,7604.7
5,7606.1
1,7606.8
4,7608.6
0,7609.7
7,7612.0
6,7613.2
4,7621.1
3,7622.7
2,7622.8
1,7626.6
7,7630.2
4,7637.7
6,7642.4
1,7644.9
2,7648.9
5,7655.3
4,7655.8
6,7662.7
2,7668.9
7,7669.4
3,7669.5
4,7669.9
0,7670.0
6,7671.9
6,7680.8
4,7681.1
2,7681.7
1,7684.9
5,7685.4
7,7686.1
3,7686.7
0,7688.5
4,7690.7
6,7694.1
1,7697.0
2,7697.4
5,7701.9
4,7702.4
7,7703.5
6,7713.3
1,7714.7
2,7716.5
7,7723.2
6,7740.9
4,7742.6
2,7748.9
3,7749.9
0,7749.9
7,7750.2
4,7751.9
6,7752.0
4,7763.8
6,7764.1
0,7766.3
5,7766.7
2,7766.7
7,7767.7
3,7768.9
1,7770.6
4,7775.7
0,7779.2
6,7780.3
1,7793.5
4,7795.5
2,7856.8
6,7863.8
4,7911.6
6,7913.9
1,7914.7
7,7918.2
4,7924.3
2,7949.1
4,7954.0
1,7961.0
6,8048.1
4,8133.6
6,8134.2
3,8134.6
5,8134.9
1,8135.2
0,8135.3
7,8135.5
2,8139.2
4,8143.0
6,8144.9
3,8145.6
1,8153.0
5,8153.3
7,8153.5
4,8153.6
0,8155.5
2,8157.5
6,8160.3
3,8163.5
4,8163.7
7,8170.9
1,8171.0
0,8172.9
7,8189.6
1,8194.7
6,8196.4
4,8213.3
6,8214.5
7,8214.5
3,8214.6
0,8215.0
5,8217.0
1,8217.3
4,8221.7
6,8225.2
3,8227.2
2,8229.1
4,8230.7
0,8232.3
1,8232.6
7,8233.1
5,8234.2
4,8238.8
6,8239.7
3,8241.9
2,8244.0
4,8249.6
5,8251.4
4,8269.8
7,8279.1
4,8292.4
6,8292.9
7,8294.5
3,8294.9
0,8295.0
5,8295.9
4,8300.3
6,8303.8
1,8307.1
4,8309.1
5,8310.7
7,8311.6
0,8312.2
2,8313.9
6,8316.7
4,8318.6
3,8318.7
1,8323.0
4,8329.8
7,8330.0
5,8331.2
6,8333.0
1,8343.1
2,8366.6
4,8373.4
6,8374.1
3,8374.9
0,8375.2
7,8375.3
5,8376.7
4,8382.2
6,8385.0
3,8387.5
4,8391.7
2,8392.1
7,8392.7
0,8393.9
5,8395.2
1,8396.7
4,8399.9
6,8401.8
2,8407.6
7,8410.0
4,8410.5
0,8414.4
1,8415.2
2,8427.6
4,8440.5
5,8443.6
1,8448.8
7,8450.4
1,8472.2
6,8492.1
1,8492.4
4,8492.7
3,8614.3
6,8621.9
4,8706.6
4,8758.6
5,8758.9
6,8759.1
3,8759.7
7,8760.3
0,8760.5
4,8767.8
6,8770.5
5,8774.7
1,8775.1
4,8778.1
7,8779.1
3,8779.2
0,8779.8
2,8781.0
5,8785.5
4,8788.1
6,8788.8
1,8790.0
0,8797.5
2,8797.7
3,8799.3
5,8800.9
4,8809.2
5,8819.7
4,8828.3
1,8830.0
6,8838.4
7,8838.8
5,8839.1
0,8839.7
3,8839.9
4,8840.3
1,8846.4
6,8848.7
4,8850.0
5,8852.2
7,8856.7
1,8857.6
0,8858.1
4,8858.7
3,8859.6
6,8860.1
2,8860.4
5,8864.5
4,8867.5
0,8869.5
1,8869.8
7,8873.4
4,8879.1
3,8879.8
6,8879.9
1,8886.1
7,8895.2
6,8899.5
4,8904.3
7,8914.8
1,8918.2
6,8918.6
5,8919.0
3,8919.3
4,8919.4
0,8920.2
7,8926.5
4,8928.4
6,8929.3
5,8931.2
1,8935.3
2,8936.8
3,8937.0
4,8937.6
0,8939.6
6,8941.4
5,8942.2
7,8943.0
4,8946.1
1,8946.7
0,8957.1
2,8958.0
4,8958.3
7,8961.1
5,8961.6
1,8962.7
6,8965.0
4,8997.3
5,8998.5
6,8999.0
3,8999.5
7,8999.5
0,8999.9
4,9005.0
6,9010.0
5,9010.9
3,9012.4
4,9012.8
1,9013.9
7,9015.7
2,9019.1
0,9019.3
4,9021.2
6,9027.0
1,9031.7
5,9032.3
4,9032.5
2,9036.7
4,9051.7
6,9052.5
2,9071.0
4,9092.4
6,9102.1
4,9172.4
1,9173.5
4,9187.5
6,9187.9
7,9189.0
1,9192.9
2,9193.1
1,9233.9
1,9264.5
1,9292.2
4,9313.7
1,9314.8
2,9326.5
3,9329.5
2,9363.9
4,9378.8
5,9384.4
0,9385.5
7,9385.6
4,9387.6
3,9388.2
5,9396.2
4,9397.5
1,9399.5
0,9404.4
2,9405.8
6,9406.0
4,9406.7
5,9407.5
3,9407.8
1,9412.4
7,9415.8
4,9416.2
5,9425.1
0,9425.9
2,9426.0
1,9431.3
4,9432.0
7,9441.4
4,9448.2
4,9463.4
5,9464.1
0,9465.2
7,9465.6
3,9465.8
2,9469.1
4,9471.6
5,9479.3
4,9479.9
1,9480.6
6,9483.2
7,9483.6
0,9483.7
3,9485.7
2,9487.5
4,9487.6
4,9497.2
1,9497.4
5,9498.9
0,9505.4
1,9518.1
4,9521.3
6,9527.3
3,9539.2
4,9543.3
5,9544.1
0,9545.0
7,9545.2
4,9552.0
2,9555.4
3,9555.6
5,9557.0
1,9559.8
6,9561.4
4,9561.5
0,9563.9
5,9569.6
4,9571.2
3,9573.3
4,9589.8
3,9606.9
4,9623.4
5,9624.0
0,9624.9
7,9625.1
1,9626.3
3,9628.2
4,9632.0
5,9636.5
4,9641.0
1,9644.0
6,9644.5
0,9644.5
3,9646.0
2,9646.1
4,9649.5
5,9649.6
7,9651.9
4,9660.1
4,9676.3
6,9679.6
1,9682.4
7,9688.3
4,9692.0
1,9718.4
1,9737.1
1,9754.1
4,9765.5
5,9773.2
1,9773.2
6,9776.3
3,9797.5
6,9802.3
4,9803.7
3,9848.9
2,9881.0
4,9881.6
2,9978.7
6,9979.8
