11,87.2
26,87.4
10,87.5
27,87.5
12,87.6
5,87.6
13,87.8
3,87.9
24,87.9
28,88.0
19,88.0
14,88.4
17,88.5
8,88.5
29,88.6
7,88.7
6,88.7
2,88.8
20,88.8
18,88.8
4,88.9
25,89.2
30,89.4
11,93.7
26,94.2
5,94.4
12,94.4
10,94.4
27,94.5
13,94.7
3,94.8
19,95.0
28,95.2
24,95.2
29,97.3
17,97.5
14,97.5
7,97.6
20,98.0
6,98.5
11,98.6
12,99.9
5,100.0
26,100.1
25,100.1
27,100.4
10,100.5
13,100.6
3,100.6
19,100.9
18,101.0
28,102.2
24,102.7
11,103.3
16,104.1
12,105.1
5,105.6
26,106.5
27,106.6
13,106.7
3,106.7
10,107.2
19,107.2
9,107.3
8,107.3
23,107.3
31,107.9
11,108.1
4,108.2
12,110.6
29,111.1
20,111.2
5,111.8
11,113.0
13,113.9
3,114.2
27,114.5
17,115.4
19,116.3
26,116.4
12,116.4
11,118.3
2,119.4
5,121.9
12,123.4
11,124.1
11,130.9
11,167.0
26,167.1
27,167.3
10,167.3
12,167.4
5,167.4
13,167.6
28,167.7
24,167.8
19,167.8
3,167.8
14,168.2
17,168.2
29,168.3
8,168.3
7,168.4
18,168.5
6,168.5
2,168.6
4,168.6
30,168.7
20,168.7
25,168.9
11,173.4
26,173.9
10,174.1
5,174.1
12,174.2
27,174.2
13,174.4
3,174.5
19,174.7
28,174.7
24,175.0
29,176.6
14,176.6
20,176.9
7,176.9
17,177.0
6,177.8
11,178.3
25,178.8
5,179.5
12,179.6
26,179.7
27,180.0
10,180.1
18,180.1
13,180.2
3,180.3
19,180.6
28,181.4
30,181.6
8,181.6
4,182.0
24,182.2
11,182.9
16,183.1
9,184.0
0,184.3
12,184.7
5,185.0
2,185.4
26,185.6
13,185.9
27,185.9
3,186.2
19,186.5
10,186.5
11,187.5
20,187.9
29,188.2
31,188.3
7,189.6
17,189.8
12,190.1
5,190.6
28,191.7
11,192.0
13,192.0
26,192.2
27,192.6
3,192.8
19,193.6
12,195.7
24,195.9
10,196.4
5,196.7
11,196.7
13,199.5
11,201.7
12,202.1
3,204.7
26,205.1
5,205.6
27,206.6
11,207.2
11,213.1
12,214.6
21,220.0
11,220.3
11,247.0
26,247.1
27,247.3
10,247.3
5,247.4
12,247.4
13,247.6
24,247.7
19,247.8
3,247.8
28,247.8
14,248.1
17,248.2
8,248.3
7,248.4
6,248.4
29,248.4
18,248.5
20,248.6
2,248.6
4,248.6
25,249.1
30,249.1
11,253.4
26,253.9
10,254.1
27,254.1
5,254.1
12,254.1
13,254.3
3,254.5
19,254.6
28,254.8
24,254.9
7,256.5
20,256.6
29,256.7
14,256.7
17,256.7
6,257.3
11,258.2
25,259.0
12,259.4
5,259.5
26,259.6
18,259.9
27,259.9
10,260.0
13,260.1
3,260.3
19,260.5
8,261.0
28,261.4
2,261.9
24,262.0
30,262.1
11,262.8
16,263.8
12,264.5
5,264.8
26,265.3
13,265.8
27,265.8
3,266.2
10,266.2
19,266.4
7,267.0
11,267.3
20,268.0
29,268.8
17,269.3
12,269.7
5,270.3
28,270.9
26,271.5
11,271.9
13,271.9
27,272.0
3,272.6
24,273.2
19,273.3
10,274.8
12,275.1
5,276.2
11,276.6
26,278.8
13,279.4
12,280.9
27,281.4
11,281.6
5,283.4
3,284.6
11,287.0
12,287.7
11,292.7
11,299.3
11,312.8
19,336.5
11,380.3
21,394.3
5,396.8
24,411.5
14,477.8
9,534.9
9,569.4
8,569.9
4,569.9
9,581.3
11,632.2
26,632.3
27,632.5
10,632.5
5,632.5
12,632.6
13,632.7
28,632.9
24,632.9
3,632.9
19,633.0
14,633.3
7,633.5
8,633.5
17,633.5
29,633.5
4,633.7
20,633.7
6,633.7
18,633.7
2,633.9
25,634.2
30,634.3
11,638.6
26,639.1
5,639.2
12,639.3
10,639.3
27,639.4
13,639.6
3,639.7
19,639.9
28,640.0
24,640.1
29,641.8
14,641.8
7,642.0
17,642.6
6,642.6
20,643.0
11,643.5
5,644.6
12,644.7
18,644.8
8,644.8
25,644.8
26,644.9
27,645.2
10,645.3
13,645.4
3,645.5
19,645.8
4,646.3
28,646.6
2,646.9
24,647.2
16,648.1
11,648.1
12,649.9
5,650.0
27,650.9
26,651.0
13,651.3
3,651.4
19,651.8
10,651.8
31,652.6
7,652.6
9,652.7
11,652.7
29,654.3
12,655.2
5,655.5
20,655.5
14,655.6
0,656.0
22,656.4
28,656.5
15,656.9
27,657.1
11,657.4
13,657.6
3,657.9
26,658.1
19,659.0
17,659.1
12,660.7
24,660.8
5,661.5
11,662.3
10,662.6
27,665.3
12,666.9
13,667.0
11,667.5
5,668.5
3,671.3
11,673.2
12,676.7
11,679.4
11,689.4
7,705.6
5,709.0
11,711.9
26,712.1
10,712.3
27,712.3
12,712.4
13,712.6
24,712.6
3,712.7
19,712.8
28,712.8
14,712.9
17,713.2
8,713.3
29,713.4
6,713.5
18,713.5
4,713.6
2,713.6
20,713.7
25,714.0
30,714.2
7,715.2
5,715.7
11,718.3
26,718.9
12,719.1
27,719.1
10,719.2
13,719.4
3,719.4
19,719.7
24,719.7
28,719.8
5,721.1
14,721.3
29,721.6
17,721.7
20,721.8
6,722.1
11,723.2
25,723.6
7,724.0
12,724.3
26,724.5
18,724.5
27,724.9
10,725.0
13,725.1
8,725.2
3,725.2
19,725.4
5,726.0
4,726.0
2,726.2
28,726.4
24,726.4
11,727.8
16,728.1
12,729.3
26,730.2
27,730.6
13,730.7
5,730.9
3,731.0
10,731.1
19,731.2
29,731.8
11,732.3
20,733.4
17,734.0
14,734.1
12,734.2
30,735.1
24,735.8
5,735.8
26,736.2
28,736.4
13,736.5
27,736.7
11,736.8
3,737.3
7,737.4
19,737.6
22,738.1
10,738.2
6,738.2
21,738.2
9,738.4
12,739.5
5,741.0
11,741.4
13,742.9
26,743.5
27,744.6
12,745.0
11,746.3
3,746.4
5,746.5
19,748.3
12,751.1
11,751.6
5,752.5
13,753.9
11,757.2
12,759.5
5,760.0
11,763.3
30,769.2
11,771.5
13,779.8
11,791.9
26,792.1
27,792.3
10,792.3
5,792.4
12,792.4
24,792.7
3,792.8
28,792.8
19,792.8
13,793.0
14,793.2
17,793.2
8,793.3
7,793.4
29,793.4
6,793.4
18,793.5
2,793.5
20,793.6
4,793.7
25,793.8
30,794.0
11,798.3
26,798.9
5,799.0
10,799.1
12,799.1
27,799.1
3,799.5
19,799.6
28,799.8
13,799.8
24,799.9
29,801.5
14,801.6
7,801.6
20,801.6
17,801.7
6,802.0
11,803.1
25,803.2
12,804.3
5,804.3
26,804.5
18,804.6
27,804.8
10,805.0
3,805.2
19,805.4
13,805.5
8,805.5
2,805.8
4,805.9
28,806.5
24,806.8
23,807.0
30,807.1
11,807.7
9,808.0
12,809.3
5,809.4
31,809.7
26,810.2
27,810.5
3,811.0
10,811.1
13,811.1
19,811.3
7,811.7
20,812.1
11,812.2
17,812.7
29,812.7
6,814.3
12,814.4
5,814.5
16,814.7
14,814.9
26,816.2
27,816.3
0,816.3
28,816.5
11,816.7
13,817.0
3,817.2
19,818.0
24,818.1
10,818.6
12,819.7
5,820.0
11,821.4
27,822.8
26,823.3
13,823.4
12,825.4
5,825.9
11,826.2
3,826.5
11,831.5
12,831.6
5,832.8
27,833.7
13,834.4
11,837.1
12,843.2
11,843.3
11,852.1
11,871.9
26,872.1
10,872.3
27,872.3
5,872.4
12,872.4
13,872.5
28,872.7
3,872.7
24,872.7
19,872.8
14,873.1
8,873.2
17,873.2
18,873.4
7,873.4
6,873.4
29,873.4
4,873.6
2,873.6
20,873.6
25,874.1
30,874.2
11,878.3
26,878.9
5,879.1
12,879.1
27,879.1
10,879.1
13,879.3
3,879.5
19,879.6
28,879.7
24,879.8
29,881.4
17,881.6
14,881.6
20,881.7
7,881.7
6,881.9
11,883.1
18,883.5
25,883.7
5,884.2
12,884.3
26,884.5
8,884.6
27,884.8
13,884.9
10,885.0
3,885.2
19,885.4
2,885.8
28,886.2
4,886.3
24,886.5
30,887.2
11,887.7
16,887.9
12,889.3
5,889.3
26,890.1
13,890.3
9,890.3
27,890.4
3,891.0
10,891.1
31,891.2
19,891.3
29,892.1
11,892.1
20,892.6
7,892.8
6,892.9
17,893.1
12,894.3
5,894.5
28,894.5
13,895.8
24,895.9
26,896.1
27,896.2
11,896.5
3,897.3
19,897.7
14,898.1
12,899.5
10,899.5
5,899.9
11,901.1
13,901.7
27,902.8
26,903.2
12,905.1
5,905.8
11,905.9
3,907.8
19,908.0
13,908.5
11,911.1
12,911.4
5,912.9
11,916.7
12,922.2
11,922.9
26,923.1
8,927.7
11,932.8
13,940.7
7,940.8
26,949.6
19,966.7
0,967.8
2,1006.8
0,1007.2
9,1099.5
13,1106.3
14,1132.9
9,1146.6
29,1178.2
30,1178.3
12,1198.7
24,1223.0
11,1257.2
26,1257.4
10,1257.5
27,1257.5
5,1257.5
12,1257.6
13,1257.7
24,1257.9
3,1257.9
28,1257.9
19,1258.0
14,1258.2
17,1258.4
29,1258.5
8,1258.5
20,1258.5
7,1258.5
18,1258.6
6,1258.7
4,1258.8
2,1258.8
30,1259.0
25,1259.3
11,1263.6
5,1264.1
26,1264.1
12,1264.3
10,1264.3
27,1264.4
13,1264.5
3,1264.7
19,1264.9
24,1265.0
28,1265.0
14,1266.4
7,1266.5
29,1266.6
6,1267.2
17,1267.3
20,1267.9
11,1268.4
18,1269.1
5,1269.5
12,1269.6
25,1269.7
26,1269.9
27,1270.2
13,1270.2
10,1270.3
3,1270.5
19,1270.6
8,1271.2
4,1271.3
2,1271.6
24,1271.7
28,1271.7
11,1273.1
16,1274.3
23,1274.5
12,1274.6
5,1274.7
9,1275.0
31,1275.1
13,1275.8
26,1275.9
27,1276.0
7,1276.3
3,1276.3
19,1276.6
10,1276.9
29,1277.3
11,1277.6
14,1278.2
12,1279.7
17,1279.8
6,1279.9
20,1280.0
5,1280.1
30,1281.3
13,1281.6
24,1281.7
21,1281.8
0,1282.0
15,1282.0
28,1282.1
27,1282.2
26,1282.3
11,1282.3
3,1282.5
19,1283.3
22,1283.3
12,1285.1
5,1285.9
11,1287.2
13,1288.1
10,1289.0
27,1290.4
12,1290.9
3,1291.4
5,1292.4
11,1292.6
26,1293.9
12,1298.0
11,1298.3
13,1298.9
11,1305.0
11,1337.0
26,1337.1
10,1337.3
27,1337.3
12,1337.4
5,1337.4
13,1337.5
24,1337.7
3,1337.7
19,1337.8
28,1337.8
14,1338.1
17,1338.2
8,1338.3
6,1338.4
29,1338.4
7,1338.4
18,1338.5
2,1338.5
4,1338.6
20,1338.6
25,1339.1
30,1339.2
11,1343.4
26,1343.8
27,1344.1
12,1344.1
10,1344.1
5,1344.1
13,1344.3
3,1344.5
19,1344.7
28,1344.8
24,1344.9
14,1346.5
7,1346.6
29,1346.6
17,1346.7
20,1346.7
6,1347.2
11,1348.2
25,1348.8
18,1349.1
5,1349.3
12,1349.3
26,1349.4
27,1349.9
13,1350.0
10,1350.0
3,1350.2
19,1350.5
8,1350.7
2,1351.0
28,1351.3
24,1351.6
4,1351.7
11,1352.7
16,1353.7
12,1354.3
5,1354.5
23,1354.6
26,1354.8
9,1355.3
13,1355.5
27,1355.6
31,1355.6
3,1355.9
10,1356.2
19,1356.3
7,1356.6
11,1357.2
29,1357.4
20,1357.7
17,1358.0
14,1358.7
30,1359.3
12,1359.3
5,1359.8
4,1360.0
28,1360.3
22,1360.3
26,1360.4
8,1360.8
13,1361.1
27,1361.6
11,1361.7
24,1361.8
3,1362.1
19,1362.9
10,1364.3
12,1364.5
9,1364.6
5,1365.3
15,1365.9
11,1366.4
26,1366.4
13,1367.2
27,1368.7
12,1370.2
3,1370.5
5,1371.3
11,1371.3
4,1372.5
26,1373.4
13,1375.2
19,1376.4
11,1376.5
12,1376.5
5,1378.9
11,1382.1
11,1388.2
12,1389.4
11,1396.6
14,1405.0
11,1416.9
26,1417.1
10,1417.2
5,1417.3
12,1417.3
27,1417.3
13,1417.5
24,1417.7
3,1417.7
19,1417.8
28,1417.8
4,1417.9
17,1418.2
8,1418.2
6,1418.2
7,1418.4
29,1418.4
18,1418.5
2,1418.6
20,1418.7
30,1419.1
25,1419.1
14,1419.3
11,1423.2
26,1423.8
10,1423.9
5,1424.0
12,1424.0
27,1424.1
13,1424.3
3,1424.5
19,1424.6
28,1424.8
24,1424.9
6,1426.3
7,1426.3
29,1426.6
20,1426.6
17,1426.7
14,1427.9
11,1428.0
25,1428.7
18,1428.8
4,1429.0
12,1429.1
5,1429.1
8,1429.3
26,1429.4
10,1429.7
27,1429.8
13,1429.9
3,1430.2
19,1430.4
2,1431.0
28,1431.3
30,1431.7
24,1431.8
11,1432.7
16,1433.1
12,1434.0
5,1434.2
26,1434.8
27,1435.4
13,1435.4
9,1435.5
10,1435.7
7,1435.9
3,1435.9
19,1436.3
20,1436.6
11,1437.1
17,1437.2
29,1437.7
6,1437.8
12,1438.9
5,1439.4
28,1439.6
26,1440.4
14,1441.0
13,1441.1
27,1441.2
11,1441.5
3,1441.9
10,1442.4
0,1442.4
24,1442.5
19,1442.9
31,1442.9
12,1444.0
5,1444.9
11,1445.9
26,1446.5
13,1447.2
27,1447.8
3,1449.1
12,1449.4
11,1450.6
5,1450.7
26,1454.0
12,1455.3
13,1455.4
11,1455.5
19,1456.8
5,1457.7
11,1460.8
12,1462.3
11,1466.5
11,1472.7
6,1474.5
2,1479.7
11,1481.4
11,1497.1
26,1497.1
10,1497.3
27,1497.3
5,1497.4
12,1497.4
13,1497.5
3,1497.7
24,1497.7
28,1497.8
19,1497.8
14,1498.0
8,1498.0
17,1498.2
7,1498.4
6,1498.4
29,1498.4
18,1498.5
4,1498.5
20,1498.7
30,1499.1
25,1499.1
2,1499.7
11,1503.5
26,1503.8
5,1504.0
12,1504.1
27,1504.1
10,1504.1
13,1504.3
3,1504.5
19,1504.6
24,1504.8
28,1504.8
14,1506.3
7,1506.6
17,1506.6
29,1506.7
20,1506.8
6,1506.9
11,1508.3
25,1508.7
12,1509.2
5,1509.3
26,1509.4
18,1509.5
8,1509.6
27,1509.8
10,1509.9
13,1510.0
3,1510.1
19,1510.4
4,1511.2
28,1511.4
24,1511.6
11,1512.8
12,1514.1
16,1514.1
5,1514.4
26,1515.0
27,1515.5
13,1515.6
3,1515.9
10,1516.0
19,1516.2
7,1517.2
11,1517.3
17,1517.5
20,1517.6
14,1518.5
6,1518.7
29,1519.0
12,1519.1
5,1519.6
26,1520.8
13,1521.3
28,1521.4
27,1521.6
11,1521.7
3,1522.0
24,1522.1
19,1522.4
10,1523.6
12,1524.2
5,1525.2
11,1526.3
26,1527.1
13,1527.6
27,1529.2
12,1529.8
3,1530.1
11,1531.0
5,1531.2
19,1532.2
12,1535.9
11,1536.1
26,1537.3
13,1537.9
5,1538.9
11,1541.6
12,1544.4
11,1547.6
27,1550.8
11,1555.1
16,1566.8
3,1573.9
20,1582.3
11,1610.2
13,1633.1
5,1635.0
21,1678.3
4,1702.6
11,1882.1
26,1882.3
5,1882.5
10,1882.5
27,1882.5
12,1882.6
13,1882.7
28,1882.9
24,1882.9
3,1882.9
19,1883.0
14,1883.3
8,1883.4
7,1883.4
17,1883.5
29,1883.5
4,1883.7
6,1883.7
18,1883.7
20,1883.8
2,1883.9
25,1884.3
30,1884.3
11,1888.5
26,1889.1
5,1889.2
12,1889.3
10,1889.3
27,1889.4
13,1889.5
3,1889.7
19,1889.8
28,1890.0
24,1890.0
7,1891.7
14,1891.8
29,1891.8
17,1892.4
6,1892.7
20,1892.9
11,1893.3
12,1894.5
5,1894.5
18,1894.7
8,1894.7
26,1894.7
25,1895.0
27,1895.1
13,1895.3
10,1895.3
3,1895.4
19,1895.7
28,1896.7
4,1896.8
24,1896.9
2,1897.3
11,1897.9
16,1898.4
23,1899.0
12,1899.5
5,1899.7
9,1899.8
26,1900.6
27,1900.7
13,1901.0
31,1901.1
3,1901.2
19,1901.5
10,1901.7
7,1902.1
11,1902.4
29,1903.2
20,1904.4
17,1904.5
12,1904.6
5,1905.1
22,1905.4
30,1906.2
27,1906.5
24,1906.6
28,1906.7
26,1906.9
13,1907.0
11,1907.0
3,1907.5
19,1908.0
12,1910.0
10,1910.8
5,1910.9
11,1911.7
27,1913.0
13,1914.2
25,1915.7
26,1915.8
12,1915.9
11,1916.7
3,1917.5
5,1917.6
19,1919.8
11,1922.0
12,1923.0
27,1926.5
11,1927.8
11,1934.3
11,1944.3
11,1962.0
26,1962.1
10,1962.3
27,1962.3
5,1962.4
12,1962.4
13,1962.5
3,1962.7
24,1962.8
28,1962.8
19,1962.8
14,1963.1
4,1963.3
8,1963.3
17,1963.3
29,1963.4
7,1963.4
6,1963.4
18,1963.5
2,1963.6
20,1963.7
25,1964.0
30,1964.1
11,1968.3
26,1968.8
5,1969.0
12,1969.0
10,1969.1
27,1969.1
13,1969.3
3,1969.5
19,1969.6
28,1969.8
24,1969.9
21,1970.7
14,1971.3
7,1971.5
17,1971.7
29,1971.7
20,1971.7
6,1972.1
11,1973.1
25,1973.5
12,1974.1
18,1974.2
5,1974.2
26,1974.3
27,1974.7
10,1974.9
8,1974.9
13,1974.9
3,1975.2
19,1975.3
4,1975.4
28,1976.3
2,1976.6
24,1976.6
11,1977.7
16,1978.3
12,1978.9
5,1979.2
26,1979.9
27,1980.3
13,1980.3
10,1980.8
3,1980.8
19,1981.0
7,1981.8
11,1982.2
20,1982.3
14,1982.4
17,1983.2
12,1983.7
29,1984.1
5,1984.4
0,1985.1
26,1985.6
13,1985.7
24,1985.7
28,1985.7
27,1986.1
9,1986.5
11,1986.5
3,1986.8
19,1987.0
10,1987.5
12,1988.7
5,1989.7
11,1990.8
13,1991.4
26,1991.9
27,1992.5
12,1993.9
3,1994.1
19,1994.4
11,1995.4
5,1995.5
13,1997.7
10,1999.5
12,1999.6
11,2000.1
26,2001.3
5,2002.0
27,2004.5
11,2005.3
12,2006.0
13,2008.0
11,2010.7
5,2015.6
11,2016.7
12,2019.1
11,2023.7
11,2041.9
26,2042.1
12,2042.3
5,2042.3
27,2042.3
10,2042.3
13,2042.5
24,2042.7
3,2042.7
19,2042.8
28,2042.8
14,2043.1
17,2043.2
6,2043.2
8,2043.3
7,2043.4
18,2043.4
29,2043.4
20,2043.6
2,2043.6
4,2043.6
25,2044.1
30,2044.2
11,2048.2
26,2048.8
5,2049.0
12,2049.0
10,2049.1
27,2049.1
13,2049.3
19,2049.5
3,2049.5
28,2049.8
24,2049.9
14,2051.4
29,2051.6
7,2051.6
6,2051.7
20,2051.7
17,2051.7
11,2053.0
25,2053.8
5,2054.1
12,2054.1
18,2054.2
26,2054.4
27,2054.8
10,2054.9
13,2054.9
8,2055.1
3,2055.1
19,2055.3
2,2055.5
4,2056.3
28,2056.4
24,2056.4
16,2057.7
11,2057.7
12,2059.0
5,2059.2
23,2059.3
9,2059.6
26,2059.9
13,2060.4
27,2060.4
3,2060.7
10,2060.9
19,2061.1
1,2061.4
7,2061.8
20,2062.1
11,2062.1
29,2062.9
6,2062.9
30,2063.2
17,2063.7
12,2063.8
14,2064.2
5,2064.5
28,2064.6
24,2065.5
26,2065.7
13,2066.0
27,2066.2
11,2066.4
3,2066.5
19,2067.4
10,2067.7
12,2068.9
5,2070.0
11,2070.8
26,2072.1
13,2072.2
27,2072.6
3,2072.9
12,2074.3
11,2075.5
5,2075.9
19,2077.0
10,2079.0
12,2080.3
11,2080.3
13,2080.7
5,2083.1
26,2083.9
3,2084.6
27,2085.5
11,2085.6
12,2087.9
11,2091.2
11,2097.5
11,2107.6
26,2122.1
27,2122.2
11,2122.2
10,2122.3
5,2122.4
12,2122.4
13,2122.5
3,2122.7
24,2122.7
28,2122.8
19,2122.8
14,2123.1
17,2123.2
8,2123.2
29,2123.4
7,2123.4
6,2123.4
4,2123.5
18,2123.5
20,2123.6
2,2123.6
30,2124.1
25,2124.1
11,2128.6
26,2128.8
5,2129.0
27,2129.0
12,2129.0
10,2129.0
13,2129.3
3,2129.4
19,2129.6
24,2129.8
28,2129.8
14,2131.2
29,2131.6
7,2131.7
17,2131.7
20,2131.7
6,2131.9
11,2133.3
18,2133.8
25,2133.8
12,2134.1
5,2134.2
8,2134.3
26,2134.4
27,2134.6
10,2134.8
13,2134.9
3,2135.1
19,2135.2
2,2135.7
15,2135.7
4,2136.0
28,2136.4
24,2136.5
11,2138.0
16,2138.5
12,2139.0
5,2139.3
26,2139.9
27,2140.0
13,2140.3
31,2140.3
3,2140.6
23,2140.6
9,2140.7
19,2140.7
10,2140.7
20,2142.0
11,2142.4
14,2142.7
7,2143.1
29,2143.2
6,2143.6
12,2143.9
17,2144.0
5,2144.4
27,2145.5
28,2145.6
26,2145.7
13,2145.9
24,2145.9
3,2146.4
19,2146.5
11,2146.8
10,2147.4
12,2149.1
5,2149.9
11,2151.2
27,2151.5
13,2151.8
26,2152.3
3,2152.8
19,2152.9
12,2154.6
5,2155.7
11,2155.9
27,2158.2
13,2158.7
10,2160.7
12,2160.8
11,2160.9
5,2162.6
3,2165.1
26,2165.8
19,2165.9
11,2166.4
12,2170.3
11,2172.2
11,2178.9
26,2190.9
1,2200.1
8,2373.4
0,2408.0
7,2486.6
11,2507.1
26,2507.3
10,2507.5
27,2507.5
5,2507.5
12,2507.6
13,2507.7
24,2507.9
28,2507.9
3,2507.9
19,2508.0
14,2508.3
18,2508.4
17,2508.4
8,2508.5
29,2508.5
4,2508.7
6,2508.7
20,2508.7
2,2508.8
7,2508.9
30,2509.2
25,2509.2
11,2513.5
26,2514.1
5,2514.1
12,2514.2
10,2514.3
27,2514.3
13,2514.5
3,2514.7
19,2514.8
24,2514.9
28,2514.9
29,2516.8
14,2516.9
17,2517.2
7,2517.5
6,2517.6
20,2517.9
11,2518.3
5,2519.4
18,2519.4
12,2519.4
26,2519.7
25,2519.8
27,2519.9
13,2520.1
10,2520.2
3,2520.4
19,2520.6
8,2520.9
4,2521.2
28,2521.4
24,2521.5
2,2522.0
11,2522.9
16,2523.2
12,2524.3
5,2524.5
27,2525.2
26,2525.5
13,2525.6
3,2526.2
10,2526.3
19,2526.5
11,2527.4
29,2528.2
7,2528.7
12,2529.3
17,2529.6
5,2529.7
9,2530.2
28,2530.3
20,2530.5
27,2530.6
13,2531.2
26,2531.6
24,2531.7
11,2531.8
22,2532.0
6,2532.2
3,2532.5
19,2532.9
10,2534.2
12,2534.5
5,2535.3
14,2536.1
27,2536.3
11,2536.5
13,2537.3
12,2540.2
26,2540.3
5,2541.3
11,2541.4
3,2542.5
27,2542.5
13,2544.6
19,2545.5
12,2546.5
11,2546.8
5,2549.1
27,2552.2
11,2552.7
7,2555.0
12,2558.4
11,2559.9
13,2566.0
9,2586.5
8,2586.9
11,2586.9
26,2587.1
27,2587.3
10,2587.3
13,2587.4
12,2587.4
5,2587.4
3,2587.7
24,2587.7
19,2587.8
28,2587.8
14,2587.9
2,2588.3
17,2588.3
29,2588.4
20,2588.4
6,2588.4
7,2588.5
18,2588.5
4,2588.6
25,2589.1
30,2589.1
11,2593.3
26,2593.8
5,2594.0
10,2594.0
12,2594.0
27,2594.1
13,2594.2
3,2594.5
19,2594.7
28,2594.8
24,2594.9
14,2596.3
8,2596.5
20,2596.6
29,2596.6
17,2596.7
6,2596.7
7,2596.8
11,2598.1
25,2598.5
18,2598.7
12,2599.1
5,2599.1
26,2599.3
2,2599.4
27,2599.6
13,2599.6
10,2599.8
3,2600.1
19,2600.4
4,2601.0
28,2601.3
24,2601.7
11,2602.7
16,2602.8
12,2603.9
5,2604.0
26,2604.7
13,2604.8
27,2605.1
3,2605.8
10,2605.8
19,2606.1
31,2607.0
11,2607.1
20,2607.3
29,2607.4
7,2607.4
15,2607.7
30,2607.7
1,2608.2
17,2608.2
6,2608.4
12,2608.6
14,2608.6
5,2609.0
28,2609.7
26,2610.0
13,2610.1
27,2610.6
9,2610.6
11,2611.5
3,2611.8
19,2612.2
24,2612.2
10,2612.8
12,2613.6
5,2614.2
13,2615.7
26,2615.8
11,2616.0
27,2616.5
12,2618.9
3,2619.1
5,2619.8
19,2620.7
11,2620.8
13,2621.6
26,2622.1
27,2623.4
12,2624.6
5,2625.9
11,2625.9
13,2628.6
12,2631.1
26,2631.4
11,2631.6
5,2633.7
11,2637.8
11,2649.0
11,2667.0
26,2667.1
10,2667.3
27,2667.3
12,2667.4
5,2667.4
13,2667.5
3,2667.7
24,2667.7
28,2667.8
19,2667.8
14,2668.1
8,2668.2
17,2668.3
6,2668.4
29,2668.4
7,2668.4
18,2668.5
20,2668.6
4,2668.6
2,2668.6
30,2669.0
25,2669.1
11,2673.4
26,2673.8
5,2674.0
12,2674.0
10,2674.1
27,2674.1
13,2674.2
3,2674.5
19,2674.6
28,2674.8
24,2674.9
14,2676.4
20,2676.5
7,2676.7
29,2676.7
17,2676.8
6,2677.2
11,2678.2
25,2678.6
5,2679.1
12,2679.1
26,2679.3
18,2679.3
8,2679.4
27,2679.7
13,2679.7
10,2679.9
4,2679.9
3,2680.1
19,2680.3
28,2681.2
2,2681.3
24,2681.7
30,2682.0
11,2682.8
16,2683.2
12,2683.9
5,2684.1
26,2684.7
13,2685.0
27,2685.1
3,2685.6
10,2685.9
19,2686.1
20,2686.4
7,2686.6
11,2687.2
9,2687.5
17,2688.1
29,2688.1
14,2688.7
12,2688.8
5,2689.2
28,2689.2
26,2690.1
6,2690.3
13,2690.4
27,2690.7
3,2691.4
11,2691.6
24,2691.8
19,2692.4
10,2693.3
12,2693.8
5,2694.6
26,2696.0
11,2696.0
13,2696.0
27,2696.7
3,2698.0
12,2699.2
5,2700.3
11,2700.8
13,2702.1
26,2702.8
19,2703.2
27,2704.0
12,2705.1
11,2705.8
5,2706.7
13,2710.2
11,2711.4
12,2712.0
11,2717.4
5,2717.6
11,2725.6
13,2737.6
12,2746.7
11,2746.9
26,2747.1
10,2747.2
27,2747.3
5,2747.3
24,2747.6
3,2747.7
28,2747.8
19,2747.8
13,2748.1
17,2748.2
8,2748.2
14,2748.2
6,2748.4
29,2748.4
7,2748.4
18,2748.5
20,2748.6
4,2748.6
2,2748.6
25,2749.1
30,2749.1
12,2753.2
11,2753.2
26,2753.8
5,2753.9
10,2754.0
27,2754.1
3,2754.4
19,2754.6
24,2754.6
13,2754.8
28,2754.8
14,2756.6
7,2756.6
20,2756.7
29,2756.7
17,2756.8
6,2757.0
11,2758.0
12,2758.1
25,2758.7
5,2759.0
8,2759.3
26,2759.3
18,2759.6
4,2759.7
27,2759.7
10,2759.8
3,2760.0
13,2760.3
19,2760.3
24,2761.1
28,2761.3
2,2761.5
11,2762.6
12,2762.8
16,2763.8
5,2763.9
26,2764.7
27,2765.1
3,2765.5
13,2765.8
10,2765.9
19,2766.1
11,2766.9
31,2767.0
20,2767.1
7,2767.3
12,2767.4
14,2768.5
29,2768.6
5,2768.8
6,2768.9
9,2769.4
17,2769.4
0,2769.6
24,2769.6
28,2769.8
26,2770.4
27,2770.7
22,2771.1
11,2771.2
3,2771.3
30,2771.3
13,2771.4
12,2772.0
19,2772.5
10,2773.0
5,2773.9
11,2775.5
26,2776.5
27,2776.7
12,2776.9
13,2777.4
3,2777.6
5,2779.3
11,2780.0
12,2782.2
19,2782.9
27,2784.0
13,2784.5
11,2784.8
26,2784.9
5,2785.2
12,2787.9
3,2789.1
11,2789.9
5,2792.0
6,2793.5
12,2794.4
11,2795.4
11,2801.3
11,2808.6
26,2822.3
2,2830.2
1,2843.3
17,2860.1
1,2929.0
9,2990.6
8,2991.2
4,2991.2
9,3003.1
11,3132.1
26,3132.3
5,3132.5
10,3132.5
27,3132.5
12,3132.6
13,3132.7
28,3132.9
24,3132.9
3,3132.9
19,3133.0
14,3133.3
17,3133.4
8,3133.5
29,3133.5
7,3133.5
18,3133.6
6,3133.7
2,3133.8
4,3133.8
20,3133.8
25,3134.2
30,3134.3
11,3138.5
26,3139.0
5,3139.1
12,3139.2
27,3139.3
10,3139.3
13,3139.5
3,3139.7
19,3139.8
28,3140.0
24,3140.0
7,3141.6
29,3141.8
14,3141.9
17,3142.1
6,3142.8
20,3143.0
11,3143.2
12,3144.3
5,3144.3
18,3144.4
26,3144.7
25,3144.9
27,3145.0
13,3145.1
10,3145.2
2,3145.2
3,3145.3
4,3145.5
19,3145.6
8,3145.7
28,3146.6
24,3146.9
11,3147.8
16,3148.1
12,3149.2
5,3149.3
26,3150.5
27,3150.5
9,3150.6
13,3150.7
23,3150.9
3,3151.0
19,3151.4
10,3151.5
7,3151.7
11,3152.2
29,3153.7
12,3154.0
5,3154.4
17,3154.5
20,3155.6
28,3156.0
27,3156.1
11,3156.6
13,3156.6
26,3156.7
3,3157.0
19,3157.7
24,3158.1
12,3159.1
5,3159.7
10,3160.9
11,3161.1
27,3162.1
13,3163.3
3,3164.3
12,3164.6
5,3165.5
26,3165.9
11,3165.9
19,3167.9
27,3169.7
12,3170.6
11,3171.0
5,3172.1
11,3176.6
13,3177.0
12,3179.5
11,3182.8
18,3182.9
11,3192.2
11,3211.9
26,3212.0
27,3212.3
10,3212.3
5,3212.4
12,3212.4
13,3212.5
24,3212.6
3,3212.7
28,3212.8
19,3212.8
8,3213.2
17,3213.2
14,3213.2
7,3213.3
29,3213.4
18,3213.5
4,3213.5
6,3213.5
2,3213.6
20,3213.7
30,3214.1
25,3214.1
11,3218.2
26,3218.7
12,3219.0
27,3219.0
5,3219.0
10,3219.1
13,3219.2
3,3219.4
19,3219.6
24,3219.6
28,3219.8
7,3221.4
17,3221.6
29,3221.7
20,3221.7
14,3221.8
6,3222.3
11,3223.0
25,3223.7
18,3223.7
12,3224.0
26,3224.1
5,3224.1
27,3224.6
13,3224.7
4,3224.7
10,3224.9
3,3225.0
8,3225.1
19,3225.3
24,3226.2
2,3226.3
28,3226.4
11,3227.7
16,3228.1
12,3228.8
5,3229.1
26,3229.5
13,3229.9
27,3230.0
31,3230.0
3,3230.5
7,3230.6
19,3230.9
10,3231.0
17,3231.1
9,3231.3
29,3231.7
11,3232.1
20,3232.5
12,3233.6
5,3234.1
26,3235.0
24,3235.3
13,3235.3
27,3235.6
28,3235.8
22,3235.8
3,3236.1
11,3236.3
0,3236.4
19,3236.8
6,3237.4
30,3237.9
10,3237.9
12,3238.6
15,3239.1
5,3239.4
11,3240.6
26,3240.9
13,3240.9
27,3241.4
3,3242.3
19,3243.5
12,3243.9
5,3245.0
11,3245.1
13,3247.0
26,3247.6
27,3248.2
12,3249.6
11,3249.8
5,3251.1
3,3251.6
11,3254.9
13,3255.3
12,3256.4
5,3260.3
11,3260.4
26,3261.0
11,3266.3
11,3273.6
27,3291.6
11,3291.9
26,3292.1
10,3292.3
5,3292.4
12,3292.4
13,3292.5
24,3292.7
3,3292.7
19,3292.8
28,3292.8
14,3293.2
17,3293.2
8,3293.3
7,3293.4
29,3293.4
18,3293.5
6,3293.5
4,3293.5
20,3293.6
2,3293.6
25,3294.1
30,3294.1
11,3298.2
27,3298.3
26,3298.8
5,3299.0
12,3299.0
10,3299.1
13,3299.2
3,3299.4
19,3299.6
28,3299.8
24,3299.9
7,3301.4
29,3301.6
17,3301.6
14,3301.8
20,3301.8
6,3302.3
11,3303.0
25,3303.7
27,3303.7
12,3304.1
5,3304.1
18,3304.1
26,3304.2
13,3304.7
8,3304.8
10,3304.9
3,3305.0
19,3305.2
4,3306.1
28,3306.3
2,3306.4
24,3306.5
11,3307.6
23,3308.5
27,3308.7
12,3308.9
16,3309.0
5,3309.1
26,3309.6
13,3310.0
3,3310.5
19,3310.9
10,3311.0
7,3311.0
11,3312.0
17,3312.4
29,3312.9
20,3313.0
27,3313.7
12,3313.8
30,3313.8
5,3314.1
9,3314.7
22,3314.9
26,3315.2
28,3315.2
13,3315.4
0,3315.5
6,3315.7
15,3316.0
24,3316.0
11,3316.2
3,3316.2
19,3316.9
10,3318.5
12,3318.8
27,3318.9
5,3319.3
11,3320.6
13,3321.1
26,3321.1
3,3322.5
19,3324.2
12,3324.3
27,3324.4
5,3324.9
11,3325.1
13,3327.2
26,3328.0
11,3329.9
12,3330.2
27,3330.3
5,3331.1
4,3331.9
3,3332.8
11,3335.1
13,3336.4
27,3337.0
12,3337.7
5,3340.1
11,3340.7
11,3346.8
18,3347.5
27,3350.0
11,3355.7
19,3358.4
11,3372.0
26,3372.1
10,3372.2
27,3372.2
12,3372.3
5,3372.4
13,3372.5
3,3372.7
24,3372.7
28,3372.8
19,3373.1
17,3373.2
8,3373.2
14,3373.2
6,3373.4
4,3373.4
18,3373.4
29,3373.4
7,3373.4
2,3373.5
20,3373.7
30,3374.1
25,3374.2
11,3378.4
26,3378.8
10,3378.9
12,3378.9
5,3379.0
27,3379.0
13,3379.2
3,3379.4
28,3379.8
24,3379.8
19,3379.9
29,3381.5
7,3381.6
17,3381.6
14,3381.7
20,3381.8
6,3382.3
11,3383.2
18,3383.6
25,3383.8
12,3384.0
5,3384.1
26,3384.3
27,3384.5
10,3384.7
13,3384.7
8,3385.0
3,3385.0
19,3385.6
4,3385.7
2,3386.2
28,3386.3
24,3386.4
11,3387.8
16,3388.8
12,3388.8
5,3389.1
27,3389.7
26,3389.8
13,3389.9
3,3390.6
10,3390.7
19,3391.4
20,3391.9
11,3392.2
29,3392.6
7,3392.7
17,3392.9
12,3393.6
5,3394.2
24,3394.9
28,3395.0
14,3395.1
27,3395.1
13,3395.2
26,3395.5
9,3395.8
3,3396.4
11,3396.5
10,3397.3
19,3397.5
12,3398.5
15,3398.6
5,3399.6
13,3400.8
27,3400.8
11,3401.0
26,3401.7
3,3402.8
12,3403.8
25,3404.4
19,3404.9
5,3405.4
11,3405.6
13,3406.8
27,3406.9
12,3409.5
2,3409.6
10,3410.0
26,3410.2
11,3410.5
5,3412.0
13,3414.4
27,3415.8
3,3415.9
11,3415.9
12,3416.2
11,3421.7
11,3428.6
30,3533.7
9,3563.6
4,3564.0
8,3564.2
9,3576.2
10,3605.7
9,3640.6
6,3679.3
0,3697.7
9,3741.5
4,3742.3
8,3742.4
30,3747.3
9,3753.0
4,3755.6
26,3757.0
11,3757.1
5,3757.5
27,3757.5
12,3757.6
18,3757.6
8,3757.7
13,3757.7
10,3757.7
28,3757.9
19,3758.0
3,3758.1
14,3758.3
24,3758.3
17,3758.4
29,3758.5
7,3758.5
20,3758.6
6,3758.7
2,3758.8
25,3759.3
9,3761.4
30,3762.1
11,3763.4
26,3763.5
5,3764.1
12,3764.2
27,3764.3
13,3764.5
4,3764.8
19,3764.8
28,3764.9
18,3765.0
10,3765.0
8,3765.2
3,3765.3
7,3766.5
29,3766.8
14,3766.8
17,3767.2
6,3767.4
24,3767.6
20,3767.8
11,3768.2
26,3768.4
5,3769.3
12,3769.4
25,3769.9
27,3770.0
13,3770.0
19,3770.7
28,3771.5
2,3771.7
3,3771.8
10,3772.6
9,3772.7
18,3773.0
11,3773.0
26,3773.2
8,3773.2
16,3773.4
31,3774.1
12,3774.2
5,3774.4
23,3775.2
13,3775.4
27,3775.5
19,3776.6
7,3777.4
26,3777.9
20,3778.7
29,3778.8
12,3779.1
17,3779.1
3,3779.3
5,3779.5
6,3780.0
28,3780.0
0,3780.3
13,3780.8
27,3781.3
11,3781.5
30,3781.8
26,3782.8
19,3783.3
12,3784.2
5,3785.0
11,3785.8
13,3786.6
24,3787.0
27,3787.7
26,3788.0
12,3789.7
11,3790.3
5,3790.9
13,3793.1
26,3793.6
11,3795.1
12,3795.8
5,3797.9
27,3799.6
26,3799.8
11,3800.3
13,3805.6
12,3805.7
11,3805.9
26,3809.5
11,3812.1
11,3821.9
26,3836.8
11,3837.1
27,3837.3
8,3837.4
12,3837.4
5,3837.4
13,3837.5
10,3837.5
18,3837.5
19,3837.8
9,3837.8
28,3837.8
24,3837.9
3,3838.0
17,3838.1
14,3838.1
6,3838.3
2,3838.3
7,3838.4
29,3838.4
20,3838.6
4,3838.6
25,3839.1
30,3839.1
26,3843.3
11,3843.4
12,3844.0
5,3844.0
27,3844.0
13,3844.3
19,3844.6
28,3844.8
10,3844.8
18,3844.9
8,3844.9
3,3845.0
24,3846.4
17,3846.5
20,3846.5
29,3846.6
14,3846.7
7,3846.7
6,3846.8
11,3848.2
26,3848.2
25,3848.3
9,3848.6
12,3849.0
5,3849.1
27,3849.6
13,3849.7
19,3850.3
2,3850.5
4,3850.9
28,3851.3
30,3851.3
3,3851.3
10,3852.3
18,3852.8
26,3852.8
8,3852.8
12,3853.8
5,3854.0
13,3854.9
27,3855.0
19,3856.1
20,3856.3
24,3857.1
17,3857.3
26,3857.4
29,3858.4
12,3858.5
3,3858.5
14,3858.5
7,3858.5
5,3859.0
6,3859.3
28,3860.0
13,3860.1
27,3860.6
11,3861.6
26,3862.1
19,3862.1
12,3863.4
5,3864.3
13,3865.6
11,3865.8
27,3866.5
26,3867.1
25,3867.5
12,3868.5
5,3869.9
19,3870.1
11,3870.3
13,3871.4
26,3872.4
27,3874.0
12,3874.1
11,3875.0
5,3875.9
13,3877.9
26,3878.0
11,3880.1
12,3880.4
5,3884.2
26,3884.3
11,3885.6
11,3891.5
13,3891.9
12,3892.8
2,3893.0
30,3893.1
26,3893.7
10,3895.5
11,3898.8
26,3916.8
11,3916.9
12,3917.3
27,3917.3
5,3917.4
18,3917.5
8,3917.5
13,3917.5
10,3917.6
19,3917.8
28,3917.8
9,3918.0
3,3918.1
24,3918.1
14,3918.2
17,3918.3
29,3918.4
7,3918.4
6,3918.4
2,3918.5
20,3918.6
4,3918.6
30,3919.0
25,3919.1
11,3923.2
26,3923.3
5,3924.0
12,3924.0
27,3924.1
13,3924.2
19,3924.6
28,3924.8
8,3924.9
10,3924.9
3,3925.0
18,3925.0
14,3926.3
20,3926.6
29,3926.7
7,3926.7
17,3926.8
6,3927.0
24,3927.0
11,3928.0
26,3928.1
25,3928.9
12,3929.0
5,3929.1
27,3929.7
13,3929.7
16,3929.7
9,3930.0
2,3930.0
19,3930.3
30,3930.8
28,3931.2
4,3931.3
3,3931.4
10,3932.3
8,3932.5
26,3932.7
18,3932.8
12,3933.8
5,3934.0
13,3935.0
27,3935.3
19,3936.0
20,3936.3
26,3937.3
29,3938.0
17,3938.1
12,3938.6
7,3938.6
31,3938.6
3,3938.7
28,3938.9
5,3938.9
14,3938.9
24,3939.3
6,3939.8
13,3940.4
27,3941.0
11,3941.3
26,3941.9
19,3942.2
12,3943.6
5,3944.0
11,3945.5
13,3946.1
26,3946.7
27,3947.4
12,3949.1
5,3949.5
11,3949.9
19,3951.1
26,3951.8
13,3952.3
11,3954.5
12,3954.9
5,3955.3
26,3957.3
27,3959.3
11,3959.4
5,3962.3
12,3962.3
13,3962.6
26,3963.1
11,3964.8
26,3969.9
11,3970.5
11,3976.9
5,3983.5
21,3985.1
11,3988.5
26,3996.8
27,3997.3
11,3997.3
8,3997.4
12,3997.4
13,3997.5
18,3997.5
10,3997.5
5,3997.6
28,3997.8
19,3997.8
9,3998.0
3,3998.1
24,3998.1
14,3998.2
17,3998.3
29,3998.3
7,3998.4
6,3998.4
2,3998.6
20,3998.6
4,3998.7
30,3999.0
25,3999.1
26,4003.3
11,4003.4
12,4004.0
27,4004.1
13,4004.2
5,4004.2
19,4004.6
10,4004.8
28,4004.8
8,4004.9
18,4004.9
3,4005.0
7,4006.5
14,4006.6
29,4006.6
20,4006.7
17,4006.8
6,4007.0
24,4007.1
26,4008.2
11,4008.2
25,4009.0
12,4009.0
5,4009.2
13,4009.7
27,4009.7
9,4010.3
19,4010.3
2,4011.1
28,4011.2
3,4011.4
4,4011.9
30,4012.0
10,4012.3
18,4012.8
26,4012.8
8,4012.9
12,4013.8
5,4014.1
13,4015.0
27,4015.3
19,4016.0
20,4017.4
26,4017.4
7,4018.0
12,4018.6
14,4018.7
5,4018.8
29,4019.0
17,4019.1
3,4019.1
6,4019.4
28,4019.5
24,4020.2
13,4020.5
27,4021.1
11,4021.6
19,4022.0
26,4022.1
12,4023.4
5,4023.8
11,4025.8
13,4026.2
26,4026.9
27,4027.6
12,4028.5
5,4029.0
19,4029.7
11,4030.1
26,4032.1
13,4032.8
12,4033.9
5,4034.6
11,4034.7
26,4037.7
11,4039.6
12,4039.9
5,4040.7
26,4043.8
13,4044.6
11,4044.9
12,4047.1
5,4048.5
11,4050.6
2,4052.3
26,4052.4
6,4054.1
9,4055.9
4,4056.5
8,4056.5
11,4057.0
14,4058.8
9,4066.7
11,4069.4
12,4072.6
4,4074.2
29,4077.2
26,4077.5
9,4092.1
25,4108.6
3,4153.2
30,4191.9
9,4312.5
26,4382.0
11,4382.1
27,4382.5
8,4382.6
12,4382.6
5,4382.6
18,4382.7
13,4382.7
10,4382.7
28,4382.9
19,4383.1
9,4383.1
3,4383.2
24,4383.3
20,4383.3
14,4383.3
7,4383.5
17,4383.5
29,4383.5
15,4383.8
22,4383.8
4,4383.8
2,4383.8
25,4384.2
30,4384.2
26,4388.5
11,4388.5
12,4389.2
27,4389.3
13,4389.5
5,4389.5
28,4389.9
10,4390.0
19,4390.1
18,4390.1
8,4390.2
3,4390.5
20,4390.6
22,4391.5
15,4391.6
29,4391.7
7,4391.8
14,4391.8
0,4392.0
24,4392.1
17,4392.2
11,4393.2
26,4393.4
12,4394.3
25,4394.5
27,4395.0
13,4395.0
5,4395.5
9,4396.1
19,4396.1
28,4396.4
30,4396.6
4,4397.0
3,4397.1
20,4397.2
10,4397.5
11,4397.8
18,4397.9
26,4398.2
8,4398.6
12,4399.2
22,4400.4
27,4400.4
13,4400.4
15,4401.5
31,4401.6
5,4401.9
11,4402.3
19,4402.5
26,4402.9
29,4403.5
7,4403.9
12,4404.0
20,4404.5
17,4404.7
28,4404.9
13,4405.8
27,4405.8
3,4405.9
16,4406.3
2,4406.3
11,4406.6
26,4407.8
12,4409.1
5,4410.6
11,4410.9
27,4411.4
19,4411.4
13,4411.5
26,4413.0
12,4414.6
11,4415.5
27,4417.5
13,4417.8
26,4418.6
11,4420.3
12,4420.6
26,4424.8
11,4425.6
27,4425.8
13,4428.6
12,4429.1
11,4431.3
26,4435.0
11,4437.6
15,4437.6
11,4449.8
26,4461.9
11,4462.2
27,4462.2
8,4462.4
12,4462.4
5,4462.5
10,4462.5
13,4462.5
18,4462.6
9,4462.7
28,4462.8
19,4463.0
14,4463.1
20,4463.1
3,4463.1
17,4463.2
24,4463.2
29,4463.4
7,4463.4
15,4463.5
2,4463.6
4,4463.6
22,4463.7
30,4464.1
25,4464.1
26,4468.3
11,4468.6
27,4468.9
12,4469.0
13,4469.3
5,4469.4
28,4469.8
10,4469.9
19,4469.9
20,4470.0
18,4470.0
3,4470.0
8,4470.0
15,4471.3
22,4471.4
29,4471.7
14,4471.7
17,4471.8
7,4471.8
24,4472.3
25,4473.2
26,4473.2
11,4473.4
12,4474.0
27,4474.5
13,4474.7
9,4475.4
5,4475.5
19,4475.9
3,4476.4
28,4476.4
20,4476.4
2,4476.9
10,4477.5
26,4477.9
11,4478.0
18,4478.2
8,4478.3
12,4478.8
27,4479.7
13,4479.9
22,4480.4
15,4480.8
30,4481.7
5,4481.9
19,4482.0
11,4482.4
26,4482.5
6,4482.5
0,4483.1
17,4483.2
20,4483.2
16,4483.4
29,4483.4
12,4483.6
31,4483.8
7,4484.0
3,4484.6
28,4484.6
27,4485.0
13,4485.3
11,4486.6
26,4487.3
12,4488.5
19,4489.6
27,4490.7
13,4490.9
11,4491.0
5,4491.1
26,4492.3
12,4493.8
11,4495.5
20,4495.9
27,4496.7
13,4496.9
26,4497.7
12,4499.4
11,4500.4
26,4503.5
13,4504.6
27,4504.8
11,4505.6
12,4506.0
26,4510.4
11,4511.2
6,4516.1
11,4517.5
11,4527.6
26,4541.8
11,4542.1
27,4542.3
8,4542.4
12,4542.4
10,4542.5
13,4542.5
18,4542.5
5,4542.6
28,4542.8
19,4543.0
24,4543.1
9,4543.1
3,4543.1
20,4543.2
17,4543.2
14,4543.2
29,4543.3
7,4543.4
15,4543.5
4,4543.6
2,4543.6
22,4543.7
30,4544.0
25,4544.1
26,4548.3
11,4548.5
12,4549.0
27,4549.1
13,4549.2
5,4549.5
19,4549.7
28,4549.8
8,4549.9
18,4549.9
10,4549.9
20,4550.0
3,4550.1
15,4551.2
22,4551.3
29,4551.4
7,4551.7
17,4551.8
14,4551.9
24,4552.1
26,4553.2
11,4553.3
25,4553.9
12,4554.0
27,4554.6
13,4554.7
19,4555.6
5,4555.6
20,4556.2
9,4556.3
28,4556.3
3,4556.5
30,4557.1
2,4557.2
8,4557.7
10,4557.7
18,4557.8
26,4557.9
11,4557.9
12,4558.9
27,4559.9
13,4560.0
15,4560.1
22,4560.1
4,4561.5
19,4561.6
31,4561.7
5,4562.2
26,4562.5
29,4562.6
20,4562.9
12,4563.6
16,4563.8
7,4564.2
17,4564.3
3,4564.5
28,4564.7
13,4565.3
27,4565.3
0,4565.6
11,4566.7
26,4567.3
19,4568.4
12,4568.5
13,4571.0
27,4571.0
11,4571.0
24,4572.0
26,4572.3
5,4573.3
12,4573.7
20,4574.7
11,4575.5
13,4577.1
27,4577.2
26,4577.6
12,4579.4
18,4580.2
11,4580.2
26,4583.4
27,4585.1
11,4585.2
12,4585.7
13,4586.0
26,4589.8
11,4590.7
11,4596.6
12,4598.2
26,4601.8
11,4603.5
26,4621.8
11,4621.9
27,4622.3
12,4622.3
18,4622.4
8,4622.4
10,4622.5
13,4622.5
5,4622.6
28,4622.6
9,4622.9
14,4623.0
19,4623.0
3,4623.1
24,4623.1
17,4623.2
20,4623.2
7,4623.4
29,4623.4
2,4623.6
22,4623.6
15,4623.6
4,4623.7
30,4623.8
25,4624.1
11,4628.2
26,4628.3
12,4628.9
27,4629.1
13,4629.2
5,4629.5
28,4629.6
18,4629.7
19,4629.7
10,4629.8
8,4629.9
20,4630.0
3,4630.1
22,4631.1
15,4631.3
14,4631.5
29,4631.6
7,4631.7
17,4631.8
24,4632.0
11,4633.0
26,4633.1
12,4634.0
25,4634.0
27,4634.6
13,4634.7
9,4635.3
19,4635.6
5,4635.7
28,4636.0
2,4636.2
20,4636.3
3,4636.5
18,4636.8
4,4636.9
30,4637.0
10,4637.4
26,4637.8
8,4638.0
0,4638.0
12,4638.8
22,4639.8
13,4640.0
27,4640.0
15,4641.3
19,4641.5
26,4642.4
5,4642.6
29,4642.9
28,4643.1
20,4643.4
12,4643.5
6,4643.8
16,4644.0
7,4644.6
17,4645.0
3,4645.1
13,4645.3
27,4645.4
11,4646.3
26,4647.0
19,4648.1
12,4648.4
18,4648.7
11,4650.5
13,4651.0
27,4651.2
26,4651.8
12,4653.6
11,4654.9
26,4656.9
13,4657.1
27,4657.5
12,4659.2
19,4659.4
11,4659.5
26,4662.5
11,4664.5
12,4665.5
13,4666.1
27,4668.0
26,4668.6
11,4669.9
17,4673.2
11,4675.7
26,4676.1
12,4676.8
11,4682.4
0,4808.0
22,4823.1
16,4873.5
7,4888.3
26,5007.0
11,5007.2
27,5007.5
8,5007.6
18,5007.6
5,5007.7
12,5007.7
9,5007.9
10,5008.0
28,5008.0
17,5008.1
13,5008.1
19,5008.1
2,5008.1
14,5008.3
24,5008.3
20,5008.3
7,5008.5
25,5008.5
29,5008.5
15,5008.7
4,5008.8
22,5008.9
16,5009.0
3,5009.2
30,5009.3
26,5013.5
11,5013.7
27,5014.3
12,5014.6
5,5014.6
18,5015.0
28,5015.0
19,5015.1
8,5015.1
17,5015.3
9,5015.3
13,5015.4
2,5015.4
20,5015.6
25,5015.8
15,5016.6
14,5016.7
22,5016.7
29,5016.8
7,5016.8
16,5017.3
24,5017.3
26,5018.4
11,5018.7
10,5019.0
3,5019.0
27,5020.1
12,5020.5
5,5020.8
19,5021.1
28,5021.5
9,5022.2
20,5022.2
13,5022.2
17,5022.3
8,5022.5
18,5022.7
25,5022.8
2,5023.0
26,5023.2
4,5023.4
11,5023.5
30,5025.5
27,5025.6
15,5026.2
22,5026.3
12,5026.3
31,5026.8
19,5027.3
6,5027.5
0,5027.5
5,5027.5
16,5027.8
26,5027.9
7,5028.1
11,5028.3
9,5029.0
29,5029.4
20,5029.6
13,5030.3
28,5030.5
27,5031.4
17,5031.6
8,5031.9
25,5032.6
12,5032.6
26,5032.7
11,5033.3
2,5034.2
4,5034.9
19,5035.6
9,5036.6
26,5037.8
27,5037.8
11,5038.7
5,5039.2
12,5042.2
26,5043.3
11,5044.5
27,5048.8
26,5049.2
11,5051.1
26,5055.8
11,5065.2
13,5076.6
26,5086.8
11,5087.0
27,5087.2
8,5087.4
5,5087.6
12,5087.6
18,5087.6
9,5087.7
10,5087.8
28,5087.8
7,5087.9
17,5087.9
19,5088.0
24,5088.0
2,5088.0
14,5088.1
20,5088.1
29,5088.4
25,5088.4
4,5088.5
15,5088.6
13,5088.7
16,5088.7
22,5088.7
3,5089.1
30,5089.1
26,5093.3
11,5093.5
27,5094.0
5,5094.5
12,5094.5
28,5094.8
9,5094.8
19,5094.8
17,5094.9
20,5094.9
8,5094.9
18,5095.0
2,5095.1
25,5095.3
7,5095.8
13,5095.8
22,5096.3
15,5096.4
14,5096.5
16,5096.6
29,5096.7
24,5096.7
3,5097.8
26,5098.2
10,5098.4
11,5098.4
27,5099.6
12,5100.3
5,5100.6
19,5100.7
4,5101.1
20,5101.2
28,5101.4
9,5101.5
17,5101.5
25,5101.7
2,5101.9
13,5102.4
8,5102.5
18,5102.7
26,5102.8
11,5103.2
27,5104.9
30,5105.4
7,5105.5
22,5105.7
12,5106.0
15,5106.0
16,5106.6
19,5106.8
5,5107.3
26,5107.4
20,5107.8
11,5107.9
29,5108.2
31,5108.4
9,5109.2
25,5109.3
24,5109.4
17,5109.4
14,5109.8
6,5110.0
13,5110.2
28,5110.3
27,5110.4
0,5110.7
2,5112.0
26,5112.0
12,5112.2
11,5112.7
19,5114.1
8,5114.9
27,5116.2
3,5116.2
26,5116.8
11,5117.9
5,5118.5
20,5118.9
12,5120.2
26,5121.9
18,5122.2
27,5122.9
11,5123.4
26,5127.4
11,5129.4
28,5132.8
26,5133.4
27,5136.1
11,5137.0
8,5138.8
26,5140.7
26,5166.8
11,5167.0
27,5167.3
8,5167.4
18,5167.5
12,5167.6
5,5167.6
9,5167.7
28,5167.8
10,5167.8
17,5167.9
13,5167.9
2,5167.9
19,5168.0
24,5168.1
20,5168.2
14,5168.2
25,5168.3
7,5168.4
29,5168.4
15,5168.6
4,5168.6
22,5168.7
16,5168.8
30,5169.1
3,5169.1
26,5173.3
11,5173.5
27,5174.1
12,5174.4
5,5174.5
19,5174.7
28,5174.8
18,5174.8
9,5174.8
8,5174.8
17,5174.9
20,5175.0
2,5175.0
13,5175.0
25,5175.2
22,5176.3
15,5176.3
7,5176.6
29,5176.7
14,5176.8
16,5177.0
24,5177.2
26,5178.2
3,5178.4
11,5178.4
10,5178.5
27,5179.6
12,5180.2
19,5180.6
4,5180.6
5,5180.7
28,5181.3
20,5181.3
13,5181.5
17,5181.5
25,5181.6
9,5181.6
18,5182.1
2,5182.2
8,5182.4
26,5182.9
11,5183.2
27,5185.0
30,5185.5
15,5185.8
22,5185.8
12,5186.0
19,5186.7
7,5187.1
5,5187.2
26,5187.5
0,5187.5
16,5187.6
11,5188.0
20,5188.1
13,5188.6
29,5188.9
25,5189.1
17,5189.5
9,5189.6
28,5189.9
27,5190.5
26,5192.2
12,5192.4
11,5192.8
2,5193.1
19,5193.6
18,5194.6
27,5196.2
26,5197.1
11,5197.9
5,5198.1
8,5200.5
20,5201.4
13,5202.2
26,5202.4
27,5202.7
11,5203.4
12,5203.4
26,5208.0
11,5209.4
9,5209.6
27,5213.7
26,5214.3
11,5217.1
26,5224.4
2,5234.0
26,5246.8
11,5247.0
27,5247.3
8,5247.4
18,5247.5
12,5247.6
5,5247.6
9,5247.7
28,5247.8
13,5247.9
17,5247.9
10,5247.9
19,5248.0
20,5248.1
24,5248.1
14,5248.2
25,5248.3
29,5248.3
7,5248.4
4,5248.6
15,5248.6
2,5248.7
22,5248.7
16,5248.8
3,5249.1
30,5249.2
26,5253.2
11,5253.5
27,5254.1
12,5254.4
5,5254.5
19,5254.7
28,5254.7
8,5254.8
18,5254.8
9,5254.8
17,5254.9
13,5255.0
20,5255.0
25,5255.2
2,5255.9
15,5256.2
22,5256.2
29,5256.4
24,5256.5
7,5256.7
14,5256.8
16,5257.0
26,5258.1
3,5258.3
11,5258.4
10,5258.9
27,5259.6
4,5259.8
12,5260.2
5,5260.5
19,5260.6
28,5261.1
20,5261.3
13,5261.5
17,5261.6
25,5261.7
9,5261.7
18,5262.2
8,5262.5
26,5262.7
2,5262.8
11,5263.2
22,5264.7
27,5265.0
15,5265.7
12,5266.0
30,5266.1
19,5266.5
5,5267.0
29,5267.2
26,5267.3
7,5267.7
11,5268.0
20,5268.1
16,5268.1
28,5268.4
0,5268.5
13,5269.0
25,5269.6
24,5270.1
17,5270.3
27,5270.5
9,5270.8
26,5271.9
12,5272.2
11,5272.9
19,5273.0
2,5273.4
27,5276.3
26,5276.6
5,5276.6
11,5278.2
20,5279.9
26,5281.6
12,5281.7
27,5282.9
11,5283.9
19,5284.1
26,5287.0
11,5290.2
13,5291.7
28,5292.5
26,5292.8
27,5295.9
26,5299.3
11,5302.5
26,5311.5
16,5347.8
16,5380.8
9,5404.9
16,5422.9
6,5444.1
13,5450.2
0,5483.1
8,5598.7
26,5632.0
11,5632.2
27,5632.5
8,5632.6
18,5632.7
5,5632.7
28,5632.9
9,5632.9
12,5633.0
10,5633.0
13,5633.1
15,5633.1
20,5633.1
2,5633.1
17,5633.1
14,5633.3
19,5633.3
24,5633.3
7,5633.5
29,5633.5
25,5633.5
4,5633.7
22,5633.8
16,5634.0
3,5634.2
30,5634.3
21,5634.6
6,5634.8
23,5634.9
26,5638.5
11,5638.7
27,5639.3
5,5639.6
28,5639.9
18,5640.1
8,5640.1
20,5640.1
9,5640.3
17,5640.3
13,5640.3
12,5640.3
15,5640.3
2,5640.4
19,5640.5
25,5640.8
22,5641.4
7,5641.6
29,5641.7
14,5641.9
16,5642.5
24,5642.7
26,5643.4
11,5643.7
10,5644.1
3,5644.7
27,5645.0
5,5645.7
21,5645.7
20,5645.9
13,5646.4
28,5646.5
15,5646.5
4,5646.8
17,5647.3
19,5647.4
8,5647.6
9,5647.6
23,5647.7
2,5647.7
25,5647.7
18,5647.9
12,5648.0
26,5648.2
6,5648.5
11,5648.5
22,5649.9
30,5650.4
27,5650.6
20,5651.4
0,5652.0
7,5652.2
13,5652.5
5,5652.6
15,5652.6
29,5652.7
26,5652.9
11,5653.1
16,5653.3
31,5653.8
25,5655.4
28,5655.6
27,5656.3
14,5656.6
20,5656.8
19,5656.9
17,5657.0
9,5657.0
26,5657.8
11,5657.9
21,5659.0
2,5659.1
13,5659.6
15,5659.6
8,5659.7
20,5662.3
27,5662.5
11,5663.0
26,5663.1
5,5664.8
20,5668.3
11,5668.5
26,5668.7
27,5671.6
11,5674.5
26,5675.0
20,5675.7
9,5677.6
8,5677.8
4,5678.2
15,5678.6
18,5681.6
11,5682.0
23,5682.6
0,5683.1
26,5685.8
9,5687.4
4,5690.6
8,5690.7
2,5692.5
26,5711.8
11,5712.0
8,5712.3
27,5712.3
5,5712.6
18,5712.6
12,5712.7
9,5712.7
10,5712.8
28,5712.8
17,5712.9
13,5712.9
15,5713.0
20,5713.0
24,5713.1
4,5713.1
14,5713.1
2,5713.2
19,5713.2
7,5713.3
25,5713.4
29,5713.4
22,5713.7
16,5713.9
3,5714.1
30,5714.1
21,5714.5
6,5714.6
23,5714.8
26,5718.3
11,5718.5
27,5719.0
5,5719.5
8,5719.6
20,5719.7
28,5719.8
9,5719.8
18,5719.9
17,5720.0
13,5720.0
12,5720.0
15,5720.0
19,5720.2
25,5720.3
2,5720.3
22,5721.2
7,5721.4
29,5721.6
14,5721.6
16,5722.2
24,5722.3
3,5723.1
26,5723.2
11,5723.4
10,5723.5
4,5724.0
27,5724.6
20,5725.2
21,5725.4
5,5725.6
15,5725.9
13,5726.0
9,5726.3
28,5726.4
25,5726.6
19,5726.6
8,5726.6
17,5726.7
12,5726.8
18,5727.3
2,5727.3
30,5727.4
23,5727.5
26,5727.8
6,5727.8
11,5728.2
22,5729.4
27,5729.9
20,5730.3
15,5731.8
7,5731.8
13,5732.0
31,5732.1
5,5732.3
26,5732.5
11,5732.8
16,5732.9
29,5733.4
9,5733.6
25,5733.7
0,5733.9
19,5734.2
14,5734.7
17,5734.9
28,5735.1
27,5735.2
20,5735.4
8,5735.5
2,5736.5
26,5737.2
11,5737.5
15,5738.0
21,5738.0
13,5738.4
12,5738.6
20,5740.7
27,5740.8
26,5742.0
11,5742.5
5,5742.9
20,5746.2
27,5746.8
15,5747.0
26,5747.3
13,5747.5
11,5747.9
20,5752.2
26,5753.0
11,5753.7
27,5754.2
9,5754.6
16,5757.6
26,5759.3
20,5759.5
11,5760.6
26,5771.1
26,5791.8
11,5792.0
27,5792.3
8,5792.4
18,5792.5
5,5792.6
9,5792.7
28,5792.8
12,5792.8
10,5792.8
13,5792.9
17,5792.9
2,5792.9
15,5793.0
20,5793.0
14,5793.0
24,5793.1
19,5793.2
25,5793.3
7,5793.4
29,5793.4
4,5793.6
22,5793.7
16,5793.8
3,5794.1
30,5794.1
21,5794.3
6,5794.7
23,5794.8
26,5798.3
11,5798.5
27,5799.1
5,5799.5
9,5799.7
20,5799.7
28,5799.7
18,5799.7
8,5799.8
17,5799.9
2,5799.9
15,5800.0
13,5800.0
12,5800.0
25,5800.2
19,5800.2
14,5801.0
22,5801.2
29,5801.5
7,5801.6
16,5801.8
24,5802.5
26,5803.2
11,5803.5
3,5803.5
10,5803.8
21,5804.0
27,5804.6
20,5805.3
5,5805.6
23,5805.7
6,5805.8
4,5806.0
13,5806.1
28,5806.1
15,5806.1
17,5806.4
9,5806.5
25,5806.6
19,5806.6
2,5806.7
18,5806.8
8,5807.3
30,5807.3
12,5807.3
26,5807.8
11,5808.2
22,5809.5
27,5809.9
20,5810.4
16,5811.8
5,5812.1
15,5812.2
13,5812.3
7,5812.3
26,5812.4
14,5812.6
11,5813.0
29,5813.1
25,5814.2
9,5814.4
28,5814.5
19,5814.7
17,5815.0
27,5815.1
20,5815.5
2,5815.9
21,5816.6
26,5817.1
11,5817.9
18,5819.1
13,5819.4
15,5819.4
8,5819.5
27,5820.6
12,5820.7
20,5820.7
26,5821.9
5,5822.2
11,5823.0
20,5826.1
27,5826.5
26,5827.1
11,5828.6
13,5831.6
20,5832.0
26,5832.5
27,5833.2
9,5834.4
11,5834.6
26,5838.4
20,5838.6
11,5843.2
26,5845.1
27,5846.7
20,5852.7
26,5871.8
11,5872.0
27,5872.2
8,5872.4
18,5872.5
5,5872.6
9,5872.6
28,5872.8
12,5872.8
10,5872.8
17,5872.9
2,5872.9
13,5872.9
20,5873.0
15,5873.0
24,5873.1
14,5873.1
19,5873.2
25,5873.3
7,5873.4
29,5873.4
4,5873.6
22,5873.7
16,5873.8
3,5874.1
30,5874.1
21,5874.5
6,5874.6
23,5874.8
26,5878.3
11,5878.5
27,5879.0
5,5879.5
9,5879.7
20,5879.7
8,5879.8
28,5879.8
17,5879.9
18,5879.9
13,5880.0
2,5880.0
12,5880.0
15,5880.0
19,5880.2
25,5880.2
22,5881.3
14,5881.5
29,5881.5
7,5881.7
16,5882.0
24,5882.4
26,5883.1
11,5883.4
3,5883.4
10,5883.5
21,5884.1
27,5884.6
20,5885.3
5,5885.6
23,5885.8
6,5885.9
15,5886.1
13,5886.1
28,5886.4
4,5886.4
9,5886.5
17,5886.6
25,5886.7
2,5886.8
19,5886.8
8,5887.3
12,5887.3
18,5887.4
26,5887.8
11,5888.2
30,5889.4
22,5889.6
27,5890.0
20,5890.6
13,5892.1
15,5892.2
5,5892.2
26,5892.3
7,5892.7
29,5892.8
11,5892.9
16,5893.1
9,5894.2
25,5894.4
14,5894.5
28,5894.6
17,5895.0
2,5895.2
27,5895.5
20,5895.7
21,5895.8
19,5896.0
0,5896.5
26,5896.9
11,5897.8
13,5898.9
8,5899.0
15,5899.3
20,5901.1
27,5901.3
26,5901.6
11,5903.0
5,5903.3
26,5906.4
20,5906.7
27,5907.8
11,5908.7
13,5910.4
26,5911.6
20,5913.0
11,5914.9
26,5917.2
27,5921.0
20,5923.1
26,5923.3
11,5925.4
26,5930.9
8,5962.8
2,5986.4
8,6038.3
9,6043.6
4,6044.1
8,6049.2
9,6055.1
13,6060.3
8,6095.8
9,6098.0
15,6120.2
4,6189.0
26,6257.0
11,6257.2
27,6257.5
8,6257.6
18,6257.7
5,6257.9
9,6257.9
28,6257.9
10,6258.0
12,6258.0
13,6258.1
15,6258.1
17,6258.1
19,6258.1
20,6258.1
2,6258.1
24,6258.3
22,6258.3
25,6258.5
16,6259.0
3,6259.2
30,6259.2
31,6259.4
21,6259.6
6,6259.8
23,6259.9
26,6263.5
11,6264.1
27,6264.2
19,6265.0
28,6265.0
20,6265.1
8,6265.1
5,6265.1
18,6265.1
13,6265.3
15,6265.3
9,6265.3
17,6265.3
12,6265.4
2,6265.4
22,6265.5
25,6265.9
16,6267.4
24,6267.9
26,6268.4
3,6269.4
27,6269.5
31,6269.9
10,6270.0
11,6270.1
20,6270.9
19,6270.9
5,6271.4
13,6271.5
15,6271.5
28,6271.5
21,6271.6
30,6271.8
22,6272.0
17,6272.3
9,6272.3
2,6272.7
25,6272.7
8,6272.9
18,6273.0
23,6273.1
12,6273.2
26,6273.2
6,6273.3
27,6274.3
20,6276.4
11,6276.7
19,6276.8
15,6277.5
13,6277.7
16,6277.8
5,6277.9
26,6277.9
0,6278.6
27,6279.1
22,6279.4
28,6279.9
25,6281.5
20,6281.8
9,6282.0
26,6282.7
19,6283.2
17,6283.3
27,6284.1
15,6284.2
2,6284.8
13,6285.0
5,6286.0
20,6287.4
26,6287.8
11,6288.5
27,6289.4
26,6293.3
20,6293.5
19,6293.7
27,6295.1
15,6296.8
26,6299.4
27,6301.7
20,6301.8
26,6307.6
9,6311.6
8,6311.8
4,6311.9
9,6322.2
4,6324.6
26,6336.8
11,6337.0
27,6337.3
8,6337.3
18,6337.5
12,6337.7
28,6337.7
5,6337.8
10,6337.8
17,6337.9
13,6337.9
19,6337.9
20,6338.0
9,6338.0
2,6338.0
15,6338.0
24,6338.1
22,6338.2
25,6338.4
16,6338.9
3,6338.9
30,6339.0
31,6339.3
21,6339.5
6,6339.6
23,6339.8
26,6343.3
11,6343.8
27,6343.9
8,6344.6
28,6344.7
20,6344.7
19,6344.7
18,6344.8
5,6344.9
12,6344.9
15,6345.0
17,6345.0
9,6345.0
2,6345.1
13,6345.1
22,6345.2
25,6345.3
24,6347.1
16,6347.2
3,6347.8
26,6348.2
10,6349.0
27,6349.1
31,6349.6
11,6349.7
21,6349.9
20,6350.2
19,6350.4
5,6350.9
15,6351.0
28,6351.1
30,6351.1
13,6351.2
9,6351.4
17,6351.5
22,6351.5
8,6351.6
25,6351.7
18,6352.0
12,6352.1
2,6352.2
6,6352.4
23,6352.5
26,6352.8
27,6353.9
20,6355.2
11,6355.9
19,6356.1
15,6356.9
5,6357.0
13,6357.3
26,6357.4
16,6357.7
22,6358.1
28,6358.6
27,6358.7
9,6358.8
25,6359.0
17,6359.3
8,6360.1
20,6360.1
21,6361.6
0,6361.7
19,6362.0
26,6362.1
7,6362.2
18,6362.9
2,6363.2
15,6363.3
27,6363.5
5,6363.7
12,6364.0
11,6364.1
13,6364.4
20,6365.2
26,6367.1
27,6368.6
19,6368.8
22,6368.8
20,6370.5
26,6372.4
9,6372.4
15,6372.9
27,6374.1
5,6375.5
20,6376.2
26,6378.1
27,6380.0
20,6382.5
26,6384.4
27,6387.0
2,6387.8
20,6392.7
26,6394.9
26,6416.7
11,6417.1
8,6417.3
27,6417.3
18,6417.4
12,6417.6
9,6417.7
5,6417.8
2,6417.8
28,6417.8
10,6417.8
19,6417.9
13,6417.9
17,6417.9
15,6417.9
20,6418.0
24,6418.0
22,6418.2
25,6418.3
16,6418.8
30,6419.1
3,6419.2
31,6419.3
6,6419.5
21,6419.5
23,6419.8
26,6423.2
11,6423.9
27,6423.9
19,6424.6
20,6424.7
18,6424.7
8,6424.7
5,6424.8
9,6424.8
28,6424.8
17,6424.9
12,6424.9
15,6424.9
2,6425.0
13,6425.0
22,6425.1
25,6425.2
24,6426.7
16,6427.0
26,6428.1
3,6428.3
10,6428.4
21,6429.0
31,6429.0
27,6429.1
11,6429.8
19,6430.2
20,6430.3
6,6430.8
5,6430.9
15,6430.9
23,6431.0
13,6431.2
22,6431.3
28,6431.3
9,6431.3
30,6431.5
17,6431.6
25,6431.6
2,6431.7
18,6431.9
8,6432.0
12,6432.2
26,6432.7
0,6433.3
27,6433.9
20,6435.5
19,6435.7
11,6436.3
16,6436.3
15,6437.0
5,6437.2
26,6437.3
13,6437.6
22,6438.1
27,6438.7
25,6439.0
9,6439.2
28,6439.8
17,6439.9
7,6440.0
24,6440.0
21,6440.6
20,6440.7
19,6441.4
2,6441.5
14,6442.0
8,6442.0
26,6442.0
18,6443.5
27,6443.5
15,6444.0
12,6444.4
11,6444.7
5,6444.7
20,6445.9
13,6446.5
26,6446.9
19,6447.5
27,6448.6
22,6450.6
20,6451.5
26,6452.1
1,6452.7
27,6454.1
19,6455.3
20,6457.5
26,6457.6
27,6460.0
26,6463.7
20,6465.1
27,6467.4
26,6471.7
26,6496.8
11,6497.0
27,6497.3
8,6497.4
18,6497.5
9,6497.7
28,6497.7
10,6497.8
19,6497.8
5,6497.8
12,6497.8
2,6497.9
13,6497.9
17,6497.9
15,6498.0
20,6498.0
24,6498.1
22,6498.1
25,6498.3
16,6498.8
30,6499.1
3,6499.1
31,6499.3
21,6499.5
6,6499.5
23,6499.8
26,6503.3
11,6503.9
27,6504.0
19,6504.6
28,6504.7
20,6504.7
9,6504.8
18,6504.8
8,6504.8
5,6504.9
17,6504.9
12,6505.0
22,6505.0
2,6505.0
15,6505.0
13,6505.1
25,6505.2
16,6507.0
24,6507.0
26,6508.1
3,6508.3
10,6508.8
27,6509.1
21,6509.2
31,6509.6
11,6509.8
20,6510.3
19,6510.3
6,6510.9
15,6511.0
5,6511.0
23,6511.1
28,6511.2
22,6511.3
13,6511.4
9,6511.5
17,6511.5
25,6511.6
8,6512.0
2,6512.0
30,6512.1
18,6512.1
12,6512.2
26,6512.8
27,6514.0
20,6515.4
19,6515.9
11,6516.0
16,6517.2
15,6517.2
26,6517.3
5,6517.5
7,6517.5
13,6518.1
22,6518.4
27,6518.7
25,6519.4
28,6519.7
17,6520.1
9,6520.4
20,6520.6
24,6520.7
2,6521.2
19,6521.7
26,6521.9
21,6522.4
18,6523.0
8,6523.2
27,6523.6
11,6524.0
15,6524.4
20,6525.9
26,6526.7
5,6527.4
19,6528.0
27,6528.7
13,6529.4
20,6531.5
26,6531.8
27,6534.2
22,6537.1
26,6537.3
20,6537.6
19,6538.2
27,6540.1
26,6543.2
20,6546.5
27,6547.3
26,6550.7
5,6552.3
13,6554.8
4,6557.4
9,6578.6
8,6578.9
4,6579.4
16,6579.7
22,6582.0
9,6589.3
4,6596.4
8,6596.7
13,6677.7
15,6740.0
14,6773.4
1,6773.6
20,6787.2
26,6882.0
11,6882.2
27,6882.3
12,6882.6
8,6882.6
17,6882.7
19,6882.8
9,6882.9
10,6883.0
2,6883.1
15,6883.1
18,6883.1
20,6883.1
13,6883.1
4,6883.2
24,6883.3
22,6883.3
25,6883.5
28,6883.7
16,6884.0
5,6884.1
3,6884.2
31,6884.4
21,6884.5
23,6884.8
6,6884.8
26,6888.5
27,6888.9
11,6889.1
12,6889.5
17,6889.5
19,6889.6
20,6890.1
8,6890.2
13,6890.3
9,6890.3
2,6890.4
15,6890.4
22,6890.6
25,6890.8
4,6891.7
16,6892.5
24,6892.5
26,6893.4
5,6893.4
27,6893.8
18,6893.9
10,6894.2
3,6894.6
28,6894.6
31,6894.8
19,6895.0
11,6895.1
17,6895.2
12,6895.3
20,6895.9
15,6896.5
13,6896.5
21,6896.6
9,6897.2
22,6897.3
2,6897.5
25,6897.7
6,6897.9
8,6898.0
23,6898.1
26,6898.1
0,6899.9
19,6900.2
17,6900.9
20,6901.4
12,6901.5
11,6901.7
15,6902.6
5,6902.7
26,6902.8
13,6902.8
30,6903.0
29,6903.0
16,6904.0
7,6904.6
22,6904.7
19,6905.3
9,6905.9
2,6906.3
25,6906.5
20,6906.7
17,6907.0
26,6907.6
4,6909.3
15,6909.6
12,6909.8
19,6910.7
13,6910.7
27,6911.4
8,6911.6
20,6912.4
26,6912.7
11,6913.5
17,6915.4
27,6915.7
19,6916.5
26,6918.1
20,6918.4
27,6920.2
19,6923.3
26,6924.0
27,6925.0
20,6926.2
6,6929.9
27,6930.1
26,6930.9
27,6935.7
27,6941.9
27,6950.6
31,6958.1
26,6961.8
11,6962.0
27,6962.4
8,6962.4
12,6962.5
17,6962.6
19,6962.7
9,6962.8
10,6962.8
13,6962.9
2,6963.0
18,6963.0
15,6963.0
20,6963.0
24,6963.1
22,6963.2
4,6963.2
25,6963.4
28,6963.5
16,6963.9
5,6964.0
3,6964.2
21,6964.5
6,6964.7
23,6964.8
26,6968.3
27,6968.9
11,6968.9
31,6969.2
17,6969.2
12,6969.3
19,6969.3
8,6969.4
9,6969.5
20,6969.7
15,6970.0
2,6970.1
13,6970.1
22,6970.2
25,6970.3
4,6970.4
24,6972.1
16,6972.1
5,6972.8
10,6973.1
26,6973.2
18,6973.4
3,6973.7
28,6973.8
27,6973.8
19,6974.6
11,6974.8
17,6974.8
12,6975.0
20,6975.2
9,6975.3
8,6975.6
21,6975.8
15,6976.0
13,6976.1
22,6976.6
25,6976.7
2,6977.1
6,6977.3
4,6977.5
23,6977.6
26,6977.9
19,6979.6
17,6980.3
20,6980.3
1,6980.5
31,6980.6
12,6981.0
11,6981.1
9,6981.2
5,6981.8
15,6981.9
13,6982.2
8,6982.5
26,6982.5
16,6982.9
22,6983.3
0,6983.9
7,6984.3
25,6984.4
19,6984.5
20,6985.4
17,6986.0
26,6987.1
9,6987.5
12,6988.0
21,6988.1
15,6988.4
2,6988.7
4,6989.0
13,6989.3
19,6989.6
11,6989.9
20,6990.7
27,6991.5
26,6992.0
17,6992.2
8,6993.3
22,6994.3
19,6995.0
9,6995.2
27,6995.7
20,6996.3
26,6997.2
27,7000.0
15,7000.0
17,7000.9
19,7001.0
20,7002.4
26,7002.8
27,7004.7
19,7008.5
26,7008.9
27,7009.6
20,7010.6
27,7014.9
26,7016.9
16,7018.3
27,7020.6
27,7027.0
27,7037.2
26,7041.8
11,7042.0
8,7042.4
17,7042.5
12,7042.5
19,7042.7
13,7042.7
9,7042.7
10,7042.8
4,7042.9
2,7042.9
20,7042.9
18,7043.0
15,7043.0
24,7043.1
22,7043.2
25,7043.2
27,7043.3
28,7043.4
16,7043.5
5,7043.9
3,7044.1
31,7044.3
21,7044.5
6,7044.5
23,7044.8
27,7048.3
26,7048.3
11,7048.9
12,7049.2
17,7049.2
19,7049.3
20,7049.6
8,7049.8
9,7049.8
13,7049.8
15,7050.0
22,7050.0
2,7050.0
25,7050.2
4,7051.2
16,7051.5
5,7051.9
24,7052.0
26,7053.1
28,7053.3
18,7053.4
3,7053.5
10,7053.6
21,7053.8
31,7054.4
19,7054.6
17,7054.7
11,7054.8
12,7055.0
20,7055.2
23,7055.8
6,7055.9
13,7055.9
15,7056.0
22,7056.3
9,7056.4
25,7056.7
8,7057.0
2,7057.0
26,7057.8
19,7059.7
0,7059.9
17,7060.0
5,7060.0
16,7060.4
20,7060.4
11,7061.0
12,7061.0
13,7061.9
15,7062.0
26,7062.4
4,7062.5
22,7063.1
25,7064.1
9,7064.2
19,7064.7
21,7065.0
17,7065.5
20,7065.5
26,7067.0
2,7067.5
12,7068.0
8,7068.3
15,7068.8
13,7068.9
11,7069.3
19,7070.0
20,7070.7
17,7071.3
26,7071.7
22,7074.5
19,7075.7
20,7076.2
26,7076.6
18,7077.5
17,7077.8
26,7081.9
20,7082.1
19,7082.2
13,7082.3
15,7082.6
26,7087.6
20,7088.7
17,7090.4
27,7090.9
26,7093.9
27,7095.1
27,7099.7
20,7101.2
26,7103.3
27,7104.6
27,7110.0
27,7115.9
26,7121.9
27,7121.9
11,7122.0
8,7122.4
12,7122.4
17,7122.5
9,7122.7
19,7122.7
13,7122.8
20,7122.8
10,7122.9
2,7122.9
4,7123.0
15,7123.0
18,7123.0
24,7123.1
22,7123.2
25,7123.3
28,7123.5
16,7123.6
5,7123.8
3,7124.1
31,7124.2
21,7124.2
23,7124.3
6,7124.6
27,7127.5
26,7128.3
11,7128.8
17,7129.2
12,7129.2
19,7129.3
20,7129.5
8,7129.8
13,7129.9
9,7129.9
15,7130.0
22,7130.0
2,7130.0
25,7130.2
4,7131.4
16,7131.6
5,7132.0
24,7132.3
26,7133.2
18,7133.4
3,7133.5
28,7133.9
10,7133.9
21,7134.0
31,7134.1
19,7134.6
11,7134.6
17,7134.7
12,7135.0
20,7135.2
23,7135.5
15,7136.0
13,7136.0
6,7136.1
22,7136.3
25,7136.5
9,7136.5
2,7136.9
8,7137.0
26,7137.9
1,7139.2
30,7139.3
19,7139.6
17,7140.1
20,7140.3
5,7140.4
0,7140.5
11,7140.7
12,7141.0
16,7141.3
15,7142.0
13,7142.2
26,7142.5
22,7143.0
25,7143.7
9,7144.5
19,7144.7
20,7145.4
17,7145.7
21,7146.4
2,7146.5
7,7146.7
26,7147.1
8,7147.2
11,7147.7
12,7148.1
15,7148.9
13,7149.3
19,7150.0
20,7150.6
17,7151.7
26,7152.0
22,7154.1
19,7155.6
20,7156.2
26,7157.2
17,7158.7
15,7161.5
19,7162.1
20,7162.1
27,7162.2
26,7162.8
27,7166.2
26,7169.0
20,7169.1
27,7170.7
27,7175.4
26,7177.5
27,7180.7
27,7186.3
27,7192.7
27,7205.1
9,7246.9
22,7273.6
15,7304.8
4,7333.5
6,7344.2
27,7426.9
7,7459.8
24,7499.0
26,7507.0
11,7507.2
27,7507.4
12,7507.6
8,7507.6
19,7507.7
17,7507.7
9,7508.0
4,7508.0
10,7508.1
2,7508.1
13,7508.1
15,7508.1
18,7508.1
22,7508.3
16,7508.3
20,7508.6
28,7508.7
25,7509.1
5,7509.1
31,7509.3
21,7509.7
23,7509.7
6,7509.8
24,7510.6
26,7513.4
27,7513.8
11,7513.9
19,7514.3
12,7514.4
17,7514.5
4,7514.8
16,7515.2
8,7515.2
13,7515.2
15,7515.3
2,7515.4
9,7515.5
22,7515.6
20,7515.9
25,7517.0
26,7518.3
5,7518.4
27,7518.7
19,7519.3
18,7519.3
11,7519.4
28,7519.9
10,7519.9
17,7520.1
12,7520.1
31,7520.3
4,7521.1
24,7521.1
13,7521.3
15,7521.5
21,7521.6
16,7521.7
22,7522.3
20,7522.3
9,7522.4
2,7522.6
8,7522.9
26,7523.0
6,7523.1
23,7523.3
27,7523.5
30,7523.7
19,7524.0
1,7524.2
0,7524.5
11,7524.8
7,7525.7
17,7525.8
12,7526.1
25,7526.5
5,7527.3
13,7527.4
15,7527.5
26,7527.7
4,7528.1
19,7528.5
20,7528.8
16,7529.1
22,7529.7
11,7530.4
9,7531.2
17,7531.7
27,7532.2
26,7532.5
19,7533.0
2,7533.1
12,7533.5
21,7533.5
15,7534.3
13,7534.5
27,7536.3
11,7536.3
26,7537.6
19,7537.7
17,7538.4
20,7538.6
4,7540.7
27,7540.7
19,7542.6
26,7543.1
11,7543.1
27,7545.3
15,7548.1
19,7548.1
26,7549.0
27,7550.2
19,7554.0
27,7555.5
26,7555.9
17,7556.9
2,7560.6
27,7561.2
19,7561.7
27,7567.6
26,7577.0
27,7577.3
11,7587.0
26,7587.3
12,7587.4
8,7587.4
19,7587.5
17,7587.5
27,7587.6
9,7587.7
2,7587.7
4,7587.7
13,7587.9
10,7587.9
18,7587.9
24,7588.0
15,7588.0
16,7588.1
22,7588.2
28,7588.3
20,7588.4
25,7589.0
5,7589.0
31,7589.3
6,7589.4
21,7589.4
23,7589.8
11,7593.7
26,7593.7
27,7593.9
19,7594.0
12,7594.2
17,7594.2
4,7594.6
2,7594.7
8,7594.8
9,7594.8
15,7595.0
16,7595.0
13,7595.0
22,7595.2
20,7595.6
25,7596.7
24,7596.9
5,7597.7
18,7598.3
28,7598.4
26,7598.5
27,7598.8
11,7599.0
19,7599.0
10,7599.3
12,7599.8
17,7599.8
31,7599.9
21,7600.6
4,7600.7
13,7601.0
15,7601.0
16,7601.2
9,7601.3
2,7601.5
22,7601.5
20,7601.8
6,7602.6
8,7602.8
23,7602.9
26,7603.2
19,7603.6
27,7603.6
11,7604.2
0,7604.8
17,7605.2
12,7605.6
25,7605.8
5,7606.6
15,7606.9
13,7607.0
4,7607.1
26,7607.8
19,7608.1
20,7608.2
16,7608.3
22,7608.4
29,7608.5
7,7608.7
30,7608.7
9,7609.5
11,7609.5
17,7610.7
2,7611.3
12,7612.0
27,7612.3
26,7612.4
19,7612.5
15,7613.3
21,7613.4
13,7613.8
11,7615.0
27,7616.4
4,7616.5
17,7616.7
19,7617.1
26,7617.1
20,7617.2
22,7619.3
27,7620.7
11,7620.9
16,7621.0
19,7621.9
26,7622.1
15,7622.2
12,7622.4
17,7623.9
27,7625.3
19,7627.2
26,7627.5
13,7627.6
11,7627.9
27,7630.1
19,7632.8
26,7633.2
0,7633.2
27,7635.3
19,7638.8
26,7639.5
27,7640.9
27,7646.9
19,7647.4
26,7648.9
21,7651.0
27,7654.2
9,7658.9
4,7659.4
8,7659.5
26,7666.9
11,7667.0
12,7667.4
27,7667.4
17,7667.5
19,7667.5
9,7667.6
2,7667.8
4,7667.8
10,7667.8
13,7667.9
18,7668.0
15,7668.0
16,7668.0
8,7668.0
24,7668.1
22,7668.2
20,7668.4
28,7668.5
5,7668.8
25,7668.8
31,7669.3
23,7669.5
6,7669.7
21,7670.2
26,7673.3
27,7673.7
11,7673.7
19,7674.0
17,7674.2
4,7674.2
12,7674.2
9,7674.3
16,7674.8
2,7674.9
8,7675.0
22,7675.0
15,7675.0
13,7675.1
20,7675.6
25,7676.5
5,7676.8
24,7677.5
26,7678.2
18,7678.5
27,7678.6
19,7678.9
28,7678.9
10,7679.0
11,7679.0
21,7679.2
31,7679.6
17,7679.7
12,7680.0
4,7680.1
9,7680.6
23,7680.8
16,7680.9
6,7680.9
15,7681.0
13,7681.2
22,7681.4
2,7681.5
20,7681.9
30,7682.2
8,7682.2
26,7682.8
27,7683.4
19,7683.6
11,7684.3
17,7685.1
5,7685.4
12,7685.8
4,7686.0
25,7686.2
15,7687.0
16,7687.3
13,7687.4
9,7687.4
26,7687.4
19,7688.1
22,7688.3
20,7688.5
2,7689.4
11,7689.7
14,7690.5
0,7690.6
21,7690.7
17,7690.7
26,7692.0
12,7692.4
4,7692.5
19,7692.5
15,7693.6
8,7694.9
13,7695.2
11,7695.5
16,7696.3
27,7696.4
26,7696.8
17,7696.8
19,7697.0
9,7698.5
20,7699.2
22,7699.2
27,7700.6
19,7701.7
11,7701.9
26,7701.9
4,7702.7
6,7703.2
12,7703.6
15,7704.5
27,7704.8
17,7704.9
19,7706.8
26,7707.3
27,7709.4
19,7712.4
26,7713.1
27,7714.1
11,7714.2
19,7718.4
27,7719.2
26,7719.8
13,7723.0
27,7724.7
19,7726.7
27,7730.5
26,7733.7
27,7736.9
27,7746.7
11,7747.0
26,7747.1
12,7747.4
8,7747.4
19,7747.5
17,7747.5
4,7747.7
9,7747.7
10,7747.8
2,7747.9
13,7747.9
15,7748.0
18,7748.0
16,7748.0
24,7748.1
22,7748.2
20,7748.4
28,7748.5
25,7748.9
5,7749.0
31,7749.3
21,7749.4
6,7749.6
23,7749.8
27,7752.9
26,7753.6
11,7753.7
19,7754.0
12,7754.2
17,7754.2
4,7754.6
9,7754.8
16,7754.8
2,7754.9
8,7754.9
15,7755.0
13,7755.0
22,7755.1
20,7755.6
25,7756.6
5,7757.0
24,7757.1
27,7757.9
10,7758.4
18,7758.4
26,7758.5
19,7758.9
28,7758.9
11,7759.0
21,7759.0
31,7759.5
17,7759.7
12,7759.9
4,7760.6
16,7760.9
6,7760.9
15,7761.1
13,7761.1
23,7761.2
9,7761.4
22,7761.4
2,7761.6
20,7761.9
8,7762.4
26,7763.2
19,7763.6
11,7764.2
17,7765.1
25,7765.2
5,7765.4
12,7765.8
15,7767.1
4,7767.1
13,7767.3
16,7767.5
26,7767.8
19,7768.0
22,7768.2
20,7768.7
9,7769.5
11,7769.6
2,7770.2
21,7770.4
17,7770.7
12,7772.2
26,7772.4
19,7772.5
15,7773.9
13,7774.8
11,7775.3
4,7775.7
17,7776.8
19,7777.0
26,7777.3
16,7777.9
22,7779.3
8,7779.9
20,7780.3
11,7781.7
19,7781.8
26,7782.4
12,7783.1
27,7783.7
17,7784.6
15,7787.0
19,7787.0
26,7787.9
27,7788.0
11,7791.6
27,7792.5
19,7792.6
26,7793.8
27,7797.3
19,7799.0
26,7800.8
27,7802.6
27,7808.2
19,7810.4
27,7814.3
27,7822.9
14,7880.9
6,7894.8
24,7915.5
15,8022.4
12,8022.6
26,8132.1
11,8132.2
27,8132.4
9,8132.5
2,8132.5
16,8132.5
8,8132.6
4,8132.7
18,8132.9
19,8132.9
12,8132.9
20,8132.9
17,8133.0
10,8133.1
15,8133.2
24,8133.3
22,8133.3
5,8134.0
13,8134.1
25,8134.1
31,8134.4
6,8134.6
21,8134.6
23,8134.8
27,8138.8
26,8138.8
11,8138.9
16,8139.3
2,8139.4
9,8139.5
4,8139.6
19,8139.6
20,8139.8
12,8140.1
8,8140.2
17,8140.2
15,8140.3
22,8140.6
25,8141.8
24,8142.7
5,8143.3
18,8143.4
27,8143.7
11,8144.3
26,8144.5
10,8144.7
31,8144.8
16,8145.2
19,8145.2
2,8145.5
13,8145.6
20,8145.7
4,8145.8
9,8145.9
15,8146.4
21,8146.4
17,8147.1
22,8147.1
12,8147.3
6,8148.2
23,8148.4
27,8148.5
8,8149.2
11,8149.7
26,8150.2
19,8150.4
30,8150.5
25,8151.0
16,8151.1
20,8151.5
2,8151.9
15,8152.4
9,8152.5
5,8152.8
4,8152.8
27,8152.9
22,8154.3
1,8154.7
11,8155.2
19,8155.5
17,8156.0
26,8156.4
27,8157.1
16,8157.3
20,8157.5
13,8158.3
15,8159.1
19,8160.9
11,8161.2
27,8161.4
2,8161.7
9,8162.5
20,8164.7
16,8165.1
26,8165.4
4,8165.4
27,8165.9
19,8166.8
11,8168.5
27,8170.7
15,8172.2
19,8174.0
27,8176.0
27,8181.6
27,8187.9
27,8199.3
26,8211.9
11,8212.0
9,8212.2
16,8212.3
2,8212.4
8,8212.4
27,8212.5
19,8212.7
12,8212.7
4,8212.7
20,8212.8
24,8212.8
10,8212.8
17,8212.9
15,8213.0
18,8213.0
22,8213.2
13,8213.5
25,8214.0
5,8214.0
31,8214.3
21,8214.5
6,8214.7
23,8214.8
26,8218.6
11,8218.7
27,8218.9
9,8219.0
16,8219.0
2,8219.1
19,8219.3
20,8219.5
4,8219.6
12,8219.9
15,8220.0
8,8220.0
17,8220.0
22,8220.2
24,8221.5
25,8221.7
5,8222.8
18,8223.4
27,8223.8
11,8224.0
26,8224.2
10,8224.3
13,8224.4
31,8224.5
19,8224.7
16,8224.7
20,8225.1
2,8225.1
9,8225.1
21,8225.6
4,8225.8
15,8226.0
22,8226.4
17,8226.7
12,8227.0
6,8227.5
23,8228.0
8,8228.1
27,8228.5
11,8229.2
26,8229.8
19,8229.8
0,8230.0
16,8230.4
20,8230.4
25,8230.9
1,8231.0
2,8231.4
9,8231.5
15,8231.9
5,8232.0
24,8232.2
4,8232.6
27,8232.9
22,8233.1
11,8234.5
19,8234.8
17,8235.0
13,8235.6
26,8235.8
20,8235.8
16,8236.2
7,8236.7
27,8237.2
8,8237.6
9,8237.7
12,8237.7
15,8238.3
21,8238.5
14,8239.0
4,8239.4
2,8239.4
19,8240.1
11,8240.1
20,8241.3
27,8241.5
16,8242.7
26,8243.4
9,8243.9
22,8244.2
19,8245.7
27,8246.0
11,8246.2
20,8247.3
4,8247.4
15,8247.9
27,8250.7
9,8251.1
19,8251.8
16,8253.6
11,8254.6
20,8254.7
27,8255.8
1,8257.7
19,8260.8
27,8261.3
27,8267.3
27,8274.2
2,8286.8
21,8287.5
17,8288.2
27,8291.8
26,8291.9
11,8292.0
9,8292.3
8,8292.4
16,8292.5
4,8292.7
19,8292.7
12,8292.7
20,8292.8
10,8292.8
18,8292.9
15,8293.0
24,8293.0
22,8293.2
2,8293.4
25,8293.9
5,8294.0
13,8294.1
31,8294.2
6,8294.6
23,8294.8
17,8295.3
21,8296.3
27,8298.1
11,8298.6
26,8298.6
2,8299.0
9,8299.1
16,8299.2
19,8299.3
4,8299.5
20,8299.6
8,8299.9
12,8299.9
15,8300.0
22,8300.0
17,8301.4
25,8301.6
24,8301.7
5,8302.1
18,8303.0
27,8303.1
13,8303.4
10,8303.6
31,8303.8
11,8304.0
26,8304.1
21,8304.1
2,8304.3
19,8304.7
16,8304.9
9,8305.1
20,8305.3
4,8305.6
6,8305.7
15,8306.1
22,8306.3
23,8306.3
12,8306.9
8,8307.4
17,8307.6
11,8309.2
2,8309.5
26,8309.7
19,8309.8
5,8310.5
16,8310.5
20,8310.7
25,8311.0
9,8311.3
15,8312.2
4,8312.2
22,8313.3
24,8314.5
11,8314.6
21,8314.9
19,8314.9
2,8314.9
13,8315.0
17,8315.1
26,8315.6
20,8316.3
16,8316.4
9,8318.2
12,8319.0
15,8319.3
19,8320.2
11,8320.3
2,8320.7
20,8322.1
4,8322.4
26,8322.6
16,8322.9
27,8324.8
19,8326.0
22,8326.3
11,8326.7
2,8327.2
20,8328.7
27,8329.1
9,8330.8
19,8332.5
27,8333.6
16,8334.6
27,8338.4
2,8338.8
11,8340.9
20,8342.5
27,8343.5
27,8349.0
9,8353.4
27,8355.0
27,8362.5
26,8371.9
11,8372.0
2,8372.3
9,8372.4
8,8372.4
16,8372.5
27,8372.5
19,8372.7
4,8372.7
12,8372.7
17,8372.8
20,8372.8
10,8372.8
15,8373.0
18,8373.0
24,8373.1
22,8373.2
25,8373.9
5,8374.0
13,8374.1
31,8374.2
21,8374.5
6,8374.7
23,8374.8
26,8378.6
11,8378.6
27,8378.7
2,8379.1
16,8379.2
9,8379.2
19,8379.4
4,8379.6
20,8379.6
8,8379.8
17,8379.8
12,8379.9
15,8380.0
22,8380.1
25,8381.6
24,8382.1
5,8382.3
13,8383.3
27,8383.6
18,8383.7
11,8383.9
21,8384.0
26,8384.0
31,8384.2
10,8384.3
19,8384.7
16,8384.9
2,8385.0
9,8385.2
20,8385.4
4,8385.7
6,8385.8
15,8386.1
22,8386.3
17,8386.4
23,8386.4
12,8386.8
8,8387.7
11,8389.2
26,8389.6
0,8389.7
28,8389.7
19,8389.8
16,8390.5
20,8391.0
2,8391.1
5,8391.1
25,8391.2
9,8391.3
1,8392.0
15,8392.3
4,8392.5
22,8393.2
13,8393.7
14,8394.0
17,8394.0
11,8394.5
19,8394.9
26,8395.4
16,8396.6
20,8396.7
27,8397.0
21,8397.2
12,8397.8
2,8397.9
9,8398.4
15,8399.7
11,8400.1
19,8400.3
27,8401.2
26,8402.0
20,8403.0
4,8403.6
16,8403.7
22,8404.8
27,8405.5
19,8406.1
11,8406.2
27,8410.1
9,8410.6
2,8410.8
19,8412.8
20,8413.4
11,8414.7
27,8415.0
26,8415.4
27,8420.2
27,8425.9
19,8426.6
27,8432.2
24,8437.9
27,8442.8
2,8446.0
27,8466.1
24,8630.8
2,8640.0
4,8666.8
9,8705.2
26,8757.4
9,8757.5
16,8757.5
2,8757.6
27,8757.6
12,8757.9
11,8757.9
19,8757.9
4,8757.9
20,8757.9
24,8758.1
15,8758.1
18,8758.1
8,8758.1
17,8758.1
22,8758.3
5,8759.1
25,8759.1
13,8759.2
31,8759.4
21,8759.6
6,8759.8
3,8759.8
23,8759.8
27,8764.2
16,8764.3
9,8764.5
19,8764.6
26,8764.6
2,8764.8
4,8764.8
20,8764.9
11,8765.0
12,8765.1
17,8765.3
15,8765.3
22,8765.6
25,8767.0
24,8767.2
5,8768.5
27,8769.2
18,8769.2
8,8769.3
19,8770.1
16,8770.2
31,8770.3
13,8770.5
20,8770.8
9,8770.8
4,8771.1
15,8771.4
11,8771.6
2,8771.7
26,8771.8
21,8772.0
22,8772.2
12,8772.2
17,8772.3
6,8773.1
23,8773.5
27,8773.9
19,8775.3
16,8776.1
0,8776.6
20,8776.6
9,8777.0
25,8777.1
15,8777.4
5,8777.9
27,8778.5
4,8778.6
29,8779.5
22,8779.6
2,8780.3
19,8780.6
11,8781.4
13,8781.6
16,8782.2
20,8782.8
17,8783.1
27,8783.1
15,8783.8
9,8784.5
26,8784.6
12,8785.5
19,8786.1
27,8787.9
16,8790.0
20,8791.1
19,8792.1
27,8793.0
15,8793.4
6,8795.9
27,8798.6
19,8800.0
27,8804.7
27,8814.0
9,8820.8
26,8837.3
9,8837.4
27,8837.5
16,8837.5
2,8837.6
11,8837.7
19,8837.7
12,8837.8
20,8837.8
4,8837.8
15,8838.0
17,8838.0
8,8838.0
24,8838.0
18,8838.1
22,8838.2
25,8838.9
13,8839.0
5,8839.0
31,8839.4
6,8839.6
21,8839.6
23,8839.8
27,8844.0
16,8844.1
9,8844.3
19,8844.4
26,8844.5
2,8844.6
20,8844.6
4,8844.7
11,8844.8
12,8844.9
15,8845.0
17,8845.0
22,8845.2
25,8846.5
24,8846.9
5,8847.8
8,8848.1
18,8848.8
27,8849.0
19,8849.7
16,8849.9
31,8849.9
13,8850.0
9,8850.2
20,8850.3
4,8850.9
2,8851.0
15,8851.0
21,8851.2
11,8851.3
26,8851.6
22,8851.6
17,8851.8
12,8851.8
6,8852.4
23,8853.0
27,8853.7
19,8854.8
25,8855.4
16,8855.6
20,8855.8
9,8856.4
29,8856.7
5,8856.8
15,8856.8
27,8858.2
4,8858.3
22,8858.5
2,8858.5
19,8859.8
11,8860.1
17,8860.4
13,8861.4
16,8861.4
20,8861.5
12,8862.5
27,8862.8
15,8862.9
26,8863.1
9,8863.4
19,8864.9
27,8867.6
20,8867.6
16,8867.8
15,8870.4
19,8870.5
22,8872.2
27,8872.7
24,8874.4
20,8875.5
9,8876.3
19,8876.5
16,8877.6
27,8878.3
27,8884.3
19,8884.6
27,8892.8
9,8907.9
27,8916.9
26,8917.2
16,8917.4
2,8917.5
11,8917.7
4,8917.7
19,8917.7
12,8917.7
20,8917.8
17,8917.9
8,8918.0
24,8918.0
15,8918.0
18,8918.0
9,8918.1
22,8918.2
25,8918.8
13,8919.0
5,8919.0
31,8919.4
6,8919.5
21,8919.5
23,8919.7
27,8923.3
16,8924.0
19,8924.3
26,8924.4
2,8924.5
4,8924.6
20,8924.6
11,8924.7
12,8924.8
9,8924.8
17,8924.9
15,8925.0
22,8925.1
25,8926.4
5,8927.0
24,8927.1
27,8928.3
13,8928.3
18,8928.7
8,8928.9
21,8929.3
31,8929.5
16,8929.7
19,8929.7
20,8930.3
6,8930.5
23,8930.5
9,8930.7
4,8930.8
2,8931.0
15,8931.1
22,8931.3
11,8931.3
26,8931.5
17,8931.6
12,8931.7
27,8933.0
19,8934.8
25,8935.2
16,8935.2
5,8935.7
20,8935.9
9,8936.9
28,8937.0
15,8937.2
27,8937.4
4,8937.9
22,8938.4
2,8938.8
19,8939.9
17,8940.5
16,8940.7
13,8940.8
11,8941.1
20,8941.6
21,8941.9
27,8941.9
26,8942.6
12,8943.0
9,8943.9
15,8944.0
19,8945.2
16,8946.5
27,8946.5
18,8947.5
20,8947.8
19,8950.8
27,8951.3
4,8951.6
16,8952.7
27,8956.4
20,8957.0
19,8957.2
9,8957.5
15,8957.6
6,8960.5
16,8961.7
17,8962.0
27,8962.0
27,8968.0
19,8968.9
27,8975.4
26,8997.2
9,8997.3
27,8997.4
16,8997.5
12,8997.6
2,8997.6
4,8997.6
19,8997.7
11,8997.7
17,8997.8
20,8997.8
18,8997.9
15,8998.0
24,8998.1
8,8998.1
22,8998.2
25,8998.9
5,8999.0
13,8999.2
31,8999.3
21,8999.5
6,8999.7
23,8999.8
27,9003.8
16,9004.1
9,9004.2
19,9004.4
26,9004.4
4,9004.5
20,9004.6
11,9004.7
2,9004.7
12,9004.7
17,9004.9
15,9005.0
22,9005.1
25,9006.4
5,9006.9
18,9007.3
24,9007.4
13,9008.6
27,9008.8
8,9009.2
21,9009.3
31,9009.5
19,9009.7
16,9009.9
9,9010.2
20,9010.4
4,9010.7
6,9010.8
23,9011.0
15,9011.1
11,9011.2
2,9011.2
22,9011.4
12,9011.5
17,9011.6
26,9011.6
27,9013.4
19,9014.8
25,9015.0
16,9015.5
5,9015.7
20,9015.9
9,9016.6
15,9017.2
27,9017.9
4,9018.0
22,9018.8
2,9019.7
19,9019.9
11,9020.3
17,9020.5
13,9020.7
16,9021.3
20,9021.7
12,9022.2
27,9022.5
9,9024.2
26,9024.2
15,9024.4
19,9025.3
27,9027.2
20,9027.8
16,9027.8
19,9031.1
27,9032.2
20,9036.2
27,9037.6
19,9037.9
16,9039.3
27,9043.4
27,9050.0
26,9051.2
27,9064.2
11,9070.8
27,9094.6
21,9181.1
24,9186.1
27,9186.8
0,9230.7
16,9231.1
9,9232.7
0,9303.8
6,9304.7
1,9324.8
28,9351.2
9,9375.0
4,9375.4
8,9375.5
26,9382.4
9,9382.6
16,9382.7
19,9382.8
2,9382.8
20,9382.9
27,9383.0
15,9383.1
18,9383.1
17,9383.1
11,9383.1
4,9383.2
3,9383.2
22,9383.3
12,9383.5
25,9384.1
5,9384.1
13,9384.2
31,9384.4
8,9384.4
21,9384.6
6,9384.9
23,9384.9
9,9389.1
26,9389.4
19,9389.5
4,9389.5
16,9389.5
27,9389.7
20,9389.9
2,9390.0
15,9390.1
17,9390.3
22,9390.6
11,9390.9
25,9392.0
12,9393.2
3,9393.3
5,9393.4
18,9394.0
8,9394.1
9,9394.9
19,9395.0
31,9395.3
16,9395.4
27,9395.4
4,9395.5
20,9395.7
26,9395.8
15,9396.2
13,9396.2
2,9396.9
21,9396.9
22,9397.2
17,9397.5
6,9397.9
23,9398.7
0,9399.9
11,9400.0
19,9400.1
9,9400.7
27,9401.1
16,9401.4
20,9401.6
25,9401.7
4,9401.8
15,9402.0
5,9404.1
26,9404.5
22,9404.6
30,9404.7
19,9405.2
1,9405.6
2,9405.7
17,9406.4
9,9406.6
27,9407.0
14,9407.0
16,9407.8
20,9407.9
13,9408.2
15,9408.3
4,9409.3
19,9410.5
9,9413.2
27,9413.9
20,9415.9
21,9415.9
19,9416.1
15,9416.4
16,9416.7
19,9422.3
9,9423.7
4,9429.6
2,9430.1
19,9432.4
9,9462.2
26,9462.2
16,9462.6
2,9462.6
4,9462.7
20,9462.8
19,9462.8
11,9462.9
17,9462.9
27,9462.9
8,9463.0
15,9463.0
3,9463.0
18,9463.0
22,9463.1
12,9463.4
25,9464.0
5,9464.0
13,9464.1
31,9464.2
21,9464.5
6,9464.7
23,9464.7
9,9469.0
26,9469.2
16,9469.2
19,9469.4
2,9469.6
20,9469.6
4,9469.6
27,9469.6
15,9469.9
17,9470.0
22,9470.2
11,9470.6
25,9471.7
5,9472.8
3,9472.9
12,9473.4
8,9473.6
18,9473.8
31,9474.6
19,9474.8
16,9474.9
9,9475.0
13,9475.2
20,9475.2
27,9475.3
26,9475.6
4,9475.7
15,9475.9
21,9476.0
2,9476.1
22,9476.6
17,9476.7
6,9477.9
23,9478.1
11,9479.2
10,9479.6
19,9479.8
16,9480.6
20,9480.8
27,9480.8
25,9481.0
9,9481.0
15,9481.7
0,9482.2
4,9482.5
5,9482.8
2,9483.5
26,9483.6
22,9483.9
17,9484.7
19,9484.8
30,9485.6
20,9486.4
16,9486.4
27,9486.6
9,9487.4
15,9487.8
1,9487.9
13,9488.6
19,9490.0
20,9492.4
16,9492.7
27,9492.8
4,9493.4
15,9495.1
19,9495.5
9,9496.6
20,9499.2
27,9501.0
16,9501.4
19,9501.5
19,9509.0
2,9528.5
9,9535.3
26,9542.2
16,9542.5
19,9542.7
17,9542.7
4,9542.7
8,9542.7
20,9542.8
27,9542.8
11,9542.9
3,9543.0
15,9543.0
18,9543.0
9,9543.0
2,9543.1
22,9543.2
12,9543.3
25,9543.9
5,9544.0
13,9544.1
31,9544.3
21,9544.5
6,9544.7
23,9544.8
16,9549.2
26,9549.2
19,9549.3
9,9549.3
27,9549.4
4,9549.6
20,9549.6
17,9549.8
15,9550.0
22,9550.1
2,9550.1
11,9550.5
25,9551.6
5,9552.1
8,9552.9
3,9553.0
13,9553.3
12,9553.3
18,9553.5
21,9553.8
31,9554.4
19,9554.7
16,9554.8
27,9555.0
9,9555.1
20,9555.3
26,9555.4
4,9555.8
6,9555.9
15,9556.0
23,9556.2
22,9556.3
17,9556.3
2,9556.6
11,9558.6
19,9559.7
27,9560.3
16,9560.4
25,9560.6
20,9560.9
9,9560.9
5,9561.3
15,9562.1
26,9562.6
4,9562.8
1,9563.2
22,9563.4
2,9563.8
17,9564.1
13,9564.4
19,9564.7
7,9565.6
27,9565.7
16,9566.1
10,9566.2
20,9566.6
9,9566.8
21,9567.3
15,9568.7
19,9570.0
27,9571.5
16,9572.1
20,9572.7
9,9573.5
19,9575.6
27,9577.7
16,9578.8
20,9580.8
15,9581.1
19,9581.8
9,9584.7
27,9587.5
16,9591.4
19,9591.8
18,9611.2
13,9612.0
15,9614.4
2,9621.6
26,9622.2
9,9622.3
16,9622.4
4,9622.7
19,9622.7
20,9622.8
17,9622.8
11,9622.9
27,9622.9
3,9623.0
8,9623.0
22,9623.2
12,9623.3
15,9623.8
25,9623.9
5,9624.0
31,9624.3
21,9624.5
6,9624.7
18,9624.9
23,9625.0
13,9625.6
2,9628.7
16,9629.1
9,9629.1
26,9629.2
19,9629.3
27,9629.5
4,9629.6
20,9629.6
17,9629.8
22,9630.1
11,9630.6
15,9630.7
25,9631.6
5,9632.2
3,9632.7
12,9632.9
8,9633.3
13,9633.7
31,9634.2
21,9634.3
16,9634.7
19,9634.7
2,9635.1
27,9635.1
9,9635.2
6,9635.2
20,9635.3
26,9635.5
4,9635.8
17,9636.3
22,9636.4
23,9636.5
15,9636.8
18,9636.9
11,9639.8
19,9639.8
16,9640.3
27,9640.4
20,9640.9
25,9640.9
9,9641.3
5,9641.7
2,9642.7
4,9643.0
15,9643.0
26,9643.2
22,9643.6
17,9644.0
13,9644.5
19,9644.9
16,9645.8
27,9645.9
20,9646.6
9,9648.0
15,9650.2
19,9650.3
27,9651.7
16,9651.7
20,9652.7
19,9656.0
2,9656.4
4,9656.7
27,9658.2
16,9658.4
9,9658.9
20,9660.9
19,9662.6
15,9663.6
27,9670.6
16,9671.2
4,9700.2
11,9700.3
6,9704.5
6,9766.2
14,9798.9
6,9905.5
18,9949.3
