5,87.3
25,87.3
10,87.3
6,87.5
12,87.5
17,87.5
13,87.6
29,87.6
2,87.7
14,87.7
19,87.8
27,87.9
30,88.0
23,88.0
31,88.1
20,88.2
7,88.2
0,88.2
8,88.3
24,88.3
26,88.4
1,88.4
11,88.4
16,88.6
15,89.1
22,89.1
5,93.8
25,94.0
10,94.1
17,94.3
14,94.6
6,94.6
12,94.7
2,94.8
30,94.9
29,94.9
31,95.2
23,95.2
27,95.2
20,95.4
19,95.4
26,96.4
11,96.9
13,97.5
8,98.4
5,98.8
24,99.0
22,99.0
25,99.4
10,99.7
0,99.9
7,100.1
17,100.1
14,100.8
30,101.1
1,101.2
2,101.6
6,101.8
31,102.0
12,102.1
29,102.4
20,102.7
15,102.7
23,102.9
27,103.2
5,103.6
25,104.5
19,105.0
10,105.4
17,106.1
3,106.8
26,107.4
14,107.8
5,108.4
16,108.7
30,108.8
11,109.0
25,109.8
2,110.7
10,111.7
17,113.2
5,113.3
31,113.4
25,115.4
9,116.4
5,118.7
25,121.6
10,122.6
5,124.6
5,132.2
25,132.3
10,167.1
5,167.1
25,167.1
6,167.2
17,167.3
13,167.3
12,167.3
29,167.5
14,167.6
2,167.6
19,167.6
23,167.8
27,167.8
31,167.9
30,167.9
8,168.0
0,168.0
20,168.0
7,168.0
1,168.1
26,168.2
24,168.2
16,168.2
11,168.3
15,168.6
22,168.9
5,173.6
25,173.8
10,173.9
17,174.1
6,174.4
14,174.5
12,174.5
2,174.6
29,174.7
30,174.8
31,175.0
23,175.0
27,175.1
19,175.2
20,175.2
26,176.1
11,176.7
13,176.8
8,177.5
5,178.4
24,178.4
0,178.7
22,179.0
25,179.0
10,179.4
7,179.5
17,179.9
1,180.0
15,180.5
14,180.6
30,180.9
2,181.1
6,181.2
31,181.5
12,181.5
29,181.8
23,182.1
20,182.2
27,182.8
5,183.1
19,183.8
25,183.9
10,185.0
3,185.1
17,185.6
26,185.8
14,187.2
30,187.6
5,187.8
11,188.4
16,188.4
2,188.5
25,188.9
31,190.4
10,190.9
6,191.9
17,191.9
5,192.4
29,193.1
13,193.5
25,193.7
12,194.0
23,194.8
20,194.9
19,195.6
10,196.7
5,197.3
25,198.6
14,199.9
30,201.0
17,201.3
5,202.5
10,202.7
25,203.6
27,207.0
5,208.2
25,208.9
10,209.8
25,214.6
5,214.6
25,221.0
5,225.6
25,232.7
9,234.6
10,236.9
1,238.6
5,247.0
13,247.2
17,247.2
6,247.2
25,247.3
12,247.3
29,247.4
19,247.4
2,247.5
10,247.6
14,247.6
27,247.7
23,247.8
30,247.8
0,247.9
31,247.9
7,247.9
8,248.0
24,248.0
20,248.0
26,248.2
11,248.2
16,248.3
15,248.9
22,249.0
1,251.1
5,253.5
17,254.0
25,254.0
10,254.2
6,254.3
12,254.3
29,254.5
2,254.5
14,254.5
30,254.7
19,254.8
27,254.9
23,254.9
31,255.0
20,255.2
13,255.8
26,256.0
11,256.3
8,257.2
24,257.5
0,257.8
5,258.3
22,258.8
7,259.0
25,259.1
17,259.7
10,259.8
15,260.3
14,260.5
30,260.7
2,260.9
6,261.0
12,261.1
29,261.3
31,261.6
16,261.7
27,262.0
23,262.1
20,262.2
19,262.6
5,263.0
25,264.0
3,265.1
10,265.2
17,265.3
26,265.5
11,266.4
14,267.1
30,267.3
5,267.5
2,268.2
13,268.7
25,268.7
19,270.2
10,270.6
17,271.0
6,271.1
12,271.7
31,271.7
5,272.1
29,272.4
20,273.1
25,273.3
23,275.3
27,275.4
10,275.7
5,276.8
17,277.5
25,278.0
30,278.4
14,278.8
13,280.8
10,281.0
19,281.4
5,281.7
25,282.7
10,286.6
5,287.0
25,287.8
17,290.1
5,292.7
10,292.9
25,293.3
5,298.9
25,299.3
10,302.9
25,307.1
5,308.4
20,332.2
2,343.1
3,390.3
6,434.9
25,455.2
28,474.7
0,480.8
10,483.2
10,514.5
3,515.7
12,556.0
9,569.4
16,569.8
26,570.1
9,582.2
5,632.3
10,632.3
25,632.3
17,632.4
6,632.4
12,632.4
29,632.6
13,632.6
19,632.7
2,632.7
14,632.7
27,632.8
23,632.9
30,633.0
31,633.1
20,633.1
0,633.2
7,633.2
24,633.2
8,633.2
26,633.4
11,633.4
1,633.4
16,633.6
22,634.0
15,634.1
5,638.7
25,638.9
10,639.0
17,639.3
6,639.5
12,639.5
14,639.6
30,639.8
29,639.8
2,639.8
27,640.0
23,640.1
31,640.1
20,640.3
19,640.4
26,641.2
11,641.5
13,641.8
8,642.9
24,643.0
0,643.4
5,643.6
22,643.6
25,644.0
7,644.3
10,644.5
17,645.0
1,645.5
14,645.6
30,645.8
15,646.1
12,646.1
6,646.1
2,646.2
29,646.7
31,646.8
20,647.0
27,647.2
23,647.3
5,648.3
25,648.9
19,648.9
3,649.7
26,649.7
10,650.0
17,650.6
11,651.4
14,652.0
16,652.4
30,652.4
5,653.0
2,653.5
25,653.8
31,655.2
6,655.2
20,655.3
12,655.4
10,655.6
17,656.6
29,657.4
5,657.7
25,658.7
23,659.8
27,660.2
14,661.5
10,661.7
5,662.6
17,663.7
25,663.9
30,664.3
2,666.4
5,667.9
25,669.4
10,670.8
5,673.5
25,675.3
5,679.9
25,682.1
5,691.1
5,712.0
10,712.1
25,712.1
17,712.2
6,712.2
12,712.3
13,712.4
29,712.4
19,712.5
2,712.5
14,712.6
23,712.6
0,712.7
27,712.7
31,712.8
30,712.9
20,713.0
8,713.0
24,713.0
7,713.0
26,713.2
1,713.2
11,713.3
16,713.3
15,713.9
22,713.9
5,718.5
25,718.7
10,718.8
17,719.0
12,719.3
6,719.3
14,719.5
2,719.5
29,719.5
23,719.7
30,719.7
31,719.8
27,719.9
19,720.0
20,720.1
26,720.9
11,721.4
13,721.5
8,722.4
24,722.4
0,722.6
7,723.0
5,723.3
22,723.6
25,723.7
10,724.2
17,724.6
1,725.1
15,725.2
14,725.5
30,725.8
2,725.8
6,725.9
12,726.0
31,726.2
29,726.2
16,726.4
23,726.6
20,726.8
27,727.0
5,727.9
19,728.1
25,728.5
10,729.5
26,729.7
17,730.1
14,731.9
11,732.2
2,732.3
5,732.5
30,732.6
25,733.1
31,733.7
29,734.9
10,735.0
6,735.0
12,735.4
20,735.6
17,735.8
5,737.0
25,737.8
23,737.9
21,738.4
13,738.9
10,740.2
27,740.4
0,740.6
19,740.8
14,741.0
5,741.7
2,741.8
17,741.9
25,742.6
10,745.4
30,745.6
5,746.7
25,747.4
17,750.5
10,750.7
13,752.1
5,752.1
25,752.2
10,756.3
29,757.2
25,757.3
5,757.9
10,762.4
25,762.7
5,764.7
25,768.6
0,770.2
10,771.1
11,771.2
25,775.5
5,776.7
17,783.5
10,792.0
25,792.0
13,792.1
5,792.2
6,792.2
12,792.3
29,792.4
19,792.4
2,792.4
14,792.6
27,792.7
23,792.8
7,792.9
31,792.9
17,792.9
30,792.9
0,792.9
24,793.0
20,793.0
8,793.1
26,793.2
16,793.3
1,793.3
11,793.5
15,793.7
22,793.9
25,798.6
10,798.6
5,798.7
12,799.3
6,799.3
2,799.4
14,799.5
29,799.5
17,799.5
30,799.7
27,799.9
23,799.9
31,800.0
19,800.0
20,800.1
26,800.9
13,800.9
11,801.7
0,802.5
24,802.5
8,802.6
22,803.2
7,803.3
5,803.5
25,803.6
10,803.8
1,805.1
17,805.2
15,805.4
14,805.4
30,805.6
2,805.7
12,805.9
6,806.0
29,806.1
31,806.4
16,806.7
20,806.8
23,807.0
27,807.0
5,808.1
25,808.3
19,808.4
10,808.9
3,809.5
26,809.8
17,810.8
14,811.7
2,812.1
30,812.1
5,812.7
25,812.8
11,813.0
13,813.3
10,813.7
12,814.0
31,814.1
6,814.9
20,815.4
29,815.4
0,815.4
17,816.5
19,816.6
5,817.2
25,817.4
10,818.4
27,818.8
23,819.1
14,820.3
2,820.8
30,821.8
5,821.9
25,822.0
17,822.7
10,823.1
13,826.0
25,826.5
5,826.9
10,828.0
25,831.3
17,831.8
5,832.3
10,833.2
25,836.4
5,838.0
10,838.8
25,841.8
5,844.6
10,845.0
25,847.8
25,854.8
10,854.9
5,857.8
25,872.0
10,872.2
12,872.2
17,872.2
6,872.2
5,872.3
13,872.3
29,872.4
14,872.5
19,872.5
2,872.5
27,872.7
30,872.8
23,872.8
31,872.9
0,872.9
7,872.9
24,873.0
20,873.0
8,873.0
26,873.2
1,873.2
16,873.3
11,873.3
15,873.9
22,873.9
25,878.6
5,878.8
10,878.8
17,879.0
6,879.3
14,879.3
12,879.3
29,879.5
2,879.5
30,879.6
23,879.9
27,879.9
31,880.0
20,880.1
19,880.1
26,881.0
13,881.0
11,881.3
8,881.8
24,882.5
0,882.5
22,883.0
7,883.5
5,883.6
25,883.6
10,884.2
17,884.6
1,885.2
14,885.3
30,885.6
15,885.7
2,885.8
12,885.8
6,886.0
16,886.3
29,886.4
31,886.5
20,886.8
23,887.1
27,887.1
25,888.3
5,888.3
19,888.4
26,889.3
10,889.4
17,890.0
3,890.5
14,891.6
11,891.6
30,892.1
2,892.6
5,892.8
25,892.9
12,894.2
10,894.7
31,894.8
20,894.8
6,895.4
17,895.6
5,897.5
25,897.6
29,897.7
21,898.5
23,898.7
14,899.6
10,900.3
17,901.5
5,902.3
25,902.5
30,902.9
2,903.2
10,906.3
5,907.5
25,907.7
17,908.6
5,913.1
25,913.3
10,913.7
5,919.1
25,919.5
5,927.3
25,928.8
11,940.7
25,954.7
13,967.1
0,985.8
10,1103.5
28,1131.4
8,1132.3
20,1148.0
13,1165.8
8,1170.8
10,1257.2
5,1257.2
25,1257.3
12,1257.4
17,1257.4
6,1257.4
29,1257.5
13,1257.5
19,1257.6
14,1257.6
2,1257.7
23,1257.9
27,1257.9
31,1258.0
30,1258.0
20,1258.1
8,1258.2
0,1258.2
7,1258.2
26,1258.4
24,1258.4
1,1258.4
11,1258.5
16,1258.6
22,1259.0
15,1259.1
5,1263.6
10,1263.9
25,1263.9
17,1264.2
6,1264.4
14,1264.4
12,1264.5
2,1264.7
29,1264.7
30,1264.8
31,1265.0
23,1265.0
19,1265.1
27,1265.1
20,1265.3
26,1266.1
13,1266.5
11,1266.5
8,1267.5
0,1268.3
24,1268.3
22,1268.5
5,1268.5
7,1268.7
25,1269.0
10,1269.3
1,1269.6
17,1269.9
14,1270.4
15,1270.6
30,1270.8
6,1271.0
2,1271.1
29,1271.4
16,1271.5
12,1271.5
31,1271.5
23,1271.9
20,1272.1
27,1272.3
19,1272.8
5,1273.1
25,1273.8
10,1274.5
26,1275.0
17,1275.6
3,1275.7
14,1276.5
30,1277.5
11,1277.6
5,1277.7
2,1278.3
25,1278.6
6,1279.7
10,1279.9
31,1280.3
20,1280.9
12,1281.4
17,1281.5
29,1281.7
5,1282.3
23,1282.6
25,1283.5
14,1283.8
27,1284.5
10,1285.6
5,1287.1
17,1288.2
25,1288.8
30,1290.2
2,1291.5
10,1292.0
5,1292.2
25,1294.5
5,1297.8
25,1300.7
5,1303.8
10,1304.5
25,1310.3
5,1311.3
5,1337.0
25,1337.1
10,1337.1
6,1337.2
17,1337.2
13,1337.3
12,1337.3
29,1337.4
2,1337.5
19,1337.5
14,1337.6
27,1337.7
23,1337.8
7,1337.9
31,1337.9
0,1337.9
30,1337.9
8,1338.0
24,1338.0
20,1338.0
26,1338.2
1,1338.2
11,1338.2
16,1338.3
15,1338.9
22,1338.9
5,1343.5
25,1343.7
10,1343.8
17,1344.0
6,1344.2
12,1344.4
14,1344.4
2,1344.5
29,1344.5
30,1344.7
23,1344.9
27,1344.9
31,1345.0
20,1345.1
19,1345.1
26,1345.9
13,1346.1
11,1346.3
8,1347.1
24,1347.3
0,1347.6
5,1348.3
22,1348.5
7,1348.5
25,1348.7
10,1349.1
17,1349.7
1,1350.1
14,1350.4
6,1350.6
2,1350.7
30,1350.7
15,1350.9
12,1351.0
29,1351.1
16,1351.2
31,1351.4
20,1351.7
23,1351.8
27,1352.1
5,1352.9
19,1353.1
25,1353.5
10,1354.3
17,1355.1
26,1355.1
11,1356.6
14,1356.7
2,1357.2
30,1357.3
5,1357.4
9,1358.0
25,1358.1
6,1358.4
0,1359.4
10,1359.7
31,1360.0
20,1360.2
12,1360.3
16,1360.4
29,1360.6
17,1360.8
5,1362.0
25,1362.8
23,1363.3
26,1363.6
13,1364.0
14,1364.7
10,1364.7
19,1365.6
2,1366.4
5,1366.7
17,1366.9
25,1367.7
30,1368.1
10,1369.6
9,1370.2
5,1371.7
25,1372.4
10,1374.7
17,1375.9
13,1376.6
5,1377.1
25,1377.2
10,1379.9
16,1381.2
20,1381.7
25,1382.3
5,1382.9
26,1383.0
10,1385.4
25,1387.7
5,1389.4
10,1391.5
25,1393.6
10,1398.9
5,1400.2
25,1400.4
24,1404.7
15,1404.9
25,1416.9
10,1417.0
5,1417.1
17,1417.2
13,1417.2
6,1417.2
12,1417.3
29,1417.4
19,1417.4
2,1417.5
27,1417.6
14,1417.6
23,1417.8
31,1417.9
30,1417.9
8,1417.9
20,1417.9
7,1417.9
0,1417.9
26,1418.2
11,1418.3
1,1418.3
16,1418.3
22,1418.9
24,1419.2
15,1421.0
5,1423.5
25,1423.5
10,1423.6
17,1424.0
6,1424.3
12,1424.3
14,1424.4
29,1424.5
2,1424.5
30,1424.7
27,1424.8
23,1424.9
19,1425.0
20,1425.0
31,1425.0
13,1425.4
26,1425.8
11,1426.3
8,1427.0
0,1427.6
7,1427.7
22,1427.7
5,1428.3
25,1428.4
10,1428.8
24,1428.8
17,1429.6
1,1430.1
16,1430.3
14,1430.4
30,1430.6
2,1430.7
6,1430.8
12,1431.0
29,1431.2
31,1431.5
20,1431.6
23,1431.8
27,1431.8
19,1432.8
5,1432.9
25,1433.1
10,1433.9
15,1434.0
26,1434.5
17,1435.1
11,1435.8
14,1436.6
30,1437.0
2,1437.4
5,1437.4
25,1437.5
13,1438.0
10,1438.7
20,1438.8
31,1439.4
6,1439.4
12,1439.9
19,1440.5
29,1440.7
17,1440.7
23,1441.1
5,1441.8
25,1442.1
10,1443.4
27,1444.6
14,1444.7
30,1446.0
5,1446.4
25,1446.6
17,1446.8
2,1447.7
10,1448.1
13,1450.7
5,1451.1
25,1451.1
19,1452.5
10,1453.0
17,1455.5
25,1455.7
5,1456.2
10,1458.2
25,1460.6
5,1461.6
10,1463.9
12,1465.3
25,1465.9
5,1467.5
10,1470.1
25,1471.6
5,1474.6
2,1475.9
25,1478.0
17,1479.4
10,1480.4
25,1490.5
5,1497.0
6,1497.2
10,1497.2
12,1497.2
13,1497.3
2,1497.4
25,1497.4
17,1497.4
29,1497.4
14,1497.5
19,1497.5
23,1497.7
27,1497.7
30,1497.8
7,1497.8
20,1497.9
31,1497.9
0,1498.0
24,1498.0
8,1498.0
26,1498.1
1,1498.2
16,1498.2
11,1498.3
22,1498.9
15,1498.9
25,1503.3
5,1503.4
10,1503.9
17,1504.2
12,1504.3
6,1504.3
14,1504.4
2,1504.4
29,1504.5
30,1504.6
23,1504.8
27,1504.9
31,1505.0
19,1505.0
20,1505.1
26,1505.9
13,1506.4
11,1506.4
8,1507.2
24,1507.3
7,1507.7
0,1508.0
22,1508.1
5,1508.2
25,1508.2
10,1509.2
17,1509.8
1,1509.9
14,1510.2
16,1510.6
30,1510.6
2,1510.7
15,1510.7
6,1510.9
12,1511.0
29,1511.3
31,1511.4
23,1511.5
20,1511.7
27,1512.2
5,1512.8
19,1512.9
25,1512.9
10,1514.5
17,1515.2
26,1515.3
14,1516.4
11,1516.7
30,1517.0
5,1517.2
25,1517.4
2,1517.4
20,1519.3
31,1519.5
12,1519.6
10,1519.8
23,1520.3
6,1520.5
17,1520.7
5,1521.6
25,1521.9
29,1522.6
14,1523.7
10,1525.3
30,1526.0
5,1526.2
25,1526.5
17,1526.7
2,1528.6
5,1530.9
10,1531.3
25,1531.5
17,1533.6
5,1535.9
25,1536.8
10,1538.8
5,1541.3
25,1542.6
5,1547.1
25,1549.0
5,1553.8
25,1561.7
5,1565.9
6,1635.7
24,1837.2
15,1837.8
5,1882.2
10,1882.3
25,1882.3
6,1882.4
17,1882.4
12,1882.5
13,1882.5
29,1882.6
19,1882.7
14,1882.7
2,1882.7
23,1882.8
30,1882.9
27,1882.9
31,1883.1
20,1883.1
7,1883.1
8,1883.2
0,1883.2
24,1883.2
26,1883.4
1,1883.4
16,1883.5
11,1883.5
22,1884.0
15,1884.0
5,1888.6
25,1888.9
10,1889.0
17,1889.2
14,1889.5
6,1889.5
12,1889.6
2,1889.7
29,1889.7
30,1889.8
23,1890.0
31,1890.1
27,1890.1
20,1890.2
19,1890.3
3,1890.7
26,1891.3
11,1891.6
13,1892.0
8,1892.4
24,1892.8
22,1893.2
5,1893.4
0,1893.5
25,1893.9
7,1893.9
10,1894.3
17,1895.0
1,1895.5
14,1895.6
15,1895.7
30,1895.8
6,1896.1
2,1896.2
12,1896.3
31,1896.6
29,1896.7
20,1896.8
23,1896.9
16,1897.1
27,1897.6
5,1898.0
25,1898.6
19,1898.6
10,1899.5
17,1900.5
26,1900.9
9,1901.8
14,1902.0
11,1902.0
5,1902.6
30,1902.6
25,1903.2
2,1903.9
20,1904.4
10,1904.9
31,1904.9
6,1905.5
17,1906.5
5,1907.0
12,1907.0
25,1907.9
23,1908.0
29,1908.2
10,1910.4
5,1911.5
14,1912.3
25,1912.8
17,1913.4
5,1916.3
30,1916.3
10,1916.4
2,1918.0
25,1918.0
5,1921.5
25,1923.6
10,1923.8
5,1927.0
25,1929.7
5,1933.1
25,1938.7
20,1940.6
5,1940.9
11,1942.1
2,1943.2
25,1962.0
5,1962.0
10,1962.0
6,1962.2
17,1962.3
13,1962.3
12,1962.3
29,1962.5
19,1962.5
2,1962.6
14,1962.6
8,1962.8
27,1962.8
23,1962.8
1,1962.9
30,1962.9
0,1962.9
31,1962.9
7,1963.0
24,1963.0
20,1963.0
26,1963.2
16,1963.3
11,1963.5
22,1963.9
15,1963.9
5,1968.4
25,1968.6
10,1968.7
17,1969.0
12,1969.3
6,1969.3
14,1969.4
2,1969.6
29,1969.6
30,1969.7
19,1969.8
23,1969.9
27,1970.0
31,1970.0
20,1970.1
26,1970.8
8,1971.3
13,1971.3
11,1971.6
24,1971.8
0,1973.0
5,1973.1
22,1973.1
7,1973.5
25,1973.5
1,1973.6
10,1973.8
17,1974.6
14,1975.4
15,1975.4
6,1975.7
30,1975.8
2,1975.8
12,1975.9
16,1976.1
31,1976.4
29,1976.4
20,1976.5
23,1976.7
27,1977.2
19,1977.3
5,1977.8
25,1978.2
10,1978.9
26,1979.5
17,1979.9
3,1981.6
14,1981.6
11,1982.1
2,1982.2
5,1982.2
30,1982.7
25,1982.7
20,1983.7
10,1984.0
6,1984.0
12,1984.1
21,1984.4
31,1984.5
17,1985.3
23,1985.6
29,1986.6
5,1986.6
25,1987.2
10,1989.0
13,1989.1
14,1990.1
19,1990.3
27,1990.4
17,1991.1
5,1991.1
25,1991.9
2,1992.0
10,1994.2
5,1995.8
25,1996.4
20,1997.0
17,1997.5
10,1999.4
5,2000.8
25,2001.0
13,2001.8
10,2004.8
25,2005.7
5,2006.3
17,2008.6
12,2009.0
19,2009.0
10,2010.6
25,2010.7
5,2012.1
27,2015.9
25,2016.1
10,2017.3
5,2019.0
25,2021.9
11,2024.6
25,2028.5
0,2038.1
25,2040.3
17,2041.5
5,2041.9
10,2042.0
6,2042.2
13,2042.3
12,2042.3
19,2042.4
2,2042.4
29,2042.4
14,2042.6
23,2042.7
27,2042.7
24,2042.8
31,2042.8
30,2042.9
7,2042.9
20,2043.0
8,2043.0
1,2043.2
26,2043.2
16,2043.3
11,2043.6
22,2043.9
15,2043.9
0,2046.5
25,2046.6
17,2048.2
5,2048.3
10,2048.6
12,2049.3
6,2049.3
14,2049.4
2,2049.5
29,2049.5
30,2049.7
23,2049.8
27,2049.9
19,2049.9
31,2049.9
20,2050.1
26,2050.9
13,2051.1
25,2051.5
11,2051.6
24,2051.6
8,2052.1
5,2053.1
22,2053.3
7,2053.4
17,2053.5
10,2053.8
1,2054.7
15,2054.8
14,2055.4
2,2055.6
30,2055.7
6,2055.9
12,2055.9
16,2056.2
23,2056.3
31,2056.3
29,2056.4
20,2056.7
27,2056.8
0,2057.0
19,2057.5
5,2057.7
17,2058.4
10,2058.8
26,2060.3
3,2061.6
14,2061.7
11,2061.8
2,2062.0
5,2062.1
30,2062.3
13,2063.1
17,2063.4
10,2063.6
6,2064.1
23,2064.4
12,2064.5
20,2064.6
31,2064.7
19,2064.9
29,2066.4
5,2066.5
27,2067.9
10,2068.3
17,2068.5
14,2070.5
2,2070.8
5,2071.0
10,2072.9
17,2074.0
30,2074.6
13,2075.5
5,2075.7
19,2075.8
7,2076.0
10,2077.6
17,2079.7
5,2080.7
10,2082.7
5,2086.2
17,2086.3
10,2088.1
25,2090.1
5,2092.0
10,2094.1
25,2094.4
0,2097.9
17,2098.4
5,2098.6
25,2098.9
30,2099.6
11,2100.9
10,2101.5
25,2103.7
7,2104.0
19,2108.2
25,2109.0
5,2112.4
25,2114.7
25,2121.2
10,2122.0
17,2122.1
6,2122.2
12,2122.2
13,2122.3
5,2122.4
29,2122.4
2,2122.5
14,2122.5
27,2122.6
30,2122.7
23,2122.8
0,2122.9
31,2122.9
8,2123.0
20,2123.0
24,2123.0
1,2123.2
26,2123.2
19,2123.2
16,2123.3
7,2123.3
11,2123.3
15,2123.9
22,2123.9
25,2126.8
10,2128.6
5,2128.7
17,2128.9
12,2129.2
6,2129.2
14,2129.4
30,2129.5
29,2129.5
2,2129.5
27,2129.8
23,2129.9
31,2129.9
20,2130.0
13,2130.7
19,2130.9
26,2130.9
11,2131.3
24,2131.9
8,2132.1
0,2132.6
22,2133.2
7,2133.2
5,2133.5
10,2133.7
17,2134.4
15,2134.4
1,2134.6
14,2135.3
30,2135.4
2,2135.6
6,2135.6
12,2135.8
16,2136.0
29,2136.1
31,2136.4
20,2136.5
27,2136.6
23,2136.6
5,2138.1
10,2138.6
19,2139.4
17,2139.6
26,2140.4
11,2140.9
14,2141.3
30,2141.6
2,2142.2
5,2142.5
6,2143.4
10,2143.6
20,2143.9
31,2144.5
12,2144.7
17,2144.9
0,2145.8
23,2146.1
29,2146.2
5,2147.0
27,2147.6
14,2148.5
10,2148.9
30,2149.2
17,2150.4
5,2151.5
2,2152.1
10,2154.6
5,2156.2
17,2156.4
25,2157.2
10,2160.8
5,2161.3
25,2161.5
17,2163.8
25,2166.1
5,2166.9
6,2169.8
25,2170.9
10,2171.5
5,2172.8
25,2176.2
11,2177.1
5,2179.9
25,2181.8
25,2188.1
23,2197.7
25,2198.1
10,2198.1
27,2340.5
25,2370.8
0,2388.4
24,2410.2
16,2411.1
24,2438.6
10,2507.2
25,2507.2
5,2507.2
17,2507.4
12,2507.4
6,2507.5
29,2507.6
13,2507.6
2,2507.7
14,2507.7
19,2507.7
27,2507.9
23,2507.9
30,2508.0
20,2508.1
7,2508.1
31,2508.1
24,2508.2
0,2508.2
8,2508.2
1,2508.4
26,2508.4
11,2508.4
16,2508.6
22,2509.0
15,2509.1
5,2513.6
25,2513.8
10,2513.9
17,2514.2
14,2514.5
12,2514.5
6,2514.6
2,2514.7
29,2514.7
30,2514.8
27,2515.1
23,2515.1
31,2515.2
19,2515.2
20,2515.2
26,2516.3
11,2516.5
13,2516.9
24,2517.5
8,2517.7
22,2518.0
0,2518.0
5,2518.4
25,2518.8
7,2519.0
10,2519.1
17,2519.7
14,2520.6
1,2520.8
30,2520.8
2,2521.0
12,2521.1
15,2521.2
6,2521.3
29,2521.5
31,2521.7
16,2521.8
20,2521.9
23,2522.2
27,2522.5
5,2523.0
19,2523.2
25,2523.5
10,2524.3
17,2525.0
26,2525.1
3,2525.1
11,2526.6
14,2526.9
5,2527.5
30,2527.6
2,2528.0
25,2528.1
10,2529.6
20,2530.0
17,2530.5
6,2530.6
31,2530.8
12,2531.2
5,2532.0
25,2532.8
29,2533.2
23,2534.1
10,2535.2
27,2535.9
17,2536.2
14,2536.6
5,2536.7
25,2537.7
2,2539.3
10,2541.4
30,2541.5
5,2541.7
17,2542.7
25,2543.0
5,2547.2
25,2548.7
10,2551.8
5,2553.1
17,2554.5
25,2555.0
24,2555.7
5,2560.9
25,2566.3
5,2586.9
25,2587.0
10,2587.0
13,2587.1
6,2587.1
17,2587.2
12,2587.3
14,2587.4
2,2587.5
29,2587.5
19,2587.5
30,2587.7
23,2587.8
7,2587.8
27,2587.8
31,2587.9
20,2587.9
24,2587.9
0,2587.9
11,2587.9
8,2588.0
26,2588.2
16,2588.3
1,2588.3
22,2588.9
15,2589.0
28,2591.3
5,2593.3
25,2593.6
10,2593.7
17,2593.9
6,2594.1
14,2594.2
2,2594.4
12,2594.4
29,2594.6
30,2594.6
23,2594.9
31,2595.0
27,2595.0
19,2595.0
20,2595.0
11,2595.7
26,2595.9
13,2596.0
24,2596.4
8,2597.1
0,2597.8
5,2598.0
22,2598.2
7,2598.3
25,2598.5
10,2598.8
17,2599.3
15,2600.0
14,2600.1
1,2600.1
6,2600.4
30,2600.5
16,2600.6
2,2600.6
12,2601.1
31,2601.4
29,2601.4
20,2601.5
23,2601.7
27,2602.2
5,2602.7
19,2602.9
25,2603.2
10,2603.8
26,2604.5
17,2604.5
11,2604.5
3,2606.0
14,2606.1
30,2606.9
5,2607.0
2,2607.0
25,2607.7
6,2608.1
10,2608.9
20,2609.0
31,2609.2
0,2609.5
24,2609.5
17,2609.6
5,2611.3
12,2611.9
23,2612.0
29,2612.1
25,2612.2
14,2613.0
10,2614.0
13,2614.3
17,2614.9
5,2615.6
19,2615.7
2,2615.9
27,2616.0
30,2616.8
25,2616.9
10,2619.2
5,2620.1
17,2620.6
25,2621.4
10,2624.3
5,2624.9
25,2625.9
17,2626.7
13,2627.0
14,2627.0
10,2629.7
5,2630.1
25,2630.4
3,2633.2
25,2635.3
17,2635.4
10,2635.5
5,2635.6
25,2640.5
5,2641.7
10,2641.8
25,2646.2
5,2649.9
25,2652.5
10,2652.8
25,2662.7
5,2667.0
13,2667.2
17,2667.2
6,2667.2
10,2667.3
12,2667.3
29,2667.4
19,2667.4
2,2667.5
14,2667.6
27,2667.7
23,2667.7
30,2667.8
31,2667.9
0,2667.9
24,2668.0
20,2668.0
8,2668.0
7,2668.1
26,2668.2
1,2668.3
16,2668.3
11,2668.3
22,2668.9
15,2668.9
25,2669.0
5,2673.4
10,2673.9
17,2674.0
25,2674.0
6,2674.3
14,2674.4
12,2674.4
2,2674.5
29,2674.6
30,2674.7
19,2674.9
23,2674.9
27,2674.9
31,2675.0
20,2675.1
26,2675.9
13,2676.1
11,2676.4
0,2677.2
8,2677.2
24,2677.2
22,2677.8
5,2678.2
7,2679.1
10,2679.1
17,2679.4
1,2679.8
14,2680.4
30,2680.7
2,2680.7
6,2680.8
16,2681.1
15,2681.1
12,2681.1
29,2681.3
31,2681.6
23,2681.7
20,2681.9
27,2682.0
19,2682.6
5,2682.9
10,2684.2
26,2684.5
17,2684.6
3,2684.9
14,2686.6
11,2686.9
5,2687.2
30,2687.4
2,2687.5
13,2688.4
0,2688.7
10,2689.0
6,2689.1
17,2689.8
19,2690.2
20,2690.5
31,2690.7
29,2691.0
12,2691.1
23,2691.6
5,2691.6
10,2693.7
14,2694.9
17,2695.3
5,2696.0
10,2698.4
2,2698.8
30,2700.6
5,2700.7
17,2701.3
19,2701.6
13,2701.7
10,2703.3
5,2705.7
10,2708.5
25,2708.5
17,2708.9
5,2711.0
25,2712.7
10,2714.1
5,2716.9
25,2717.3
10,2720.3
25,2722.2
5,2723.6
25,2727.5
10,2729.5
25,2733.4
5,2736.9
16,2739.0
25,2740.6
10,2747.1
6,2747.2
25,2747.2
12,2747.2
13,2747.2
17,2747.2
5,2747.4
29,2747.4
2,2747.4
19,2747.5
14,2747.5
27,2747.7
30,2747.8
23,2747.8
7,2747.9
0,2747.9
31,2747.9
8,2748.0
20,2748.0
24,2748.0
26,2748.2
1,2748.2
11,2748.3
15,2748.8
22,2748.9
16,2751.5
25,2753.1
5,2753.7
10,2753.7
17,2754.0
6,2754.2
12,2754.3
14,2754.3
2,2754.4
29,2754.5
30,2754.6
23,2754.9
27,2754.9
19,2754.9
31,2755.0
20,2755.1
26,2755.9
13,2755.9
11,2756.4
24,2756.7
8,2757.2
0,2757.5
25,2757.9
7,2758.5
22,2758.5
5,2758.5
10,2758.8
17,2759.5
1,2759.8
14,2760.3
30,2760.6
2,2760.7
15,2760.7
6,2760.7
12,2760.9
31,2761.5
29,2761.5
23,2761.7
20,2761.8
27,2762.2
19,2762.5
25,2762.5
5,2763.1
10,2763.8
26,2764.7
17,2764.8
14,2766.5
25,2767.0
30,2767.1
16,2767.3
11,2767.3
5,2767.5
2,2767.6
10,2768.8
6,2768.9
31,2770.0
20,2770.2
17,2770.2
12,2770.5
25,2771.3
23,2771.6
5,2771.8
29,2772.0
10,2774.0
14,2775.1
27,2775.5
25,2775.7
17,2776.1
5,2776.3
30,2776.6
10,2779.6
2,2779.7
25,2780.3
5,2780.9
17,2782.9
25,2785.2
10,2785.6
5,2785.9
25,2790.6
5,2791.3
10,2792.4
25,2796.4
5,2797.1
25,2803.3
5,2803.9
0,2808.0
20,2815.7
7,2824.4
20,2853.9
5,2920.5
9,2990.6
16,2991.0
26,2991.3
9,3003.5
28,3007.4
13,3062.1
25,3084.4
4,3084.5
15,3085.0
20,3108.2
8,3115.3
25,3132.2
5,3132.2
10,3132.2
17,3132.4
6,3132.4
12,3132.4
13,3132.5
2,3132.6
29,3132.6
14,3132.7
19,3132.7
27,3132.9
30,3133.0
23,3133.0
20,3133.1
31,3133.1
0,3133.2
7,3133.2
24,3133.3
11,3133.4
26,3133.4
1,3133.4
16,3133.5
22,3134.0
8,3134.1
15,3134.1
5,3138.6
25,3138.8
10,3138.9
17,3139.2
6,3139.5
14,3139.5
12,3139.5
2,3139.7
29,3139.8
30,3139.8
27,3140.0
23,3140.1
31,3140.1
19,3140.2
20,3140.2
26,3141.2
13,3141.5
11,3141.7
24,3142.9
0,3143.2
8,3143.3
5,3143.3
22,3143.4
25,3143.7
7,3143.9
10,3144.1
17,3144.7
14,3145.5
1,3145.6
30,3145.8
2,3145.9
6,3146.0
16,3146.1
12,3146.2
15,3146.4
31,3146.5
20,3146.6
29,3146.8
27,3147.3
23,3147.4
19,3147.9
5,3148.0
25,3148.4
10,3149.1
17,3149.9
18,3150.1
26,3150.4
14,3151.7
30,3152.2
5,3152.4
25,3152.9
2,3153.0
11,3153.3
20,3153.8
6,3154.1
10,3154.3
17,3155.2
12,3155.3
31,3155.3
0,3155.6
5,3156.8
25,3157.5
14,3159.7
29,3159.8
10,3159.8
23,3160.7
17,3160.9
5,3161.5
30,3162.0
25,3162.2
10,3165.6
5,3166.4
2,3166.6
17,3167.0
25,3167.2
5,3171.8
25,3172.5
10,3172.6
17,3175.1
5,3177.7
25,3178.3
20,3181.0
27,3183.0
5,3184.7
25,3185.0
5,3212.0
25,3212.0
10,3212.0
17,3212.2
6,3212.2
13,3212.3
12,3212.3
19,3212.5
29,3212.5
2,3212.5
14,3212.6
23,3212.7
27,3212.8
30,3212.8
0,3212.9
31,3212.9
8,3212.9
7,3213.0
24,3213.0
20,3213.0
1,3213.2
26,3213.2
11,3213.3
16,3213.3
22,3213.9
15,3213.9
5,3218.4
25,3218.5
10,3218.6
17,3218.9
6,3219.2
12,3219.4
14,3219.4
2,3219.5
29,3219.6
30,3219.7
23,3219.8
31,3220.0
27,3220.0
19,3220.0
20,3220.1
26,3220.9
13,3221.1
11,3221.5
8,3222.1
24,3222.3
0,3222.4
22,3223.1
5,3223.2
7,3223.3
25,3223.4
10,3223.7
17,3224.4
15,3224.4
1,3225.0
14,3225.4
30,3225.6
6,3225.7
2,3225.8
16,3226.0
12,3226.2
31,3226.4
29,3226.4
20,3226.6
23,3226.7
27,3227.3
19,3227.5
5,3227.8
25,3228.1
10,3228.6
18,3228.7
3,3229.4
17,3229.5
26,3229.6
14,3231.6
30,3232.0
5,3232.2
11,3232.4
25,3232.6
2,3232.8
10,3233.6
6,3233.8
20,3234.6
0,3234.8
17,3234.8
31,3234.9
12,3235.7
5,3236.5
29,3236.5
25,3237.0
23,3238.2
13,3238.2
10,3238.7
14,3239.8
17,3240.3
19,3240.7
5,3240.9
25,3241.7
30,3242.0
10,3243.7
2,3245.2
5,3245.6
15,3246.2
25,3246.2
17,3246.3
28,3247.4
10,3248.8
13,3249.0
5,3250.5
25,3250.5
17,3253.4
10,3254.0
19,3254.2
25,3255.0
5,3255.9
10,3259.5
25,3259.7
5,3261.6
25,3264.7
10,3265.5
5,3267.9
25,3270.2
10,3273.4
25,3276.1
5,3277.6
25,3283.0
8,3290.1
10,3292.0
25,3292.0
13,3292.2
5,3292.2
17,3292.2
12,3292.2
6,3292.2
19,3292.4
29,3292.4
2,3292.5
14,3292.6
27,3292.7
23,3292.8
30,3292.8
31,3292.9
7,3292.9
0,3292.9
20,3293.0
24,3293.1
1,3293.2
26,3293.2
16,3293.3
11,3293.3
15,3293.9
22,3294.0
8,3297.8
25,3298.4
5,3298.5
10,3298.6
17,3298.9
12,3299.2
6,3299.2
14,3299.4
2,3299.5
29,3299.5
30,3299.7
19,3299.8
23,3299.9
27,3299.9
31,3300.0
20,3300.1
26,3300.9
13,3301.0
11,3301.6
24,3302.5
0,3302.7
25,3303.2
7,3303.2
5,3303.3
22,3303.5
10,3303.7
17,3304.3
1,3304.8
16,3305.0
14,3305.4
30,3305.6
12,3305.7
6,3305.7
15,3305.7
2,3305.7
29,3306.2
31,3306.5
20,3306.7
23,3306.8
27,3306.9
19,3307.2
8,3307.5
25,3307.9
5,3307.9
10,3308.6
17,3309.5
26,3309.5
14,3311.6
30,3312.0
9,3312.0
25,3312.2
5,3312.3
2,3312.5
10,3313.3
11,3313.4
13,3313.4
12,3313.5
6,3313.9
19,3314.4
17,3314.7
20,3314.8
31,3315.4
29,3316.4
5,3316.7
25,3316.8
23,3317.8
10,3318.0
27,3318.5
14,3319.9
17,3320.1
25,3321.2
5,3321.2
30,3321.8
10,3322.5
2,3323.8
19,3323.8
25,3325.5
5,3325.8
17,3326.0
13,3326.4
10,3327.2
25,3329.9
5,3330.7
10,3332.1
17,3332.9
25,3334.4
5,3336.0
10,3337.3
25,3339.3
5,3341.7
10,3342.9
25,3344.5
2,3347.5
5,3347.9
24,3348.5
10,3349.0
25,3350.2
27,3351.3
25,3356.3
10,3357.2
5,3357.4
25,3364.6
2,3371.9
17,3372.1
6,3372.1
5,3372.2
13,3372.2
12,3372.2
10,3372.2
29,3372.3
25,3372.3
19,3372.4
14,3372.5
23,3372.8
30,3372.8
27,3372.8
8,3372.8
0,3372.8
31,3372.9
7,3372.9
24,3373.0
20,3373.0
26,3373.1
1,3373.2
16,3373.3
11,3373.3
15,3373.9
22,3373.9
25,3378.4
5,3378.5
10,3378.8
2,3378.9
17,3378.9
12,3379.2
6,3379.2
14,3379.3
29,3379.4
30,3379.6
19,3379.8
31,3379.9
23,3379.9
27,3379.9
20,3380.1
26,3380.8
13,3381.1
11,3381.2
8,3381.6
24,3382.2
0,3382.5
25,3383.3
5,3383.3
7,3383.3
22,3383.5
10,3383.9
17,3384.3
1,3384.4
16,3385.0
2,3385.1
14,3385.2
6,3385.6
30,3385.6
12,3385.7
15,3385.9
29,3386.1
31,3386.3
23,3386.6
20,3386.7
27,3386.9
19,3387.1
25,3387.9
5,3388.0
10,3388.9
17,3389.5
26,3389.8
11,3390.7
14,3391.3
2,3391.5
30,3392.1
3,3392.2
25,3392.3
5,3392.4
10,3393.9
6,3394.2
12,3394.3
31,3394.5
17,3394.7
20,3395.1
29,3395.9
23,3396.5
5,3396.7
25,3396.7
14,3398.4
27,3398.6
10,3399.2
17,3400.2
2,3400.3
5,3401.1
25,3401.2
0,3402.9
24,3403.5
30,3404.3
10,3404.7
5,3405.7
25,3405.9
17,3406.0
5,3410.6
25,3410.9
10,3410.9
17,3412.9
5,3416.0
25,3416.3
10,3419.5
5,3421.7
25,3422.1
5,3428.4
25,3428.6
25,3441.6
10,3465.1
14,3537.5
9,3563.5
16,3563.9
26,3564.2
9,3576.5
23,3686.9
9,3741.8
16,3742.3
26,3742.5
9,3754.6
6,3756.1
5,3757.2
25,3757.4
17,3757.4
10,3757.4
12,3757.5
13,3757.5
29,3757.6
26,3757.7
11,3757.7
2,3757.7
14,3757.7
30,3757.9
23,3757.9
27,3757.9
31,3758.1
19,3758.1
7,3758.1
20,3758.1
1,3758.4
16,3758.6
22,3759.0
15,3759.1
9,3762.0
6,3762.9
5,3763.5
25,3764.2
10,3764.3
17,3764.3
14,3764.5
12,3764.6
26,3764.6
11,3764.6
2,3764.7
30,3764.7
29,3764.8
23,3765.0
27,3765.1
31,3765.1
20,3765.2
13,3766.3
22,3768.1
5,3768.3
6,3769.0
7,3769.2
19,3769.5
25,3769.9
17,3770.1
10,3770.2
16,3770.3
9,3770.4
14,3770.4
26,3770.6
30,3770.7
11,3770.8
1,3770.9
2,3771.1
15,3771.3
12,3771.3
0,3771.7
31,3771.7
29,3771.8
20,3771.8
23,3771.9
27,3772.1
5,3772.9
3,3774.6
18,3775.0
25,3775.3
6,3775.8
17,3775.9
10,3776.4
14,3776.6
26,3777.1
30,3777.2
5,3777.4
11,3778.0
2,3778.1
20,3779.3
25,3780.9
31,3781.3
12,3781.3
5,3781.8
17,3782.0
23,3782.3
29,3784.4
14,3784.5
27,3784.7
10,3784.8
5,3786.2
25,3786.9
30,3787.7
26,3787.9
6,3788.4
17,3790.2
5,3790.9
25,3794.7
5,3796.0
5,3801.5
5,3807.5
17,3815.1
5,3815.1
5,3837.0
6,3837.1
10,3837.2
25,3837.2
17,3837.3
12,3837.3
13,3837.3
14,3837.4
2,3837.4
29,3837.5
26,3837.5
27,3837.6
11,3837.6
23,3837.7
7,3837.8
31,3837.8
30,3837.8
19,3838.0
20,3838.0
1,3838.0
9,3838.0
16,3838.3
15,3838.8
22,3838.9
5,3843.3
25,3843.9
10,3844.0
17,3844.1
6,3844.2
14,3844.2
26,3844.3
2,3844.4
12,3844.4
11,3844.5
29,3844.6
30,3844.7
27,3844.8
31,3844.8
23,3844.8
20,3845.1
13,3846.0
9,3846.7
5,3848.1
22,3848.4
7,3848.4
19,3849.0
25,3849.4
1,3849.7
17,3849.9
10,3849.9
14,3850.0
26,3850.3
15,3850.4
30,3850.5
2,3850.6
6,3850.6
11,3850.8
12,3850.9
16,3850.9
31,3851.2
23,3851.4
27,3851.5
29,3851.6
20,3851.7
5,3852.8
25,3854.6
17,3855.5
14,3855.9
10,3855.9
26,3856.7
30,3856.9
3,3856.9
5,3857.2
2,3857.2
11,3858.1
6,3858.2
12,3858.3
0,3858.4
31,3858.9
24,3859.5
25,3859.8
20,3859.8
9,3859.8
27,3860.7
17,3861.3
5,3861.4
23,3861.8
14,3862.5
10,3862.9
13,3864.5
29,3864.8
25,3864.9
30,3864.9
19,3865.4
5,3865.9
26,3866.2
2,3866.8
17,3868.0
10,3869.8
25,3870.0
5,3870.5
14,3874.7
25,3875.1
5,3875.4
13,3876.8
10,3878.2
17,3878.4
25,3880.5
5,3880.6
25,3886.2
5,3886.3
9,3891.1
28,3892.1
25,3892.5
5,3892.7
20,3893.2
25,3902.1
5,3904.6
11,3910.0
13,3917.2
6,3917.2
17,3917.2
10,3917.2
12,3917.3
5,3917.3
29,3917.4
25,3917.4
2,3917.5
14,3917.6
26,3917.6
27,3917.7
30,3917.8
23,3917.8
9,3917.9
20,3917.9
31,3917.9
7,3917.9
19,3917.9
1,3918.2
16,3918.3
11,3918.3
22,3918.9
15,3918.9
5,3923.6
10,3924.0
17,3924.1
25,3924.2
6,3924.3
12,3924.3
14,3924.4
2,3924.5
26,3924.5
29,3924.6
30,3924.7
31,3924.9
23,3924.9
27,3924.9
11,3925.0
20,3925.0
13,3926.0
9,3926.3
22,3927.9
7,3928.4
5,3928.4
19,3929.2
25,3929.7
17,3929.7
10,3929.8
1,3929.8
14,3930.3
16,3930.5
26,3930.5
30,3930.6
2,3930.7
6,3930.8
15,3931.0
12,3931.0
11,3931.2
31,3931.3
29,3931.4
20,3931.6
23,3931.7
27,3931.9
5,3933.0
25,3935.0
17,3935.2
10,3935.9
21,3936.5
14,3936.5
26,3936.9
30,3937.0
9,3937.1
2,3937.3
5,3937.5
11,3938.2
13,3938.3
31,3939.5
19,3939.8
6,3939.8
20,3939.9
25,3940.0
12,3940.4
17,3940.8
5,3941.8
10,3942.0
23,3942.4
29,3942.9
27,3943.0
14,3944.0
25,3944.7
30,3945.9
5,3946.2
17,3946.7
26,3947.2
2,3948.0
10,3948.4
25,3949.5
5,3950.8
13,3951.4
11,3951.7
17,3953.7
25,3954.4
5,3955.7
10,3957.7
25,3959.7
5,3961.0
25,3965.3
5,3966.7
25,3971.6
5,3973.1
25,3980.6
10,3981.5
21,3985.2
5,3985.3
25,3997.2
12,3997.2
17,3997.2
6,3997.2
5,3997.3
13,3997.3
29,3997.4
10,3997.5
11,3997.5
2,3997.5
14,3997.5
26,3997.6
27,3997.7
30,3997.8
23,3997.8
7,3997.9
31,3997.9
9,3997.9
20,3998.0
19,3998.0
1,3998.2
16,3998.3
22,3998.9
15,3998.9
5,4003.7
25,4003.9
17,4004.1
11,4004.3
10,4004.3
6,4004.3
12,4004.3
14,4004.4
2,4004.5
26,4004.5
29,4004.5
30,4004.6
23,4004.9
27,4004.9
31,4004.9
20,4005.1
13,4006.2
9,4006.4
7,4008.0
22,4008.3
5,4008.4
19,4009.4
25,4009.4
17,4009.8
10,4010.1
14,4010.3
11,4010.3
16,4010.4
30,4010.4
26,4010.5
1,4010.5
2,4010.8
6,4010.8
15,4010.9
12,4010.9
29,4011.1
31,4011.4
20,4011.7
23,4011.7
27,4011.9
5,4013.0
25,4014.5
17,4015.4
10,4016.1
14,4016.5
30,4016.6
11,4016.6
26,4017.0
2,4017.4
5,4017.5
9,4017.9
6,4018.8
20,4019.1
12,4019.4
31,4019.6
25,4019.6
29,4020.4
17,4021.3
5,4021.9
10,4022.7
23,4023.2
27,4023.7
14,4024.3
30,4024.3
11,4024.8
25,4024.9
13,4026.2
5,4026.4
17,4028.0
26,4028.0
2,4028.7
25,4030.5
5,4031.1
10,4035.7
5,4036.1
25,4036.7
5,4041.6
22,4041.9
25,4045.0
29,4045.6
5,4047.7
3,4054.4
5,4055.2
9,4055.9
16,4056.3
26,4056.5
11,4058.4
12,4059.3
9,4067.1
4,4073.3
17,4073.5
5,4073.9
26,4076.0
27,4094.2
26,4107.9
5,4108.0
15,4108.5
16,4152.4
0,4185.8
15,4188.8
5,4382.2
13,4382.3
10,4382.4
12,4382.4
6,4382.4
25,4382.4
14,4382.5
17,4382.5
29,4382.6
11,4382.7
31,4382.7
26,4382.8
27,4382.9
23,4382.9
2,4383.0
30,4383.0
9,4383.1
19,4383.2
7,4383.2
20,4383.4
22,4383.4
16,4383.5
1,4383.5
15,4384.1
5,4388.6
14,4389.1
12,4389.1
31,4389.3
10,4389.3
13,4389.3
25,4389.5
6,4389.5
11,4389.6
29,4389.7
26,4389.7
17,4389.7
30,4389.8
23,4390.1
27,4390.1
22,4390.6
2,4391.8
9,4391.8
20,4392.2
5,4393.3
7,4393.9
14,4394.3
31,4394.5
12,4394.7
1,4395.0
10,4395.2
19,4395.3
13,4395.6
26,4395.7
11,4395.7
16,4395.8
30,4395.9
25,4396.1
6,4396.1
15,4396.3
29,4396.4
17,4396.6
23,4397.1
27,4397.1
0,4397.5
22,4397.7
5,4398.0
14,4399.6
31,4399.7
12,4400.4
10,4401.4
5,4402.4
26,4402.5
11,4402.7
30,4402.9
13,4403.7
2,4404.5
6,4404.7
25,4404.9
14,4405.0
31,4405.1
12,4406.6
5,4406.8
29,4407.1
10,4409.2
17,4409.4
23,4410.0
14,4410.7
31,4410.8
22,4411.4
5,4411.4
26,4414.7
12,4416.2
5,4416.2
31,4417.2
14,4417.4
5,4421.5
5,4427.2
5,4433.9
13,4438.3
5,4462.0
25,4462.2
6,4462.2
13,4462.2
12,4462.2
10,4462.2
14,4462.4
17,4462.4
31,4462.5
29,4462.5
11,4462.5
26,4462.6
27,4462.7
2,4462.8
23,4462.8
30,4462.8
7,4462.9
9,4463.0
19,4463.0
16,4463.1
1,4463.2
20,4463.3
22,4463.3
15,4463.9
5,4468.4
12,4468.9
14,4469.0
10,4469.1
13,4469.2
31,4469.2
6,4469.3
25,4469.3
11,4469.5
26,4469.5
17,4469.6
30,4469.7
29,4469.7
27,4469.9
23,4469.9
22,4470.6
2,4471.5
9,4471.7
20,4472.5
5,4473.2
7,4473.4
14,4474.3
12,4474.4
31,4474.4
19,4474.8
10,4474.9
15,4475.1
1,4475.2
26,4475.6
13,4475.6
30,4475.7
25,4475.7
11,4475.7
16,4475.8
6,4475.8
29,4476.5
17,4476.7
23,4476.8
27,4476.9
0,4477.5
5,4477.8
22,4477.9
14,4479.5
31,4479.6
12,4480.0
10,4481.0
26,4482.2
5,4482.2
30,4482.4
11,4482.8
13,4483.0
25,4483.7
6,4483.8
2,4484.3
31,4484.9
14,4484.9
12,4485.8
20,4486.6
5,4486.6
23,4488.5
29,4488.5
10,4488.5
13,4490.1
14,4490.6
31,4490.6
25,4490.7
5,4491.2
19,4491.3
12,4492.3
30,4493.2
26,4494.5
10,4495.8
5,4496.0
14,4496.8
31,4497.0
7,4498.5
13,4498.7
25,4498.9
5,4501.3
12,4505.3
10,4506.1
5,4506.9
14,4508.3
31,4510.7
5,4513.2
5,4524.4
21,4525.4
13,4541.9
5,4542.1
10,4542.2
12,4542.2
6,4542.2
25,4542.2
17,4542.3
14,4542.4
29,4542.4
11,4542.5
31,4542.5
26,4542.6
2,4542.7
23,4542.8
30,4542.8
27,4542.8
19,4542.9
7,4542.9
9,4542.9
1,4543.2
22,4543.2
16,4543.3
20,4543.3
15,4543.8
5,4548.5
13,4548.8
12,4548.9
14,4549.0
10,4549.0
31,4549.1
25,4549.2
6,4549.2
11,4549.4
17,4549.5
26,4549.5
30,4549.6
29,4549.6
23,4549.9
27,4550.0
22,4550.5
2,4551.2
9,4551.6
20,4552.5
5,4553.3
7,4553.5
31,4554.3
14,4554.3
19,4554.5
12,4554.5
10,4554.8
13,4554.9
1,4555.1
26,4555.5
30,4555.5
15,4555.6
25,4555.6
11,4555.6
6,4555.7
29,4556.4
17,4556.4
16,4556.7
23,4556.7
27,4557.0
22,4557.5
5,4557.9
31,4559.4
14,4559.5
12,4560.2
10,4560.9
13,4561.7
30,4562.0
26,4562.2
5,4562.3
11,4562.4
2,4562.7
25,4562.7
0,4563.1
6,4563.9
31,4564.6
14,4565.0
19,4565.5
12,4566.2
5,4566.7
10,4567.1
23,4567.2
29,4568.2
13,4568.9
17,4568.9
27,4570.1
31,4570.1
25,4570.3
14,4570.8
22,4571.1
5,4571.2
30,4572.0
10,4573.5
12,4573.8
26,4573.9
5,4576.0
31,4576.1
14,4577.6
5,4581.1
13,4581.4
25,4583.4
31,4583.4
10,4583.5
5,4586.7
7,4588.2
5,4593.0
30,4599.0
5,4602.8
5,4622.0
13,4622.1
10,4622.1
12,4622.1
6,4622.2
14,4622.3
25,4622.3
17,4622.3
29,4622.4
31,4622.5
11,4622.5
26,4622.6
30,4622.7
2,4622.7
27,4622.7
23,4622.8
7,4622.9
9,4622.9
16,4623.0
19,4623.0
22,4623.2
1,4623.3
20,4623.3
15,4623.9
5,4628.4
12,4628.8
14,4628.9
10,4628.9
13,4629.0
31,4629.1
6,4629.2
25,4629.3
26,4629.4
11,4629.4
29,4629.5
17,4629.5
30,4629.5
27,4629.9
23,4629.9
22,4630.4
2,4631.0
9,4631.6
20,4632.4
5,4633.1
7,4633.3
19,4633.7
14,4634.2
31,4634.3
12,4634.4
10,4634.8
13,4635.2
30,4635.3
26,4635.5
1,4635.6
6,4635.6
11,4635.6
15,4635.7
25,4635.8
16,4635.8
29,4636.4
17,4636.4
23,4636.7
27,4636.8
22,4637.6
5,4637.8
14,4639.4
31,4639.4
12,4640.1
10,4640.7
30,4641.5
26,4641.9
5,4642.1
2,4642.2
13,4642.3
11,4642.8
6,4643.8
25,4644.1
31,4644.7
14,4644.8
18,4645.3
12,4646.2
20,4646.3
5,4646.5
10,4647.7
23,4648.0
29,4648.2
17,4648.5
30,4649.2
27,4649.6
31,4650.2
14,4650.7
5,4650.9
22,4651.3
26,4652.2
12,4654.9
5,4655.7
31,4656.3
14,4657.5
5,4660.8
31,4665.6
5,4666.3
5,4672.5
5,4680.8
1,4684.5
20,4685.1
29,4685.3
26,4755.3
31,4755.5
15,4814.4
11,4820.7
5,4831.4
28,4834.4
19,4836.3
5,5007.2
13,5007.3
10,5007.4
6,5007.4
17,5007.5
25,5007.5
12,5007.6
11,5007.7
31,5007.7
26,5007.8
23,5007.9
14,5007.9
27,5007.9
2,5008.0
19,5008.0
9,5008.1
7,5008.2
29,5008.3
22,5008.4
20,5008.4
1,5008.5
4,5008.7
16,5008.7
30,5008.9
15,5009.1
3,5009.5
5,5013.5
13,5014.2
31,5014.3
10,5014.3
6,5014.5
25,5014.5
11,5014.6
26,5014.7
17,5014.7
12,5014.7
14,5014.8
23,5015.0
27,5015.1
22,5015.6
19,5015.9
30,5016.6
2,5016.8
9,5017.1
20,5017.3
5,5018.3
29,5018.5
7,5018.6
4,5019.2
31,5019.6
10,5020.3
13,5020.5
26,5020.7
14,5020.8
3,5020.9
11,5020.9
6,5021.0
25,5021.2
1,5021.3
15,5021.4
12,5021.4
23,5021.9
17,5021.9
27,5022.3
22,5022.9
5,5023.0
19,5023.1
16,5023.2
9,5024.1
31,5024.8
30,5026.4
26,5026.9
10,5026.9
14,5027.3
5,5027.4
0,5027.4
13,5028.0
11,5028.1
2,5028.2
6,5028.5
25,5029.6
31,5030.2
4,5030.3
20,5030.3
12,5030.5
5,5031.8
9,5032.1
19,5032.3
23,5033.3
26,5033.4
27,5034.1
17,5034.1
3,5034.2
31,5035.9
5,5036.4
22,5036.6
10,5038.1
14,5039.4
5,5041.2
31,5042.4
26,5043.6
5,5046.5
5,5052.2
11,5056.9
5,5058.8
28,5081.5
5,5087.0
13,5087.0
6,5087.2
25,5087.3
10,5087.3
17,5087.4
31,5087.4
12,5087.4
19,5087.5
11,5087.5
2,5087.6
26,5087.6
27,5087.7
14,5087.8
23,5087.8
7,5087.8
20,5088.0
9,5088.0
22,5088.2
16,5088.2
1,5088.2
29,5088.2
4,5088.6
30,5088.8
15,5088.9
3,5089.1
5,5093.3
13,5093.9
31,5094.1
10,5094.1
6,5094.2
25,5094.3
26,5094.4
11,5094.4
12,5094.5
17,5094.6
14,5094.6
27,5094.9
23,5094.9
19,5095.3
22,5095.5
2,5095.8
30,5096.4
9,5096.5
20,5096.8
4,5097.4
7,5097.6
5,5098.1
29,5098.2
3,5098.2
31,5099.2
10,5100.0
13,5100.1
1,5100.1
26,5100.4
11,5100.6
14,5100.6
6,5100.7
16,5100.7
25,5100.8
15,5100.8
12,5101.1
17,5101.5
23,5101.6
27,5101.8
22,5102.6
5,5102.7
19,5102.9
0,5103.8
31,5104.3
30,5105.2
2,5105.6
10,5106.4
26,5106.9
5,5107.1
14,5107.2
13,5107.4
11,5107.6
4,5107.9
6,5108.5
9,5108.9
20,5109.0
25,5109.1
3,5109.2
31,5109.6
12,5109.8
5,5111.5
23,5112.4
27,5112.7
17,5113.5
19,5114.6
10,5114.6
31,5115.1
13,5115.2
22,5116.0
25,5116.0
5,5116.0
26,5116.8
14,5119.3
5,5120.6
31,5121.2
10,5122.4
25,5123.1
15,5125.0
5,5125.6
13,5125.7
19,5126.6
31,5129.5
5,5131.0
10,5135.5
25,5135.7
5,5136.9
5,5143.5
13,5167.0
5,5167.0
25,5167.2
6,5167.2
10,5167.2
17,5167.3
12,5167.4
31,5167.5
11,5167.5
26,5167.6
2,5167.7
27,5167.7
19,5167.7
23,5167.8
14,5167.8
9,5167.9
7,5167.9
29,5168.1
22,5168.2
1,5168.2
20,5168.3
16,5168.3
4,5168.5
30,5168.8
15,5168.9
3,5169.1
5,5173.4
13,5174.0
10,5174.0
31,5174.1
25,5174.2
6,5174.3
26,5174.5
11,5174.5
12,5174.5
17,5174.5
14,5174.6
23,5174.9
27,5174.9
22,5175.5
19,5175.6
2,5176.0
9,5176.5
30,5176.6
20,5177.1
4,5177.6
29,5178.0
5,5178.1
7,5178.5
3,5178.6
31,5179.3
10,5179.9
1,5180.1
13,5180.2
15,5180.3
16,5180.5
26,5180.5
25,5180.6
11,5180.7
14,5180.7
6,5180.9
12,5181.1
17,5181.4
23,5181.6
27,5181.8
5,5182.7
22,5182.7
19,5183.2
31,5184.4
2,5186.0
0,5186.0
10,5186.1
30,5186.5
26,5187.0
13,5187.1
5,5187.2
14,5187.3
25,5187.6
11,5188.0
4,5188.3
20,5188.8
6,5189.4
31,5189.5
12,5189.8
3,5190.1
9,5190.2
19,5190.3
27,5191.4
5,5191.5
17,5191.6
23,5191.8
10,5192.3
31,5194.9
25,5195.0
13,5195.1
5,5196.0
26,5197.6
10,5198.9
14,5199.7
19,5200.0
31,5200.6
5,5200.7
5,5205.8
25,5206.9
31,5207.1
10,5209.6
5,5211.4
5,5217.5
31,5219.8
5,5225.9
21,5240.3
5,5247.0
13,5247.1
10,5247.2
17,5247.2
25,5247.2
6,5247.2
12,5247.4
31,5247.5
11,5247.5
26,5247.6
27,5247.6
2,5247.7
14,5247.7
23,5247.8
19,5247.8
9,5247.9
7,5248.0
29,5248.1
22,5248.2
1,5248.3
16,5248.3
20,5248.3
4,5248.5
30,5248.7
15,5248.9
3,5249.1
5,5253.3
13,5254.0
10,5254.0
31,5254.1
6,5254.2
25,5254.3
17,5254.4
11,5254.4
26,5254.5
12,5254.5
14,5254.6
27,5254.8
23,5254.9
22,5255.5
19,5255.7
2,5255.8
30,5256.4
9,5256.4
20,5257.1
29,5257.2
4,5257.7
5,5258.1
7,5258.3
3,5258.4
31,5259.2
10,5259.9
1,5260.3
13,5260.4
26,5260.5
14,5260.5
15,5260.6
11,5260.6
25,5260.7
6,5260.7
12,5261.1
16,5261.1
17,5261.2
23,5261.6
27,5261.6
22,5262.6
5,5262.7
19,5263.3
0,5263.7
31,5264.2
2,5264.8
30,5265.6
10,5266.0
14,5267.0
26,5267.1
5,5267.1
11,5267.6
13,5268.3
25,5268.4
4,5268.6
6,5268.7
20,5269.1
31,5269.3
12,5269.4
3,5271.0
23,5271.2
17,5271.3
5,5271.5
27,5272.7
10,5273.7
31,5274.7
22,5275.4
19,5275.9
5,5276.1
14,5277.6
26,5278.9
31,5280.4
11,5280.8
5,5280.9
5,5286.1
31,5286.9
5,5291.7
5,5298.0
31,5299.7
5,5307.6
9,5316.6
28,5356.7
5,5444.1
11,5550.0
17,5552.2
8,5578.4
7,5585.5
5,5632.3
12,5632.3
13,5632.3
25,5632.4
17,5632.5
19,5632.6
31,5632.6
11,5632.7
10,5632.7
26,5632.8
27,5632.9
14,5632.9
4,5632.9
20,5632.9
2,5632.9
9,5633.1
29,5633.3
22,5633.4
1,5633.4
16,5633.5
21,5633.7
6,5633.7
30,5633.9
15,5634.1
23,5634.2
3,5634.4
5,5638.9
12,5639.0
31,5639.1
13,5639.2
25,5639.5
11,5639.6
26,5639.7
17,5639.7
19,5639.7
14,5639.7
4,5640.0
27,5640.1
20,5640.1
22,5640.6
10,5640.7
2,5641.5
30,5641.7
9,5641.8
21,5643.5
29,5643.6
31,5643.9
5,5644.1
23,5644.2
6,5644.4
12,5644.6
1,5645.0
13,5645.5
3,5645.5
14,5645.7
19,5645.7
26,5645.8
11,5645.9
25,5646.0
4,5646.2
15,5646.3
20,5646.6
16,5646.7
17,5646.8
27,5647.2
22,5647.7
31,5648.6
5,5649.2
12,5650.2
30,5651.0
19,5651.9
14,5652.1
10,5652.1
4,5652.6
26,5652.7
11,5653.0
13,5653.2
31,5653.2
2,5653.2
25,5653.8
5,5654.5
20,5655.7
12,5656.3
3,5656.4
8,5656.4
31,5657.8
17,5658.2
19,5659.6
27,5659.6
5,5660.1
22,5660.8
4,5660.9
14,5661.4
31,5662.8
12,5664.0
21,5664.7
26,5666.0
5,5666.3
31,5668.2
31,5674.0
5,5676.8
9,5677.5
16,5677.7
26,5680.0
31,5680.9
24,5681.1
9,5689.1
26,5695.4
16,5696.3
15,5697.1
5,5712.1
13,5712.1
12,5712.1
25,5712.2
17,5712.3
31,5712.4
19,5712.4
10,5712.5
11,5712.6
27,5712.7
20,5712.7
4,5712.7
14,5712.8
2,5712.8
26,5712.8
29,5713.0
9,5713.0
22,5713.2
1,5713.2
21,5713.5
6,5713.5
30,5713.8
23,5714.0
3,5714.2
16,5714.4
15,5715.1
12,5718.8
31,5718.8
5,5718.8
13,5719.0
25,5719.2
17,5719.4
19,5719.5
11,5719.5
14,5719.6
26,5719.7
4,5719.8
20,5719.9
27,5720.0
22,5720.5
10,5720.5
2,5721.5
30,5721.5
9,5721.5
29,5722.7
21,5723.3
6,5723.4
3,5723.5
23,5723.6
31,5723.6
5,5723.9
12,5724.3
1,5724.9
13,5725.3
25,5725.6
19,5725.6
14,5725.6
26,5725.7
11,5725.7
4,5726.0
17,5726.2
20,5726.5
27,5726.9
15,5726.9
16,5727.4
22,5727.6
31,5728.3
5,5729.1
12,5729.8
30,5729.9
24,5731.5
10,5731.8
14,5732.0
19,5732.0
26,5732.1
4,5732.4
13,5732.5
11,5732.7
31,5732.8
25,5732.9
9,5734.2
5,5734.3
3,5734.8
20,5735.4
12,5735.5
28,5736.7
17,5736.9
31,5737.2
27,5737.4
2,5739.2
5,5739.9
19,5739.9
25,5740.2
13,5740.2
22,5740.8
10,5741.0
4,5741.1
26,5741.3
31,5741.8
12,5741.9
14,5742.4
11,5744.6
5,5746.1
31,5746.7
25,5748.2
13,5750.4
19,5751.0
31,5752.0
10,5752.0
12,5752.7
5,5756.4
20,5757.6
31,5757.7
25,5760.6
31,5764.2
31,5777.7
13,5791.8
12,5792.0
5,5792.2
25,5792.2
17,5792.3
19,5792.4
10,5792.4
11,5792.5
26,5792.6
4,5792.7
20,5792.7
27,5792.7
31,5792.7
2,5792.7
14,5792.8
9,5792.9
29,5793.1
22,5793.2
1,5793.2
16,5793.3
6,5793.4
21,5793.4
30,5793.8
15,5793.9
23,5794.0
3,5794.2
12,5798.7
13,5798.7
5,5798.8
25,5799.2
31,5799.2
11,5799.4
26,5799.4
17,5799.4
19,5799.4
14,5799.6
4,5799.7
27,5799.8
20,5799.9
10,5800.4
22,5800.4
2,5801.1
30,5801.4
9,5801.5
29,5802.8
6,5803.0
21,5803.0
3,5803.7
23,5803.9
31,5804.0
5,5804.0
12,5804.2
1,5804.6
13,5804.8
25,5805.5
26,5805.5
11,5805.6
19,5805.6
14,5805.6
15,5805.7
16,5805.8
4,5805.9
17,5806.2
20,5806.5
27,5806.5
22,5807.5
31,5808.7
5,5809.1
12,5809.6
30,5809.7
13,5811.6
10,5811.8
19,5812.0
26,5812.0
14,5812.1
4,5812.2
25,5812.5
11,5812.5
24,5812.6
2,5812.7
31,5813.2
5,5814.4
20,5815.3
12,5815.3
17,5816.0
27,5816.2
3,5816.7
31,5817.8
13,5818.9
19,5819.2
25,5819.8
5,5820.0
22,5820.2
4,5820.6
10,5821.1
12,5821.5
26,5822.5
14,5822.5
21,5822.7
31,5822.7
9,5823.8
11,5826.0
5,5826.0
31,5827.9
13,5830.2
12,5830.7
25,5830.9
19,5832.3
31,5833.5
5,5834.1
31,5839.6
31,5849.2
12,5872.0
13,5872.1
5,5872.2
25,5872.2
17,5872.3
19,5872.4
31,5872.4
11,5872.5
10,5872.5
26,5872.6
4,5872.7
27,5872.7
20,5872.7
2,5872.7
14,5872.8
9,5873.0
29,5873.1
22,5873.2
1,5873.2
16,5873.3
21,5873.4
6,5873.5
30,5873.8
15,5873.9
23,5874.0
3,5874.1
12,5878.7
5,5878.8
31,5878.8
13,5879.0
25,5879.3
17,5879.4
19,5879.4
11,5879.5
26,5879.5
14,5879.6
20,5879.8
4,5879.8
27,5879.9
22,5880.4
10,5880.5
2,5881.2
30,5881.6
9,5881.7
21,5882.9
29,5883.0
6,5883.6
31,5883.6
3,5883.7
23,5883.8
5,5884.0
12,5884.1
1,5884.8
13,5885.2
26,5885.5
14,5885.6
19,5885.6
11,5885.7
15,5885.7
25,5885.8
4,5886.0
16,5886.1
17,5886.2
20,5886.4
27,5886.7
22,5887.4
31,5888.2
0,5888.6
5,5889.2
12,5889.4
30,5890.8
10,5890.9
13,5892.1
19,5892.1
14,5892.1
26,5892.2
4,5892.6
31,5892.7
11,5893.0
2,5893.3
25,5893.9
5,5894.5
9,5894.8
12,5894.8
20,5895.0
17,5895.4
3,5896.1
31,5897.3
27,5898.5
22,5899.4
5,5900.1
12,5900.7
31,5902.0
14,5902.6
19,5903.0
4,5903.5
26,5905.2
13,5905.7
5,5906.5
31,5907.0
12,5907.4
31,5912.5
31,5918.3
5,5920.7
31,5925.2
15,5939.7
20,5962.8
8,5972.0
9,6043.6
16,6044.0
26,6044.2
9,6056.2
6,6122.5
25,6170.8
19,6175.8
12,6257.2
5,6257.3
17,6257.5
11,6257.7
31,6257.7
23,6257.8
26,6257.8
4,6257.9
7,6257.9
2,6257.9
27,6257.9
14,6257.9
20,6257.9
9,6258.1
19,6258.2
29,6258.3
25,6258.4
13,6258.4
1,6258.4
22,6258.4
16,6258.5
21,6258.6
6,6258.7
30,6258.9
15,6259.1
3,6259.3
12,6263.9
5,6264.0
31,6264.1
11,6264.6
26,6264.6
17,6264.7
14,6264.8
23,6264.9
20,6265.0
27,6265.1
4,6265.1
22,6265.6
19,6266.0
30,6266.5
2,6266.6
9,6266.7
13,6266.7
7,6267.8
29,6268.2
6,6268.3
21,6268.3
31,6268.9
5,6269.2
12,6269.4
25,6270.0
3,6270.1
10,6270.1
15,6270.3
1,6270.3
26,6270.7
14,6270.7
11,6270.9
4,6271.3
23,6271.5
17,6271.7
20,6271.8
16,6271.8
27,6272.0
19,6273.1
22,6273.1
31,6273.6
5,6274.3
12,6274.8
24,6275.4
30,6275.5
14,6277.2
26,6277.4
4,6277.6
31,6278.1
11,6278.3
13,6278.3
0,6278.8
2,6278.9
5,6279.6
12,6280.4
23,6280.4
20,6281.4
3,6281.4
19,6282.1
31,6282.7
17,6283.3
27,6283.5
5,6285.1
4,6285.3
14,6285.9
12,6286.4
31,6287.5
26,6290.9
5,6291.3
31,6292.7
12,6293.6
31,6298.2
5,6301.1
31,6304.3
9,6311.4
16,6312.0
26,6312.0
31,6313.2
9,6323.2
26,6325.5
0,6326.5
5,6337.1
12,6337.1
17,6337.4
31,6337.4
11,6337.6
23,6337.6
27,6337.7
14,6337.7
4,6337.7
20,6337.7
7,6337.8
2,6337.8
26,6338.1
13,6338.1
19,6338.1
29,6338.2
1,6338.2
22,6338.2
16,6338.3
25,6338.3
21,6338.4
6,6338.5
9,6338.7
30,6338.8
15,6338.9
3,6339.2
5,6343.7
31,6343.8
12,6343.8
17,6344.4
11,6344.5
23,6344.6
14,6344.6
4,6344.8
20,6344.9
26,6345.0
27,6345.0
22,6345.5
19,6346.0
2,6346.2
13,6346.5
7,6346.5
30,6346.6
9,6347.8
21,6347.9
29,6348.1
3,6348.2
6,6348.6
31,6348.6
1,6348.8
5,6348.9
12,6349.1
25,6349.8
15,6350.0
14,6350.5
11,6350.7
4,6350.9
16,6351.0
23,6351.0
26,6351.0
17,6351.2
20,6351.4
27,6351.8
22,6352.7
0,6353.2
31,6353.3
19,6353.7
5,6353.9
12,6354.4
24,6355.2
30,6356.0
14,6356.7
4,6357.2
26,6357.6
11,6357.6
2,6357.7
31,6357.8
13,6357.8
3,6358.5
17,6358.7
23,6358.8
5,6359.0
10,6359.6
20,6359.7
12,6359.8
31,6362.2
27,6362.5
5,6364.3
14,6365.1
4,6365.1
22,6365.3
12,6365.5
31,6366.8
26,6367.7
5,6370.0
11,6370.7
31,6371.7
12,6371.8
5,6376.5
31,6377.0
12,6381.4
31,6382.7
2,6384.7
31,6388.9
5,6390.1
31,6398.8
12,6406.0
5,6417.1
17,6417.3
31,6417.4
23,6417.5
11,6417.5
4,6417.6
26,6417.6
12,6417.6
7,6417.7
2,6417.7
27,6417.7
20,6417.7
14,6417.8
9,6417.9
19,6418.0
13,6418.1
29,6418.1
25,6418.2
22,6418.2
1,6418.2
16,6418.3
21,6418.4
6,6418.5
30,6418.8
15,6418.9
3,6419.1
5,6423.8
31,6423.8
12,6424.2
11,6424.4
17,6424.4
26,6424.5
23,6424.5
14,6424.6
4,6424.6
27,6424.9
20,6424.9
22,6425.4
2,6425.8
19,6426.0
13,6426.5
30,6426.5
9,6426.6
7,6427.0
21,6427.6
29,6427.8
3,6428.4
31,6428.6
6,6429.0
5,6429.0
1,6429.4
25,6429.6
12,6429.7
26,6430.5
14,6430.6
11,6430.6
15,6430.7
23,6430.7
4,6430.8
17,6431.3
20,6431.5
16,6431.5
27,6431.7
22,6432.6
31,6433.2
19,6433.9
5,6434.1
24,6434.4
0,6434.6
12,6435.0
30,6435.6
2,6436.4
26,6436.9
14,6437.0
4,6437.1
13,6437.5
11,6437.5
31,6437.7
23,6437.9
5,6439.2
3,6439.4
12,6440.5
20,6440.6
17,6440.8
31,6442.2
27,6443.4
5,6444.7
9,6444.8
4,6445.4
22,6445.5
26,6445.7
21,6446.3
12,6446.3
14,6446.6
31,6446.9
19,6447.5
23,6448.9
5,6450.5
11,6451.0
31,6451.8
12,6452.9
31,6457.2
5,6457.3
20,6462.0
31,6462.9
12,6466.2
31,6469.6
5,6471.5
5,6497.0
12,6497.0
17,6497.3
31,6497.5
11,6497.5
23,6497.6
26,6497.6
27,6497.7
2,6497.7
4,6497.7
7,6497.7
20,6497.7
14,6497.8
19,6497.9
9,6497.9
25,6498.0
1,6498.0
16,6498.1
29,6498.1
22,6498.2
13,6498.2
21,6498.5
6,6498.5
15,6498.8
30,6498.8
3,6498.9
5,6503.7
12,6503.7
31,6503.9
17,6504.4
11,6504.5
26,6504.5
23,6504.6
14,6504.6
20,6504.8
4,6504.8
27,6504.8
22,6505.4
19,6505.8
2,6506.0
9,6506.4
13,6506.6
30,6506.6
7,6506.7
29,6507.7
21,6508.0
3,6508.3
1,6508.4
31,6508.7
5,6508.8
12,6509.0
25,6509.0
6,6509.2
15,6510.2
26,6510.5
16,6510.5
14,6510.6
11,6510.7
4,6511.0
23,6511.0
17,6511.2
27,6511.5
20,6511.5
22,6512.6
31,6513.4
19,6513.6
24,6513.8
5,6513.8
12,6514.4
30,6516.2
26,6517.0
14,6517.1
4,6517.5
2,6517.6
31,6517.9
11,6518.1
13,6518.2
9,6518.7
5,6518.9
23,6518.9
12,6519.9
3,6520.2
17,6520.7
20,6521.2
31,6522.3
27,6522.8
5,6524.3
12,6525.7
31,6527.0
4,6527.2
26,6528.1
14,6528.2
5,6530.1
31,6531.8
12,6532.5
5,6536.9
31,6537.1
31,6542.8
12,6546.5
31,6549.1
31,6559.6
1,6565.8
0,6565.8
9,6578.6
16,6579.0
26,6579.2
3,6581.8
9,6589.9
16,6598.8
10,6679.3
19,6687.9
20,6740.2
28,6761.4
29,6838.2
9,6868.0
12,6882.2
23,6882.3
17,6882.5
13,6882.6
5,6882.6
31,6882.6
15,6882.7
22,6882.8
27,6882.8
14,6882.9
7,6882.9
2,6882.9
26,6882.9
4,6882.9
19,6883.2
11,6883.2
29,6883.3
25,6883.3
1,6883.4
16,6883.5
21,6883.6
6,6883.7
20,6883.7
30,6883.9
9,6884.3
3,6884.3
23,6888.9
12,6889.0
31,6889.1
22,6889.5
13,6889.6
5,6889.6
17,6889.7
14,6889.8
15,6889.9
4,6890.1
27,6890.2
26,6890.3
19,6891.3
30,6891.7
2,6891.8
7,6892.3
11,6892.8
21,6893.2
29,6893.2
9,6893.7
31,6893.9
23,6894.4
6,6894.5
12,6894.6
25,6894.7
20,6894.9
3,6895.4
22,6895.5
1,6895.6
14,6895.8
5,6896.0
13,6896.2
4,6896.3
15,6896.6
17,6897.1
27,6898.1
26,6898.2
19,6898.6
31,6898.6
0,6899.2
23,6899.9
12,6900.2
22,6901.7
30,6901.8
14,6902.2
4,6902.5
31,6903.2
5,6904.0
15,6904.5
2,6904.5
23,6905.6
12,6906.0
13,6906.3
3,6906.8
31,6907.9
19,6908.8
17,6909.7
22,6910.0
4,6910.6
23,6912.0
12,6912.6
31,6912.9
14,6913.0
31,6918.2
31,6924.1
23,6924.5
12,6925.9
15,6930.5
31,6930.9
4,6932.4
5,6932.6
20,6939.2
23,6962.1
12,6962.1
5,6962.4
13,6962.4
17,6962.4
31,6962.5
15,6962.6
22,6962.6
27,6962.6
7,6962.7
4,6962.7
26,6962.7
14,6962.8
2,6962.8
9,6963.0
19,6963.1
11,6963.1
25,6963.1
1,6963.2
29,6963.2
6,6963.3
16,6963.3
21,6963.4
20,6963.4
30,6963.8
3,6964.2
23,6968.8
12,6968.8
31,6968.9
5,6969.3
22,6969.4
13,6969.5
17,6969.6
14,6969.6
15,6969.7
26,6969.7
4,6969.8
27,6970.0
9,6970.1
19,6970.9
2,6971.2
30,6971.5
16,6971.6
7,6972.1
11,6972.8
6,6972.8
29,6972.8
25,6972.9
21,6973.1
3,6973.3
31,6973.7
20,6973.7
12,6974.1
23,6974.2
1,6975.1
22,6975.3
5,6975.5
14,6975.6
26,6975.8
13,6976.0
4,6976.0
15,6976.1
17,6976.5
9,6976.9
27,6977.5
31,6978.4
0,6978.7
19,6978.8
12,6979.4
23,6979.5
10,6980.7
30,6981.4
22,6981.5
2,6981.9
14,6982.2
5,6982.4
4,6982.5
26,6982.9
31,6982.9
3,6983.4
15,6984.0
18,6984.4
13,6984.5
6,6984.7
16,6984.7
12,6984.9
23,6985.0
17,6985.7
9,6987.0
31,6987.5
22,6989.4
12,6990.6
23,6991.0
31,6992.3
4,6992.4
14,6994.1
5,6996.1
12,6996.9
31,6997.4
23,6998.0
31,7002.9
12,7005.0
31,7009.1
31,7017.9
12,7042.0
23,7042.1
17,7042.2
31,7042.4
13,7042.4
5,7042.4
15,7042.5
27,7042.6
22,7042.6
2,7042.7
14,7042.7
26,7042.7
4,7042.7
7,7042.8
9,7042.9
19,7043.0
11,7043.1
29,7043.1
1,7043.2
25,7043.2
16,7043.4
21,7043.4
6,7043.5
20,7043.5
30,7043.8
3,7043.9
12,7048.7
23,7048.8
31,7048.8
5,7049.3
13,7049.4
22,7049.4
17,7049.4
14,7049.5
15,7049.6
4,7049.8
27,7050.0
26,7050.0
2,7050.9
19,7050.9
9,7051.2
30,7051.6
7,7052.5
11,7052.6
29,7052.9
3,7053.0
21,7053.1
25,7053.3
31,7053.7
6,7053.8
20,7053.8
23,7054.1
12,7054.1
1,7054.7
22,7055.3
16,7055.5
5,7055.5
14,7055.5
13,7055.9
17,7056.0
4,7056.0
15,7056.1
27,7057.3
26,7057.5
31,7058.3
19,7058.5
12,7059.3
23,7059.5
24,7059.6
2,7061.1
30,7061.4
14,7061.6
22,7061.6
9,7061.9
5,7062.3
4,7062.4
31,7062.9
3,7063.1
8,7063.5
15,7063.7
13,7064.3
12,7064.7
23,7064.9
17,7065.4
25,7066.0
31,7067.5
14,7069.2
27,7069.7
12,7070.3
22,7070.5
23,7070.8
4,7071.7
19,7072.0
31,7072.4
5,7075.6
12,7076.4
23,7077.5
31,7077.7
31,7083.4
12,7084.5
31,7089.9
31,7104.2
12,7122.0
23,7122.1
17,7122.2
13,7122.2
5,7122.3
15,7122.4
4,7122.5
27,7122.5
22,7122.6
31,7122.6
26,7122.7
7,7122.7
9,7122.7
2,7122.7
14,7122.8
29,7122.9
19,7122.9
11,7123.0
25,7123.0
1,7123.2
16,7123.3
21,7123.4
6,7123.5
20,7123.5
30,7123.8
3,7124.1
12,7128.6
23,7128.7
31,7129.0
13,7129.2
5,7129.3
17,7129.3
22,7129.3
15,7129.4
14,7129.6
4,7129.6
27,7129.8
26,7130.0
19,7130.9
2,7131.0
9,7131.1
30,7131.5
7,7132.3
29,7132.3
11,7132.7
21,7133.1
25,7133.5
3,7133.5
31,7133.9
20,7133.9
12,7134.0
23,7134.1
6,7134.1
1,7135.1
22,7135.2
5,7135.5
13,7135.5
4,7135.6
14,7135.6
16,7135.9
17,7136.0
15,7136.0
27,7137.2
26,7137.7
31,7138.5
19,7138.8
12,7139.2
23,7139.4
30,7141.0
2,7141.4
22,7141.5
4,7141.8
14,7142.0
5,7142.7
13,7143.0
31,7143.1
9,7143.3
15,7143.7
3,7143.8
17,7144.2
12,7144.6
23,7144.8
11,7146.2
31,7147.7
4,7149.2
22,7149.9
12,7150.3
23,7150.6
14,7151.1
31,7152.5
12,7156.3
23,7157.0
31,7157.7
31,7163.3
12,7163.7
23,7169.0
31,7169.4
31,7178.3
29,7180.4
5,7259.4
19,7261.3
18,7280.5
15,7310.0
13,7345.2
2,7497.6
19,7498.2
12,7507.2
17,7507.3
23,7507.3
25,7507.4
13,7507.6
27,7507.8
31,7507.8
22,7507.8
14,7507.9
4,7507.9
26,7507.9
15,7508.0
5,7508.0
7,7508.0
9,7508.1
11,7508.2
29,7508.4
1,7508.5
16,7508.5
21,7508.6
20,7508.9
30,7508.9
3,7509.4
19,7509.5
2,7509.7
12,7513.9
23,7513.9
17,7514.1
31,7514.4
25,7514.5
13,7514.6
22,7514.6
14,7514.8
4,7515.1
26,7515.2
27,7515.2
15,7516.5
30,7516.6
9,7517.1
7,7517.4
5,7517.6
11,7518.0
19,7518.1
21,7518.4
29,7519.0
2,7519.4
12,7519.4
23,7519.4
31,7519.8
17,7520.0
20,7520.2
22,7520.5
1,7520.7
3,7520.7
14,7520.9
13,7521.0
25,7521.3
4,7521.3
16,7521.8
26,7523.0
27,7523.2
12,7524.9
23,7524.9
31,7525.2
30,7525.8
17,7526.3
19,7526.7
6,7526.7
22,7526.8
4,7527.6
14,7527.8
13,7528.8
15,7528.9
23,7530.6
12,7530.6
31,7530.7
25,7530.8
3,7532.4
17,7534.9
4,7535.7
22,7535.7
31,7536.6
12,7536.8
23,7536.9
31,7543.9
10,7543.9
12,7546.0
23,7546.7
30,7583.4
23,7587.1
12,7587.1
17,7587.1
25,7587.2
13,7587.3
31,7587.6
27,7587.6
4,7587.6
22,7587.6
14,7587.7
7,7587.7
26,7587.7
5,7587.8
15,7587.8
2,7587.8
9,7587.9
19,7587.9
11,7587.9
1,7588.0
29,7588.2
16,7588.3
21,7588.3
20,7588.6
3,7589.2
30,7591.1
23,7593.8
12,7593.8
17,7594.0
31,7594.2
25,7594.2
13,7594.3
22,7594.4
14,7594.6
4,7594.7
27,7595.0
26,7595.1
19,7595.7
2,7596.2
15,7596.3
11,7596.6
9,7596.8
5,7596.8
21,7596.9
7,7596.9
3,7598.2
30,7598.3
29,7598.5
23,7599.1
12,7599.2
1,7599.3
20,7599.5
31,7599.5
17,7599.9
22,7600.2
14,7600.5
13,7600.7
25,7600.8
4,7600.9
16,7601.3
26,7602.7
27,7602.9
19,7603.3
23,7604.4
12,7604.5
31,7604.6
6,7605.7
17,7606.2
22,7606.4
14,7606.9
30,7607.2
4,7607.3
2,7607.5
15,7608.1
13,7608.4
25,7608.6
3,7608.9
21,7609.7
23,7609.9
31,7609.9
12,7610.0
11,7610.4
17,7613.7
22,7614.3
31,7615.5
23,7615.7
12,7615.9
4,7616.1
19,7616.9
14,7617.1
31,7621.4
23,7622.4
12,7622.6
31,7628.9
11,7640.0
12,7643.7
9,7658.9
16,7659.3
26,7659.5
12,7667.0
17,7667.1
23,7667.1
25,7667.2
13,7667.4
27,7667.4
31,7667.6
4,7667.6
22,7667.6
2,7667.7
14,7667.7
7,7667.7
5,7667.8
11,7667.8
15,7667.9
19,7667.9
26,7668.0
9,7668.1
29,7668.1
21,7668.2
1,7668.2
20,7668.5
30,7668.8
3,7669.0
16,7669.5
12,7673.7
23,7673.8
17,7673.9
31,7674.2
25,7674.3
22,7674.4
13,7674.4
14,7674.6
4,7674.7
27,7674.7
26,7674.8
9,7675.7
19,7675.7
2,7676.1
15,7676.4
30,7676.5
7,7676.8
11,7676.9
5,7677.1
21,7677.5
29,7677.9
3,7678.3
12,7679.0
23,7679.2
1,7679.4
31,7679.5
20,7679.6
17,7679.8
22,7680.3
14,7680.5
4,7680.8
13,7680.9
25,7680.9
16,7681.4
26,7681.5
27,7681.8
19,7682.8
10,7683.7
12,7684.3
23,7684.5
31,7684.7
0,7685.2
30,7685.5
17,7686.0
9,7686.0
22,7686.4
6,7686.6
14,7686.9
4,7687.1
2,7688.2
25,7688.9
15,7689.0
13,7689.0
21,7689.6
3,7689.6
12,7689.7
31,7690.0
23,7690.0
26,7690.3
27,7692.5
19,7692.8
22,7694.0
17,7694.1
4,7695.0
12,7695.4
31,7695.6
23,7695.9
14,7696.5
12,7701.6
31,7701.7
23,7702.8
20,7706.9
31,7709.9
25,7710.0
12,7711.1
7,7730.3
31,7735.8
12,7747.0
17,7747.0
23,7747.1
25,7747.2
13,7747.4
27,7747.5
4,7747.6
22,7747.6
2,7747.7
15,7747.7
26,7747.7
5,7747.8
14,7747.8
11,7747.9
9,7747.9
19,7748.0
29,7748.1
31,7748.1
1,7748.2
16,7748.3
21,7748.4
20,7748.5
7,7748.6
30,7748.8
3,7749.1
12,7753.7
23,7753.7
17,7753.8
25,7754.2
22,7754.4
13,7754.4
14,7754.6
27,7754.8
4,7754.8
31,7754.8
26,7755.0
19,7755.9
15,7756.0
2,7756.2
30,7756.5
9,7756.6
5,7757.1
11,7757.2
21,7757.6
7,7757.9
29,7757.9
3,7758.5
20,7758.7
23,7759.1
12,7759.1
1,7759.4
17,7759.6
31,7760.2
22,7760.2
14,7760.6
25,7760.7
13,7760.8
16,7760.8
4,7760.8
26,7762.3
27,7762.4
19,7763.6
12,7764.5
23,7764.5
31,7765.5
17,7765.6
30,7765.6
6,7766.0
22,7766.4
14,7766.9
15,7767.0
4,7767.1
2,7767.5
25,7768.5
13,7769.5
12,7770.0
23,7770.0
3,7770.8
31,7771.1
17,7772.6
22,7774.8
4,7774.9
27,7775.4
26,7775.8
12,7775.9
23,7775.9
14,7776.7
31,7777.0
12,7782.7
23,7782.9
31,7784.4
26,7802.9
0,7862.4
26,7881.7
0,7904.5
20,7909.2
11,7909.8
23,7912.1
16,7914.8
3,8021.4
30,8123.6
17,8132.3
23,8132.3
12,8132.3
13,8132.5
22,8132.7
27,8132.7
4,8132.7
25,8132.7
15,8132.8
7,8132.8
31,8132.8
14,8132.9
29,8133.0
2,8133.0
26,8133.1
5,8133.1
9,8133.2
11,8133.2
19,8133.2
21,8133.6
20,8133.7
3,8134.2
28,8134.9
30,8135.7
23,8138.9
12,8139.0
17,8139.2
22,8139.3
31,8139.4
4,8139.5
13,8139.5
14,8139.7
27,8140.1
29,8140.3
15,8141.1
19,8141.3
2,8141.4
25,8141.4
9,8142.2
5,8142.3
7,8142.5
26,8142.5
11,8142.6
21,8143.8
30,8144.0
23,8144.5
12,8144.5
31,8144.7
22,8144.8
4,8145.0
20,8145.0
17,8145.2
28,8145.3
14,8145.7
3,8145.8
13,8146.0
29,8147.3
27,8147.9
19,8148.7
31,8150.0
23,8150.0
4,8150.1
22,8150.1
12,8150.1
17,8151.9
14,8152.0
2,8152.3
15,8152.9
13,8154.0
6,8154.8
11,8155.1
4,8155.2
30,8155.4
31,8155.4
22,8155.6
23,8155.9
12,8155.9
29,8158.8
25,8158.9
3,8159.2
19,8160.0
4,8160.4
27,8160.4
31,8161.1
22,8161.3
14,8162.1
12,8162.3
23,8162.5
17,8164.3
4,8165.9
31,8167.3
22,8168.1
4,8171.8
12,8173.1
31,8177.6
4,8179.1
12,8212.0
23,8212.1
17,8212.1
13,8212.4
31,8212.5
25,8212.5
22,8212.5
4,8212.6
27,8212.6
14,8212.7
7,8212.7
15,8212.9
2,8212.9
29,8212.9
5,8212.9
9,8213.0
11,8213.0
19,8213.1
26,8213.3
20,8213.4
21,8213.4
30,8213.7
3,8214.2
28,8214.8
12,8218.7
23,8218.8
17,8219.0
22,8219.2
31,8219.2
4,8219.3
13,8219.4
14,8219.5
27,8219.9
29,8220.1
19,8220.9
25,8220.9
2,8221.3
15,8221.4
30,8221.5
7,8221.9
9,8222.0
11,8222.4
5,8222.7
26,8222.7
21,8223.0
3,8223.5
20,8223.6
12,8224.0
23,8224.2
31,8224.4
22,8224.5
4,8224.8
17,8224.9
28,8224.9
14,8225.4
13,8225.9
29,8226.9
10,8227.1
27,8227.3
19,8228.5
12,8229.3
31,8229.5
23,8229.6
22,8229.8
4,8230.0
30,8230.6
17,8231.1
14,8231.5
2,8233.2
25,8233.9
13,8234.3
12,8234.6
31,8234.7
4,8235.1
22,8235.1
23,8235.3
3,8235.3
6,8236.4
9,8236.4
24,8236.4
16,8236.6
29,8236.8
26,8236.9
14,8239.0
17,8239.1
19,8239.8
12,8240.1
31,8240.2
4,8240.3
22,8240.7
23,8241.4
4,8245.8
12,8246.0
31,8246.2
22,8247.0
9,8248.4
23,8249.7
26,8250.0
4,8251.8
12,8253.1
31,8253.4
22,8258.7
4,8258.9
4,8282.5
0,8282.5
12,8292.0
17,8292.1
23,8292.1
13,8292.4
22,8292.4
25,8292.4
27,8292.6
31,8292.6
2,8292.7
7,8292.7
14,8292.7
29,8292.8
5,8292.8
15,8292.8
9,8292.9
11,8293.0
19,8293.0
4,8293.0
26,8293.2
20,8293.2
21,8293.5
30,8293.7
3,8294.1
28,8294.8
12,8298.6
23,8298.8
17,8298.9
22,8299.0
31,8299.2
13,8299.4
14,8299.6
4,8299.7
29,8299.8
27,8299.9
25,8300.6
2,8300.7
19,8300.8
9,8301.1
15,8301.1
30,8301.4
7,8302.0
26,8302.2
5,8302.3
11,8302.5
21,8302.7
20,8302.8
3,8303.5
12,8304.0
23,8304.1
22,8304.2
31,8304.5
17,8304.8
28,8304.9
4,8305.0
14,8305.6
13,8305.8
29,8306.3
27,8307.3
19,8308.2
12,8309.2
22,8309.2
23,8309.4
24,8309.4
31,8309.7
4,8310.1
30,8310.1
17,8310.9
2,8311.3
14,8312.0
25,8312.0
15,8313.1
9,8313.8
13,8313.9
29,8314.0
22,8314.3
26,8314.4
12,8314.5
23,8314.9
31,8315.0
4,8315.1
3,8315.7
6,8316.8
17,8318.1
22,8319.7
19,8319.9
4,8320.1
12,8320.1
27,8320.2
31,8320.6
23,8320.7
14,8322.0
4,8325.4
22,8325.4
12,8326.1
31,8326.6
23,8327.4
4,8331.1
22,8331.8
12,8333.6
31,8335.3
4,8337.2
17,8338.8
22,8344.0
4,8346.0
17,8365.1
29,8371.9
12,8372.0
23,8372.1
13,8372.4
4,8372.4
27,8372.4
25,8372.5
22,8372.5
31,8372.6
17,8372.6
7,8372.7
2,8372.7
15,8372.7
11,8372.8
5,8372.8
14,8372.8
9,8372.9
19,8373.0
26,8373.0
21,8373.4
20,8373.4
30,8373.9
3,8374.1
28,8374.8
12,8378.6
23,8378.7
29,8379.0
17,8379.0
4,8379.1
22,8379.1
31,8379.2
13,8379.4
14,8379.6
27,8379.6
19,8380.8
25,8381.0
2,8381.2
15,8381.3
9,8381.4
30,8381.6
7,8381.9
11,8382.2
26,8382.2
5,8382.4
21,8382.9
3,8383.5
20,8383.7
12,8384.0
23,8384.1
22,8384.3
4,8384.5
31,8384.5
17,8384.7
28,8385.2
29,8385.5
14,8385.6
13,8385.8
27,8387.0
19,8388.2
6,8388.3
0,8389.2
22,8389.3
12,8389.3
23,8389.5
4,8389.5
31,8389.8
17,8390.7
30,8391.7
14,8392.1
2,8392.8
25,8393.2
29,8393.6
9,8393.9
13,8394.2
22,8394.4
4,8394.5
12,8394.8
23,8395.0
31,8395.1
26,8395.4
3,8395.8
17,8397.2
19,8397.3
27,8398.6
4,8399.6
22,8399.8
12,8400.5
23,8400.8
31,8400.8
14,8402.5
4,8405.0
22,8405.5
31,8407.0
12,8407.0
23,8407.8
17,8408.8
4,8410.7
22,8412.0
4,8417.2
31,8417.4
12,8419.2
22,8425.3
4,8430.8
13,8436.4
15,8667.4
10,8705.3
20,8721.5
30,8722.5
28,8734.6
23,8757.3
25,8757.6
13,8757.6
4,8757.7
12,8757.7
16,8757.7
17,8757.7
22,8757.7
31,8757.7
7,8757.9
14,8757.9
15,8758.0
9,8758.1
11,8758.2
19,8758.2
27,8758.3
26,8758.4
21,8758.6
20,8758.7
10,8758.8
30,8758.9
29,8759.0
3,8759.4
28,8760.4
23,8764.0
22,8764.3
31,8764.4
4,8764.5
13,8764.7
12,8764.8
14,8764.8
17,8765.8
25,8766.2
19,8766.3
30,8766.4
15,8766.7
16,8766.8
9,8767.2
27,8767.7
29,8767.7
11,8768.0
7,8768.0
26,8768.7
21,8769.0
23,8769.5
31,8769.7
22,8769.7
20,8769.7
4,8770.1
28,8770.5
14,8770.8
3,8771.0
12,8771.3
13,8771.3
0,8773.0
19,8773.7
30,8774.6
22,8775.0
31,8775.0
23,8775.0
10,8775.0
4,8775.3
17,8776.7
6,8777.1
14,8777.6
25,8778.7
12,8778.8
11,8780.2
22,8780.3
4,8780.5
31,8780.5
23,8780.8
13,8781.5
2,8781.9
19,8783.2
22,8785.8
4,8785.9
31,8786.4
23,8787.2
14,8790.9
4,8791.7
22,8791.9
31,8793.6
4,8798.6
23,8799.4
22,8800.6
9,8812.9
24,8822.5
0,8829.0
20,8829.2
16,8835.5
23,8837.1
13,8837.4
4,8837.5
22,8837.5
12,8837.5
25,8837.6
31,8837.6
17,8837.7
7,8837.7
14,8837.8
15,8837.9
19,8837.9
27,8838.0
11,8838.0
9,8838.2
26,8838.3
21,8838.3
10,8838.7
30,8838.8
29,8838.9
3,8839.2
28,8839.8
20,8841.6
16,8843.3
23,8843.8
22,8844.2
31,8844.2
4,8844.3
13,8844.4
12,8844.5
14,8844.6
17,8845.6
19,8845.7
25,8845.9
30,8846.5
15,8846.6
27,8847.1
9,8847.3
29,8847.3
21,8847.4
11,8847.4
7,8847.5
26,8848.0
3,8848.5
23,8849.2
22,8849.4
31,8849.5
4,8849.8
28,8850.0
14,8850.6
13,8850.8
12,8850.9
19,8853.0
16,8853.6
20,8854.3
22,8854.5
23,8854.6
17,8854.6
31,8854.7
4,8854.9
2,8854.9
10,8855.1
30,8855.2
14,8857.2
6,8857.3
25,8857.6
12,8858.2
0,8858.7
13,8858.9
22,8859.5
4,8860.0
23,8860.2
31,8860.2
11,8860.6
3,8861.4
19,8862.1
22,8864.8
4,8865.3
31,8865.9
23,8866.3
14,8868.2
22,8870.4
4,8871.0
31,8872.5
23,8874.2
22,8876.7
4,8877.2
30,8878.0
12,8879.4
4,8885.3
11,8886.5
22,8887.5
26,8901.8
23,8917.1
13,8917.4
17,8917.4
16,8917.4
22,8917.5
12,8917.5
4,8917.5
25,8917.6
31,8917.6
7,8917.7
14,8917.8
15,8917.8
11,8917.9
9,8918.0
19,8918.0
27,8918.2
10,8918.4
21,8918.4
20,8918.5
30,8918.8
29,8918.9
3,8919.0
26,8919.1
28,8919.8
23,8923.8
22,8924.1
4,8924.2
31,8924.2
13,8924.4
12,8924.5
14,8924.6
17,8925.1
19,8925.9
16,8926.0
25,8926.0
15,8926.2
30,8926.6
9,8926.7
11,8926.9
7,8927.4
29,8927.5
27,8927.6
21,8927.9
3,8928.4
20,8928.5
23,8929.2
22,8929.3
26,8929.5
31,8929.5
4,8929.7
28,8930.3
14,8930.7
13,8930.8
12,8930.9
19,8933.6
17,8934.2
22,8934.4
23,8934.6
4,8934.7
31,8934.7
10,8935.1
2,8935.7
30,8935.8
14,8937.2
15,8938.0
12,8938.7
25,8938.7
6,8938.7
16,8938.9
13,8939.0
11,8939.2
0,8939.4
22,8939.5
4,8939.8
24,8940.0
31,8940.1
23,8940.1
3,8940.9
5,8941.5
22,8944.8
4,8945.0
19,8945.4
31,8945.9
23,8946.0
14,8948.6
4,8950.5
22,8950.6
20,8951.8
31,8952.6
23,8953.1
4,8956.5
22,8957.1
26,8959.6
4,8964.7
4,8988.9
23,8997.1
13,8997.3
12,8997.3
16,8997.4
22,8997.5
25,8997.5
31,8997.5
15,8997.6
17,8997.6
7,8997.7
9,8997.8
14,8997.8
11,8997.9
27,8998.0
19,8998.0
4,8998.1
26,8998.2
20,8998.5
21,8998.5
10,8998.6
30,8998.8
29,8998.9
3,8999.1
28,8999.5
23,9003.7
31,9004.1
22,9004.1
13,9004.3
12,9004.3
4,9004.6
14,9004.6
17,9005.4
19,9005.8
15,9005.9
25,9005.9
16,9005.9
9,9006.3
30,9006.6
11,9006.9
27,9007.2
7,9007.3
26,9007.7
29,9007.7
21,9008.3
3,9008.5
20,9008.9
28,9009.2
23,9009.2
22,9009.3
31,9009.4
4,9010.0
12,9010.5
14,9010.6
13,9010.7
10,9011.6
19,9013.2
22,9014.4
31,9014.5
23,9014.6
17,9014.9
4,9015.1
30,9015.8
14,9017.2
12,9017.7
15,9018.0
25,9018.7
13,9018.8
6,9019.0
22,9019.5
31,9019.9
11,9019.9
23,9020.1
4,9020.2
0,9020.8
3,9022.0
19,9024.2
22,9024.8
31,9025.5
4,9025.5
23,9026.1
14,9028.5
22,9030.5
4,9031.2
31,9031.8
23,9033.6
22,9036.8
4,9037.4
31,9043.6
4,9047.2
22,9049.6
13,9053.5
12,9083.3
0,9181.5
2,9326.7
9,9374.9
16,9375.3
26,9375.6
23,9382.3
11,9382.4
13,9382.6
25,9382.7
4,9382.7
12,9382.7
17,9382.7
22,9382.8
7,9382.9
15,9383.0
31,9383.1
19,9383.3
27,9383.3
14,9383.4
9,9383.5
16,9383.6
21,9383.6
6,9383.6
10,9383.7
29,9383.8
20,9383.8
26,9384.3
3,9384.4
28,9384.9
23,9389.3
11,9389.4
13,9389.5
4,9389.5
22,9389.7
12,9389.8
31,9390.1
17,9390.3
9,9391.0
25,9391.2
16,9391.2
19,9391.4
15,9391.5
14,9391.5
29,9391.8
27,9392.2
26,9392.6
7,9393.2
21,9393.9
20,9394.5
28,9394.6
6,9395.0
4,9395.1
3,9395.3
23,9395.6
11,9395.8
13,9395.9
22,9395.9
12,9396.4
31,9396.5
24,9398.1
19,9398.9
17,9399.0
4,9400.3
14,9401.9
0,9402.2
9,9402.3
25,9402.6
22,9402.8
29,9402.9
23,9403.1
16,9403.1
11,9403.4
10,9403.4
15,9403.6
30,9403.6
12,9404.2
13,9404.4
31,9404.5
4,9405.5
26,9405.6
2,9407.2
3,9407.3
5,9407.4
19,9410.0
4,9410.9
4,9416.8
4,9423.5
11,9462.1
23,9462.2
13,9462.4
25,9462.5
12,9462.5
4,9462.6
22,9462.6
16,9462.6
7,9462.7
17,9462.7
15,9462.8
9,9462.9
31,9462.9
27,9463.0
19,9463.1
14,9463.2
26,9463.3
6,9463.4
21,9463.4
20,9463.5
29,9463.7
10,9463.7
3,9464.2
28,9464.6
11,9469.1
23,9469.1
13,9469.4
4,9469.4
12,9469.5
22,9469.5
31,9469.9
17,9470.6
19,9470.9
25,9471.0
15,9471.2
14,9471.2
16,9471.3
9,9471.5
7,9472.0
27,9472.1
29,9472.2
26,9473.0
21,9473.1
3,9473.3
20,9474.0
28,9474.4
6,9474.5
4,9474.9
11,9475.3
23,9475.5
22,9475.6
12,9475.9
13,9475.9
31,9476.2
19,9478.7
24,9479.1
4,9480.2
17,9480.6
11,9481.9
14,9482.1
22,9482.2
15,9482.9
25,9483.2
12,9483.3
23,9483.6
31,9484.0
29,9484.1
3,9484.6
13,9485.3
4,9485.5
4,9491.0
19,9491.1
11,9491.9
22,9493.2
4,9497.1
4,9505.3
28,9528.2
11,9542.2
23,9542.2
25,9542.4
13,9542.4
12,9542.5
16,9542.5
4,9542.5
17,9542.6
22,9542.6
7,9542.7
15,9542.8
9,9542.9
31,9542.9
19,9543.0
27,9543.2
26,9543.2
6,9543.2
14,9543.2
10,9543.3
20,9543.3
21,9543.4
29,9543.7
3,9544.1
28,9546.0
11,9549.1
23,9549.1
4,9549.2
13,9549.4
22,9549.4
12,9549.5
31,9549.9
17,9550.6
25,9550.8
19,9550.8
14,9551.1
9,9551.1
15,9551.2
16,9551.3
7,9552.0
29,9552.1
27,9552.3
26,9552.6
21,9553.2
3,9553.3
20,9553.9
6,9554.0
4,9554.7
11,9555.4
23,9555.4
22,9555.5
12,9555.9
13,9555.9
10,9556.2
31,9556.2
28,9556.6
19,9558.2
4,9559.8
14,9561.0
17,9561.2
22,9562.0
11,9562.2
25,9562.7
23,9563.2
12,9563.4
9,9563.8
13,9563.8
31,9563.9
15,9564.1
29,9564.4
4,9565.0
3,9565.1
19,9568.6
4,9570.5
22,9573.4
11,9574.0
4,9576.3
4,9583.3
16,9597.3
23,9622.1
11,9622.2
13,9622.4
16,9622.4
12,9622.5
4,9622.5
17,9622.6
25,9622.6
22,9622.6
7,9622.7
15,9622.7
9,9622.9
31,9622.9
19,9623.0
26,9623.2
27,9623.2
14,9623.2
21,9623.4
6,9623.4
20,9623.5
10,9623.6
29,9623.9
3,9624.1
28,9624.8
11,9629.1
23,9629.1
4,9629.2
22,9629.4
13,9629.4
12,9629.5
31,9629.9
17,9630.5
25,9630.7
19,9630.9
14,9631.0
16,9631.1
15,9631.1
9,9631.5
7,9631.5
29,9632.2
27,9632.3
26,9632.5
21,9632.8
3,9633.5
20,9634.3
6,9634.5
4,9634.7
28,9635.0
11,9635.2
23,9635.5
22,9635.5
13,9635.9
12,9636.0
31,9636.2
10,9636.8
19,9638.7
4,9639.8
14,9640.7
11,9641.5
17,9641.7
22,9642.1
25,9642.6
15,9643.6
12,9643.6
5,9643.7
18,9643.7
23,9643.9
31,9644.1
13,9644.5
3,9644.9
4,9645.0
9,9645.1
29,9645.2
0,9646.5
2,9647.0
19,9649.9
4,9650.4
11,9650.7
22,9654.0
4,9656.3
4,9663.2
18,9677.9
6,9678.2
7,9689.9
17,9747.9
3,9754.4
4,9763.7
20,9770.3
24,9798.6
6,9812.2
20,9872.9
5,9976.0
11,9977.6
10,9999.9
