5,232.6
2,273.1
4,336.9
1,662.6
5,662.8
6,662.9
2,666.3
0,668.6
3,670.8
7,672.8
4,677.5
6,680.0
1,681.0
2,688.9
5,693.0
0,696.2
3,699.0
6,700.3
1,707.5
7,708.3
2,722.2
6,730.4
4,738.0
5,747.7
1,763.7
6,798.7
3,808.9
0,821.5
2,837.2
5,905.1
1,922.0
7,942.2
4,978.1
6,1024.0
5,1068.7
0,1181.9
1,1283.8
6,1286.0
2,1286.2
5,1287.0
3,1292.6
7,1302.9
4,1307.3
0,1307.8
1,1310.7
6,1312.9
5,1313.0
2,1318.1
3,1322.0
5,1351.4
6,1356.0
1,1357.4
0,1360.4
3,1389.6
2,1397.3
7,1436.0
5,1454.4
6,1497.5
1,1521.5
0,1538.4
4,1542.5
2,1636.9
5,1639.5
3,1653.2
6,1912.9
1,1913.0
5,1913.9
0,1918.1
4,1927.8
2,1929.2
7,1929.4
3,1934.6
5,1958.9
1,1992.6
6,2021.5
0,2070.0
5,2072.8
2,2128.7
7,2151.9
1,2155.3
4,2161.4
3,2175.6
6,2197.7
5,2204.2
0,2293.3
1,2537.5
5,2538.0
6,2547.8
2,2554.2
0,2556.5
4,2568.3
3,2575.3
7,2594.6
5,2598.9
1,2652.9
6,2701.5
5,2714.1
0,2723.0
2,2727.5
3,2814.3
1,2821.0
4,2874.7
7,2876.1
5,2889.3
6,2954.4
5,3149.4
1,3149.7
0,3150.7
6,3150.7
2,3150.7
3,3151.9
4,3152.6
7,3152.8
7,3193.0
7,3202.5
7,3212.3
7,3222.6
4,3226.8
4,3227.3
3,3229.6
7,3233.8
1,3235.9
0,3236.0
4,3236.1
1,3236.4
3,3241.9
5,3246.3
0,3249.0
6,3249.3
4,3250.2
7,3251.8
2,3253.6
5,3256.2
6,3258.8
3,3259.3
0,3263.0
2,3263.8
4,3265.7
5,3267.0
6,3268.9
1,3270.6
2,3274.7
7,3278.1
0,3278.3
5,3278.4
6,3279.6
1,3280.2
3,3281.3
4,3283.4
2,3286.2
5,3290.4
1,3290.4
6,3290.8
0,3295.6
2,3298.3
1,3301.2
6,3302.5
5,3302.9
4,3304.1
3,3309.7
2,3310.6
1,3311.2
0,3313.0
6,3314.1
5,3314.1
7,3314.8
1,3323.4
2,3325.7
4,3326.8
6,3327.8
5,3329.0
1,3336.5
0,3339.5
2,3342.8
6,3343.0
3,3346.1
5,3347.2
1,3350.7
6,3360.0
2,3362.7
1,3366.4
5,3368.7
4,3369.6
0,3376.1
6,3379.6
7,3379.8
1,3383.9
2,3386.5
5,3390.1
6,3398.3
1,3399.2
2,3406.3
4,3408.1
3,3409.1
0,3409.2
5,3414.4
1,3420.1
6,3424.6
2,3437.9
1,3447.0
5,3450.8
6,3460.1
1,3483.5
2,3487.7
0,3500.0
5,3507.7
6,3516.4
7,3532.8
4,3538.5
1,3541.9
3,3560.8
2,3592.2
5,3632.4
6,3646.1
1,3680.4
0,3773.6
2,3773.9
5,3774.1
1,3774.7
6,3775.7
3,3777.8
7,3779.7
4,3779.8
3,3789.0
2,3791.2
5,3792.3
1,3792.7
0,3793.7
7,3794.8
4,3796.7
3,3800.8
2,3801.2
5,3801.9
1,3802.4
0,3805.8
7,3811.4
2,3811.8
5,3812.1
1,3812.5
3,3813.7
4,3816.1
0,3818.8
5,3822.8
2,3822.9
1,3823.2
3,3827.5
7,3830.5
0,3833.0
5,3834.0
6,3834.4
1,3834.4
2,3834.6
4,3839.7
3,3842.7
6,3843.9
5,3845.7
1,3846.3
2,3847.0
0,3848.7
7,3853.3
6,3854.2
2,3858.3
3,3858.4
5,3859.4
1,3860.1
6,3865.1
0,3870.0
2,3873.3
5,3874.4
1,3875.9
6,3876.4
3,3876.8
7,3882.5
6,3888.5
2,3890.3
4,3893.2
5,3893.4
1,3894.0
0,3896.5
3,3899.3
6,3901.3
2,3909.8
6,3915.2
1,3915.3
5,3916.3
3,3927.2
6,3930.2
7,3930.4
2,3932.2
0,3932.3
5,3939.3
1,3940.3
6,3945.8
2,3958.2
6,3967.8
5,3970.8
1,3974.4
0,3982.7
3,3983.9
6,3996.6
2,4009.1
5,4013.5
1,4017.5
4,4022.0
6,4022.6
0,4026.4
2,4038.3
3,4042.4
5,4045.1
1,4079.7
7,4085.6
0,4097.6
5,4103.6
6,4127.0
4,4133.6
2,4153.2
5,4206.0
3,4237.6
0,4274.8
1,4279.1
5,4398.2
6,4399.6
2,4400.5
1,4401.5
3,4401.9
0,4402.0
4,4402.5
7,4403.6
0,4411.8
3,4412.5
2,4416.3
4,4416.7
7,4417.6
0,4422.0
3,4423.3
2,4425.6
7,4432.0
4,4432.5
0,4433.6
3,4435.4
2,4435.5
0,4446.0
2,4446.0
7,4447.6
3,4448.4
5,4449.9
4,4450.7
1,4452.1
2,4457.1
0,4459.3
5,4459.4
1,4461.8
3,4462.4
7,4465.5
2,4468.7
5,4469.3
1,4472.0
4,4472.5
0,4473.7
3,4477.4
6,4479.5
5,4480.6
2,4481.2
1,4482.9
7,4485.8
0,4488.5
6,4490.1
5,4493.6
3,4494.3
1,4495.0
2,4497.3
4,4498.7
6,4501.8
5,4507.6
1,4507.6
0,4508.0
7,4511.2
3,4513.7
6,4514.3
2,4516.4
1,4521.3
5,4523.4
6,4527.7
0,4532.0
1,4536.1
3,4536.6
2,4539.0
5,4541.2
6,4542.3
7,4545.8
1,4552.6
4,4558.0
6,4558.4
5,4560.2
0,4561.9
3,4563.2
2,4564.1
1,4572.4
6,4576.6
5,4586.9
1,4596.7
7,4596.7
6,4597.8
2,4598.7
3,4601.0
0,4617.7
5,4623.0
6,4623.9
1,4628.0
2,4642.5
3,4649.4
6,4655.9
5,4659.6
1,4664.5
0,4697.5
6,4725.5
5,4732.8
1,4733.3
7,4757.3
4,4778.3
2,4783.6
3,4807.3
6,4907.2
1,4920.5
5,4926.2
0,5024.5
5,5025.9
1,5026.9
6,5027.4
2,5027.8
4,5028.2
3,5032.5
7,5033.6
2,5042.5
4,5043.5
6,5044.2
0,5051.1
6,5053.6
2,5057.8
4,5059.8
3,5060.4
0,5061.4
6,5064.0
1,5069.2
7,5069.5
0,5072.2
2,5074.8
6,5074.9
4,5078.5
1,5078.7
5,5083.1
0,5083.6
6,5086.4
1,5088.7
5,5092.4
2,5094.5
0,5095.7
6,5098.7
1,5099.4
4,5101.0
5,5102.4
3,5102.4
0,5110.1
1,5111.6
6,5113.3
5,5113.7
1,5124.9
5,5126.1
0,5126.4
6,5129.7
2,5134.4
1,5139.4
5,5139.5
7,5142.1
0,5145.1
6,5148.7
5,5154.0
1,5155.3
0,5167.3
5,5170.0
6,5171.2
1,5173.4
3,5174.3
4,5180.4
5,5185.9
0,5193.0
1,5193.3
6,5200.2
5,5207.6
1,5218.4
2,5218.8
0,5230.6
5,5237.2
1,5250.9
6,5268.8
5,5269.7
2,5275.4
0,5278.4
3,5279.6
1,5285.4
7,5306.1
5,5342.5
6,5348.4
4,5367.1
2,5376.4
1,5407.4
0,5496.5
3,5505.8
5,5529.7
1,5649.4
6,5649.5
5,5650.0
2,5650.8
0,5651.4
4,5652.6
6,5657.1
4,5664.1
7,5666.4
6,5667.6
2,5670.3
3,5675.3
4,5676.9
6,5677.7
0,5684.7
2,5685.4
6,5688.3
4,5691.5
0,5694.2
6,5699.4
2,5702.9
0,5704.1
5,5707.5
4,5707.8
6,5711.2
0,5714.6
1,5716.6
5,5716.8
6,5723.7
2,5723.8
0,5725.7
1,5726.4
5,5726.8
4,5727.1
1,5736.7
6,5737.1
5,5737.3
0,5737.3
1,5747.6
5,5748.7
0,5750.0
6,5754.1
4,5755.7
2,5756.0
1,5759.2
5,5760.9
0,5764.0
1,5771.5
5,5773.9
6,5774.5
0,5779.3
1,5784.6
5,5787.9
0,5796.4
4,5797.0
1,5798.6
6,5799.4
5,5802.8
7,5808.9
1,5813.0
0,5816.1
5,5820.4
3,5827.9
1,5828.7
6,5831.4
0,5841.6
5,5846.0
1,5848.0
1,5870.7
0,5875.1
5,5879.5
1,5894.0
4,5902.1
2,5902.8
6,5904.3
5,5912.2
0,5929.2
1,5931.3
5,5972.7
1,5981.6
1,6071.6
3,6071.9
6,6072.9
5,6098.9
0,6110.5
5,6275.1
1,6275.3
0,6278.1
4,6278.4
6,6279.5
2,6282.7
0,6288.7
5,6292.5
1,6294.0
6,6294.7
4,6295.1
0,6301.3
7,6301.5
5,6303.8
1,6305.6
6,6312.1
4,6315.1
0,6315.7
5,6315.9
1,6317.9
2,6325.7
5,6328.8
1,6331.2
0,6331.7
6,6332.8
3,6338.7
4,6340.3
5,6342.7
1,6345.5
0,6349.6
6,6358.3
5,6359.7
1,6361.6
0,6376.8
1,6383.6
5,6384.8
6,6392.9
1,6410.0
0,6415.4
5,6420.2
1,6437.9
6,6441.1
2,6447.5
5,6454.0
0,6454.6
1,6468.9
4,6480.2
1,6510.9
5,6515.7
0,6516.7
7,6532.1
6,6532.3
1,6537.4
5,6557.2
4,6564.3
3,6571.2
0,6582.3
1,6585.3
5,6649.0
1,6661.0
0,6745.4
6,6879.0
1,6899.6
5,6899.9
4,6903.7
0,6904.2
6,6910.5
2,6913.7
5,6918.9
0,6919.8
1,6920.2
4,6921.9
5,6932.5
1,6935.8
0,6938.0
4,6942.9
5,6947.6
1,6953.8
0,6959.4
5,6964.5
4,6969.2
6,6973.5
1,6974.9
0,6985.0
5,6986.5
7,6991.7
1,7010.9
5,7034.7
2,7036.1
0,7050.0
1,7059.3
5,7066.4
4,7078.2
3,7083.2
0,7085.7
1,7091.7
6,7093.2
5,7119.2
1,7139.6
0,7147.4
5,7149.0
4,7158.8
1,7181.2
5,7221.0
1,7251.2
0,7253.0
2,7301.0
5,7384.3
1,7458.0
4,7527.3
0,7531.9
6,7532.8
1,7534.7
5,7536.7
2,7552.2
7,7563.8
1,7566.5
3,7567.8
6,7575.9
0,7576.3
5,7578.2
4,7583.9
1,7609.0
0,7656.6
5,7660.0
6,7666.5
1,7668.7
2,7698.3
1,7710.3
3,7739.9
0,7768.4
7,7771.7
1,7773.6
4,7781.8
5,7802.5
6,7830.3
1,7862.5
0,7902.3
1,8157.0
0,8163.0
5,8163.1
6,8163.3
2,8165.1
4,8175.3
1,8192.3
6,8209.4
3,8212.5
7,8219.2
0,8225.0
1,8244.7
2,8257.2
5,8278.0
1,8323.7
0,8327.0
6,8354.0
4,8377.8
1,8411.5
0,8442.7
1,8558.7
5,8667.5
0,8797.7
6,8799.0
1,8802.5
2,8805.5
3,8835.4
7,8859.1
5,8866.1
4,8870.0
1,8878.7
0,8903.7
1,8950.4
6,8955.7
2,8978.5
3,8989.0
1,9025.1
0,9033.5
1,9147.6
5,9298.3
3,9434.0
6,9434.4
2,9446.9
1,9452.9
0,9506.3
7,9558.0
6,9614.8
3,9618.0
1,9627.2
2,9662.8
5,9684.1
