370,97.8
373,98.1
26,99.4
129,100.7
188,100.7
77,101.5
306,102.0
316,103.0
263,103.9
313,104.0
257,105.0
370,177.1
373,177.4
26,178.8
188,179.8
129,179.8
77,180.7
306,181.0
316,181.9
313,182.8
263,182.9
257,183.4
29,189.2
370,257.1
373,257.3
26,258.6
188,259.6
129,259.7
77,260.6
306,260.9
316,261.8
263,262.8
313,262.8
257,264.0
29,269.9
370,642.6
373,642.9
26,644.2
129,645.3
188,645.4
77,646.2
306,646.6
316,647.6
263,648.4
313,648.6
257,649.5
370,722.3
373,722.4
26,723.7
188,724.7
129,724.7
77,725.4
306,725.9
316,726.9
263,727.8
313,728.0
257,728.6
29,734.7
370,802.1
373,802.4
26,804.0
188,804.6
129,804.8
306,805.9
77,806.0
316,806.7
263,807.6
313,807.7
257,808.6
370,882.1
373,882.4
26,883.7
129,884.5
188,884.6
77,885.4
306,885.9
316,886.6
313,887.6
263,887.7
257,889.0
29,895.3
370,1267.6
373,1268.0
26,1269.3
129,1270.4
188,1270.5
77,1271.2
306,1271.7
316,1272.7
263,1273.6
313,1273.8
257,1274.7
370,1347.2
373,1347.4
26,1348.8
129,1349.8
188,1349.8
77,1350.6
306,1351.0
316,1351.9
313,1352.8
263,1352.8
257,1353.5
29,1361.8
370,1427.2
373,1427.4
26,1429.0
188,1429.7
129,1429.9
306,1431.0
77,1431.1
316,1431.8
263,1432.9
313,1432.9
257,1433.9
370,1507.1
373,1507.4
26,1508.8
129,1509.7
188,1509.8
77,1510.6
306,1511.0
316,1511.8
313,1512.8
263,1512.9
257,1514.2
29,1522.9
370,1892.7
373,1893.0
26,1894.3
129,1895.5
188,1895.5
77,1896.3
306,1896.8
316,1897.9
263,1898.7
313,1898.9
257,1900.0
370,1972.2
373,1972.5
26,1973.8
188,1974.9
129,1975.0
77,1975.9
306,1976.1
316,1977.1
313,1978.0
263,1978.2
257,1978.7
370,2052.3
373,2052.5
26,2054.0
188,2054.8
129,2055.2
306,2056.1
77,2056.2
316,2056.9
263,2057.9
313,2058.0
257,2059.3
370,2132.2
373,2132.5
26,2133.9
188,2134.8
129,2134.8
77,2135.8
306,2136.1
316,2136.9
313,2138.0
263,2138.2
257,2139.4
370,2517.7
373,2518.1
26,2519.4
129,2520.6
188,2520.6
77,2521.4
306,2521.9
316,2523.0
263,2523.9
313,2524.1
257,2525.2
370,2597.3
373,2597.5
26,2598.9
129,2599.9
188,2599.9
77,2600.7
306,2601.2
316,2602.0
263,2602.9
313,2603.1
257,2603.9
370,2677.3
373,2677.5
26,2678.8
129,2679.9
188,2679.9
77,2680.7
306,2681.3
316,2682.2
313,2683.3
263,2683.4
257,2684.3
370,2757.2
373,2757.5
26,2759.1
129,2759.8
188,2759.9
77,2760.8
306,2761.2
316,2762.0
313,2763.1
263,2763.2
257,2764.5
370,3142.8
373,3143.2
26,3144.5
188,3145.7
129,3145.7
77,3146.6
306,3147.0
316,3148.1
263,3149.1
313,3149.3
257,3150.5
370,3222.3
373,3222.6
26,3224.0
129,3225.0
188,3225.0
77,3225.9
306,3226.3
316,3227.2
263,3228.2
313,3228.3
257,3229.1
370,3302.3
373,3302.6
26,3303.9
188,3304.9
129,3305.0
77,3305.9
306,3306.3
316,3307.1
263,3308.1
313,3308.3
257,3309.6
370,3382.3
373,3382.5
26,3384.1
129,3384.9
188,3384.9
77,3386.0
306,3386.2
316,3387.1
313,3388.2
263,3388.4
257,3389.7
129,3767.0
188,3767.5
370,3767.8
77,3768.1
373,3768.2
26,3769.5
183,3772.0
306,3772.0
316,3773.1
378,3774.0
263,3774.1
361,3774.3
313,3774.3
257,3775.5
129,3846.5
188,3847.0
370,3847.3
373,3847.6
77,3847.7
26,3848.9
183,3851.1
306,3851.3
316,3852.3
378,3852.8
361,3853.3
263,3853.3
313,3853.3
257,3854.1
129,3926.4
188,3927.0
370,3927.4
77,3927.6
373,3927.7
26,3928.9
183,3931.0
306,3931.3
316,3932.2
361,3933.1
263,3933.2
378,3933.3
313,3933.4
257,3934.7
129,4006.4
188,4006.9
370,4007.3
373,4007.5
77,4007.6
26,4009.1
183,4011.0
306,4011.2
316,4012.1
378,4012.8
361,4013.0
313,4013.2
263,4013.4
257,4014.8
77,4393.0
26,4394.5
220,4395.5
183,4396.9
306,4397.0
188,4397.0
129,4397.7
316,4398.1
361,4399.1
373,4399.2
313,4399.3
257,4400.5
108,4400.7
289,4400.7
370,4402.7
77,4472.7
26,4473.9
220,4475.0
183,4476.1
306,4476.3
188,4476.3
129,4476.9
316,4477.2
373,4478.2
361,4478.2
313,4478.3
289,4479.0
257,4479.4
108,4479.4
370,4481.5
77,4552.6
26,4554.0
220,4555.0
183,4556.0
188,4556.2
306,4556.2
129,4557.0
316,4557.1
373,4558.1
361,4558.2
313,4558.3
289,4558.7
257,4559.6
108,4559.9
370,4561.2
77,4632.6
26,4633.9
220,4634.9
183,4636.0
306,4636.2
188,4636.6
129,4636.8
316,4637.1
361,4638.0
313,4638.2
373,4638.5
289,4638.7
257,4639.2
108,4639.3
370,4641.7
62,5019.1
69,5019.6
220,5020.4
219,5020.8
183,5021.1
222,5021.9
27,5022.9
77,5023.1
223,5023.4
287,5023.7
361,5024.1
373,5024.5
108,5025.3
257,5025.5
289,5025.5
370,5028.8
62,5098.3
69,5098.8
220,5100.0
219,5100.1
183,5100.2
222,5101.5
27,5101.8
287,5102.4
77,5102.6
223,5103.3
361,5103.3
373,5103.7
289,5103.9
108,5104.2
257,5105.1
370,5106.8
191,5110.1
62,5178.2
69,5178.8
219,5180.0
183,5180.1
220,5180.1
222,5181.2
27,5181.7
223,5182.2
77,5182.3
287,5182.3
373,5183.3
361,5183.4
289,5183.8
108,5184.3
257,5184.8
370,5186.8
191,5191.0
62,5258.2
69,5258.7
220,5259.9
219,5260.0
183,5260.2
222,5261.3
27,5261.8
77,5262.5
287,5262.5
223,5262.9
361,5263.2
373,5263.6
289,5263.7
108,5264.2
257,5264.9
370,5266.7
191,5272.2
69,5642.2
223,5642.7
27,5642.8
108,5643.4
62,5644.0
220,5645.4
183,5646.1
313,5646.8
222,5646.8
287,5648.5
361,5649.2
257,5650.5
289,5650.5
170,5651.7
370,5654.0
308,5655.3
69,5721.8
223,5722.2
27,5722.3
108,5722.9
62,5723.3
220,5724.9
183,5725.3
313,5726.1
222,5726.3
287,5727.4
361,5728.2
289,5729.0
170,5729.8
257,5729.9
370,5731.4
308,5731.8
191,5734.9
69,5801.7
223,5802.1
27,5802.2
108,5802.8
62,5803.3
220,5804.8
183,5805.2
313,5805.9
222,5806.2
287,5807.3
361,5808.1
289,5808.8
257,5809.3
170,5810.0
370,5811.6
308,5811.7
191,5816.0
69,5881.7
223,5882.0
27,5882.3
108,5882.7
62,5883.2
220,5884.8
183,5885.2
313,5885.8
222,5886.1
287,5887.6
361,5888.0
257,5888.9
289,5888.9
170,5889.8
370,5891.7
308,5891.7
191,5897.6
289,6267.3
223,6267.7
108,6268.3
62,6269.0
220,6270.5
60,6270.7
69,6272.8
287,6273.5
300,6274.3
27,6274.8
257,6275.5
170,6276.5
319,6278.5
370,6279.6
289,6346.7
223,6347.2
108,6348.1
62,6348.4
60,6349.9
220,6350.2
69,6352.2
287,6352.4
300,6353.1
27,6353.6
257,6354.9
170,6355.3
319,6356.9
370,6358.2
191,6360.0
289,6426.6
223,6427.1
108,6428.0
62,6428.3
60,6429.9
220,6430.2
69,6432.1
287,6432.3
27,6433.5
300,6433.8
257,6435.2
170,6435.5
319,6438.1
370,6439.9
191,6441.1
289,6506.6
223,6507.1
108,6507.9
62,6508.4
60,6510.0
220,6510.1
69,6512.4
287,6512.7
300,6513.2
27,6514.0
257,6514.6
170,6515.0
319,6516.5
370,6517.8
191,6523.2
220,6891.4
289,6892.3
108,6893.3
370,6893.9
62,6894.0
60,6895.6
226,6896.9
300,6899.1
27,6900.2
257,6900.5
170,6901.5
223,6902.2
319,6902.9
220,6971.0
289,6971.7
108,6973.0
370,6973.4
62,6973.4
60,6974.9
226,6975.9
300,6978.1
27,6978.9
257,6979.4
170,6979.9
223,6980.4
319,6980.7
191,6985.2
220,7051.1
289,7051.6
108,7052.9
62,7053.3
370,7053.3
60,7054.8
226,7056.0
300,7058.5
27,7058.7
257,7059.9
170,7060.7
223,7062.2
319,7062.6
191,7066.5
220,7130.9
289,7131.6
108,7132.7
370,7133.2
62,7133.4
60,7134.8
226,7135.8
300,7138.2
27,7138.7
257,7138.9
170,7139.9
223,7140.5
319,7140.8
191,7146.8
289,7517.3
108,7518.3
370,7518.9
62,7519.0
60,7520.6
220,7520.6
226,7521.8
165,7522.2
364,7524.0
300,7524.1
219,7525.0
27,7525.2
223,7528.2
319,7528.5
289,7596.7
108,7597.8
62,7598.3
370,7598.4
60,7599.9
220,7600.1
226,7601.0
165,7601.4
364,7602.7
300,7603.0
219,7603.8
27,7603.9
319,7606.5
223,7608.0
191,7610.2
289,7676.6
108,7677.8
62,7678.3
370,7678.3
60,7679.9
220,7680.1
226,7681.0
165,7681.3
364,7682.7
300,7683.0
27,7683.7
219,7683.8
223,7686.0
319,7687.3
191,7691.5
289,7756.6
108,7757.8
370,7758.3
62,7758.4
60,7759.9
220,7760.1
226,7760.9
165,7761.4
364,7762.6
300,7763.7
27,7763.8
219,7763.8
223,7766.2
319,7766.6
191,7771.7
289,8142.3
370,8143.5
62,8144.0
60,8145.6
19,8147.0
364,8148.8
300,8149.1
108,8149.3
278,8149.7
219,8149.8
223,8153.4
319,8153.5
269,8155.6
289,8221.7
370,8222.9
62,8223.3
60,8224.9
19,8226.0
364,8227.7
300,8228.0
108,8228.2
278,8228.4
219,8228.5
223,8231.0
319,8231.0
269,8231.7
299,8238.5
289,8301.6
370,8302.9
62,8303.3
60,8304.8
19,8306.0
364,8307.9
300,8308.0
219,8308.6
278,8309.0
108,8309.1
223,8312.1
319,8312.4
269,8315.6
299,8319.8
289,8381.6
370,8382.9
62,8383.4
60,8384.9
19,8386.0
364,8387.6
108,8388.3
300,8388.3
278,8388.3
219,8388.8
319,8391.3
269,8391.8
223,8391.9
364,8767.2
60,8770.6
289,8771.8
19,8771.9
220,8771.9
370,8772.2
366,8772.3
77,8772.4
69,8773.0
130,8774.3
278,8774.5
219,8774.8
269,8780.1
364,8846.7
60,8849.8
289,8850.9
220,8850.9
19,8851.0
366,8851.2
370,8851.3
77,8851.3
69,8851.9
130,8853.0
219,8853.5
278,8853.7
269,8857.2
129,8858.0
364,8926.6
60,8929.7
289,8930.8
19,8931.0
366,8931.3
370,8931.4
220,8931.5
77,8931.5
69,8931.9
130,8933.4
278,8933.7
219,8934.3
269,8938.7
129,8945.2
364,9006.6
60,9009.9
289,9010.8
220,9010.9
19,9011.0
77,9011.2
370,9011.3
366,9011.3
69,9012.1
130,9013.0
278,9013.3
219,9013.4
269,9017.1
129,9018.6
364,9392.2
60,9395.6
27,9395.9
220,9396.8
19,9396.9
112,9397.1
77,9397.2
165,9397.2
366,9397.2
370,9397.3
69,9397.9
130,9399.1
278,9399.5
219,9399.8
269,9405.0
364,9471.7
60,9474.8
27,9475.0
19,9476.1
366,9476.2
220,9476.3
112,9476.3
165,9476.5
77,9476.5
370,9476.6
69,9477.2
278,9478.4
219,9478.5
130,9479.1
129,9483.3
269,9485.6
364,9551.7
27,9554.9
60,9554.9
19,9556.1
112,9556.1
77,9556.4
165,9556.5
370,9556.6
366,9556.7
220,9557.0
69,9557.1
130,9558.2
278,9558.7
219,9559.2
129,9566.3
364,9631.6
60,9634.8
27,9634.9
220,9636.1
19,9636.1
165,9636.3
366,9636.3
112,9636.4
77,9636.4
370,9636.4
69,9636.9
278,9638.4
219,9638.5
130,9638.5
269,9642.5
129,9643.9
