6,250.0
7,292.9
5,299.5
1,306.7
0,309.2
5,354.1
4,417.0
6,662.6
1,663.3
5,666.6
2,666.7
0,668.9
3,674.3
7,674.9
6,679.1
1,683.0
4,690.8
2,692.7
5,696.9
0,700.2
6,700.7
1,710.7
3,713.4
7,723.5
6,732.5
2,745.9
5,760.6
1,763.4
6,806.4
0,826.4
7,903.0
1,918.7
5,925.5
6,926.6
2,937.5
4,957.6
3,1017.6
0,1107.2
6,1284.1
1,1284.7
5,1287.1
2,1289.6
0,1308.4
4,1309.0
6,1309.5
5,1310.9
7,1311.8
1,1314.1
2,1332.5
3,1338.4
0,1365.4
6,1365.5
5,1365.6
1,1397.3
4,1458.6
7,1490.1
0,1498.5
5,1511.8
2,1512.6
6,1525.1
1,1546.7
0,1788.1
6,1912.6
5,1916.9
1,1918.7
2,1923.1
4,1947.6
7,1959.4
3,1969.1
0,1969.3
5,1983.7
6,1998.6
1,2041.3
0,2119.0
2,2140.3
5,2153.6
7,2157.4
6,2166.0
1,2182.3
4,2299.6
5,2536.8
6,2538.2
1,2541.6
0,2546.2
2,2549.3
7,2592.8
3,2609.2
5,2633.0
4,2635.4
1,2650.2
6,2659.3
0,2704.8
2,2781.1
5,2789.0
7,2790.0
1,2792.3
6,2801.8
0,2910.3
3,2912.5
1,3147.5
5,3147.6
6,3149.0
0,3149.9
7,3151.4
2,3151.7
4,3152.1
3,3153.4
7,3160.9
4,3162.3
7,3169.6
2,3171.2
7,3178.9
4,3188.1
7,3188.9
2,3189.3
3,3195.7
4,3198.5
7,3199.4
2,3199.7
3,3205.0
0,3209.3
4,3209.5
7,3210.4
2,3210.8
3,3214.6
0,3218.8
4,3221.0
5,3221.2
7,3221.7
2,3222.4
1,3222.7
3,3224.8
6,3227.6
0,3228.4
0,3228.9
5,3230.2
1,3232.8
7,3233.6
2,3233.7
4,3233.9
3,3235.6
6,3238.8
0,3242.1
5,3243.2
2,3247.4
7,3248.1
3,3248.5
1,3249.7
6,3252.0
4,3253.6
0,3257.8
5,3258.6
2,3262.7
3,3262.8
7,3264.5
6,3266.6
1,3272.4
0,3275.9
5,3276.0
3,3278.5
2,3280.1
4,3280.4
6,3282.8
7,3283.3
3,3296.3
5,3296.3
0,3297.1
2,3300.3
6,3301.3
1,3302.3
7,3304.4
5,3313.4
0,3314.9
3,3317.2
4,3317.6
1,3324.1
6,3324.3
2,3325.3
7,3329.7
5,3339.1
0,3342.5
3,3342.7
6,3356.3
2,3361.6
7,3364.9
1,3369.8
5,3373.3
3,3376.8
0,3380.6
4,3385.6
6,3393.6
5,3398.2
1,3400.1
2,3400.1
0,3405.4
7,3406.4
3,3425.1
6,3431.9
5,3449.8
0,3468.3
2,3469.0
1,3485.3
7,3500.5
6,3507.3
3,3537.9
4,3547.7
5,3555.7
0,3618.4
2,3660.1
6,3736.7
1,3763.1
7,3774.0
6,3774.9
3,3776.1
5,3776.9
2,3777.1
1,3779.0
0,3779.8
4,3780.7
7,3782.8
1,3789.4
5,3793.5
2,3794.8
0,3794.8
7,3795.2
3,3795.3
4,3798.9
1,3800.7
5,3803.3
2,3806.1
3,3808.0
7,3809.2
0,3811.7
1,3813.4
5,3813.7
2,3818.2
3,3822.0
4,3822.1
5,3824.7
7,3824.7
6,3825.2
1,3827.1
2,3831.2
0,3831.6
6,3834.7
5,3836.3
3,3837.3
1,3842.2
7,3842.3
6,3844.6
2,3845.1
5,3848.5
3,3853.9
4,3854.1
0,3854.6
6,3855.6
1,3858.6
2,3860.4
5,3861.3
7,3861.7
6,3869.6
5,3875.7
1,3878.8
2,3879.8
3,3882.9
6,3885.5
0,3887.5
5,3891.9
7,3896.3
2,3903.3
6,3903.6
1,3903.7
4,3908.1
5,3910.3
6,3924.9
3,3927.3
5,3931.6
2,3932.0
1,3935.6
0,3936.2
7,3942.0
6,3946.8
5,3957.5
2,3967.9
6,3979.2
1,3984.6
3,3986.5
5,3991.9
2,4017.5
6,4017.5
0,4023.1
7,4027.2
4,4035.7
5,4042.2
1,4067.3
3,4107.2
2,4141.0
6,4163.9
0,4274.5
6,4397.7
5,4399.1
2,4400.1
7,4401.7
1,4401.7
3,4402.3
4,4404.1
0,4404.3
1,4412.9
7,4413.2
3,4414.8
4,4416.1
5,4416.2
2,4416.5
0,4417.0
6,4424.2
1,4425.2
5,4426.3
7,4426.4
2,4427.6
3,4427.7
4,4431.1
0,4431.5
6,4433.5
5,4437.3
1,4438.6
2,4439.6
7,4441.5
3,4441.6
6,4443.1
0,4448.0
5,4449.0
4,4449.2
2,4452.3
6,4453.3
1,4453.5
3,4456.9
7,4458.7
5,4461.3
6,4464.0
2,4465.9
0,4467.0
1,4470.2
4,4471.1
3,4474.0
5,4474.5
6,4475.3
7,4477.5
2,4480.2
6,4487.3
0,4487.6
1,4489.0
5,4489.3
3,4493.3
2,4496.3
4,4499.2
7,4499.7
6,4500.0
5,4505.7
1,4513.3
6,4513.7
2,4514.7
3,4516.3
0,4516.4
5,4524.5
6,4528.7
7,4529.2
2,4536.0
4,4539.6
3,4544.8
6,4545.3
1,4545.6
5,4547.0
0,4556.1
2,4560.8
6,4564.4
7,4566.2
5,4572.3
3,4579.3
6,4587.1
1,4587.2
2,4592.8
5,4607.7
4,4614.7
6,4615.5
0,4617.7
7,4622.5
3,4633.3
2,4636.6
5,4651.7
6,4654.2
1,4654.7
0,4700.2
2,4789.6
7,4790.8
3,4795.8
4,4816.7
5,4820.1
1,4858.6
6,5022.5
0,5026.1
5,5026.1
2,5027.6
1,5027.7
4,5029.5
3,5032.4
7,5032.5
0,5034.7
6,5040.1
1,5045.3
2,5047.0
4,5047.1
0,5047.2
6,5051.0
5,5052.6
1,5056.3
3,5059.4
7,5059.6
0,5060.8
5,5062.2
6,5062.4
1,5068.1
2,5068.7
4,5070.8
5,5072.3
6,5074.6
0,5076.0
1,5080.8
5,5083.0
6,5087.6
0,5093.2
5,5094.3
1,5094.3
2,5095.3
6,5101.7
3,5102.5
4,5103.8
7,5105.8
5,5106.9
1,5111.3
6,5117.2
0,5117.5
5,5122.5
2,5126.8
6,5134.8
1,5136.6
5,5141.0
6,5155.2
4,5161.6
5,5163.0
0,5167.6
1,5175.1
2,5175.2
3,5177.6
6,5179.9
5,5188.5
7,5194.3
5,5222.8
1,5225.0
6,5232.8
0,5250.2
5,5269.6
2,5282.8
4,5291.6
1,5293.6
3,5294.8
6,5341.2
7,5345.1
5,5445.9
0,5480.7
2,5574.4
1,5647.4
5,5651.1
6,5651.8
0,5654.9
4,5655.1
2,5656.2
3,5660.2
7,5660.4
5,5667.2
1,5667.5
6,5667.7
2,5670.6
0,5673.1
5,5676.7
6,5676.9
4,5677.5
1,5680.0
2,5684.5
6,5687.0
5,5687.1
1,5693.4
0,5693.9
6,5697.6
5,5698.0
2,5699.3
1,5707.8
6,5708.7
4,5708.7
5,5709.5
2,5715.8
7,5719.3
0,5720.0
6,5720.5
5,5721.8
1,5723.6
6,5733.1
5,5734.6
2,5734.8
1,5739.0
6,5746.6
5,5748.8
0,5755.6
2,5757.5
1,5758.6
3,5760.1
4,5761.0
6,5761.3
5,5764.9
6,5777.7
1,5781.6
5,5783.1
2,5786.1
6,5796.3
5,5804.4
1,5808.3
7,5810.2
6,5818.2
0,5821.6
2,5825.4
5,5829.2
1,5838.2
6,5845.4
5,5862.0
1,5878.4
6,5881.3
2,5888.4
4,5901.5
5,5902.7
1,5907.2
6,5925.2
7,5928.0
3,5936.3
0,5947.2
5,5966.3
1,5966.6
6,6010.6
2,6022.7
1,6069.4
5,6125.4
6,6276.5
5,6278.4
1,6278.5
0,6280.7
4,6281.4
7,6281.5
2,6282.9
6,6287.1
5,6292.1
1,6295.9
6,6301.0
3,6304.3
0,6305.5
5,6306.5
4,6310.4
1,6317.8
6,6318.7
5,6322.2
2,6330.1
5,6339.9
0,6340.1
6,6340.2
1,6343.9
7,6352.7
4,6356.1
5,6358.2
6,6366.7
1,6367.0
5,6380.9
0,6391.5
6,6402.6
1,6402.7
5,6409.1
1,6439.0
5,6440.1
4,6441.5
7,6443.1
6,6450.5
3,6464.7
0,6482.0
2,6484.2
5,6487.7
1,6495.7
1,6534.9
7,6539.5
5,6558.5
6,6561.1
4,6562.3
1,6616.9
0,6644.3
7,6722.3
5,6819.1
1,6828.7
4,6907.4
1,6907.5
0,6907.7
5,6908.4
6,6909.1
2,6913.5
3,6918.2
1,6926.4
5,6928.2
0,6932.9
4,6935.8
7,6936.7
6,6939.9
1,6948.6
5,6952.2
0,6969.3
2,6974.3
1,6974.6
4,6981.0
5,6981.1
6,6998.1
1,6999.6
7,7012.2
5,7018.1
0,7026.8
1,7037.0
4,7069.0
5,7069.5
1,7070.1
3,7073.4
7,7099.0
1,7127.0
0,7138.6
5,7145.4
6,7146.4
1,7158.2
2,7173.0
4,7174.1
7,7187.9
1,7235.9
5,7254.1
0,7318.3
7,7366.4
1,7410.6
5,7531.5
4,7533.6
1,7536.4
6,7537.3
0,7540.7
3,7549.8
2,7553.8
7,7567.9
5,7576.9
1,7579.4
4,7590.3
0,7614.5
1,7619.1
6,7621.4
5,7650.5
7,7661.9
1,7685.1
3,7695.0
4,7700.2
0,7735.2
1,7767.7
5,7770.7
2,7796.7
7,7799.6
6,7802.2
1,7850.8
4,7875.1
3,7899.3
0,7902.9
5,7959.7
1,8073.2
7,8172.0
6,8174.8
0,8176.8
4,8179.8
1,8181.2
5,8181.7
2,8202.4
3,8210.1
1,8235.3
5,8269.7
0,8277.3
4,8278.9
7,8309.5
1,8312.4
6,8349.3
1,8397.5
3,8405.9
5,8419.5
4,8430.0
0,8457.9
7,8467.8
1,8524.2
1,8793.1
6,8800.4
5,8805.8
2,8814.7
7,8815.5
4,8824.1
3,8827.4
0,8831.0
1,8858.9
1,8942.3
5,8944.2
7,8952.4
6,8959.1
3,8993.7
4,8997.2
2,9010.5
1,9022.6
0,9046.3
7,9101.0
1,9154.2
5,9164.8
6,9420.2
3,9443.2
1,9452.0
2,9452.6
7,9510.3
5,9563.9
4,9595.3
1,9604.2
6,9613.9
0,9627.3
2,9653.0
3,9663.3
1,9996.1
