370,97.9
373,98.3
129,100.4
316,100.9
77,101.2
257,102.1
26,102.8
310,102.9
188,103.5
29,104.5
370,177.1
373,177.6
129,179.3
316,179.8
77,180.1
257,181.0
26,181.6
310,181.6
188,182.0
29,183.1
263,192.1
370,257.2
373,257.5
129,259.5
316,260.1
77,260.2
257,261.0
26,261.6
310,261.7
188,261.8
29,263.0
370,642.7
373,643.1
129,645.0
316,645.5
77,645.8
257,646.8
26,647.3
310,647.4
188,647.9
29,648.9
370,722.1
373,722.6
129,724.3
316,724.8
77,725.2
257,726.0
310,726.6
26,726.9
188,727.0
29,728.0
370,802.1
373,802.5
129,804.3
316,804.9
77,805.3
257,805.9
26,806.6
310,806.7
188,806.9
29,807.9
370,882.0
373,882.5
129,884.4
316,884.8
77,885.1
257,885.8
310,886.6
26,886.6
188,887.0
29,887.9
263,895.5
370,1267.7
373,1268.1
129,1270.1
316,1270.5
77,1270.9
257,1271.9
26,1272.4
310,1272.6
188,1273.0
29,1274.1
370,1347.2
373,1347.6
129,1349.4
316,1349.9
77,1350.2
257,1351.1
26,1351.6
310,1351.7
188,1352.1
29,1353.2
370,1427.2
373,1427.5
129,1429.5
316,1430.0
77,1430.5
257,1431.1
310,1431.8
26,1431.9
188,1432.0
29,1433.5
370,1507.1
373,1507.5
129,1509.4
316,1509.8
77,1510.2
257,1510.9
26,1511.7
310,1511.7
188,1512.1
29,1513.1
263,1525.1
370,1892.8
373,1893.2
129,1895.1
316,1895.6
77,1896.0
257,1897.0
26,1897.5
310,1897.7
188,1898.2
29,1899.3
370,1972.2
373,1972.7
129,1974.4
316,1975.0
77,1975.3
257,1976.2
310,1976.8
26,1976.8
188,1977.2
29,1978.4
370,2052.2
373,2052.6
129,2054.5
316,2055.1
77,2055.6
257,2056.1
26,2056.9
310,2056.9
188,2057.1
29,2058.3
370,2132.1
373,2132.6
129,2134.5
316,2134.9
77,2135.3
257,2136.0
310,2136.8
26,2136.8
188,2137.3
29,2138.2
370,2517.8
373,2518.3
129,2520.2
316,2520.7
77,2521.1
257,2522.1
26,2522.7
310,2522.8
188,2523.3
29,2524.5
370,2597.3
373,2597.7
129,2599.5
316,2600.0
77,2600.4
257,2601.3
26,2601.9
310,2601.9
188,2602.3
29,2603.5
370,2677.3
373,2677.6
129,2679.7
316,2680.3
77,2680.5
257,2681.4
26,2682.1
310,2682.1
188,2682.2
29,2684.2
370,2757.2
373,2757.6
129,2759.6
316,2760.0
77,2760.4
257,2761.1
26,2761.9
310,2762.0
188,2762.4
29,2763.5
370,3142.9
373,3143.3
129,3145.3
316,3145.8
77,3146.2
257,3147.3
26,3147.8
310,3148.0
188,3148.5
29,3149.7
370,3222.3
373,3222.8
129,3224.6
316,3225.1
77,3225.4
257,3226.4
26,3227.0
310,3227.1
188,3227.5
29,3228.7
370,3302.3
373,3302.7
129,3304.6
316,3305.3
77,3305.5
257,3306.3
26,3307.0
310,3307.1
188,3307.3
29,3308.6
370,3382.2
373,3382.6
129,3384.6
316,3385.0
77,3385.5
257,3386.2
310,3387.0
26,3387.0
188,3387.5
29,3388.5
129,3766.5
77,3767.4
188,3767.7
370,3767.9
373,3768.3
316,3770.8
378,3771.3
183,3772.0
257,3772.3
26,3772.8
310,3773.0
29,3774.8
361,3775.0
129,3846.1
77,3846.9
188,3847.2
370,3847.3
373,3847.8
316,3850.1
378,3850.4
183,3851.3
257,3851.4
26,3852.0
310,3852.1
361,3853.7
29,3853.7
129,3926.1
77,3926.9
188,3927.1
370,3927.3
373,3927.7
378,3930.3
316,3930.4
183,3931.1
257,3931.4
310,3932.1
26,3932.1
361,3933.6
29,3933.9
129,4006.0
77,4006.9
370,4007.2
188,4007.2
373,4007.7
316,4010.0
378,4010.3
183,4011.1
257,4011.2
26,4012.0
310,4012.1
361,4013.5
29,4013.5
77,4392.4
129,4394.1
188,4395.7
316,4395.8
370,4396.4
183,4396.9
257,4397.3
26,4397.8
310,4398.0
373,4399.4
29,4399.7
361,4399.7
220,4404.0
77,4472.0
129,4473.8
188,4475.0
316,4475.3
370,4475.6
183,4476.2
257,4476.8
310,4477.0
26,4477.3
373,4478.6
29,4478.7
361,4478.9
220,4482.7
289,4487.3
77,4551.9
129,4553.6
188,4554.9
316,4555.2
370,4555.6
183,4556.1
257,4556.3
26,4557.0
310,4557.2
373,4558.2
29,4558.5
361,4558.9
220,4563.6
289,4566.5
77,4631.9
129,4633.6
188,4635.0
316,4635.0
370,4635.5
183,4636.1
257,4636.2
310,4637.0
26,4637.1
373,4638.2
361,4638.5
29,4638.5
220,4641.8
289,4647.7
183,5019.1
129,5021.3
370,5021.5
257,5022.3
223,5022.4
219,5022.9
27,5023.3
191,5023.5
77,5023.6
222,5023.7
373,5024.6
361,5024.7
29,5024.7
220,5028.4
287,5030.3
183,5098.4
129,5100.7
370,5100.7
223,5101.5
257,5101.7
27,5102.3
191,5102.4
219,5102.5
222,5102.7
77,5102.8
29,5103.7
373,5103.7
361,5103.7
287,5106.8
220,5107.8
289,5112.0
183,5178.4
129,5180.6
370,5180.7
257,5181.3
223,5181.3
27,5182.1
191,5182.3
219,5182.3
77,5182.7
222,5182.7
373,5183.4
29,5183.5
361,5183.8
287,5186.3
220,5188.1
289,5191.6
183,5258.4
370,5260.5
129,5260.6
223,5261.3
257,5261.4
219,5262.3
27,5262.3
191,5262.4
222,5262.7
77,5262.9
29,5263.4
373,5263.4
361,5263.6
287,5266.6
220,5267.2
289,5272.9
27,5642.2
223,5642.5
108,5643.9
183,5644.1
69,5645.2
129,5646.4
308,5646.4
257,5647.3
370,5648.3
191,5648.4
222,5648.7
170,5649.4
361,5649.7
29,5649.8
313,5652.5
220,5653.8
287,5654.8
27,5721.6
223,5722.0
108,5723.3
183,5723.5
69,5724.4
308,5725.5
129,5725.8
257,5726.6
191,5727.3
370,5727.6
222,5727.7
29,5728.7
170,5728.9
361,5729.6
313,5731.2
287,5731.8
220,5733.3
289,5736.9
27,5801.6
223,5801.8
108,5803.2
183,5803.4
69,5804.7
308,5805.4
129,5805.5
257,5806.4
191,5807.2
370,5807.7
170,5808.4
361,5808.5
222,5808.5
29,5808.5
287,5811.3
313,5811.6
220,5813.6
289,5816.7
27,5881.6
223,5881.9
108,5883.2
183,5883.4
69,5884.3
308,5885.4
129,5885.7
257,5886.4
191,5887.3
370,5887.4
222,5887.7
29,5888.3
170,5888.6
361,5889.0
313,5890.7
287,5891.6
220,5892.3
289,5898.0
223,6267.5
108,6268.8
60,6269.4
289,6270.4
129,6271.4
288,6272.3
257,6272.3
27,6272.4
191,6273.4
370,6273.4
74,6273.5
170,6274.3
319,6276.0
300,6276.0
220,6278.9
287,6279.9
223,6346.9
108,6348.2
60,6348.5
289,6349.6
129,6350.7
288,6351.3
257,6351.4
27,6351.5
191,6352.3
370,6352.5
74,6352.6
170,6353.2
300,6354.6
319,6354.7
220,6356.6
287,6356.8
223,6426.9
108,6428.3
60,6428.6
289,6429.4
129,6430.5
288,6431.2
257,6431.5
27,6431.8
191,6432.2
74,6432.5
370,6432.9
170,6433.7
319,6435.3
300,6435.3
287,6436.3
220,6440.6
223,6506.8
108,6508.2
60,6508.7
289,6509.3
129,6510.7
288,6511.0
257,6511.2
27,6511.7
191,6512.3
370,6512.3
74,6512.3
170,6513.1
300,6514.4
319,6514.5
220,6516.6
287,6516.7
220,6893.7
108,6893.8
370,6894.0
60,6894.4
289,6895.4
226,6895.4
257,6897.3
288,6897.3
27,6897.6
223,6898.0
191,6898.4
74,6898.5
165,6899.2
170,6899.3
300,6900.9
319,6900.9
220,6973.0
108,6973.2
370,6973.4
60,6973.5
226,6974.4
289,6974.5
288,6976.3
257,6976.4
27,6976.7
223,6977.2
191,6977.4
74,6977.6
165,6978.0
170,6978.3
300,6979.6
319,6979.7
370,7053.2
220,7053.3
108,7053.3
60,7053.5
226,7054.4
289,7054.4
288,7056.1
257,7056.6
223,7057.1
27,7057.2
191,7057.3
74,7057.4
165,7058.3
170,7058.3
319,7059.6
300,7060.7
220,7132.9
108,7133.0
370,7133.1
60,7133.4
289,7134.3
226,7134.3
288,7136.0
257,7136.2
27,7136.6
223,7137.0
191,7137.3
74,7137.3
165,7137.8
170,7138.1
300,7139.4
319,7139.5
165,7518.3
108,7518.8
370,7519.0
60,7519.4
364,7520.0
226,7520.3
289,7520.4
288,7522.3
27,7522.6
223,7523.3
191,7523.4
74,7523.5
300,7525.9
319,7526.1
219,7526.6
220,7529.9
165,7597.6
108,7598.2
370,7598.4
60,7598.5
364,7599.2
226,7599.4
289,7599.5
288,7601.3
27,7601.7
223,7602.4
191,7602.4
74,7602.6
300,7604.6
319,7604.9
219,7605.0
220,7607.7
165,7677.6
108,7678.1
370,7678.2
60,7678.4
364,7679.2
226,7679.4
289,7679.4
288,7681.1
27,7681.8
223,7682.2
191,7682.3
74,7682.3
300,7684.7
319,7684.8
219,7685.1
220,7693.5
165,7757.7
370,7758.1
108,7758.2
60,7758.4
364,7759.2
289,7759.3
226,7759.3
288,7761.1
27,7761.6
191,7762.3
223,7762.3
74,7762.3
319,7764.6
300,7765.4
219,7766.1
220,7769.1
370,8143.2
60,8144.4
299,8144.5
364,8144.9
289,8145.4
278,8145.8
244,8146.0
288,8147.3
223,8148.3
108,8148.6
300,8150.9
319,8151.2
219,8151.5
370,8222.5
60,8223.5
299,8223.7
364,8224.2
289,8224.5
278,8224.9
244,8225.0
288,8226.4
223,8227.4
108,8227.8
319,8229.8
219,8229.9
300,8230.3
370,8302.5
60,8303.4
299,8303.6
364,8304.3
289,8304.5
244,8305.0
278,8305.1
288,8306.2
223,8307.4
108,8307.5
300,8309.5
319,8310.1
219,8312.0
370,8382.4
60,8383.4
299,8383.5
364,8384.3
289,8384.4
278,8384.8
244,8384.8
288,8386.1
223,8387.4
108,8387.6
300,8389.5
319,8389.7
219,8390.6
364,8766.9
60,8769.4
77,8770.0
278,8770.7
244,8770.9
129,8771.1
134,8771.4
130,8773.0
224,8773.0
220,8775.3
219,8776.5
370,8777.7
289,8781.0
364,8846.3
60,8848.5
77,8849.2
244,8849.8
278,8849.9
129,8850.2
134,8850.5
130,8851.9
224,8852.0
220,8853.7
219,8855.0
370,8856.0
289,8857.6
255,8859.1
366,8860.1
364,8926.3
60,8928.4
77,8929.2
244,8929.9
278,8929.9
129,8930.2
134,8930.7
224,8932.1
130,8932.3
220,8934.0
219,8935.4
370,8936.4
289,8939.8
255,8940.1
364,9006.3
60,9008.4
77,9009.1
244,9009.8
129,9010.1
278,9010.1
134,9010.5
130,9011.9
224,9012.3
220,9013.9
219,9014.9
370,9015.8
289,9017.6
366,9020.0
255,9021.7
364,9391.8
112,9393.1
60,9394.4
165,9394.4
77,9394.9
278,9395.7
129,9396.0
134,9396.3
130,9397.9
224,9397.9
220,9400.1
219,9401.4
27,9404.3
370,9404.3
364,9471.3
112,9472.5
60,9473.5
165,9473.7
77,9474.5
278,9475.0
129,9475.5
134,9475.6
130,9477.4
224,9477.6
220,9480.3
370,9482.1
219,9482.8
27,9483.4
366,9485.7
364,9551.3
112,9552.4
60,9553.5
165,9553.9
77,9554.5
278,9554.9
129,9555.2
134,9555.6
130,9557.1
224,9557.4
220,9559.2
219,9560.4
370,9562.2
27,9562.7
364,9631.3
112,9632.4
60,9633.4
165,9633.7
77,9634.4
278,9635.3
129,9635.3
134,9635.6
130,9637.1
224,9637.5
220,9639.5
219,9641.1
370,9641.5
27,9643.0
366,9645.1
