14,83.9
18,84.0
16,84.1
0,84.2
2,84.2
13,84.2
10,84.2
21,84.3
28,84.4
27,84.5
14,87.5
18,88.1
16,88.2
13,88.6
10,88.6
2,88.6
0,88.6
21,89.2
27,90.3
28,90.3
14,163.7
18,163.9
16,164.0
0,164.0
10,164.0
2,164.1
13,164.1
21,164.2
27,164.3
28,164.3
14,167.2
18,167.8
16,168.1
10,168.2
0,168.2
2,168.6
13,168.6
21,169.1
28,169.7
27,169.7
14,243.7
18,243.9
16,243.9
10,244.0
13,244.0
0,244.0
2,244.0
21,244.2
27,244.3
28,244.3
14,247.2
18,247.8
0,248.2
10,248.2
16,248.2
2,248.6
13,248.6
21,249.1
27,249.7
28,249.7
14,628.9
18,629.0
16,629.1
13,629.2
2,629.2
10,629.2
0,629.2
21,629.3
28,629.4
27,629.4
14,632.5
18,632.9
16,633.2
0,633.6
10,633.6
13,633.7
2,633.7
21,634.2
27,634.8
28,634.8
14,708.7
18,708.9
10,709.0
16,709.0
0,709.0
2,709.1
13,709.1
21,709.2
27,709.3
28,709.3
14,712.2
18,712.8
0,713.2
10,713.2
16,713.2
13,713.6
2,713.6
21,714.1
28,714.7
27,714.7
14,788.7
16,788.9
18,788.9
2,789.0
13,789.0
0,789.0
10,789.0
21,789.2
27,789.3
28,789.3
14,792.2
18,792.8
16,793.2
10,793.2
0,793.2
13,793.6
2,793.6
21,794.1
28,794.7
27,794.7
14,868.7
18,868.8
16,868.9
0,869.0
10,869.0
2,869.0
13,869.0
21,869.1
28,869.3
27,869.3
14,872.2
18,872.8
0,873.2
16,873.2
10,873.2
13,873.6
2,873.6
21,874.1
28,874.7
27,874.7
14,1253.9
18,1254.0
16,1254.1
10,1254.2
0,1254.2
13,1254.2
2,1254.2
21,1254.3
27,1254.4
28,1254.4
14,1257.5
18,1257.9
16,1258.2
10,1258.6
0,1258.6
2,1258.7
13,1258.7
21,1259.2
28,1259.8
27,1259.8
14,1333.7
18,1333.9
10,1334.0
0,1334.0
16,1334.0
13,1334.1
2,1334.1
21,1334.2
27,1334.3
28,1334.3
14,1337.2
18,1337.8
16,1338.2
0,1338.2
10,1338.2
2,1338.6
13,1338.6
21,1339.1
28,1339.7
27,1339.7
14,1413.7
16,1413.9
18,1413.9
0,1414.0
13,1414.0
10,1414.0
2,1414.0
21,1414.2
28,1414.3
27,1414.3
14,1417.2
18,1417.8
10,1418.2
16,1418.2
0,1418.2
2,1418.6
13,1418.6
21,1419.1
28,1419.7
27,1419.7
14,1493.7
18,1493.8
16,1493.9
2,1494.0
10,1494.0
0,1494.0
13,1494.0
21,1494.2
27,1494.3
28,1494.3
14,1497.2
18,1497.8
16,1498.2
0,1498.2
10,1498.2
2,1498.6
13,1498.6
21,1499.1
27,1499.7
28,1499.7
14,1878.9
18,1879.0
16,1879.1
2,1879.2
10,1879.2
13,1879.2
0,1879.2
21,1879.3
27,1879.4
28,1879.4
14,1882.5
18,1882.9
16,1883.2
10,1883.6
0,1883.6
2,1883.7
13,1883.7
21,1884.2
27,1884.8
28,1884.8
14,1958.7
18,1958.9
0,1959.0
16,1959.0
10,1959.0
13,1959.1
2,1959.1
21,1959.2
27,1959.3
28,1959.3
14,1962.2
18,1962.8
10,1963.2
0,1963.2
16,1963.2
13,1963.6
2,1963.6
21,1964.1
28,1964.7
27,1964.7
14,2038.7
18,2038.9
16,2038.9
0,2039.0
2,2039.0
10,2039.0
13,2039.0
21,2039.2
27,2039.3
28,2039.3
14,2042.2
18,2042.8
16,2043.2
0,2043.2
10,2043.2
13,2043.6
2,2043.6
21,2044.1
27,2044.7
28,2044.7
14,2118.7
18,2118.8
16,2118.9
2,2119.0
0,2119.0
10,2119.0
13,2119.0
21,2119.2
28,2119.3
27,2119.3
14,2122.2
18,2122.8
16,2123.2
0,2123.2
10,2123.2
2,2123.6
13,2123.6
21,2124.1
27,2124.7
28,2124.7
14,2503.9
18,2504.0
16,2504.1
10,2504.2
2,2504.2
13,2504.2
0,2504.2
21,2504.3
28,2504.4
27,2504.4
14,2507.5
18,2507.9
16,2508.2
10,2508.6
0,2508.6
2,2508.7
13,2508.7
21,2509.2
28,2509.8
27,2509.8
14,2583.7
18,2583.9
16,2584.0
10,2584.0
0,2584.0
13,2584.1
2,2584.1
21,2584.2
27,2584.3
28,2584.3
14,2587.2
18,2587.8
16,2588.2
0,2588.2
10,2588.2
13,2588.6
2,2588.6
21,2589.1
28,2589.7
27,2589.7
14,2663.7
18,2663.9
16,2663.9
0,2664.0
2,2664.0
13,2664.0
10,2664.0
21,2664.2
28,2664.3
27,2664.3
14,2667.2
18,2667.8
10,2668.2
16,2668.2
0,2668.2
2,2668.6
13,2668.6
21,2669.1
28,2669.7
27,2669.7
14,2743.7
18,2743.8
16,2743.9
10,2744.0
0,2744.0
2,2744.0
13,2744.0
21,2744.2
27,2744.3
28,2744.3
14,2747.2
18,2747.8
0,2748.2
16,2748.2
10,2748.2
2,2748.6
13,2748.6
21,2749.1
28,2749.7
27,2749.7
14,3128.9
18,3129.0
16,3129.1
10,3129.2
0,3129.2
13,3129.2
2,3129.2
21,3129.3
28,3129.4
27,3129.4
14,3132.5
18,3132.9
16,3133.2
0,3133.6
10,3133.6
13,3133.7
2,3133.7
21,3134.2
28,3134.8
27,3134.8
14,3208.7
18,3208.9
10,3209.0
0,3209.0
16,3209.0
2,3209.1
13,3209.1
21,3209.2
27,3209.3
28,3209.3
14,3212.2
18,3212.8
0,3213.2
10,3213.2
16,3213.2
13,3213.6
2,3213.6
21,3214.1
28,3214.7
27,3214.7
14,3288.7
16,3288.9
18,3288.9
13,3289.0
2,3289.0
10,3289.0
0,3289.0
21,3289.2
28,3289.3
27,3289.3
14,3292.2
18,3292.8
16,3293.2
10,3293.2
0,3293.2
2,3293.6
13,3293.6
21,3294.1
27,3294.7
28,3294.7
14,3368.7
18,3368.8
16,3368.9
10,3369.0
13,3369.0
0,3369.0
2,3369.0
21,3369.2
28,3369.3
27,3369.3
14,3372.2
18,3372.8
0,3373.2
10,3373.2
16,3373.2
13,3373.6
2,3373.6
21,3374.1
28,3374.7
27,3374.7
4,3753.8
14,3753.9
18,3754.0
16,3754.1
13,3754.2
2,3754.2
0,3754.2
21,3754.3
28,3754.4
27,3754.4
4,3757.2
14,3757.5
18,3757.9
16,3758.2
0,3758.6
13,3758.7
2,3758.7
21,3759.2
28,3759.8
27,3759.8
14,3833.7
4,3833.7
18,3833.9
0,3834.0
16,3834.0
2,3834.1
13,3834.1
21,3834.2
27,3834.3
28,3834.3
4,3837.1
14,3837.2
18,3837.8
0,3838.2
16,3838.2
2,3838.6
13,3838.6
21,3839.1
28,3839.7
27,3839.7
4,3913.6
14,3913.7
16,3913.9
18,3913.9
0,3914.0
2,3914.0
13,3914.0
21,3914.2
28,3914.3
27,3914.3
14,3917.2
4,3917.2
18,3917.8
16,3918.2
0,3918.2
13,3918.6
2,3918.6
21,3919.1
28,3919.7
27,3919.7
4,3993.6
14,3993.7
18,3993.8
16,3993.9
13,3994.0
2,3994.0
0,3994.0
21,3994.2
27,3994.3
28,3994.3
4,3997.0
14,3997.2
18,3997.8
0,3998.2
16,3998.2
2,3998.6
13,3998.6
21,3999.1
28,3999.7
27,3999.7
4,4378.8
14,4378.9
25,4378.9
18,4379.0
16,4379.1
2,4379.2
0,4379.2
21,4379.3
28,4379.4
27,4379.4
4,4382.2
25,4382.5
14,4382.5
18,4382.9
16,4383.2
0,4383.6
2,4383.7
21,4384.2
28,4384.8
27,4384.8
14,4458.7
4,4458.7
25,4458.7
18,4458.9
0,4459.0
16,4459.0
2,4459.1
21,4459.2
27,4459.3
28,4459.3
4,4462.1
25,4462.2
14,4462.2
18,4462.8
0,4463.2
16,4463.2
2,4463.6
21,4464.1
28,4464.7
27,4464.7
4,4538.6
25,4538.7
14,4538.7
18,4538.9
16,4538.9
0,4539.0
2,4539.0
21,4539.2
28,4539.3
27,4539.3
25,4542.2
14,4542.2
4,4542.2
18,4542.8
16,4543.2
0,4543.2
2,4543.6
21,4544.1
28,4544.7
27,4544.7
4,4618.6
14,4618.7
25,4618.7
18,4618.8
16,4618.9
2,4619.0
0,4619.0
21,4619.2
28,4619.3
27,4619.3
4,4622.0
25,4622.2
14,4622.2
18,4622.8
16,4623.2
0,4623.2
2,4623.6
21,4624.1
27,4624.7
28,4624.7
4,5003.8
25,5003.9
14,5003.9
18,5004.0
16,5004.1
8,5004.1
2,5004.2
0,5004.2
21,5004.3
27,5004.4
4,5007.2
14,5007.5
25,5007.5
18,5007.9
16,5008.2
8,5008.2
0,5008.6
2,5008.7
21,5009.2
27,5009.8
4,5083.7
14,5083.7
25,5083.7
18,5083.9
16,5084.0
0,5084.0
8,5084.0
2,5084.1
21,5084.2
27,5084.3
4,5087.1
14,5087.2
25,5087.2
18,5087.8
8,5088.1
0,5088.2
16,5088.2
2,5088.6
21,5089.1
27,5089.7
4,5163.6
25,5163.7
14,5163.7
16,5163.9
18,5163.9
8,5163.9
2,5164.0
0,5164.0
21,5164.2
27,5164.3
25,5167.2
4,5167.2
14,5167.2
18,5167.8
16,5168.2
8,5168.2
0,5168.2
2,5168.6
21,5169.1
27,5169.7
4,5243.6
25,5243.7
14,5243.7
18,5243.8
8,5243.9
16,5243.9
0,5244.0
2,5244.0
21,5244.2
27,5244.3
4,5247.0
14,5247.2
25,5247.2
18,5247.8
0,5248.2
8,5248.2
16,5248.2
2,5248.6
21,5249.1
27,5249.7
4,5628.8
25,5628.9
18,5629.0
16,5629.1
8,5629.1
0,5629.2
22,5629.2
2,5629.2
21,5629.3
27,5629.4
4,5632.2
25,5632.5
18,5632.9
8,5633.2
16,5633.2
0,5633.6
22,5633.6
2,5633.7
21,5634.2
27,5634.8
4,5708.7
25,5708.7
18,5708.9
0,5709.0
22,5709.0
16,5709.0
8,5709.0
2,5709.1
21,5709.2
27,5709.3
4,5712.1
25,5712.2
18,5712.8
16,5713.2
0,5713.2
8,5713.2
22,5713.5
2,5713.6
21,5714.1
27,5714.7
4,5788.6
25,5788.7
18,5788.9
16,5788.9
8,5788.9
22,5789.0
0,5789.0
2,5789.0
21,5789.2
27,5789.3
25,5792.2
4,5792.2
18,5792.8
0,5793.2
22,5793.2
8,5793.2
16,5793.2
2,5793.6
21,5794.1
27,5794.7
4,5868.6
25,5868.7
18,5868.8
8,5868.9
16,5868.9
22,5869.0
2,5869.0
0,5869.0
21,5869.2
27,5869.3
4,5872.0
25,5872.2
18,5872.8
16,5873.2
8,5873.2
0,5873.2
22,5873.3
2,5873.6
21,5874.1
27,5874.7
4,6253.8
25,6253.9
15,6254.0
18,6254.0
8,6254.1
16,6254.1
22,6254.2
2,6254.2
0,6254.2
21,6254.3
4,6257.2
25,6257.5
15,6257.8
18,6257.9
16,6258.2
8,6258.2
0,6258.6
22,6258.6
2,6258.7
21,6259.2
4,6333.7
25,6333.7
15,6333.8
18,6333.9
8,6334.0
16,6334.0
22,6334.0
0,6334.0
2,6334.1
21,6334.2
4,6337.1
25,6337.2
15,6337.5
18,6337.8
8,6338.2
16,6338.2
22,6338.2
0,6338.2
2,6338.6
21,6339.1
4,6413.6
25,6413.7
15,6413.8
8,6413.9
16,6413.9
18,6413.9
22,6414.0
2,6414.0
0,6414.0
21,6414.2
25,6417.2
4,6417.2
15,6417.5
18,6417.8
16,6418.2
22,6418.2
8,6418.2
0,6418.2
2,6418.6
21,6419.1
4,6493.6
25,6493.7
15,6493.8
18,6493.8
16,6493.9
8,6493.9
2,6494.0
22,6494.0
0,6494.0
21,6494.2
4,6497.0
25,6497.2
15,6497.5
18,6497.8
8,6498.2
0,6498.2
16,6498.2
22,6498.3
2,6498.6
21,6499.1
4,6878.8
25,6878.9
15,6879.0
8,6879.1
16,6879.1
3,6879.1
0,6879.2
2,6879.2
22,6879.2
21,6879.3
4,6882.2
25,6882.5
15,6882.8
3,6883.1
16,6883.2
8,6883.2
0,6883.6
22,6883.6
2,6883.7
21,6884.2
4,6958.7
25,6958.7
15,6958.8
3,6958.9
16,6959.0
0,6959.0
8,6959.0
22,6959.0
2,6959.1
21,6959.2
4,6962.1
25,6962.2
15,6962.5
3,6962.8
22,6963.2
16,6963.2
8,6963.2
0,6963.2
2,6963.6
21,6964.1
4,7038.6
25,7038.7
15,7038.8
16,7038.9
3,7038.9
8,7038.9
0,7039.0
22,7039.0
2,7039.0
21,7039.2
25,7042.2
4,7042.2
15,7042.5
3,7042.8
8,7043.2
0,7043.2
22,7043.2
16,7043.2
2,7043.6
21,7044.1
4,7118.6
25,7118.7
15,7118.8
16,7118.9
3,7118.9
8,7118.9
2,7119.0
0,7119.0
22,7119.0
21,7119.2
4,7122.0
25,7122.2
15,7122.5
3,7122.8
16,7123.2
0,7123.2
8,7123.2
22,7123.3
2,7123.6
21,7124.1
4,7503.8
25,7503.9
15,7504.0
9,7504.0
3,7504.0
8,7504.1
22,7504.2
2,7504.2
0,7504.2
21,7504.3
4,7507.2
25,7507.5
9,7507.8
15,7507.8
8,7508.2
3,7508.2
22,7508.6
0,7508.6
2,7508.7
21,7509.2
25,7583.7
4,7583.7
9,7583.8
15,7583.8
3,7583.9
0,7584.0
8,7584.0
22,7584.0
2,7584.1
21,7584.2
4,7587.1
25,7587.2
15,7587.5
9,7587.5
3,7587.8
0,7588.2
8,7588.2
22,7588.2
2,7588.6
21,7589.1
4,7663.6
25,7663.7
9,7663.8
15,7663.8
8,7663.9
3,7663.9
22,7664.0
0,7664.0
2,7664.0
21,7664.2
25,7667.2
4,7667.2
15,7667.5
9,7667.5
3,7667.8
8,7668.2
0,7668.2
22,7668.2
2,7668.6
21,7669.1
4,7743.6
25,7743.7
15,7743.8
9,7743.8
8,7743.9
3,7743.9
22,7744.0
0,7744.0
2,7744.0
21,7744.2
4,7747.0
25,7747.2
15,7747.5
9,7747.5
3,7747.8
0,7748.2
8,7748.2
22,7748.3
2,7748.6
21,7749.1
4,8128.8
9,8128.9
25,8128.9
15,8129.0
3,8129.0
8,8129.1
22,8129.2
0,8129.2
21,8129.3
7,8129.7
4,8132.2
25,8132.5
15,8132.8
9,8132.8
8,8133.2
3,8133.2
0,8133.6
22,8133.6
21,8134.2
7,8137.8
4,8208.7
25,8208.7
9,8208.8
15,8208.8
3,8208.9
0,8209.0
22,8209.0
8,8209.0
21,8209.2
7,8209.5
4,8212.1
25,8212.2
9,8212.5
15,8212.5
3,8212.8
0,8213.2
8,8213.2
22,8213.2
21,8214.1
7,8216.5
4,8288.6
25,8288.7
15,8288.8
9,8288.8
8,8288.9
3,8288.9
0,8289.0
22,8289.0
21,8289.2
7,8289.5
4,8292.2
25,8292.2
15,8292.5
9,8292.5
3,8292.8
8,8293.2
22,8293.2
0,8293.2
21,8294.1
7,8296.6
4,8368.6
25,8368.7
15,8368.8
9,8368.8
8,8368.9
3,8368.9
22,8369.0
0,8369.0
21,8369.2
7,8369.5
4,8372.0
25,8372.2
9,8372.5
15,8372.5
3,8372.8
8,8373.2
0,8373.2
22,8373.3
21,8374.1
7,8376.6
4,8753.8
25,8753.9
9,8753.9
3,8754.0
15,8754.0
8,8754.1
0,8754.2
17,8754.2
22,8754.2
7,8754.7
4,8757.2
25,8757.5
9,8757.8
15,8757.8
8,8758.2
3,8758.2
17,8758.5
22,8758.6
0,8758.6
7,8762.9
25,8833.7
4,8833.7
15,8833.8
9,8833.8
3,8833.9
22,8834.0
0,8834.0
8,8834.0
17,8834.0
7,8834.5
4,8837.1
25,8837.2
15,8837.5
9,8837.5
3,8837.8
17,8838.2
22,8838.2
0,8838.2
8,8838.2
7,8841.5
4,8913.6
25,8913.7
9,8913.8
15,8913.8
8,8913.9
3,8913.9
22,8914.0
17,8914.0
0,8914.0
7,8914.5
25,8917.2
4,8917.2
15,8917.5
9,8917.5
3,8917.8
8,8918.2
22,8918.2
17,8918.2
0,8918.2
7,8921.6
4,8993.6
25,8993.7
9,8993.8
15,8993.8
8,8993.9
3,8993.9
17,8994.0
22,8994.0
0,8994.0
7,8994.5
4,8997.0
25,8997.2
9,8997.5
15,8997.5
3,8997.8
8,8998.2
0,8998.2
17,8998.2
22,8998.3
7,9001.6
4,9378.8
9,9378.9
25,9378.9
3,9379.0
15,9379.0
5,9379.0
8,9379.1
17,9379.1
22,9379.2
7,9379.7
4,9382.2
25,9382.5
5,9382.8
15,9382.8
9,9382.8
3,9383.2
8,9383.2
17,9383.3
22,9383.6
7,9387.9
4,9458.7
25,9458.7
9,9458.8
5,9458.8
15,9458.8
3,9458.9
17,9459.0
22,9459.0
8,9459.0
7,9459.5
4,9462.1
25,9462.2
9,9462.5
15,9462.5
5,9462.8
3,9462.8
8,9463.2
17,9463.2
22,9463.2
7,9466.5
4,9538.6
25,9538.7
15,9538.8
9,9538.8
5,9538.8
8,9538.9
3,9538.9
22,9539.0
17,9539.0
7,9539.5
4,9542.2
25,9542.2
15,9542.5
9,9542.5
5,9542.5
3,9542.8
22,9543.2
8,9543.2
17,9543.2
7,9546.6
4,9618.6
25,9618.7
9,9618.8
5,9618.8
15,9618.8
3,9618.9
8,9618.9
22,9619.0
17,9619.0
7,9619.5
4,9622.0
25,9622.2
9,9622.5
5,9622.5
15,9622.5
3,9622.8
17,9623.2
8,9623.2
22,9623.3
7,9626.6
