0,4.6
52,4.6
53,4.6
25,4.6
24,4.6
23,4.6
21,4.6
20,4.6
19,4.6
18,4.6
17,4.6
16,4.6
15,4.6
54,4.6
14,4.6
13,4.6
12,4.6
55,4.6
11,4.6
56,4.6
10,4.6
57,4.6
26,4.6
9,4.6
51,4.6
28,4.6
48,4.6
47,4.6
46,4.6
45,4.6
44,4.6
43,4.6
42,4.6
41,4.6
40,4.6
39,4.6
38,4.6
37,4.6
36,4.6
35,4.6
34,4.6
33,4.6
32,4.6
50,4.6
31,4.6
30,4.6
29,4.6
27,4.6
58,4.6
22,4.6
5,4.6
1,4.6
2,4.6
3,4.6
4,4.6
62,4.6
61,4.6
6,4.6
60,4.6
7,4.6
59,4.6
49,4.6
8,4.6
8,16.3
44,16.3
7,16.3
22,16.4
26,16.4
19,16.4
40,16.5
18,16.5
54,16.5
61,16.5
24,16.6
15,16.6
47,16.6
53,16.6
43,16.6
50,16.6
41,16.6
60,16.6
25,16.6
5,16.6
28,16.6
29,16.6
48,16.6
56,16.6
52,16.7
23,16.7
21,16.7
36,16.7
20,16.7
3,16.7
34,16.7
4,16.7
32,16.7
1,16.7
58,16.7
12,16.7
0,16.8
49,16.8
2,16.8
11,16.8
39,16.8
27,16.8
30,16.8
16,16.8
31,16.8
57,16.8
9,16.8
55,16.8
17,16.8
62,16.8
45,16.8
42,16.8
14,16.9
46,16.9
37,16.9
35,16.9
10,16.9
33,17.0
6,17.1
51,17.1
38,17.1
13,17.1
59,17.2
18,31.8
61,32.0
44,32.3
12,32.4
40,32.5
19,32.6
55,32.7
5,32.7
7,32.8
20,32.8
29,32.9
50,33.0
14,33.1
37,33.1
3,33.2
60,33.2
41,33.2
28,33.3
54,33.3
16,33.4
27,33.5
35,33.5
0,33.5
21,33.5
56,33.6
34,33.6
31,33.7
62,33.7
13,33.8
30,33.8
39,33.9
52,33.9
1,33.9
43,34.0
26,34.1
53,34.1
57,34.1
59,34.2
32,34.2
42,34.2
58,34.3
22,34.3
10,34.3
6,34.4
36,34.7
4,34.7
48,34.7
45,34.8
17,34.9
15,34.9
23,35.0
47,35.1
11,35.3
9,35.3
49,35.4
24,35.5
33,35.9
46,36.2
51,36.2
8,36.9
38,37.1
25,37.5
2,38.6
31,125.8
50,132.8
31,135.0
50,143.2
6,143.5
31,145.3
10,148.7
6,155.9
50,156.8
49,157.6
31,160.5
10,161.0
49,171.5
6,175.3
10,177.4
31,192.7
49,195.7
50,196.5
7,200.6
6,201.1
8,201.6
31,201.8
11,207.4
50,208.5
14,209.7
25,209.8
49,210.4
1,210.4
47,210.7
31,210.9
7,211.5
43,212.1
59,212.4
8,213.7
26,214.1
4,215.5
10,219.7
53,220.0
11,220.4
14,221.8
1,221.8
25,223.0
47,223.5
43,223.5
59,223.8
6,224.1
31,225.5
26,226.4
7,226.6
4,227.9
53,233.0
1,234.6
8,236.5
10,236.7
43,237.2
59,238.6
14,238.7
47,242.9
50,244.5
4,246.0
26,246.8
53,262.8
50,265.8
31,271.3
31,278.8
50,279.3
7,280.0
8,281.2
49,282.6
10,282.9
25,283.4
6,283.7
31,285.4
11,287.3
53,289.5
7,292.4
59,292.4
48,292.4
26,292.5
31,293.3
25,293.9
10,294.0
49,294.1
8,294.2
14,294.6
31,294.7
6,296.4
4,297.9
11,302.6
48,302.9
59,304.3
31,304.4
25,306.6
10,308.0
26,310.1
14,310.3
9,311.4
49,311.6
6,314.3
4,314.8
48,317.8
9,324.9
59,325.7
9,347.3
50,648.9
26,649.2
6,651.8
48,652.4
8,654.7
7,655.5
29,656.2
4,656.3
31,656.9
45,657.1
53,659.0
50,659.1
11,659.6
26,659.9
25,661.1
10,661.7
6,661.9
9,662.7
48,662.8
8,664.2
31,664.6
49,664.9
7,665.9
2,665.9
29,667.0
4,667.0
15,667.1
47,667.4
21,667.6
45,668.7
53,669.2
50,669.3
11,669.5
25,669.6
14,670.1
59,670.5
26,671.0
31,671.2
10,671.4
6,672.2
48,673.3
55,673.4
9,673.5
57,673.9
51,674.0
8,674.1
49,674.9
15,677.3
2,677.3
41,677.7
7,677.8
54,678.4
31,678.4
4,679.0
47,679.0
21,679.1
33,679.2
25,679.2
29,679.4
46,680.0
53,680.3
23,680.9
56,681.0
14,681.0
59,681.1
50,681.6
11,681.7
10,682.4
45,682.4
16,683.3
57,684.6
42,684.6
55,685.1
49,685.7
31,685.7
51,686.0
9,686.3
60,686.5
26,686.9
48,687.1
31,687.2
6,688.0
15,688.3
41,688.8
54,690.1
33,691.9
23,692.8
46,692.8
2,693.1
56,693.5
14,693.8
21,694.2
16,694.4
59,694.4
25,695.0
47,695.1
31,695.9
42,696.2
10,696.4
4,696.5
57,697.5
60,697.6
8,697.8
55,699.8
41,702.0
29,702.2
51,703.7
53,704.3
40,705.0
54,705.0
16,706.7
15,706.9
23,708.3
1,708.5
49,708.8
33,709.9
60,710.2
46,711.5
42,711.6
56,712.5
40,717.1
57,717.8
1,720.7
16,728.8
40,732.5
1,736.9
31,737.2
50,737.9
57,742.5
7,744.8
31,746.4
16,746.5
50,749.1
6,749.5
8,750.4
49,754.3
31,756.4
7,756.9
59,758.3
26,758.5
14,760.0
25,761.9
6,764.3
53,764.7
8,766.2
50,766.8
26,770.7
49,771.2
4,771.8
59,772.9
14,775.3
7,779.2
25,779.8
53,782.1
4,786.2
59,800.2
4,807.1
31,815.5
50,816.6
31,822.5
8,823.2
6,824.3
10,825.5
7,825.6
25,825.7
50,827.4
49,827.4
31,829.6
11,829.7
48,830.2
26,831.7
47,833.1
29,834.2
8,834.8
6,834.9
10,835.1
25,835.4
53,835.9
31,836.7
14,837.6
49,838.6
7,838.7
48,841.5
11,842.4
59,843.4
50,843.8
26,844.3
29,845.0
47,846.0
55,846.3
51,846.4
31,846.4
10,846.5
25,848.1
9,849.2
6,849.5
53,852.0
14,852.6
48,856.1
55,858.7
29,859.5
51,859.6
59,860.3
9,862.3
49,864.4
10,866.1
31,866.4
47,868.3
55,874.9
9,884.6
50,896.9
31,897.9
7,903.4
8,903.9
31,907.6
50,908.2
6,908.7
49,911.3
26,911.9
25,912.3
11,912.4
4,913.0
7,915.2
8,915.8
14,916.0
59,916.1
53,917.3
15,919.2
31,921.1
6,922.3
26,923.6
50,924.1
4,924.6
49,926.9
11,927.2
25,927.2
59,927.7
14,930.1
53,932.0
15,932.2
57,933.3
16,933.6
7,936.4
4,941.0
57,944.3
16,944.3
59,945.0
26,948.1
15,951.7
16,957.7
57,957.8
26,1269.5
29,1270.7
50,1270.9
48,1271.1
8,1272.7
6,1273.3
9,1273.4
7,1273.8
53,1275.4
4,1275.8
45,1276.3
21,1278.5
11,1278.6
26,1280.1
2,1280.5
50,1281.2
29,1281.4
31,1281.6
48,1281.6
24,1281.7
10,1282.7
8,1282.8
57,1283.3
6,1283.7
7,1284.2
25,1284.3
9,1284.5
53,1286.0
56,1286.4
4,1286.6
33,1287.0
47,1287.0
42,1287.3
45,1287.8
49,1287.9
44,1287.9
52,1288.6
11,1288.8
55,1288.9
15,1289.0
31,1289.5
21,1290.3
50,1291.4
2,1291.8
26,1291.9
48,1293.0
10,1293.1
14,1293.1
8,1293.3
23,1293.4
24,1293.8
29,1293.8
54,1294.0
25,1294.0
57,1294.1
59,1294.7
51,1294.8
6,1295.3
7,1295.3
31,1296.5
9,1297.6
53,1297.7
56,1297.8
47,1298.1
49,1298.3
33,1298.7
42,1298.7
4,1299.0
44,1299.3
15,1299.5
55,1300.2
41,1300.2
16,1300.3
11,1300.4
52,1301.1
45,1301.4
10,1304.2
14,1304.3
50,1304.6
31,1304.7
23,1304.7
21,1304.8
59,1305.4
54,1305.7
51,1306.0
25,1306.2
2,1306.2
57,1306.5
26,1308.7
48,1309.2
49,1309.9
8,1310.0
16,1310.5
24,1310.9
60,1311.1
41,1311.4
47,1311.9
15,1312.0
42,1312.8
40,1313.0
7,1313.4
44,1313.6
56,1313.6
29,1313.7
55,1314.2
6,1314.4
31,1314.5
33,1314.8
23,1316.7
14,1317.7
52,1319.1
59,1319.1
53,1319.2
54,1319.6
10,1321.0
4,1321.8
51,1322.0
60,1322.9
16,1323.5
57,1323.7
41,1324.9
40,1325.4
31,1330.1
15,1334.9
9,1336.5
60,1338.0
25,1338.5
40,1341.0
42,1346.6
23,1350.4
9,1361.5
50,1362.8
31,1363.4
7,1371.9
31,1373.5
8,1374.0
50,1374.4
49,1375.6
6,1375.7
59,1383.4
7,1383.9
31,1385.0
14,1386.3
26,1386.8
8,1387.9
49,1388.7
6,1389.5
50,1390.5
59,1397.2
14,1401.5
26,1401.8
59,1424.7
7,1428.6
31,1440.6
50,1442.3
7,1443.9
31,1447.6
8,1448.5
6,1450.2
10,1450.8
25,1452.2
50,1453.1
49,1453.2
31,1454.6
47,1455.7
48,1455.8
26,1455.8
31,1455.9
4,1455.9
11,1456.3
53,1457.3
8,1460.3
10,1460.6
7,1461.2
6,1461.4
25,1461.9
31,1462.0
14,1465.0
49,1465.2
4,1467.3
48,1467.9
29,1468.0
47,1468.2
26,1468.2
11,1469.6
50,1470.2
53,1470.4
31,1471.4
10,1472.0
59,1474.6
25,1475.6
6,1478.6
14,1480.0
29,1480.5
48,1481.7
4,1483.6
47,1489.5
59,1490.7
29,1498.6
10,1510.3
29,1516.2
31,1521.8
50,1522.7
7,1529.2
8,1530.1
31,1530.7
50,1533.9
49,1534.6
6,1534.8
26,1536.9
11,1537.8
53,1537.9
25,1538.9
31,1540.0
7,1541.3
55,1541.9
14,1542.0
8,1542.8
51,1542.9
59,1544.0
4,1546.4
6,1546.9
49,1547.4
26,1548.9
25,1550.6
50,1551.3
53,1552.3
11,1552.7
55,1554.1
31,1554.7
51,1556.1
14,1556.4
59,1558.0
4,1560.9
7,1564.2
16,1565.5
8,1565.5
57,1566.5
55,1570.2
26,1573.7
6,1574.1
16,1577.1
57,1578.5
59,1589.6
16,1591.6
57,1593.8
26,1894.9
29,1895.3
48,1895.8
50,1896.6
9,1897.1
8,1898.3
7,1899.4
6,1899.5
45,1899.7
53,1900.7
4,1901.5
21,1901.5
11,1902.5
57,1903.0
2,1903.8
42,1904.1
24,1904.6
56,1904.9
26,1905.6
29,1906.0
48,1906.3
31,1906.5
33,1906.7
50,1906.8
10,1907.6
44,1907.9
9,1908.2
8,1908.3
55,1908.9
7,1909.8
6,1909.9
25,1909.9
52,1910.8
45,1910.9
53,1911.3
47,1911.8
15,1911.8
54,1912.3
4,1912.4
11,1912.8
21,1912.9
49,1913.5
57,1913.9
31,1914.4
2,1915.0
42,1915.6
23,1915.7
56,1916.2
51,1916.3
24,1916.6
50,1917.1
26,1917.3
48,1917.6
14,1917.6
10,1917.9
33,1918.0
29,1918.2
8,1918.8
44,1919.3
41,1919.3
25,1919.5
55,1919.9
59,1920.0
9,1921.1
7,1921.2
6,1921.5
31,1921.6
15,1922.0
52,1922.8
47,1922.9
53,1923.3
54,1923.6
49,1924.3
45,1924.4
11,1924.7
16,1924.9
4,1924.9
57,1925.7
23,1926.8
21,1926.9
40,1927.7
51,1928.0
14,1929.1
2,1929.3
10,1929.3
42,1929.6
31,1930.1
50,1930.4
41,1930.5
59,1930.9
56,1931.3
25,1932.3
55,1932.4
24,1933.2
33,1933.6
44,1933.7
48,1934.5
15,1934.6
26,1935.4
16,1935.8
60,1935.9
49,1936.0
8,1936.7
18,1937.9
54,1937.9
47,1938.2
40,1939.8
62,1940.5
23,1940.9
52,1941.2
57,1941.2
31,1941.9
29,1942.5
6,1942.6
14,1942.6
51,1942.7
41,1945.0
59,1946.0
60,1947.7
10,1948.5
4,1948.8
16,1948.8
18,1949.6
62,1952.8
53,1953.7
40,1954.7
42,1957.3
60,1962.7
25,1963.5
18,1964.3
62,1968.9
55,1971.0
41,1975.7
31,1987.5
50,1988.2
7,1995.8
31,1995.9
50,1999.6
6,2001.5
49,2002.2
8,2002.3
31,2004.2
7,2007.7
47,2011.5
26,2011.6
10,2012.7
14,2013.8
6,2016.1
49,2016.2
50,2016.9
8,2017.7
31,2018.1
59,2018.7
47,2026.3
10,2026.4
26,2026.8
14,2028.8
59,2032.6
7,2032.7
59,2059.1
31,2066.2
50,2067.2
31,2073.4
8,2074.1
6,2075.1
7,2076.4
11,2076.7
49,2077.5
50,2078.0
10,2078.1
25,2078.6
59,2080.2
31,2080.5
4,2081.3
31,2081.8
26,2082.3
47,2086.3
48,2086.4
6,2086.8
8,2087.2
53,2087.2
31,2088.4
11,2088.9
49,2089.3
10,2089.6
25,2090.0
7,2090.6
4,2092.9
26,2095.5
50,2095.7
29,2096.3
31,2098.2
48,2098.4
53,2101.4
47,2101.4
14,2101.8
25,2102.3
6,2103.8
10,2104.6
8,2107.6
29,2109.1
4,2110.8
14,2117.7
48,2120.3
29,2127.0
29,2146.2
48,2146.8
31,2146.8
50,2147.8
31,2155.1
7,2155.3
8,2156.7
50,2158.8
49,2159.9
6,2160.5
11,2161.4
26,2161.5
59,2162.4
53,2163.8
31,2164.2
10,2165.4
55,2165.6
25,2165.9
51,2167.1
7,2168.2
47,2169.4
15,2170.1
14,2171.5
4,2172.6
49,2173.4
26,2173.9
59,2174.0
8,2174.2
6,2175.1
11,2176.2
48,2176.4
50,2176.6
31,2177.9
55,2177.9
57,2177.9
16,2177.9
10,2178.3
53,2179.1
51,2180.1
25,2182.0
15,2183.2
47,2184.3
4,2187.5
14,2188.3
16,2189.5
57,2189.8
59,2189.9
55,2194.1
26,2197.1
16,2204.4
57,2206.3
29,2518.6
26,2519.4
50,2519.8
48,2519.9
8,2521.1
6,2522.0
9,2522.2
4,2522.3
7,2522.4
2,2523.1
45,2523.5
53,2523.6
21,2525.5
11,2526.0
24,2526.1
42,2527.6
52,2529.1
29,2529.1
57,2529.3
44,2529.7
50,2530.0
26,2530.0
56,2530.1
48,2530.4
8,2531.3
31,2531.5
33,2531.8
6,2532.5
10,2532.7
7,2532.9
25,2533.1
47,2533.1
55,2533.2
9,2533.2
4,2533.3
53,2534.1
2,2534.3
45,2534.9
11,2536.5
54,2536.5
15,2536.7
49,2536.9
21,2537.1
24,2537.8
41,2538.7
42,2539.1
31,2539.5
57,2540.4
50,2540.7
52,2540.7
44,2541.0
51,2541.1
3,2541.3
56,2541.4
29,2541.6
28,2541.9
48,2541.9
26,2542.0
8,2542.1
23,2542.6
10,2543.0
33,2543.0
14,2543.0
25,2543.4
55,2544.1
47,2544.3
7,2544.6
6,2544.6
59,2545.1
4,2546.0
9,2546.4
53,2546.6
31,2546.8
15,2547.1
49,2547.8
54,2548.1
45,2548.4
2,2548.5
11,2548.6
40,2548.9
16,2549.6
41,2549.8
21,2551.3
57,2552.4
51,2553.1
42,2553.3
24,2553.5
3,2554.0
18,2554.2
10,2554.3
62,2554.4
14,2554.5
28,2554.7
50,2554.7
23,2554.8
31,2555.1
44,2555.3
59,2555.9
25,2556.2
55,2556.9
56,2557.0
52,2557.8
33,2558.7
47,2559.3
49,2559.8
48,2559.9
15,2559.9
16,2560.3
60,2560.3
40,2560.3
61,2560.4
8,2560.4
26,2560.6
54,2562.3
41,2563.0
6,2565.9
18,2566.3
29,2566.6
62,2566.8
51,2568.1
53,2568.2
14,2568.3
57,2568.4
31,2568.9
3,2570.0
23,2570.4
4,2570.8
59,2571.4
60,2572.0
61,2572.4
28,2573.4
16,2573.5
40,2575.1
7,2578.9
18,2580.9
62,2582.4
42,2584.5
60,2586.8
61,2587.3
15,2598.6
50,2613.2
31,2613.2
42,2621.4
31,2622.1
50,2624.3
7,2626.0
6,2626.4
49,2627.4
8,2628.6
31,2631.5
47,2636.3
25,2636.4
6,2641.4
49,2641.5
50,2642.1
10,2642.2
26,2642.3
7,2642.7
31,2645.2
8,2645.6
47,2650.9
25,2652.0
10,2655.9
26,2658.0
10,2691.4
31,2691.4
50,2692.3
31,2698.7
8,2699.0
7,2699.8
6,2700.6
50,2703.0
49,2703.0
10,2703.0
25,2703.6
11,2704.6
31,2706.0
4,2707.5
59,2708.8
26,2709.1
53,2710.8
47,2711.3
14,2711.7
7,2712.3
8,2712.8
6,2713.4
31,2714.0
49,2715.5
48,2715.9
25,2716.6
10,2717.2
11,2717.4
4,2719.1
59,2720.1
50,2720.8
26,2723.2
53,2724.7
14,2724.8
47,2726.0
31,2727.5
48,2728.3
6,2730.1
59,2735.4
4,2737.2
14,2746.5
31,2772.0
50,2772.2
29,2772.8
8,2778.5
7,2780.1
31,2780.2
25,2783.0
50,2783.1
6,2784.0
49,2784.3
29,2785.0
11,2785.9
26,2787.1
53,2787.4
31,2788.1
10,2788.2
47,2789.2
55,2789.6
8,2789.7
51,2790.3
7,2792.1
59,2792.4
4,2792.4
15,2793.9
25,2794.5
49,2797.3
26,2798.9
14,2799.0
6,2799.3
31,2799.3
50,2800.6
10,2800.7
11,2801.2
55,2801.9
53,2802.7
29,2802.8
57,2802.8
16,2803.2
51,2803.6
47,2803.8
59,2805.5
4,2806.6
15,2807.6
25,2811.6
16,2814.8
57,2814.8
14,2817.7
10,2817.8
55,2818.2
7,2823.0
59,2825.0
16,2829.8
57,2831.7
29,3141.5
26,3141.6
48,3142.2
50,3142.2
9,3143.4
8,3143.6
6,3144.2
45,3144.3
7,3144.4
4,3144.5
53,3144.8
21,3145.5
57,3145.5
2,3145.6
24,3145.7
11,3146.3
42,3146.4
44,3146.9
56,3147.1
33,3147.4
52,3147.8
55,3148.2
10,3148.4
54,3148.8
41,3149.0
29,3150.9
23,3151.1
26,3151.3
47,3151.5
48,3151.7
50,3151.8
3,3151.9
28,3152.0
40,3152.6
15,3152.7
25,3153.0
8,3153.2
62,3153.4
32,3153.6
9,3153.6
13,3153.8
30,3154.0
7,3154.0
18,3154.1
6,3154.2
53,3154.6
45,3154.8
4,3154.9
38,3155.1
31,3155.1
57,3155.9
2,3156.1
24,3156.1
21,3156.2
11,3156.3
42,3156.6
61,3156.6
20,3156.7
34,3157.0
44,3157.1
22,3157.2
43,3157.2
49,3157.3
56,3157.3
51,3157.4
33,3157.8
52,3157.8
36,3157.8
14,3157.9
37,3157.9
19,3158.3
55,3158.3
10,3158.3
27,3158.5
0,3158.8
54,3158.8
35,3159.2
41,3159.3
16,3160.3
39,3160.8
1,3161.3
29,3161.3
17,3161.4
60,3161.6
23,3161.7
26,3161.7
47,3162.0
48,3162.1
50,3162.1
3,3162.4
58,3162.5
28,3162.7
40,3162.9
15,3162.9
5,3163.5
12,3163.7
18,3163.8
62,3163.8
32,3164.1
25,3164.3
8,3164.4
30,3164.7
13,3164.7
7,3165.0
59,3165.4
31,3165.4
9,3165.6
46,3166.1
38,3166.3
61,3166.4
6,3166.5
53,3166.8
45,3166.8
57,3166.9
20,3167.0
4,3167.3
34,3167.8
43,3167.8
22,3168.1
21,3168.1
44,3168.2
37,3168.3
19,3168.3
24,3168.3
36,3168.6
42,3168.7
14,3168.9
11,3169.0
56,3169.1
2,3169.1
49,3169.2
51,3169.5
27,3169.8
0,3170.1
55,3170.3
52,3170.4
33,3170.4
35,3170.6
54,3170.6
16,3170.7
41,3170.9
10,3171.4
39,3171.7
60,3172.2
1,3172.6
17,3172.7
58,3173.9
5,3174.4
40,3174.5
23,3174.6
3,3174.6
12,3174.7
18,3175.0
28,3175.5
15,3175.8
29,3176.0
47,3176.1
62,3176.7
32,3176.9
50,3176.9
59,3177.5
31,3177.8
30,3178.0
61,3178.0
13,3178.2
46,3178.3
26,3178.9
25,3179.0
20,3179.3
19,3180.5
43,3180.6
37,3181.0
34,3181.2
38,3181.4
22,3181.4
36,3182.0
48,3182.7
7,3182.9
14,3182.9
16,3183.4
27,3183.7
0,3183.7
44,3184.0
49,3184.6
35,3184.9
60,3184.9
39,3185.2
51,3185.9
1,3185.9
21,3186.0
57,3186.3
45,3186.4
17,3187.0
5,3188.0
58,3188.2
12,3188.3
42,3189.4
24,3190.1
41,3190.2
6,3190.6
18,3191.6
55,3191.6
56,3192.0
40,3192.7
54,3192.8
4,3193.0
59,3193.6
9,3194.3
46,3195.3
61,3196.5
3,3198.3
20,3201.0
19,3202.5
37,3207.8
62,3208.5
23,3208.6
60,3213.0
43,3213.7
29,3227.8
50,3230.8
29,3241.6
50,3244.5
50,3277.0
29,3306.3
26,3309.1
48,3310.9
50,3311.5
6,3312.1
29,3318.1
26,3320.4
48,3323.3
31,3323.6
6,3323.8
50,3324.9
29,3334.5
31,3335.4
26,3335.7
6,3341.5
48,3345.9
31,3350.4
29,3386.1
50,3387.4
26,3389.3
48,3391.3
6,3392.8
45,3394.6
9,3395.5
7,3397.6
4,3398.0
8,3398.1
29,3398.2
50,3398.5
11,3401.2
26,3401.7
31,3402.3
48,3404.3
6,3405.8
45,3406.3
9,3407.4
8,3408.9
7,3409.1
4,3409.5
50,3410.6
11,3412.8
31,3414.2
29,3414.4
55,3415.8
45,3420.3
26,3422.7
9,3424.2
4,3425.5
8,3427.0
7,3427.6
55,3428.0
11,3430.0
31,3435.0
18,3437.0
55,3443.6
18,3448.7
18,3462.2
18,3485.1
48,3765.2
29,3765.5
26,3766.0
8,3766.1
50,3766.1
7,3766.4
52,3767.4
11,3767.5
4,3767.7
45,3767.9
56,3767.9
6,3767.9
9,3768.1
2,3768.2
53,3768.5
24,3768.8
33,3769.5
10,3769.6
21,3769.9
32,3770.2
42,3770.8
44,3771.1
23,3771.1
57,3771.2
28,3771.9
30,3772.4
41,3772.5
51,3772.6
47,3772.6
54,3772.7
25,3772.9
3,3773.5
48,3774.4
29,3774.7
55,3774.8
40,3775.4
26,3775.4
50,3775.4
8,3775.5
31,3775.7
7,3775.9
62,3776.5
52,3777.2
18,3777.2
11,3777.3
13,3777.3
38,3777.4
49,3777.5
56,3777.7
4,3777.7
6,3777.8
45,3778.1
35,3778.2
2,3778.3
14,3778.4
9,3778.5
61,3778.6
53,3778.7
36,3778.8
24,3779.2
15,3779.2
34,3779.2
22,3779.4
43,3779.7
10,3779.7
33,3779.9
19,3780.0
46,3780.1
21,3780.3
32,3780.8
42,3781.0
37,3781.1
57,3781.1
44,3781.1
16,3781.4
58,3781.4
0,3781.5
23,3781.6
28,3782.2
27,3782.4
12,3782.5
54,3782.5
47,3782.7
30,3782.7
17,3782.8
41,3782.8
1,3782.9
60,3783.0
5,3783.2
51,3783.2
39,3783.3
25,3783.4
20,3783.7
3,3783.9
48,3784.5
29,3784.7
59,3784.8
55,3785.0
26,3785.4
50,3785.4
31,3785.5
40,3785.5
8,3785.7
7,3786.4
18,3786.8
62,3786.8
13,3788.3
61,3788.4
52,3788.6
56,3788.6
38,3788.6
49,3788.8
14,3788.8
11,3789.0
36,3789.1
35,3789.2
4,3789.5
34,3789.6
15,3789.6
45,3789.6
6,3789.7
19,3789.7
22,3790.0
43,3790.2
9,3790.7
53,3790.8
2,3790.9
24,3791.1
37,3791.5
46,3791.7
16,3791.7
21,3791.8
44,3792.0
58,3792.0
10,3792.1
33,3792.3
57,3792.5
0,3792.9
42,3793.0
32,3793.0
12,3793.3
60,3793.4
17,3793.6
27,3793.8
23,3793.9
39,3794.1
5,3794.1
1,3794.2
54,3794.3
41,3794.3
20,3794.4
28,3794.4
3,3796.0
30,3796.1
59,3796.5
47,3796.6
55,3797.2
40,3797.2
25,3797.7
31,3797.7
51,3797.8
18,3798.1
29,3799.3
62,3799.4
61,3800.0
50,3800.3
19,3801.7
14,3801.8
13,3801.9
36,3802.2
26,3802.5
7,3802.5
34,3802.8
35,3802.8
43,3802.8
22,3802.9
48,3803.0
15,3803.0
49,3803.2
38,3803.7
16,3804.3
37,3804.3
58,3805.3
12,3806.0
60,3806.1
0,3806.3
46,3806.5
56,3806.5
5,3807.1
17,3807.2
20,3807.4
44,3807.5
39,3807.5
1,3807.6
27,3807.6
21,3809.1
45,3809.4
52,3810.2
59,3811.8
24,3812.4
6,3812.8
4,3813.6
42,3813.9
41,3814.1
8,3814.4
18,3815.1
57,3815.3
54,3816.1
40,3816.5
3,3817.3
32,3818.0
61,3818.0
23,3818.2
55,3820.7
28,3820.8
19,3822.8
10,3826.0
62,3826.9
31,3827.5
37,3831.7
20,3832.7
16,3834.3
12,3835.4
60,3836.6
43,3837.7
29,3852.2
50,3855.4
48,3861.7
29,3865.3
50,3868.5
48,3879.5
50,3893.0
29,3930.8
26,3933.6
48,3934.3
50,3934.3
6,3936.1
45,3938.5
7,3938.6
29,3942.5
8,3943.9
26,3945.2
31,3946.1
50,3947.0
6,3947.7
48,3947.7
45,3950.3
7,3950.5
8,3954.9
31,3957.1
25,3957.2
29,3958.7
26,3960.7
6,3964.7
45,3965.0
50,3965.6
7,3969.2
25,3971.0
31,3971.9
8,3977.7
29,4011.3
48,4013.2
50,4013.5
26,4016.5
6,4018.0
7,4021.8
31,4022.4
29,4023.6
11,4024.6
8,4025.5
50,4025.6
48,4025.6
26,4030.1
6,4031.0
25,4031.4
31,4032.4
7,4035.6
11,4035.9
8,4038.3
50,4039.9
29,4040.0
48,4044.4
25,4046.3
31,4046.6
11,4052.5
48,4390.3
26,4390.9
8,4390.9
50,4391.2
7,4391.2
29,4391.3
11,4392.6
4,4392.6
52,4392.7
56,4393.0
9,4393.3
53,4393.6
45,4394.5
6,4394.5
10,4394.6
57,4394.7
2,4394.8
41,4394.9
33,4395.0
23,4395.6
42,4395.6
24,4395.9
32,4395.9
40,4396.0
44,4396.3
25,4396.7
47,4397.0
55,4397.0
28,4397.0
51,4397.3
62,4397.4
35,4397.7
30,4397.8
54,4398.4
61,4399.1
14,4399.5
48,4399.5
21,4399.5
8,4400.3
31,4400.4
26,4400.4
50,4400.5
7,4400.7
29,4400.9
52,4402.3
11,4402.3
18,4402.3
4,4402.6
56,4402.9
13,4403.0
38,4403.2
3,4403.3
9,4403.6
53,4403.7
46,4403.8
36,4404.3
15,4404.3
34,4404.4
22,4404.5
57,4404.6
10,4404.6
20,4404.6
6,4404.7
41,4405.0
45,4405.0
2,4405.2
19,4405.2
33,4405.3
43,4405.5
42,4405.8
40,4405.9
49,4405.9
23,4406.0
58,4406.1
37,4406.1
32,4406.2
44,4406.3
16,4406.3
24,4406.4
25,4406.8
55,4406.9
47,4407.0
27,4407.1
28,4407.2
17,4407.4
60,4407.5
1,4407.7
51,4407.8
5,4407.8
12,4407.9
0,4408.0
30,4408.0
62,4408.0
54,4408.1
35,4408.1
39,4408.7
61,4409.2
14,4409.7
48,4409.8
21,4410.0
31,4410.2
59,4410.2
26,4410.4
8,4410.4
50,4410.6
7,4411.0
29,4411.3
18,4412.1
3,4413.6
52,4413.8
11,4414.0
56,4414.1
4,4414.2
13,4414.4
38,4414.7
20,4414.9
36,4414.9
15,4414.9
22,4415.0
46,4415.1
34,4415.1
19,4415.2
57,4415.5
53,4415.9
41,4415.9
9,4416.0
43,4416.1
40,4416.6
16,4416.7
37,4416.7
10,4416.8
58,4416.8
45,4417.1
6,4417.2
44,4417.2
42,4417.6
49,4417.7
60,4417.9
23,4418.1
33,4418.1
17,4418.4
2,4418.5
27,4418.5
32,4418.6
12,4418.6
5,4418.7
55,4418.8
1,4418.8
24,4418.9
0,4419.3
28,4419.4
39,4419.9
54,4420.1
25,4420.3
62,4420.3
61,4420.6
47,4420.8
35,4421.3
30,4421.3
51,4422.2
31,4422.3
59,4422.4
21,4422.6
14,4422.9
18,4423.5
50,4425.7
3,4426.2
19,4427.1
20,4427.2
29,4427.3
22,4427.5
7,4427.7
26,4427.8
36,4427.9
13,4428.2
34,4428.3
15,4428.4
43,4428.8
16,4429.3
46,4429.3
37,4429.5
48,4429.5
38,4430.0
58,4430.1
60,4430.3
12,4431.2
5,4431.7
1,4431.9
17,4431.9
27,4432.2
40,4432.3
56,4432.9
49,4432.9
44,4433.0
0,4433.0
41,4433.1
39,4433.4
57,4434.7
52,4436.0
42,4437.1
61,4437.6
59,4437.8
4,4437.9
45,4438.2
8,4438.3
55,4439.0
23,4439.9
18,4440.9
54,4443.2
62,4443.5
32,4444.3
21,4445.1
10,4445.4
24,4446.0
28,4446.1
31,4448.1
19,4448.3
20,4449.6
3,4451.5
6,4451.6
60,4454.5
37,4455.0
35,4455.1
16,4459.4
43,4461.3
12,4469.0
1,4469.0
50,4480.4
29,4481.2
48,4485.0
50,4493.4
29,4495.1
48,4503.5
50,4520.7
29,4559.1
50,4560.6
48,4561.1
26,4561.2
31,4569.8
29,4571.1
26,4573.3
50,4573.5
48,4574.4
8,4575.6
25,4579.0
31,4580.0
8,4588.3
29,4588.7
26,4590.5
31,4592.9
25,4593.1
50,4595.1
48,4611.0
50,4638.1
48,4638.4
29,4638.5
26,4639.6
7,4640.0
41,4644.0
8,4645.1
31,4646.8
11,4647.4
40,4647.6
6,4648.7
50,4650.3
29,4651.1
7,4651.5
26,4653.0
25,4654.3
48,4655.2
41,4655.4
8,4656.4
31,4656.6
11,4658.3
40,4659.1
6,4660.7
57,4663.1
50,4665.0
7,4666.6
41,4668.7
25,4668.9
31,4670.3
62,4671.1
29,4672.5
40,4672.6
57,4675.1
11,4675.5
6,4680.2
62,4682.7
8,4682.8
18,4684.2
26,4685.4
57,4691.4
18,4696.0
62,4697.4
41,4699.0
18,4710.8
50,5016.1
48,5016.3
26,5016.9
7,5017.2
8,5017.4
11,5017.5
29,5018.0
9,5018.2
52,5018.6
4,5018.9
10,5019.4
35,5019.7
45,5019.7
6,5019.8
57,5019.9
56,5020.0
41,5020.1
62,5020.2
33,5020.3
53,5020.3
42,5020.6
23,5020.6
40,5021.3
44,5021.5
25,5021.7
14,5024.0
54,5024.4
61,5024.5
50,5025.6
48,5025.9
36,5026.2
31,5026.5
28,5026.5
26,5026.6
2,5026.7
7,5026.9
8,5027.1
11,5027.5
24,5027.6
29,5028.0
32,5028.0
18,5028.4
46,5028.5
9,5028.6
52,5028.7
55,5028.7
30,5028.9
37,5028.9
13,5029.0
51,5029.1
4,5029.3
10,5029.7
3,5029.7
22,5029.9
39,5029.9
57,5030.0
35,5030.0
56,5030.2
45,5030.3
47,5030.3
6,5030.4
41,5030.4
53,5030.5
62,5030.6
38,5030.8
34,5030.8
15,5030.9
43,5030.9
33,5031.0
42,5031.0
23,5031.3
40,5031.4
20,5031.4
44,5031.7
25,5032.1
27,5032.3
19,5032.4
60,5033.3
5,5033.3
58,5033.5
1,5033.9
14,5034.2
54,5034.3
16,5034.4
0,5034.4
61,5034.8
49,5035.0
17,5035.1
50,5035.6
36,5036.5
21,5036.7
31,5036.7
48,5036.8
26,5036.8
28,5037.1
7,5037.3
2,5037.6
12,5037.7
18,5038.0
8,5038.1
24,5038.2
32,5038.8
37,5039.0
55,5039.1
29,5039.1
59,5039.5
11,5039.5
30,5039.8
46,5039.9
3,5039.9
13,5040.2
39,5040.2
22,5040.3
52,5040.4
51,5040.8
9,5040.9
57,5041.1
43,5041.2
4,5041.4
34,5041.5
41,5041.6
15,5041.7
47,5041.7
20,5042.0
56,5042.0
35,5042.1
40,5042.1
10,5042.1
62,5042.1
38,5042.3
45,5042.5
44,5042.6
19,5042.7
42,5042.7
6,5043.2
23,5043.3
53,5043.5
33,5043.6
60,5043.6
27,5043.6
5,5044.2
58,5044.6
1,5044.9
16,5045.3
0,5045.7
25,5045.8
54,5046.4
17,5046.5
61,5046.5
14,5046.9
49,5047.0
21,5047.8
12,5048.4
31,5048.9
36,5049.3
18,5049.3
28,5049.9
50,5050.8
24,5051.3
37,5051.3
55,5051.4
32,5051.6
59,5051.6
2,5051.9
3,5052.2
39,5053.0
22,5053.0
30,5053.4
43,5053.6
7,5053.6
13,5054.0
46,5054.1
20,5054.3
26,5054.5
34,5054.7
15,5054.9
19,5054.9
51,5055.8
29,5056.0
60,5056.1
47,5056.1
48,5056.8
5,5057.1
27,5057.2
40,5057.7
38,5057.7
1,5058.0
44,5058.1
58,5058.5
16,5058.8
41,5059.1
0,5059.4
57,5059.7
17,5060.6
21,5061.1
12,5061.7
62,5061.9
42,5062.6
49,5063.5
52,5063.8
45,5063.9
56,5063.9
61,5064.3
35,5064.4
23,5064.6
18,5066.3
4,5067.2
59,5067.6
54,5070.9
37,5074.2
3,5075.9
9,5076.0
6,5076.2
10,5076.3
20,5076.9
43,5077.4
19,5079.2
55,5079.6
31,5080.0
60,5081.9
39,5083.4
1,5086.9
14,5092.0
50,5105.4
50,5119.3
50,5182.8
29,5191.1
50,5194.9
29,5202.9
50,5211.8
29,5218.0
50,5263.4
48,5264.1
26,5264.4
35,5268.0
11,5268.6
45,5269.1
42,5269.2
62,5269.9
7,5270.8
41,5271.5
57,5273.1
40,5275.0
23,5275.3
48,5275.4
50,5275.4
26,5276.0
44,5276.3
6,5277.6
35,5279.4
31,5279.8
11,5279.9
45,5280.3
42,5280.4
62,5281.4
8,5281.6
9,5281.7
7,5282.2
41,5282.7
29,5284.0
57,5284.4
40,5286.1
23,5286.8
44,5287.5
48,5288.6
61,5289.3
26,5289.5
6,5289.6
31,5290.9
54,5291.1
50,5292.0
35,5292.5
11,5293.2
9,5293.3
8,5293.4
42,5293.5
45,5293.7
18,5293.7
62,5294.4
36,5295.4
41,5295.6
7,5295.8
29,5297.5
57,5297.5
40,5299.0
37,5300.1
44,5300.6
61,5300.9
23,5301.2
55,5302.7
54,5302.9
39,5303.5
18,5305.0
31,5305.9
36,5307.8
6,5308.1
9,5311.3
37,5312.2
55,5314.8
61,5315.3
39,5315.5
54,5318.7
18,5319.3
29,5324.3
36,5325.5
37,5327.5
44,5328.7
41,5328.8
42,5329.2
55,5331.1
39,5331.2
62,5335.0
42,5363.4
42,5392.2
50,5642.0
48,5642.0
7,5642.3
26,5642.4
11,5642.9
8,5643.2
9,5643.4
4,5643.9
10,5644.4
29,5644.4
57,5644.9
35,5645.0
62,5645.0
41,5645.3
53,5645.4
52,5645.8
23,5645.9
56,5646.0
33,5646.0
42,5646.2
40,5646.3
44,5646.4
25,5646.9
45,5647.8
24,5648.4
6,5648.4
14,5649.3
61,5649.7
54,5650.1
36,5651.6
50,5651.9
48,5651.9
7,5652.1
46,5652.1
28,5652.4
26,5652.6
31,5652.8
11,5653.0
8,5653.1
3,5653.6
9,5653.9
18,5653.9
4,5654.2
32,5654.3
55,5654.4
29,5654.5
10,5654.6
37,5654.6
1,5654.7
43,5654.7
5,5654.7
13,5654.8
57,5655.0
30,5655.0
51,5655.2
22,5655.4
62,5655.4
35,5655.4
39,5655.5
41,5655.5
0,5655.6
53,5655.7
47,5655.8
52,5656.0
56,5656.3
40,5656.4
23,5656.4
44,5656.5
33,5656.6
34,5656.7
42,5656.7
15,5656.9
38,5657.3
20,5657.3
25,5657.3
27,5657.5
19,5657.9
45,5658.7
58,5658.8
60,5658.8
24,5658.9
6,5659.1
14,5659.5
49,5659.6
54,5660.0
61,5660.1
2,5660.1
16,5660.1
17,5660.7
21,5660.9
36,5662.1
50,5662.5
7,5662.6
28,5662.9
26,5663.0
46,5663.1
48,5663.2
31,5663.2
12,5663.3
18,5663.6
3,5663.9
59,5663.9
8,5664.5
37,5664.7
43,5664.8
32,5665.0
55,5665.0
1,5665.0
5,5665.1
11,5665.1
39,5665.8
22,5665.8
30,5666.0
29,5666.0
57,5666.0
4,5666.1
9,5666.1
13,5666.1
0,5666.2
62,5666.6
41,5666.7
10,5666.8
51,5667.0
40,5667.1
47,5667.2
44,5667.3
35,5667.4
34,5667.6
15,5667.8
20,5667.9
23,5668.2
56,5668.2
19,5668.3
53,5668.4
52,5668.4
42,5668.5
27,5668.9
38,5669.1
60,5669.2
33,5669.2
58,5670.0
16,5670.9
25,5671.0
24,5671.5
45,5671.5
49,5671.7
21,5671.8
61,5671.9
54,5672.2
2,5672.2
17,5672.3
14,5672.4
6,5672.7
12,5674.2
36,5674.9
18,5675.1
28,5675.5
31,5675.6
59,5676.0
3,5676.1
46,5677.0
37,5677.1
43,5677.2
55,5677.4
5,5677.4
1,5677.5
32,5677.9
22,5678.6
39,5678.7
50,5678.8
0,5679.0
7,5679.3
30,5679.7
13,5680.0
20,5680.3
19,5680.5
34,5680.8
26,5681.5
15,5681.5
60,5681.8
47,5682.0
51,5682.3
44,5682.6
27,5682.6
40,5683.1
58,5684.1
16,5684.1
41,5684.2
57,5684.3
29,5684.5
21,5684.9
38,5684.9
48,5685.2
62,5685.8
17,5686.6
12,5687.5
49,5687.6
42,5687.9
2,5688.3
4,5688.9
23,5689.2
35,5689.3
61,5689.9
56,5691.1
59,5691.8
18,5692.2
45,5697.4
54,5697.8
10,5698.6
43,5699.2
3,5699.5
9,5699.6
1,5700.9
24,5701.1
5,5701.3
37,5701.3
20,5703.7
19,5705.4
55,5705.9
31,5708.3
0,5709.1
39,5710.1
60,5712.9
21,5718.5
50,5810.9
50,5822.5
50,5837.2
50,5889.6
26,5889.6
48,5890.7
42,5891.7
7,5892.8
62,5893.2
23,5894.1
44,5894.2
41,5894.6
35,5895.4
11,5895.9
29,5896.7
40,5897.0
57,5897.3
9,5897.3
26,5900.6
50,5901.8
48,5902.0
42,5902.9
7,5903.7
62,5904.3
44,5905.3
41,5905.5
23,5905.6
10,5906.5
35,5906.8
11,5907.4
61,5907.9
29,5908.0
40,5908.0
57,5908.3
9,5908.7
31,5911.6
26,5913.7
48,5915.6
18,5915.9
42,5916.0
54,5916.1
45,5916.1
7,5916.7
62,5917.3
44,5917.8
41,5918.3
10,5918.4
1,5919.1
23,5919.1
50,5919.1
37,5919.2
61,5919.4
35,5920.3
40,5920.7
4,5921.2
57,5921.4
36,5921.5
11,5921.7
29,5922.7
31,5923.5
9,5923.8
39,5924.2
18,5927.4
45,5928.2
54,5928.2
1,5930.7
37,5931.3
61,5933.7
36,5934.3
4,5934.4
39,5936.3
10,5936.7
31,5939.2
18,5941.4
44,5941.9
54,5943.6
45,5943.9
1,5945.0
37,5946.4
40,5947.3
42,5948.0
36,5951.7
39,5951.8
41,5952.4
4,5952.8
26,6267.4
11,6267.7
8,6267.9
48,6268.0
50,6268.4
62,6268.8
4,6268.9
35,6268.9
10,6269.2
41,6269.4
57,6270.1
7,6270.2
52,6270.5
33,6270.9
23,6270.9
42,6271.2
9,6271.8
44,6271.8
40,6271.8
25,6271.9
56,6272.6
61,6272.8
6,6273.0
24,6273.2
45,6273.5
14,6273.9
29,6274.0
54,6274.7
18,6275.0
46,6276.6
26,6277.5
28,6277.7
11,6277.8
8,6277.8
19,6277.9
48,6278.1
36,6278.1
50,6278.4
31,6278.9
62,6279.0
35,6279.1
3,6279.3
4,6279.4
10,6279.5
41,6279.6
32,6279.6
60,6279.8
1,6279.8
37,6279.8
7,6279.9
16,6280.1
55,6280.1
43,6280.2
5,6280.2
0,6280.3
57,6280.3
51,6280.4
22,6280.6
52,6280.8
47,6280.9
23,6281.3
33,6281.3
53,6281.5
42,6281.6
40,6281.9
44,6282.1
25,6282.1
39,6282.4
9,6282.7
59,6282.7
56,6282.7
15,6282.9
34,6283.0
61,6283.3
27,6283.4
6,6283.6
24,6283.7
13,6284.1
30,6284.1
14,6284.2
20,6284.2
29,6284.3
45,6284.3
58,6284.7
49,6284.8
54,6284.8
18,6285.0
38,6285.1
2,6286.0
21,6286.4
12,6287.5
19,6287.7
46,6287.7
26,6287.9
17,6287.9
28,6288.2
36,6288.5
8,6288.8
31,6289.4
50,6289.5
11,6289.6
3,6289.8
60,6289.8
48,6289.8
62,6290.0
37,6290.1
16,6290.2
32,6290.4
55,6290.4
1,6290.4
43,6290.4
5,6290.5
35,6290.6
7,6290.8
41,6290.8
0,6290.9
22,6291.0
4,6291.2
57,6291.3
10,6291.4
51,6292.1
47,6292.1
40,6292.7
53,6292.8
44,6292.9
52,6292.9
39,6293.1
23,6293.1
42,6293.2
33,6293.8
15,6293.9
34,6294.1
59,6294.3
61,6294.5
27,6294.7
20,6294.9
56,6295.0
25,6295.4
30,6295.5
13,6295.9
24,6296.1
9,6296.1
18,6296.2
58,6296.2
14,6296.5
29,6296.6
49,6296.7
45,6296.8
54,6296.9
6,6297.1
38,6297.3
21,6297.3
2,6298.3
12,6298.4
17,6299.4
19,6299.5
28,6300.7
36,6301.6
46,6301.9
60,6302.0
31,6302.0
37,6302.3
16,6302.3
3,6302.3
5,6302.6
55,6302.8
1,6303.0
43,6303.0
32,6303.5
22,6303.8
0,6303.8
26,6306.1
39,6306.2
47,6306.4
50,6306.7
53,6307.2
20,6307.4
34,6307.5
15,6307.5
51,6307.6
41,6307.8
62,6308.1
44,6308.2
27,6308.7
59,6308.7
40,6309.0
7,6309.3
57,6309.3
30,6309.7
13,6310.3
58,6310.4
21,6310.5
61,6310.8
35,6310.9
12,6311.5
42,6311.9
18,6312.5
49,6312.5
4,6313.3
38,6313.9
17,6314.1
23,6314.1
2,6314.9
10,6317.4
48,6318.0
19,6318.8
54,6320.8
29,6321.0
45,6322.6
52,6323.5
56,6323.8
5,6324.5
14,6325.7
43,6325.8
60,6326.1
37,6326.1
16,6326.2
1,6326.7
3,6328.7
55,6331.6
20,6332.8
0,6333.0
11,6335.3
24,6337.2
28,6339.7
21,6343.3
11,6356.9
50,6511.7
26,6512.4
62,6514.7
35,6515.8
41,6516.5
11,6516.7
42,6516.9
4,6517.6
48,6518.2
44,6520.0
8,6520.7
23,6521.1
7,6521.8
50,6522.5
26,6523.3
62,6525.8
10,6526.3
57,6526.5
35,6527.0
61,6527.4
41,6527.7
11,6528.0
42,6528.1
40,6528.3
6,6528.7
4,6529.0
48,6529.4
44,6530.9
8,6531.9
23,6532.6
7,6532.7
52,6532.9
29,6533.0
24,6534.7
50,6535.0
26,6535.7
57,6537.6
10,6538.0
62,6538.5
61,6538.7
40,6539.5
31,6539.8
45,6539.8
54,6540.1
18,6540.1
35,6540.1
6,6540.4
41,6540.7
42,6540.9
37,6541.2
47,6541.4
11,6541.7
28,6541.8
36,6542.0
1,6542.1
4,6542.7
48,6542.9
9,6543.3
44,6543.6
22,6543.6
16,6544.7
29,6545.0
52,6545.1
7,6545.3
23,6546.3
24,6546.9
25,6547.0
8,6547.7
60,6548.2
55,6548.5
19,6549.5
18,6551.3
57,6551.4
54,6551.8
61,6551.9
31,6552.1
56,6552.2
45,6552.2
39,6552.3
37,6552.7
40,6552.8
47,6553.5
1,6553.8
10,6553.8
28,6554.3
36,6554.3
22,6555.6
6,6555.7
9,6555.8
16,6556.8
5,6558.1
29,6559.7
60,6560.2
25,6560.4
55,6560.7
19,6561.2
52,6562.2
24,6562.2
44,6562.4
62,6562.9
39,6564.4
18,6564.7
56,6565.2
50,6565.8
54,6566.3
37,6566.9
41,6567.4
1,6567.8
45,6568.1
31,6568.3
5,6570.2
47,6570.6
36,6571.0
28,6571.0
16,6572.1
22,6572.1
35,6572.5
7,6573.6
9,6573.7
42,6574.5
60,6575.6
55,6575.7
19,6576.1
61,6577.1
39,6580.2
23,6580.7
40,6581.3
56,6584.5
5,6585.7
18,6593.3
48,6892.7
11,6892.9
62,6893.5
35,6893.9
41,6894.3
10,6894.6
26,6895.0
57,6895.1
44,6895.4
7,6895.5
24,6896.2
6,6896.5
50,6896.6
23,6896.7
52,6896.7
42,6896.8
40,6897.0
4,6897.0
61,6897.3
8,6897.8
14,6897.9
56,6898.0
18,6899.3
5,6899.4
29,6899.7
1,6900.1
45,6900.4
54,6900.8
19,6901.3
33,6901.7
22,6902.7
36,6903.0
48,6903.0
11,6903.3
62,6903.7
28,6904.1
35,6904.4
21,6904.6
41,6904.7
26,6904.9
10,6905.0
31,6905.0
60,6905.2
9,6905.3
7,6905.4
16,6905.4
46,6905.4
37,6905.4
57,6905.5
3,6905.6
44,6905.6
51,6905.7
55,6905.7
0,6906.5
24,6906.5
50,6906.6
6,6906.9
52,6906.9
59,6906.9
23,6907.0
42,6907.2
40,6907.2
43,6907.2
39,6907.4
4,6907.5
61,6907.7
8,6907.9
34,6908.1
47,6908.1
14,6908.3
53,6908.4
56,6908.4
20,6908.8
15,6908.8
18,6909.6
25,6909.7
5,6909.9
29,6910.1
58,6910.5
27,6910.5
1,6910.8
38,6910.9
54,6910.9
45,6911.1
30,6911.4
19,6911.6
13,6911.6
12,6911.7
33,6912.1
17,6912.5
49,6912.8
22,6912.9
36,6913.1
32,6913.2
2,6913.3
48,6914.3
28,6914.5
11,6914.9
62,6914.9
21,6915.0
60,6915.3
31,6915.5
16,6915.6
26,6915.8
41,6915.8
35,6916.0
55,6916.1
44,6916.1
37,6916.1
3,6916.1
7,6916.3
9,6916.5
10,6916.7
57,6916.8
46,6916.9
0,6917.2
51,6917.4
43,6917.7
24,6917.9
59,6918.0
40,6918.0
39,6918.0
50,6918.2
61,6918.7
42,6918.8
23,6919.0
52,6919.1
34,6919.1
47,6919.4
20,6919.5
53,6919.7
4,6919.9
6,6919.9
15,6920.0
14,6920.5
18,6920.8
56,6920.8
8,6921.1
58,6921.8
5,6921.8
27,6922.1
25,6922.1
29,6922.3
12,6922.6
1,6922.9
30,6923.0
38,6923.1
54,6923.2
13,6923.3
19,6923.4
45,6924.0
17,6924.1
32,6924.7
49,6924.8
2,6925.5
22,6925.5
36,6926.1
33,6926.7
28,6927.2
60,6927.4
21,6927.4
16,6927.8
55,6928.2
31,6928.3
3,6928.5
37,6928.6
43,6930.2
0,6930.3
44,6930.9
39,6931.1
9,6931.1
46,6931.4
20,6932.0
59,6932.2
34,6932.3
41,6932.6
62,6933.0
51,6933.1
47,6934.1
15,6934.1
40,6934.3
53,6934.4
61,6934.6
57,6934.6
12,6935.5
7,6935.6
58,6935.7
27,6936.3
35,6936.6
18,6937.1
13,6937.6
26,6937.6
30,6937.7
42,6937.9
17,6938.3
50,6938.9
38,6939.0
32,6939.4
24,6939.8
25,6940.6
49,6941.0
10,6941.7
5,6941.8
2,6942.0
23,6942.0
19,6942.6
48,6942.7
1,6943.9
14,6943.9
54,6945.3
29,6945.7
4,6947.3
56,6947.9
60,6950.9
21,6951.7
16,6952.0
55,6954.1
37,6954.2
3,6954.5
43,6955.2
45,6955.6
52,6956.6
20,6958.4
22,6959.8
11,6965.1
0,6969.1
11,6985.0
44,7139.1
62,7139.5
41,7141.2
48,7141.6
42,7142.2
35,7142.5
11,7143.3
26,7144.9
57,7145.2
6,7146.1
23,7146.3
50,7146.4
1,7149.3
44,7150.1
62,7150.7
41,7152.6
24,7152.7
48,7153.1
42,7153.5
35,7153.9
61,7154.6
7,7154.7
11,7154.9
10,7155.8
26,7156.2
57,7156.3
40,7156.9
6,7157.5
50,7157.6
23,7157.9
29,7159.4
1,7160.5
22,7160.6
5,7160.9
44,7162.9
45,7163.2
62,7163.6
24,7164.0
52,7165.2
41,7165.4
7,7165.7
61,7166.1
48,7166.5
18,7166.6
42,7166.7
10,7167.3
37,7167.4
35,7167.7
40,7167.9
28,7168.5
11,7168.6
26,7168.9
43,7169.0
57,7169.1
4,7169.6
54,7170.2
16,7170.4
50,7170.8
29,7171.0
6,7171.0
23,7171.4
31,7171.5
22,7172.0
5,7172.5
1,7173.9
45,7175.2
21,7175.3
19,7175.5
39,7177.7
18,7177.8
52,7178.0
36,7178.2
0,7178.7
24,7178.7
37,7179.3
61,7179.6
7,7180.3
43,7180.8
28,7180.8
60,7180.9
40,7181.4
4,7182.3
54,7182.4
16,7182.4
55,7182.7
44,7183.0
31,7183.9
10,7185.0
29,7186.5
5,7186.8
22,7187.0
21,7187.0
19,7187.2
62,7188.1
39,7189.6
45,7190.3
36,7190.6
41,7191.0
18,7191.1
0,7191.2
60,7192.8
37,7193.6
55,7194.4
52,7195.0
43,7195.4
28,7197.1
16,7197.6
54,7197.9
31,7199.8
4,7200.1
21,7201.7
19,7202.7
42,7204.0
61,7204.3
1,7205.0
39,7205.6
0,7207.4
36,7207.8
60,7208.4
55,7209.4
23,7211.0
18,7225.0
48,7516.6
11,7517.1
35,7518.8
10,7519.5
24,7519.6
62,7519.8
26,7520.3
44,7520.4
7,7521.0
6,7521.5
23,7521.8
52,7521.8
50,7522.0
56,7522.0
42,7522.1
4,7522.8
8,7523.0
41,7523.4
53,7524.3
29,7524.8
5,7525.0
61,7525.0
45,7525.4
54,7525.4
1,7525.5
19,7526.8
48,7527.0
11,7527.5
22,7527.6
36,7528.0
2,7528.6
40,7528.6
35,7529.2
21,7529.2
28,7529.8
24,7529.9
10,7529.9
9,7530.0
46,7530.1
62,7530.2
51,7530.3
26,7530.5
44,7530.6
60,7530.7
7,7530.8
59,7530.8
3,7530.9
55,7530.9
13,7531.0
31,7531.0
16,7531.4
18,7531.5
37,7531.7
52,7531.9
6,7532.0
50,7532.2
23,7532.4
43,7532.4
42,7532.6
56,7532.7
57,7532.7
0,7532.7
4,7533.1
39,7533.2
8,7533.2
20,7533.5
15,7533.7
41,7533.9
47,7534.2
14,7534.3
34,7534.4
53,7534.7
25,7535.0
29,7535.3
61,7535.4
5,7535.4
54,7535.5
38,7535.7
30,7536.0
45,7536.1
1,7536.2
32,7536.2
58,7536.5
27,7536.6
49,7536.9
19,7537.2
33,7537.3
22,7537.8
12,7537.8
48,7537.9
36,7538.1
11,7538.6
40,7538.7
2,7539.4
17,7539.4
21,7539.5
28,7540.4
60,7540.8
35,7540.8
9,7541.1
44,7541.3
18,7541.3
46,7541.3
55,7541.3
24,7541.3
62,7541.4
3,7541.5
16,7541.5
31,7541.5
51,7541.7
26,7541.7
59,7541.8
10,7541.9
7,7542.0
37,7542.0
13,7542.0
57,7542.9
43,7542.9
0,7543.5
39,7543.6
52,7544.0
50,7544.0
20,7544.0
56,7544.5
15,7544.5
42,7544.5
23,7544.6
14,7545.1
34,7545.2
41,7545.2
6,7545.3
4,7545.7
47,7545.7
8,7546.4
61,7546.7
54,7547.2
25,7547.3
5,7547.3
29,7547.6
58,7547.6
38,7547.6
32,7547.7
30,7547.8
53,7548.0
27,7548.1
1,7548.4
19,7548.7
12,7548.7
49,7548.9
45,7549.0
33,7549.3
40,7550.3
22,7550.5
36,7550.6
17,7550.8
21,7551.8
18,7552.7
60,7553.0
28,7553.0
55,7553.6
16,7553.8
2,7553.8
3,7554.0
31,7554.3
37,7554.6
9,7555.4
13,7555.4
43,7555.6
46,7555.8
57,7555.8
59,7556.1
44,7556.2
20,7556.6
0,7556.7
39,7556.7
51,7556.9
15,7558.1
14,7558.3
34,7558.5
62,7559.9
48,7560.2
47,7560.8
7,7561.5
24,7561.5
58,7561.5
35,7561.6
12,7561.8
32,7562.0
27,7562.3
30,7562.5
50,7563.4
38,7563.6
41,7563.9
11,7564.4
61,7564.5
26,7564.5
42,7564.6
49,7564.7
17,7565.0
33,7565.2
56,7565.9
25,7566.1
19,7567.1
5,7567.5
10,7567.6
54,7567.6
23,7568.6
1,7570.0
40,7570.1
18,7570.3
29,7571.2
21,7573.6
4,7574.0
60,7575.2
52,7577.0
55,7578.0
16,7578.5
45,7578.7
3,7579.4
37,7579.6
20,7582.7
43,7583.8
22,7585.3
36,7585.6
48,7762.7
44,7763.3
11,7765.1
42,7766.1
50,7766.9
24,7767.0
6,7767.6
26,7767.6
62,7768.4
35,7768.8
23,7769.3
1,7772.8
48,7774.0
44,7774.2
4,7774.5
29,7775.7
11,7776.4
42,7777.3
13,7777.3
50,7777.9
24,7778.1
26,7778.6
6,7779.0
10,7779.5
62,7779.6
22,7779.9
35,7780.3
23,7780.5
5,7780.5
7,7780.7
45,7782.1
1,7784.2
4,7785.7
34,7786.3
43,7786.3
29,7786.8
44,7786.8
52,7786.9
48,7787.3
13,7787.5
2,7788.6
61,7789.0
11,7789.7
40,7790.1
41,7790.3
50,7790.5
28,7790.7
42,7790.7
21,7790.8
10,7791.1
22,7791.1
24,7791.3
26,7791.5
7,7792.0
5,7792.0
62,7792.6
6,7792.8
45,7793.8
35,7794.1
23,7794.1
16,7796.2
34,7797.4
1,7797.6
36,7797.9
18,7798.0
43,7798.2
52,7799.3
61,7799.8
37,7800.1
19,7800.7
4,7800.8
13,7800.8
60,7801.0
40,7801.1
41,7801.3
29,7801.4
57,7801.6
2,7801.7
31,7801.8
55,7801.9
21,7802.6
28,7802.8
54,7803.0
22,7805.8
39,7805.8
5,7806.5
7,7807.1
16,7807.5
10,7808.5
44,7808.6
45,7808.6
18,7809.2
36,7809.6
34,7810.9
37,7811.6
19,7812.3
43,7812.4
60,7812.5
20,7812.6
61,7813.0
55,7813.6
62,7813.7
57,7813.9
31,7814.0
40,7814.9
54,7815.2
41,7815.4
52,7816.6
21,7816.9
39,7817.8
28,7818.3
16,7822.2
2,7822.5
18,7822.8
1,7823.1
20,7824.5
42,7824.5
36,7825.4
37,7825.8
19,7826.5
60,7826.9
55,7828.9
31,7830.7
57,7831.0
54,7831.7
39,7833.3
20,7839.4
61,7840.9
11,8142.5
48,8143.1
24,8144.1
35,8144.1
26,8144.5
62,8145.3
7,8145.9
6,8145.9
50,8146.0
23,8146.3
41,8146.4
42,8146.9
10,8147.1
8,8147.2
53,8148.5
29,8149.2
44,8149.8
45,8150.1
5,8150.3
1,8150.4
61,8151.2
22,8152.2
11,8152.9
19,8152.9
2,8153.1
48,8153.5
36,8153.7
46,8154.2
24,8154.4
28,8154.5
40,8154.7
35,8154.7
21,8154.7
52,8154.8
26,8154.9
30,8155.3
3,8155.3
13,8155.6
51,8155.6
31,8155.7
62,8155.8
32,8155.9
7,8156.0
16,8156.0
59,8156.0
50,8156.5
6,8156.6
33,8156.6
37,8156.8
55,8156.8
41,8156.9
60,8157.0
18,8157.0
43,8157.0
56,8157.0
23,8157.1
42,8157.5
0,8157.6
8,8157.7
10,8157.8
57,8158.0
15,8159.0
53,8159.1
39,8159.2
34,8159.4
20,8159.4
47,8159.4
29,8159.6
54,8160.1
14,8160.2
44,8160.2
25,8160.8
5,8160.8
45,8161.0
17,8161.0
9,8161.2
4,8161.2
1,8161.3
61,8161.6
49,8161.9
58,8162.3
22,8162.4
27,8162.7
19,8163.0
12,8163.2
2,8163.6
36,8163.8
11,8164.3
40,8164.7
28,8164.8
48,8164.8
38,8164.9
52,8164.9
46,8165.1
21,8165.1
24,8165.6
26,8165.7
30,8165.7
3,8165.8
35,8165.9
31,8165.9
16,8166.0
32,8166.4
13,8166.5
59,8166.5
18,8166.8
62,8166.8
51,8166.9
7,8167.0
60,8167.0
56,8167.1
55,8167.1
37,8167.1
43,8167.3
33,8167.3
50,8167.7
41,8167.8
57,8168.2
0,8168.2
23,8168.8
42,8169.2
15,8169.5
39,8169.7
6,8169.7
20,8169.8
34,8170.0
8,8170.1
10,8170.4
54,8170.7
47,8170.9
14,8171.0
44,8171.3
53,8171.7
17,8171.7
29,8171.9
4,8172.7
5,8172.8
61,8172.9
25,8173.1
58,8173.4
9,8173.4
1,8173.6
45,8173.9
49,8174.0
12,8174.1
27,8174.1
19,8174.4
22,8174.9
36,8176.1
40,8176.3
38,8177.0
28,8177.5
21,8177.6
16,8177.8
3,8178.0
2,8178.0
52,8178.1
18,8178.3
31,8178.5
60,8179.0
30,8179.3
32,8179.5
37,8179.5
46,8179.5
55,8179.6
43,8179.8
56,8179.9
13,8179.9
59,8180.6
57,8181.0
33,8181.2
0,8181.2
51,8182.2
20,8182.5
39,8182.7
15,8183.1
34,8183.2
54,8183.4
14,8184.5
41,8185.0
62,8185.1
17,8185.2
24,8185.3
47,8185.7
50,8185.9
35,8186.1
7,8186.4
4,8187.2
12,8187.3
58,8187.3
26,8187.4
44,8187.7
27,8188.3
42,8188.7
9,8189.8
48,8189.9
49,8190.0
61,8190.7
23,8190.9
25,8191.5
11,8191.9
19,8192.7
5,8193.2
38,8193.7
1,8194.9
40,8195.1
29,8195.6
18,8195.8
16,8198.9
45,8200.3
21,8200.5
60,8201.0
3,8201.0
37,8202.1
22,8202.8
43,8204.0
55,8204.6
6,8205.3
36,8207.8
20,8208.2
42,8394.2
11,8394.4
35,8395.3
50,8397.6
62,8397.8
42,8405.6
11,8406.3
35,8406.9
50,8408.9
62,8409.4
1,8414.1
42,8418.9
11,8420.5
35,8421.1
50,8422.5
62,8423.2
1,8425.8
1,8439.5
42,8443.8
62,8450.1
48,8767.0
11,8767.8
35,8768.7
53,8769.0
41,8769.1
62,8769.7
8,8770.3
7,8770.4
24,8770.6
10,8770.8
13,8771.2
6,8771.2
31,8772.5
45,8773.8
5,8774.1
30,8774.5
2,8775.2
39,8775.2
44,8775.3
61,8775.4
1,8775.6
32,8775.8
19,8776.3
48,8777.2
22,8777.5
36,8777.5
26,8777.6
33,8777.9
40,8778.1
59,8778.1
11,8778.2
51,8778.3
21,8778.3
34,8778.5
46,8778.7
52,8778.7
42,8779.2
35,8779.3
53,8779.4
41,8779.6
60,8779.9
50,8779.9
3,8780.0
16,8780.1
37,8780.4
62,8780.5
8,8780.5
7,8780.7
28,8780.8
24,8781.1
0,8781.3
56,8781.3
27,8781.4
23,8781.4
10,8781.4
29,8781.6
57,8781.6
13,8781.8
55,8781.9
6,8781.9
47,8782.4
31,8782.7
18,8783.0
4,8783.3
15,8783.5
20,8783.7
5,8784.3
45,8784.4
43,8784.4
54,8784.5
17,8784.6
58,8784.6
14,8784.8
30,8784.9
9,8785.0
44,8785.3
49,8785.4
61,8785.6
2,8785.6
39,8785.7
25,8785.7
12,8785.8
1,8786.1
32,8786.2
19,8786.4
38,8787.1
22,8787.3
26,8787.3
36,8787.5
40,8787.8
48,8787.9
33,8788.4
21,8788.6
52,8788.6
34,8788.7
59,8788.9
51,8789.4
42,8789.5
46,8789.6
60,8789.7
16,8790.1
41,8790.2
11,8790.2
50,8790.2
3,8790.3
37,8790.6
35,8790.7
53,8791.0
28,8791.1
62,8791.4
7,8791.6
57,8791.7
0,8791.7
23,8791.8
56,8791.9
8,8792.0
29,8792.1
27,8792.2
55,8792.4
24,8792.7
18,8792.9
47,8793.5
10,8793.7
13,8794.1
20,8794.1
15,8794.2
4,8794.4
31,8794.4
43,8794.8
6,8794.9
17,8795.0
54,8795.1
58,8795.4
14,8795.5
5,8796.0
44,8796.2
12,8796.6
45,8796.7
61,8796.8
9,8797.1
49,8797.2
39,8797.5
19,8797.6
25,8797.8
30,8798.0
1,8798.3
32,8799.1
40,8799.2
2,8799.2
38,8799.3
22,8799.5
36,8799.7
26,8799.8
21,8800.8
34,8801.2
52,8801.5
60,8801.7
16,8802.1
42,8802.1
33,8802.3
3,8802.5
50,8802.6
59,8802.6
37,8802.9
46,8803.8
28,8803.8
51,8804.3
0,8804.4
57,8804.5
18,8804.6
29,8804.7
23,8804.8
55,8804.9
56,8805.1
27,8805.4
41,8805.9
20,8806.6
43,8807.4
54,8807.8
47,8807.8
4,8807.9
15,8807.9
48,8808.4
17,8808.5
7,8808.9
14,8808.9
58,8809.3
12,8809.5
62,8809.5
35,8809.7
44,8812.1
9,8812.5
49,8812.8
24,8813.0
61,8813.9
5,8814.1
25,8814.4
31,8814.7
19,8815.3
53,8815.5
38,8815.7
13,8815.8
40,8817.1
1,8818.6
45,8818.8
39,8819.4
60,8821.5
21,8821.5
16,8822.3
18,8823.3
22,8824.1
3,8824.4
37,8824.7
11,8826.1
36,8826.3
42,8827.7
10,8828.2
6,8830.6
20,8831.0
55,8831.1
50,8832.2
0,8833.9
32,8834.6
34,8836.5
23,8836.9
57,8837.7
29,8841.1
43,8842.0
12,8843.3
48,9015.1
41,9016.5
35,9017.1
62,9020.2
48,9026.2
7,9028.0
41,9028.0
35,9028.6
6,9029.0
13,9029.7
62,9031.7
5,9036.7
7,9039.5
48,9039.6
50,9040.2
6,9040.9
41,9041.4
13,9041.4
35,9042.4
62,9045.2
5,9048.3
50,9051.9
31,9053.2
7,9053.9
13,9056.7
6,9056.9
5,9062.6
31,9065.9
50,9068.1
41,9069.9
31,9082.0
48,9393.2
53,9393.7
41,9393.9
35,9394.1
62,9394.6
11,9395.7
24,9396.0
13,9396.0
36,9396.7
31,9396.8
61,9397.0
39,9397.9
5,9398.3
45,9398.4
30,9398.7
57,9399.1
17,9399.7
14,9399.8
18,9400.2
32,9400.3
2,9400.4
1,9400.6
19,9400.8
33,9401.2
40,9402.4
59,9402.4
34,9402.9
22,9402.9
6,9403.0
21,9403.6
48,9403.8
53,9404.2
51,9404.3
16,9404.3
41,9404.5
7,9404.6
35,9404.6
46,9404.9
42,9405.2
37,9405.2
60,9405.2
50,9405.3
15,9405.5
3,9405.6
62,9405.6
27,9406.1
11,9406.1
44,9406.4
13,9406.5
24,9406.6
31,9406.8
29,9406.9
49,9406.9
28,9407.0
36,9407.0
23,9407.3
56,9407.4
61,9407.4
55,9407.5
10,9407.6
0,9407.7
8,9408.5
5,9408.7
39,9408.7
47,9409.1
45,9409.2
30,9409.2
43,9409.3
20,9409.4
54,9409.5
58,9409.6
57,9409.6
52,9409.7
26,9409.7
17,9410.1
14,9410.3
18,9410.3
4,9410.4
12,9410.6
32,9410.8
9,9410.8
19,9410.9
2,9411.1
1,9411.4
33,9411.9
40,9412.5
25,9412.7
59,9412.8
22,9412.8
34,9413.1
6,9413.7
21,9413.8
7,9414.0
16,9414.3
48,9414.6
38,9414.6
53,9415.0
41,9415.0
51,9415.1
50,9415.1
60,9415.1
37,9415.4
42,9415.4
15,9415.5
3,9415.6
46,9415.6
35,9415.9
44,9416.0
27,9416.4
62,9416.6
29,9416.7
28,9416.7
49,9417.3
24,9417.4
23,9417.6
56,9417.7
55,9417.8
61,9417.9
0,9418.0
31,9418.0
11,9418.1
36,9418.2
10,9418.2
13,9418.4
8,9418.8
43,9419.5
47,9419.8
5,9419.8
26,9419.8
20,9420.0
54,9420.0
39,9420.5
52,9420.6
58,9420.7
45,9421.0
4,9421.1
18,9421.1
57,9421.3
12,9421.5
30,9421.6
19,9422.3
17,9422.4
9,9422.5
14,9422.5
1,9423.3
32,9423.6
2,9423.8
40,9424.1
25,9424.4
22,9424.5
34,9425.7
33,9425.7
21,9425.9
7,9426.1
16,9426.2
59,9426.6
38,9427.2
44,9427.2
6,9427.3
60,9427.3
50,9427.4
37,9427.7
3,9427.7
42,9428.0
15,9428.6
29,9429.2
28,9429.3
27,9429.5
46,9429.8
51,9429.8
55,9430.2
56,9430.6
0,9430.7
23,9430.8
41,9431.2
49,9431.3
10,9432.0
43,9432.2
54,9432.4
20,9432.7
61,9432.9
26,9433.5
47,9434.1
52,9434.3
62,9434.4
58,9434.4
12,9434.5
8,9434.7
35,9435.2
4,9435.2
18,9436.6
24,9436.8
5,9437.7
31,9437.7
9,9438.0
48,9438.3
36,9438.4
53,9439.4
13,9439.9
19,9440.0
25,9440.8
39,9441.5
57,9441.9
45,9442.5
40,9442.7
1,9442.7
44,9444.0
38,9444.1
22,9445.3
16,9446.1
14,9446.5
21,9447.1
17,9447.8
60,9448.8
37,9449.7
7,9449.9
3,9450.1
42,9451.1
30,9453.4
50,9454.5
0,9455.3
55,9456.8
34,9458.2
20,9459.5
43,9460.0
32,9460.1
29,9460.7
54,9464.9
28,9471.1
35,9642.1
41,9643.2
61,9645.1
48,9645.7
13,9647.6
62,9648.3
36,9648.7
16,9649.3
37,9650.5
35,9653.6
50,9653.6
41,9654.5
61,9656.1
48,9657.2
13,9657.9
36,9658.7
62,9659.8
16,9660.2
37,9660.4
5,9661.0
54,9664.3
18,9664.7
50,9664.8
24,9666.8
2,9667.0
35,9667.4
61,9667.9
41,9668.0
31,9669.4
29,9670.1
13,9670.1
48,9670.7
36,9670.8
37,9672.3
7,9672.4
16,9672.4
5,9672.5
1,9672.9
62,9673.6
54,9675.7
18,9676.3
53,9677.1
50,9677.9
24,9678.3
2,9678.4
31,9681.1
29,9681.6
21,9682.9
22,9684.1
1,9684.2
7,9685.0
5,9685.9
53,9690.4
18,9690.7
61,9691.1
54,9691.1
24,9693.1
2,9693.4
44,9693.9
21,9694.3
31,9695.7
22,9696.0
43,9697.0
29,9697.0
41,9697.4
37,9697.5
1,9697.8
7,9702.8
44,9705.5
21,9708.7
43,9709.3
22,9712.4
44,9720.1
5,9721.7
43,9724.9
