20,97.7
14,98.8
10,100.2
28,101.8
36,102.0
17,102.0
39,102.4
6,102.8
58,102.9
22,103.0
38,103.0
18,104.0
20,104.3
61,107.9
14,108.2
21,109.6
33,110.4
42,110.9
60,111.7
10,115.6
17,123.5
20,179.2
28,183.6
14,183.6
10,185.4
39,186.6
38,186.8
6,187.2
22,187.3
36,188.1
17,190.1
20,190.7
58,193.5
18,200.6
20,258.8
14,263.3
10,264.4
28,265.9
17,266.1
38,266.5
39,268.2
61,268.6
20,269.0
36,271.7
21,274.0
55,274.0
5,275.7
6,278.8
52,283.6
20,640.9
14,643.0
10,644.2
17,644.9
36,645.2
6,645.3
28,645.3
39,645.5
20,645.8
38,646.2
58,646.7
22,647.1
18,647.4
61,649.7
14,650.3
21,650.7
17,652.4
10,652.7
33,653.0
60,653.3
20,653.4
42,654.1
55,656.8
38,657.2
5,657.8
39,659.0
36,659.2
28,671.2
20,722.8
14,727.2
6,727.7
10,727.8
17,730.4
20,730.4
28,731.7
38,733.1
22,733.7
61,737.6
33,738.2
39,740.2
52,751.2
20,801.9
14,806.6
10,807.1
20,807.8
17,808.1
6,808.7
36,808.8
28,809.0
39,809.4
38,810.1
58,810.5
18,812.5
61,814.3
21,815.3
55,818.1
60,819.1
22,820.3
17,821.0
5,822.4
20,881.2
14,885.0
10,885.4
28,885.8
20,886.4
39,886.5
6,887.3
17,887.3
36,887.7
38,888.2
22,889.0
58,889.4
61,890.5
18,890.9
21,893.7
17,895.2
60,895.4
33,895.5
10,895.7
55,896.1
5,896.9
38,897.6
34,899.0
42,900.6
54,901.2
52,901.8
46,902.1
41,902.1
20,908.7
20,1264.7
14,1266.9
10,1267.1
28,1267.6
17,1267.7
39,1268.1
36,1268.4
38,1268.6
20,1268.8
6,1268.9
22,1269.0
58,1269.4
18,1269.6
61,1271.9
14,1272.5
21,1272.7
10,1272.9
17,1273.5
20,1273.7
60,1273.9
33,1275.1
38,1275.2
39,1275.4
28,1275.5
42,1275.6
5,1276.5
36,1276.5
55,1276.7
6,1278.9
22,1279.6
58,1282.3
52,1288.0
20,1345.8
10,1349.0
28,1349.5
14,1349.8
17,1350.4
20,1350.6
39,1351.7
6,1352.1
22,1352.2
38,1352.9
36,1354.1
18,1354.2
61,1355.8
21,1356.7
10,1357.7
58,1359.2
17,1359.7
33,1359.8
20,1360.1
60,1360.6
55,1363.3
28,1363.7
54,1365.4
5,1365.5
20,1426.3
10,1429.5
28,1430.0
14,1430.3
6,1431.5
22,1431.8
20,1432.0
17,1432.1
39,1432.7
38,1433.3
36,1436.1
21,1438.2
10,1438.5
61,1438.6
17,1441.6
52,1442.9
55,1443.3
5,1445.4
33,1454.0
20,1505.5
14,1508.6
28,1508.8
10,1508.9
39,1509.6
17,1510.0
20,1510.1
6,1510.5
38,1510.5
58,1510.8
22,1510.9
36,1511.0
18,1511.3
61,1513.7
60,1514.8
10,1516.4
21,1516.7
38,1517.2
42,1517.2
17,1517.5
20,1517.6
28,1519.8
5,1520.2
33,1520.6
14,1521.2
34,1521.4
55,1521.6
54,1524.1
52,1528.7
46,1529.3
20,1889.5
14,1891.0
10,1891.2
28,1891.8
17,1892.0
39,1892.5
36,1892.6
38,1892.7
6,1893.1
22,1893.1
58,1893.5
20,1893.5
18,1893.9
61,1895.8
21,1895.9
10,1896.3
14,1896.3
60,1897.5
17,1897.5
42,1897.7
33,1897.8
20,1898.3
28,1898.3
5,1898.8
38,1898.9
39,1899.3
55,1899.8
36,1899.9
6,1900.9
22,1900.9
58,1902.9
10,1906.0
17,1908.5
18,1909.3
21,1910.2
20,1970.6
28,1973.1
10,1973.8
14,1974.2
20,1975.3
22,1975.4
39,1975.7
17,1975.7
6,1975.9
38,1977.1
36,1977.8
61,1979.8
58,1981.4
10,1982.3
28,1982.4
60,1983.0
33,1983.0
18,1983.0
21,1983.3
20,1983.9
42,1984.2
5,1984.7
17,1985.7
55,1991.4
52,1992.8
20,2051.1
14,2053.2
10,2053.7
28,2053.9
6,2055.2
22,2055.5
39,2055.9
17,2056.1
20,2056.2
38,2056.6
36,2057.9
61,2060.4
58,2061.1
10,2061.2
21,2061.6
14,2063.4
18,2063.5
17,2064.4
33,2064.6
5,2064.7
38,2065.1
55,2065.6
60,2065.8
28,2066.4
54,2069.5
52,2069.6
20,2071.2
20,2131.6
14,2133.1
10,2133.5
28,2134.3
6,2134.5
22,2135.0
39,2136.0
17,2136.4
20,2137.3
38,2137.5
36,2138.0
61,2139.9
21,2140.2
10,2140.6
42,2140.6
58,2141.3
33,2142.2
14,2142.5
18,2143.7
5,2143.8
17,2144.4
55,2144.5
38,2146.2
34,2147.2
54,2150.2
52,2155.3
46,2155.8
20,2514.5
14,2515.5
10,2516.3
28,2516.6
17,2517.1
39,2517.4
6,2517.6
22,2517.6
36,2517.8
38,2517.9
18,2518.4
58,2518.5
20,2518.8
21,2519.8
14,2520.9
61,2521.2
42,2521.3
60,2521.7
10,2521.7
17,2522.5
5,2523.0
33,2523.1
28,2523.2
20,2523.6
55,2523.7
38,2523.8
39,2524.0
36,2524.6
6,2524.9
22,2525.0
58,2526.2
18,2527.5
14,2528.2
21,2529.4
10,2530.9
17,2532.4
54,2534.0
61,2534.1
20,2596.3
28,2598.1
10,2598.7
22,2599.6
14,2599.8
6,2600.4
20,2601.6
17,2602.2
39,2603.0
38,2603.5
21,2604.7
42,2604.7
36,2606.0
33,2606.6
10,2606.9
28,2608.4
5,2608.9
55,2610.3
52,2619.5
20,2675.6
14,2677.4
10,2678.6
28,2678.7
6,2679.4
22,2679.5
17,2679.5
39,2680.0
20,2680.5
38,2680.9
18,2681.2
58,2681.4
36,2681.6
61,2683.4
21,2684.7
60,2684.8
14,2684.9
10,2686.2
17,2687.1
33,2687.6
42,2688.1
5,2688.5
38,2688.5
55,2689.0
20,2689.7
28,2690.0
52,2694.3
54,2694.4
34,2702.7
20,2756.2
14,2757.5
10,2758.6
6,2759.0
28,2759.3
22,2759.4
39,2760.1
17,2760.5
36,2761.6
20,2761.7
38,2761.9
58,2762.6
18,2763.0
61,2763.7
21,2764.8
14,2765.2
10,2766.0
33,2766.1
42,2766.8
60,2767.3
5,2768.1
17,2768.2
55,2768.5
38,2770.2
54,2774.3
46,2776.0
34,2778.2
28,2778.4
52,2778.8
20,3138.0
14,3138.8
10,3139.5
28,3139.7
39,3139.8
17,3139.8
36,3140.1
22,3140.1
6,3140.2
38,3140.2
58,3140.4
18,3140.6
20,3140.9
21,3141.4
42,3141.7
14,3142.1
61,3142.4
60,3142.8
33,3142.9
55,3143.0
10,3143.1
5,3143.1
17,3143.5
28,3143.7
20,3143.8
39,3144.0
36,3144.2
22,3144.2
38,3144.2
6,3144.3
58,3144.9
18,3145.2
14,3145.5
20,3147.0
21,3147.2
10,3147.2
17,3147.4
42,3147.7
61,3148.1
60,3148.1
28,3148.5
33,3148.5
38,3149.0
39,3149.0
54,3149.1
36,3149.5
55,3149.7
6,3149.8
5,3149.9
14,3149.9
22,3149.9
58,3151.7
20,3152.2
10,3155.2
17,3156.4
20,3219.4
10,3220.6
14,3220.7
28,3220.7
22,3221.4
6,3222.0
21,3222.9
17,3223.0
39,3223.1
42,3223.3
20,3223.4
38,3224.6
10,3224.9
14,3225.7
28,3225.9
18,3225.9
36,3226.1
5,3226.5
33,3226.7
22,3227.3
55,3229.4
20,3229.6
6,3230.6
61,3231.6
10,3232.3
17,3232.7
21,3233.8
28,3243.8
20,3299.0
14,3300.0
10,3300.9
28,3301.3
39,3301.4
22,3301.5
6,3301.6
17,3301.7
38,3302.5
36,3302.6
20,3302.6
18,3302.7
58,3302.8
42,3303.3
21,3303.8
14,3304.2
10,3305.5
61,3305.6
60,3305.7
5,3305.7
33,3306.2
20,3306.7
17,3306.9
28,3307.5
22,3307.6
39,3307.8
55,3308.0
6,3308.6
38,3308.9
14,3311.0
36,3312.3
10,3313.9
54,3319.4
20,3378.8
14,3380.2
10,3381.1
17,3381.2
39,3381.2
28,3381.4
22,3381.8
6,3381.9
18,3382.0
58,3382.1
20,3382.2
36,3382.2
38,3382.3
21,3383.2
42,3383.4
14,3384.3
61,3384.5
60,3385.2
17,3385.9
10,3385.9
33,3385.9
20,3386.0
5,3386.4
39,3387.0
55,3387.7
28,3388.0
38,3388.3
22,3388.6
6,3389.3
58,3389.6
36,3390.1
18,3391.9
14,3392.0
21,3392.8
20,3395.2
10,3395.7
17,3398.9
20,3763.6
36,3764.2
10,3764.5
28,3764.7
14,3764.9
38,3765.0
22,3765.2
6,3765.2
18,3765.5
17,3765.6
39,3765.9
33,3766.1
60,3766.2
21,3766.5
58,3766.6
42,3766.7
20,3766.8
61,3767.0
36,3767.8
55,3768.0
5,3768.1
10,3768.1
14,3768.6
28,3768.7
38,3768.9
6,3769.3
22,3769.4
17,3769.7
18,3770.0
20,3770.1
33,3770.7
60,3770.7
39,3771.0
36,3771.7
10,3772.1
58,3772.3
61,3772.3
21,3772.5
59,3772.8
42,3772.8
28,3773.3
14,3773.3
38,3773.5
55,3774.3
5,3774.5
20,3774.6
22,3774.9
6,3774.9
17,3775.1
62,3776.1
33,3777.5
10,3779.7
60,3780.4
20,3845.0
10,3845.9
28,3846.2
22,3847.4
36,3847.4
21,3848.0
42,3848.3
6,3848.8
14,3849.2
18,3849.4
17,3849.5
20,3850.0
33,3850.0
10,3850.6
38,3850.7
60,3851.5
39,3851.6
28,3852.7
61,3853.0
5,3854.1
22,3856.4
21,3859.4
10,3860.4
20,3924.4
36,3925.1
28,3925.8
10,3926.0
6,3926.2
14,3926.3
22,3926.5
38,3926.9
18,3926.9
17,3927.3
33,3927.8
39,3927.9
42,3927.9
20,3928.2
60,3928.3
21,3928.6
58,3928.8
61,3929.4
36,3929.9
5,3930.6
10,3930.8
55,3931.1
28,3931.1
6,3932.0
14,3932.3
38,3932.5
22,3932.6
17,3932.8
20,3933.0
33,3934.0
18,3934.8
60,3935.9
36,3937.1
42,3939.2
28,3940.6
21,3941.6
10,3941.6
20,4004.5
36,4005.5
10,4006.0
28,4006.6
14,4006.6
22,4006.7
6,4006.7
38,4006.9
18,4007.2
17,4007.5
39,4007.6
33,4008.0
20,4008.4
60,4008.5
58,4008.9
21,4009.1
42,4009.1
61,4009.1
36,4010.7
10,4011.0
55,4011.5
5,4011.6
38,4012.6
28,4013.1
17,4013.2
14,4013.3
6,4013.5
20,4013.7
22,4013.7
33,4013.9
60,4017.3
18,4019.2
10,4021.6
20,4388.6
36,4389.2
6,4389.7
28,4389.8
38,4390.2
22,4390.2
58,4390.4
18,4390.7
10,4390.8
33,4391.0
17,4391.0
39,4391.1
14,4391.1
60,4391.2
21,4391.5
42,4391.7
20,4391.8
61,4392.5
36,4392.9
55,4393.0
6,4393.4
28,4393.9
38,4394.2
22,4394.3
58,4394.8
50,4395.0
17,4395.2
20,4395.2
18,4395.3
10,4395.3
33,4395.5
14,4395.8
60,4395.8
39,4396.3
36,4396.9
21,4397.4
6,4397.6
42,4397.8
61,4398.0
51,4398.1
28,4398.6
38,4398.8
59,4399.1
55,4399.2
5,4399.3
11,4399.5
29,4399.7
20,4399.9
22,4400.0
17,4400.8
62,4401.1
33,4401.3
10,4401.7
58,4402.5
52,4402.9
50,4404.0
60,4405.1
20,4470.5
28,4471.2
10,4472.0
6,4472.1
22,4472.2
21,4472.9
42,4473.3
36,4474.0
33,4474.2
20,4476.5
38,4477.1
28,4477.5
17,4477.7
10,4478.1
18,4478.3
14,4478.5
6,4480.5
22,4481.0
60,4481.8
21,4483.6
33,4483.9
55,4486.0
20,4549.5
36,4550.2
6,4550.7
28,4550.7
22,4551.4
58,4551.8
38,4551.8
10,4552.1
18,4552.2
39,4552.4
14,4552.7
17,4552.7
42,4552.9
33,4553.1
60,4553.2
20,4553.4
21,4553.5
61,4553.9
36,4555.1
6,4555.5
28,4555.9
55,4556.2
50,4556.9
38,4557.2
22,4557.2
10,4558.3
20,4558.5
33,4558.6
17,4558.8
58,4559.0
60,4560.9
18,4561.8
14,4562.5
61,4563.5
42,4564.1
36,4566.5
39,4567.2
21,4567.4
28,4569.0
5,4575.9
20,4629.6
36,4630.7
6,4630.9
28,4631.7
22,4631.8
38,4632.0
58,4632.2
10,4632.3
18,4632.5
17,4632.9
33,4633.2
39,4633.4
60,4633.5
20,4633.5
14,4633.7
42,4634.2
21,4634.2
61,4635.2
36,4635.9
6,4636.3
55,4636.6
38,4637.7
22,4638.7
28,4638.8
10,4638.9
33,4638.9
20,4639.1
17,4639.5
50,4639.6
60,4642.4
58,4643.6
20,5013.6
36,5014.2
28,5014.3
6,5014.7
38,5015.2
58,5015.4
18,5015.7
10,5015.8
17,5016.0
33,5016.0
14,5016.1
39,5016.1
60,5016.2
21,5016.5
42,5016.7
20,5016.8
22,5017.0
61,5017.4
28,5017.9
36,5017.9
55,5018.1
6,5018.4
38,5019.3
58,5019.9
50,5020.0
20,5020.2
17,5020.2
10,5020.3
18,5020.4
33,5020.5
14,5020.8
2,5020.8
60,5020.8
3,5021.3
39,5021.3
28,5022.0
36,5022.0
21,5022.8
61,5022.8
6,5022.9
42,5023.0
51,5023.2
22,5023.4
38,5023.8
59,5024.1
11,5024.6
5,5024.7
55,5024.9
20,5024.9
29,5024.9
17,5025.6
33,5026.0
62,5026.2
10,5026.8
58,5027.2
52,5028.0
1,5028.8
28,5029.2
60,5029.5
2,5033.7
50,5033.9
28,5095.4
20,5095.8
6,5096.5
10,5097.0
21,5097.7
42,5098.1
22,5098.9
33,5099.2
36,5099.5
28,5100.1
20,5101.5
38,5102.2
17,5103.0
10,5103.1
6,5103.2
14,5103.3
18,5103.7
3,5104.3
50,5106.3
60,5107.3
2,5107.6
33,5108.0
28,5108.8
20,5174.5
36,5175.2
6,5175.9
28,5175.9
38,5176.8
58,5176.8
18,5177.1
10,5177.1
39,5177.4
17,5177.7
21,5177.8
14,5178.0
33,5178.1
60,5178.2
42,5178.3
20,5178.4
61,5178.9
22,5179.6
55,5179.7
36,5179.9
6,5181.3
28,5181.3
38,5182.2
10,5183.4
20,5183.5
33,5183.7
17,5183.9
58,5184.1
60,5185.5
18,5185.9
3,5187.2
2,5187.2
61,5188.5
36,5189.1
50,5190.1
39,5192.7
42,5198.2
20,5254.6
28,5255.2
36,5255.6
6,5255.7
38,5257.0
58,5257.2
10,5257.3
18,5257.4
21,5257.6
14,5257.7
17,5257.9
33,5258.2
22,5258.3
39,5258.4
60,5258.5
20,5258.5
42,5258.9
28,5259.6
61,5260.1
6,5260.5
36,5260.9
55,5261.0
38,5262.7
33,5263.7
50,5264.0
10,5264.1
20,5264.1
3,5264.6
17,5264.7
2,5264.7
28,5265.9
58,5266.2
60,5267.0
5,5270.7
22,5271.2
21,5272.1
36,5639.2
28,5639.3
6,5639.7
20,5639.7
58,5639.9
38,5640.7
10,5640.8
33,5641.0
17,5641.0
39,5641.1
21,5641.5
42,5641.7
22,5642.0
36,5642.9
28,5642.9
18,5643.1
55,5643.1
6,5643.4
20,5643.7
58,5644.0
14,5644.0
38,5644.9
50,5645.0
10,5645.3
17,5645.3
33,5645.5
11,5645.6
60,5645.8
2,5645.8
39,5646.4
3,5646.4
56,5647.0
36,5647.0
28,5647.1
21,5647.8
6,5647.9
42,5648.0
51,5648.3
20,5648.3
22,5648.6
58,5648.9
59,5649.0
35,5649.4
38,5649.6
55,5649.7
29,5650.0
5,5650.4
53,5650.5
17,5650.7
18,5651.0
33,5651.3
14,5651.4
15,5651.5
10,5651.7
52,5652.5
11,5652.7
37,5652.9
28,5653.6
1,5654.0
30,5654.5
2,5656.6
60,5659.2
28,5720.4
6,5721.4
10,5722.7
21,5722.7
20,5722.9
42,5723.1
36,5723.4
22,5724.0
33,5724.7
28,5725.1
58,5725.8
17,5726.3
50,5727.5
6,5727.9
38,5728.6
3,5729.3
10,5730.6
2,5731.9
39,5732.5
28,5734.3
36,5800.1
20,5800.6
28,5800.9
6,5800.9
58,5801.1
10,5802.2
17,5802.4
38,5802.5
33,5802.5
21,5802.8
39,5802.9
42,5803.2
22,5804.6
36,5804.7
55,5805.0
20,5805.5
18,5805.6
6,5806.0
28,5806.2
58,5806.7
38,5808.0
14,5808.6
33,5808.6
17,5808.7
10,5808.7
11,5809.1
60,5809.4
50,5811.1
36,5811.3
2,5811.5
3,5812.6
56,5813.9
42,5817.6
28,5880.3
36,5880.6
20,5880.8
6,5880.8
58,5881.3
10,5882.4
21,5882.5
39,5882.8
17,5882.8
38,5883.0
33,5883.0
42,5883.8
22,5884.0
28,5884.8
36,5885.6
6,5885.7
20,5885.9
55,5886.3
18,5886.6
58,5887.6
38,5888.5
10,5888.8
33,5889.4
14,5889.4
17,5889.6
50,5889.9
2,5890.5
3,5890.6
60,5890.6
11,5890.6
28,5891.9
21,5894.3
36,5895.0
52,5897.5
31,5901.5
36,6264.2
20,6264.7
58,6264.9
28,6265.5
38,6265.7
6,6265.8
33,6266.0
17,6266.0
39,6266.1
55,6266.2
50,6267.5
36,6267.9
18,6268.1
10,6268.5
3,6268.5
56,6268.5
20,6268.7
14,6269.0
58,6269.0
53,6269.5
38,6269.9
28,6269.9
6,6270.0
17,6270.3
33,6270.5
11,6270.6
52,6270.8
60,6270.8
39,6271.4
55,6271.5
8,6272.0
36,6272.0
51,6273.3
20,6273.4
58,6273.9
50,6273.9
2,6274.1
35,6274.4
56,6274.5
38,6274.5
59,6274.5
3,6274.6
10,6274.7
5,6275.2
28,6275.3
21,6275.6
15,6275.8
17,6275.9
33,6276.1
6,6276.2
14,6276.4
18,6276.4
53,6276.6
37,6276.9
11,6277.4
42,6277.6
22,6278.1
52,6278.4
1,6278.9
29,6280.3
30,6280.5
13,6282.1
46,6287.2
28,6347.0
20,6347.5
36,6347.7
6,6348.8
55,6349.0
33,6349.0
50,6349.2
58,6350.0
10,6350.7
17,6350.9
3,6351.2
38,6352.4
28,6353.5
39,6355.0
33,6357.2
56,6357.7
8,6358.1
2,6365.6
36,6425.1
20,6425.6
58,6426.1
28,6426.7
6,6426.8
55,6427.3
38,6427.5
17,6427.5
39,6427.9
33,6428.0
50,6428.6
36,6429.7
3,6430.3
10,6430.4
20,6430.5
18,6430.8
56,6431.5
58,6431.7
53,6431.7
14,6431.8
28,6432.5
6,6432.5
38,6432.9
52,6433.4
60,6433.7
17,6433.9
11,6433.9
33,6434.3
55,6435.4
36,6436.1
8,6436.9
31,6439.4
51,6439.5
50,6442.1
3,6442.5
5,6450.0
36,6505.6
20,6505.8
58,6506.3
28,6506.7
6,6507.1
38,6507.8
39,6507.8
17,6507.8
55,6507.9
33,6508.0
50,6509.5
10,6510.2
36,6510.6
20,6511.2
56,6511.2
3,6511.7
18,6511.7
53,6512.4
14,6512.5
28,6512.5
58,6512.6
38,6513.2
6,6513.2
52,6514.0
33,6514.3
11,6514.8
17,6514.8
60,6515.6
2,6517.3
8,6517.6
36,6518.8
55,6519.7
31,6521.1
24,6525.5
28,6890.5
33,6890.7
36,6890.7
50,6890.8
6,6890.8
58,6891.0
55,6891.2
53,6891.5
8,6892.1
20,6892.3
56,6893.1
10,6893.2
14,6893.4
3,6893.4
38,6894.2
5,6894.4
12,6894.7
28,6894.9
36,6895.1
6,6895.1
11,6895.2
33,6895.3
46,6895.5
50,6895.6
52,6895.8
58,6895.8
60,6895.9
17,6896.4
53,6896.5
23,6896.5
55,6896.6
39,6897.1
26,6897.1
20,6897.9
8,6898.1
4,6898.6
47,6898.6
56,6899.4
2,6899.4
38,6899.5
3,6899.5
10,6899.6
21,6899.8
14,6900.2
15,6900.4
28,6900.4
36,6900.5
37,6900.9
33,6901.1
6,6901.3
32,6901.6
11,6901.8
58,6902.4
52,6903.2
42,6903.7
13,6903.7
46,6903.9
17,6904.2
1,6904.6
35,6904.7
22,6904.8
50,6905.0
40,6905.2
60,6906.7
23,6908.6
20,6909.1
55,6912.8
28,6973.0
33,6973.1
50,6974.4
55,6974.4
6,6974.5
36,6974.9
58,6975.3
10,6975.3
8,6975.7
53,6977.3
20,6978.2
3,6979.2
33,6982.0
23,6983.2
28,6983.4
38,6983.6
46,6986.3
50,7051.9
28,7052.0
6,7052.2
36,7052.4
58,7052.7
33,7052.8
55,7052.9
53,7053.4
8,7053.4
20,7054.5
10,7055.2
56,7055.4
3,7055.7
5,7055.7
14,7056.8
38,7057.5
60,7058.3
28,7058.3
50,7058.3
11,7058.8
6,7058.8
33,7058.9
26,7059.0
36,7059.3
12,7059.3
17,7059.4
52,7059.5
46,7059.5
4,7060.5
23,7060.5
53,7060.8
58,7061.3
2,7061.6
8,7061.9
55,7062.2
39,7063.3
20,7065.6
21,7066.1
47,7068.7
28,7132.3
6,7132.7
50,7132.7
36,7132.8
33,7132.9
58,7133.1
55,7133.7
53,7135.0
8,7135.3
20,7135.4
10,7135.4
3,7136.0
56,7136.3
38,7137.4
14,7137.7
5,7138.6
33,7138.9
28,7139.2
11,7139.3
46,7139.6
60,7140.1
6,7140.4
36,7140.7
17,7140.8
23,7140.9
52,7141.1
50,7141.3
58,7143.2
12,7144.1
53,7147.9
38,7148.2
4,7149.6
26,7150.4
42,7151.9
58,7515.1
53,7515.2
33,7515.7
36,7515.8
55,7516.1
56,7516.2
50,7516.6
12,7516.7
52,7516.9
8,7517.0
20,7517.3
10,7518.2
14,7518.4
3,7518.5
4,7518.7
6,7518.8
38,7519.2
58,7519.3
53,7519.6
30,7519.8
13,7520.0
11,7520.2
33,7520.2
36,7520.3
46,7520.4
28,7520.5
35,7520.8
60,7520.9
56,7521.0
55,7521.4
17,7521.5
23,7521.7
26,7521.9
52,7522.0
50,7522.1
39,7522.2
47,7522.4
8,7522.7
20,7522.8
12,7522.9
27,7523.0
10,7524.5
58,7524.5
38,7524.6
53,7524.8
3,7525.0
32,7525.0
14,7525.1
4,7525.3
15,7525.4
33,7525.5
37,7525.8
36,7526.0
6,7526.4
11,7526.8
30,7527.4
13,7527.7
46,7528.3
28,7528.4
17,7529.6
29,7529.9
60,7531.0
40,7531.3
23,7532.2
56,7532.4
58,7597.2
20,7599.1
50,7599.1
33,7599.5
36,7599.8
53,7600.6
8,7601.1
55,7601.1
10,7601.4
3,7602.2
4,7602.6
56,7604.5
58,7605.2
26,7605.9
46,7606.1
52,7607.5
60,7608.2
17,7608.3
38,7608.4
23,7609.0
20,7615.3
53,7676.2
58,7676.4
33,7677.1
36,7677.1
55,7677.6
50,7677.7
12,7678.0
56,7678.1
8,7678.4
52,7679.0
20,7680.0
10,7680.2
3,7680.4
6,7680.7
4,7680.8
14,7681.3
53,7681.8
28,7682.1
38,7682.2
58,7682.3
33,7682.6
30,7682.8
46,7683.0
11,7683.4
13,7683.8
36,7683.8
35,7684.3
50,7684.5
55,7685.2
27,7685.8
60,7685.8
56,7686.1
39,7686.1
52,7686.1
8,7686.4
26,7686.6
17,7686.8
23,7688.2
15,7690.0
12,7692.4
53,7692.7
47,7693.6
58,7756.3
36,7757.4
53,7757.6
33,7757.6
55,7758.4
56,7758.8
50,7759.1
20,7759.2
12,7759.6
52,7760.0
8,7760.4
10,7760.5
3,7760.8
4,7760.9
58,7762.0
38,7762.1
6,7762.4
14,7762.8
46,7763.0
33,7763.0
36,7764.2
11,7764.4
28,7764.7
53,7764.8
60,7765.2
30,7765.3
13,7766.0
17,7766.4
55,7767.6
52,7767.6
23,7767.7
56,7768.8
26,7770.2
50,7770.3
35,7770.6
38,7772.2
15,7772.4
20,7772.6
49,7775.0
58,8140.1
53,8140.8
14,8140.9
55,8141.1
56,8141.7
6,8141.7
50,8141.7
12,8141.7
28,8141.9
8,8142.5
30,8142.7
27,8142.8
36,8143.1
46,8143.1
10,8143.6
4,8143.7
3,8144.0
33,8144.1
58,8144.3
35,8144.6
13,8144.8
52,8145.2
11,8145.2
14,8145.5
53,8145.7
55,8146.4
26,8147.0
56,8147.1
6,8147.2
28,8147.4
50,8147.4
39,8147.4
12,8147.9
23,8147.9
8,8148.6
30,8148.7
51,8149.3
46,8149.4
47,8149.4
27,8149.4
58,8149.6
36,8149.8
3,8150.0
32,8150.1
4,8150.6
15,8150.6
33,8151.5
38,8152.1
11,8152.1
13,8153.1
53,8153.2
10,8153.6
52,8153.7
14,8156.0
40,8157.4
55,8168.4
58,8221.9
50,8224.2
28,8224.8
46,8226.2
27,8226.4
55,8227.1
8,8227.4
3,8227.7
4,8228.0
14,8228.0
56,8228.0
53,8228.0
6,8228.3
58,8228.9
12,8229.0
10,8230.7
23,8232.1
26,8233.2
58,8301.3
53,8302.2
14,8302.6
50,8302.8
55,8302.8
6,8303.1
28,8303.1
56,8303.5
12,8303.6
8,8304.2
27,8304.5
30,8304.5
46,8304.6
36,8304.7
4,8305.9
3,8305.9
33,8306.5
35,8306.8
58,8307.0
10,8307.1
11,8308.0
52,8308.0
13,8308.3
53,8308.8
55,8309.9
50,8310.2
28,8310.9
14,8311.3
39,8311.6
56,8313.0
46,8313.0
6,8313.5
23,8314.0
26,8314.0
8,8314.4
51,8314.6
15,8315.0
3,8319.8
24,8320.0
58,8381.3
53,8382.9
55,8383.1
14,8383.2
12,8383.5
50,8384.1
56,8384.4
28,8384.5
6,8384.7
27,8385.3
30,8385.4
36,8385.4
8,8385.8
4,8386.0
46,8386.0
10,8386.4
58,8387.0
33,8387.2
3,8387.7
35,8388.4
11,8388.8
52,8389.4
13,8389.4
55,8390.2
53,8390.9
14,8393.7
50,8394.3
38,8394.9
46,8397.0
28,8401.1
58,8765.1
53,8765.8
56,8766.7
12,8766.7
8,8767.4
30,8767.7
27,8767.8
46,8768.0
26,8768.4
50,8768.6
4,8768.7
3,8768.9
33,8769.1
58,8769.3
55,8769.4
35,8769.6
42,8769.9
52,8770.3
53,8770.7
14,8771.0
13,8771.9
2,8772.1
28,8772.1
56,8772.3
39,8772.6
23,8772.8
54,8772.9
12,8773.1
8,8773.5
11,8773.9
30,8774.3
47,8774.7
58,8774.7
27,8774.7
46,8774.8
3,8775.0
51,8775.1
32,8775.3
50,8775.7
15,8775.9
6,8776.0
26,8776.2
4,8776.4
48,8777.3
33,8777.4
52,8778.3
55,8778.4
53,8778.4
38,8778.6
1,8779.3
35,8780.3
14,8780.6
28,8782.8
42,8783.3
43,8785.4
58,8846.6
53,8848.5
56,8849.3
12,8849.7
8,8849.7
27,8850.1
46,8850.4
50,8851.5
4,8851.8
26,8852.0
30,8852.2
3,8852.2
58,8853.0
23,8857.7
2,8857.7
55,8858.0
33,8859.8
42,8860.8
8,8864.7
58,8926.2
53,8926.8
56,8928.0
12,8928.2
27,8929.2
46,8929.6
30,8930.1
8,8930.2
50,8930.4
26,8930.6
4,8930.8
3,8931.0
58,8931.7
35,8931.8
52,8932.5
55,8932.8
53,8933.0
33,8933.6
14,8934.0
28,8934.1
54,8934.2
13,8935.6
56,8937.2
11,8937.6
42,8937.6
39,8937.6
2,8938.5
32,8939.2
3,8941.7
15,8942.4
51,8942.9
23,8945.9
58,9006.2
53,9007.3
12,9008.3
56,9009.0
8,9009.2
27,9009.2
46,9009.5
30,9010.1
50,9010.3
26,9010.4
4,9010.6
58,9011.7
55,9012.4
3,9012.4
33,9013.4
35,9013.6
52,9014.0
53,9014.1
28,9015.0
42,9015.7
14,9016.1
54,9017.1
8,9017.4
2,9019.2
11,9021.6
46,9022.2
50,9022.4
56,9023.5
24,9023.9
13,9024.8
7,9025.1
53,9390.9
56,9391.7
12,9391.7
58,9392.3
8,9392.4
30,9392.7
27,9392.8
46,9393.0
14,9393.3
26,9393.4
50,9393.7
4,9393.7
3,9393.9
35,9394.5
42,9394.8
52,9395.2
53,9395.6
28,9396.9
13,9397.0
2,9397.0
56,9397.2
58,9397.8
23,9397.8
54,9397.8
12,9398.0
8,9398.6
11,9398.9
47,9399.3
30,9399.3
27,9399.7
14,9400.0
46,9400.0
51,9400.1
3,9400.4
50,9400.7
4,9401.3
26,9401.6
6,9401.8
48,9402.4
52,9403.4
53,9403.5
35,9403.7
1,9404.7
42,9407.1
43,9412.1
38,9412.2
53,9472.7
12,9473.3
56,9473.4
58,9473.6
8,9474.7
27,9475.1
46,9475.4
30,9475.8
14,9476.3
4,9476.7
26,9477.0
3,9477.1
50,9477.1
53,9481.2
35,9481.2
28,9481.3
2,9481.9
54,9482.0
23,9482.7
52,9483.2
56,9483.9
42,9484.3
58,9484.9
13,9485.9
8,9486.7
53,9552.7
12,9553.5
56,9554.3
27,9554.3
46,9554.7
58,9554.8
8,9555.1
30,9555.4
26,9555.8
4,9555.8
50,9555.9
3,9556.0
14,9556.7
53,9560.8
28,9561.4
35,9561.5
52,9562.1
2,9563.6
42,9564.6
11,9566.0
8,9568.2
53,9632.4
12,9632.9
56,9633.2
58,9633.8
27,9634.2
46,9634.4
30,9634.8
14,9635.5
26,9635.5
8,9635.5
4,9635.6
3,9635.7
50,9635.7
54,9639.1
53,9639.3
35,9639.3
52,9639.6
23,9639.9
28,9640.3
13,9640.7
42,9641.4
51,9642.5
2,9643.2
56,9643.3
11,9645.4
46,9645.9
8,9646.5
58,9647.4
50,9647.5
55,9649.8
27,9650.9
3,9651.6
7,9651.6
24,9655.8
