13,87.3
1,87.3
4,87.7
6,87.8
27,87.9
5,88.0
20,88.1
10,88.1
23,88.1
9,88.1
22,88.2
7,88.2
11,88.2
3,88.2
21,88.3
31,88.3
26,88.3
8,88.5
18,88.6
29,88.6
14,88.7
28,88.8
0,88.9
2,89.2
12,89.4
24,89.9
1,94.0
13,94.5
4,94.6
27,94.9
26,95.3
3,95.5
11,95.6
10,95.7
6,95.8
20,96.6
29,96.7
21,96.9
22,97.5
23,97.6
8,98.6
0,98.7
5,98.9
12,98.9
31,98.9
9,99.1
7,99.2
1,99.5
19,99.8
24,100.1
4,100.3
27,100.6
18,100.8
25,101.0
2,101.2
13,101.6
30,101.7
26,101.8
3,101.9
10,102.5
14,102.5
28,102.6
11,103.5
1,104.9
27,106.0
4,106.1
6,106.8
29,107.1
3,109.3
20,110.3
26,110.6
1,110.8
10,111.1
27,111.4
4,112.9
27,117.2
1,117.6
27,124.2
1,167.1
13,167.2
4,167.5
6,167.6
27,167.7
5,167.7
20,167.8
9,167.8
10,167.9
22,167.9
11,168.0
3,168.0
7,168.0
31,168.0
23,168.0
21,168.0
26,168.1
29,168.3
18,168.3
8,168.3
28,168.5
14,168.5
0,168.6
2,169.0
12,169.1
24,169.6
1,173.8
4,174.3
13,174.3
27,174.7
26,175.0
3,175.1
11,175.3
10,175.4
6,175.4
20,176.0
29,176.1
22,176.5
21,176.5
23,177.2
0,177.7
8,177.7
5,177.9
12,178.1
31,178.2
7,178.3
9,178.4
1,179.1
24,179.4
18,179.6
19,179.8
4,179.9
27,180.2
2,180.6
25,180.9
13,181.0
26,181.2
14,181.3
3,181.4
28,181.8
30,181.9
10,182.1
16,182.3
11,183.0
6,184.2
1,184.4
29,185.1
27,185.2
4,185.5
20,188.0
26,188.3
3,188.4
1,189.9
10,190.1
27,190.3
4,191.6
13,193.5
27,195.6
1,195.9
4,199.9
27,201.3
1,203.5
27,207.8
1,247.1
13,247.2
4,247.5
6,247.6
5,247.7
27,247.7
9,247.8
20,247.8
10,247.9
22,247.9
31,248.0
11,248.0
7,248.0
3,248.0
23,248.0
21,248.0
26,248.1
18,248.3
8,248.3
29,248.3
28,248.5
14,248.5
0,248.6
2,249.0
12,249.1
24,249.6
1,253.8
4,254.3
13,254.3
27,254.6
26,255.0
3,255.1
11,255.3
6,255.3
10,255.4
20,256.0
29,256.1
21,256.4
22,256.6
23,257.2
8,257.7
0,257.8
5,257.9
12,258.2
31,258.2
7,258.3
9,258.4
2,259.0
1,259.1
18,259.7
24,259.8
4,259.9
27,260.2
19,260.5
13,261.1
26,261.2
3,261.5
25,262.0
10,262.3
11,262.7
14,263.3
28,263.6
30,264.2
1,264.4
6,264.9
29,265.3
27,265.4
4,265.5
20,268.1
3,268.6
26,268.9
1,269.9
27,270.6
4,271.5
10,272.3
13,273.9
1,275.8
27,276.1
4,279.2
27,282.1
1,283.5
27,290.3
1,632.2
13,632.3
6,632.7
4,632.7
5,632.9
9,632.9
27,632.9
10,633.0
20,633.0
22,633.1
21,633.1
23,633.1
7,633.1
11,633.1
26,633.2
3,633.2
31,633.2
8,633.5
29,633.5
18,633.6
14,633.7
0,633.7
28,633.7
2,634.2
12,634.3
24,634.9
1,638.9
4,639.5
13,639.5
27,639.9
26,640.2
3,640.4
11,640.4
10,640.6
6,640.7
20,641.4
29,641.5
21,641.7
22,642.4
23,642.5
0,643.6
31,643.7
9,643.7
8,643.8
5,643.8
12,644.2
7,644.2
1,644.4
4,645.2
19,645.4
24,645.4
27,645.5
18,646.0
26,646.3
2,646.4
13,646.5
3,646.7
25,646.8
10,647.1
30,647.3
28,647.4
14,647.5
11,648.3
1,649.9
6,650.6
27,650.8
4,651.0
29,652.3
3,653.9
26,654.0
10,654.3
20,654.8
1,655.7
27,656.2
4,657.7
27,661.9
1,662.6
27,668.3
27,682.3
1,712.1
13,712.2
4,712.5
6,712.6
5,712.7
27,712.7
9,712.8
20,712.8
22,712.9
10,712.9
21,713.0
3,713.0
11,713.0
23,713.0
31,713.0
7,713.0
26,713.1
8,713.3
29,713.3
18,713.3
14,713.5
28,713.5
0,713.6
12,714.1
2,714.1
24,714.6
1,718.8
13,719.3
4,719.3
27,719.6
26,720.0
3,720.1
11,720.3
10,720.4
6,720.4
20,721.1
29,721.1
21,721.5
22,721.7
23,722.3
8,722.8
0,722.9
5,723.0
31,723.2
12,723.3
7,723.3
9,723.4
1,724.1
18,724.6
24,724.8
4,724.9
27,725.1
19,725.3
2,725.6
13,726.0
25,726.0
26,726.2
3,726.4
14,726.6
30,726.9
10,727.0
28,727.3
11,727.6
16,728.1
6,728.9
1,729.4
27,730.2
29,730.6
4,730.6
3,733.4
26,733.4
20,733.6
10,734.7
21,734.9
1,734.9
27,735.3
4,736.8
13,738.3
27,740.6
1,740.9
4,745.9
27,746.3
1,748.7
27,752.7
1,792.1
13,792.2
4,792.5
6,792.6
27,792.7
5,792.7
20,792.8
9,792.8
10,792.9
22,792.9
11,793.0
3,793.0
31,793.0
21,793.0
7,793.0
23,793.0
26,793.1
8,793.3
18,793.3
29,793.3
28,793.5
14,793.5
0,793.6
2,794.0
12,794.1
24,794.6
1,798.8
13,799.3
4,799.3
27,799.6
26,800.0
3,800.1
11,800.3
6,800.3
10,800.4
20,801.0
29,801.1
21,801.3
22,801.7
23,802.2
8,802.7
0,802.9
5,803.0
31,803.2
9,803.4
12,803.4
7,803.5
2,804.0
1,804.1
18,804.7
4,804.9
24,805.0
27,805.1
26,806.1
13,806.1
19,806.1
3,806.5
10,807.2
25,807.5
11,807.6
14,808.6
1,809.4
6,809.9
28,810.0
27,810.2
29,810.3
4,810.5
20,813.4
26,813.5
3,813.6
1,814.9
27,815.4
4,816.6
10,816.7
13,818.9
27,820.8
1,820.9
4,824.5
27,826.7
1,829.0
27,833.8
1,872.1
13,872.1
4,872.5
6,872.5
27,872.7
5,872.7
9,872.8
20,872.8
22,872.9
7,872.9
23,872.9
10,872.9
3,873.0
21,873.0
31,873.0
11,873.0
26,873.1
18,873.3
8,873.3
29,873.3
28,873.5
14,873.5
0,873.6
2,874.0
12,874.1
24,874.6
1,878.8
13,879.2
4,879.3
27,879.6
26,880.0
3,880.1
6,880.3
11,880.3
10,880.4
29,881.1
20,881.1
21,881.4
22,881.8
23,882.1
8,883.0
0,883.1
5,883.1
7,883.3
31,883.3
9,883.4
12,883.5
2,884.1
1,884.1
4,884.9
18,885.0
27,885.1
24,885.1
13,886.0
26,886.3
3,886.4
19,886.9
10,887.1
16,887.5
11,887.6
25,887.7
28,887.9
14,887.9
30,888.0
6,889.3
1,889.4
27,890.3
4,890.6
29,890.8
20,893.3
3,893.4
21,894.4
26,894.6
1,895.0
27,895.4
10,896.3
4,896.7
13,898.4
27,900.8
1,901.1
4,905.2
27,906.7
1,909.7
27,913.9
1,1257.2
13,1257.3
6,1257.7
4,1257.7
5,1257.9
27,1257.9
9,1257.9
20,1258.0
10,1258.0
23,1258.1
11,1258.1
21,1258.1
22,1258.1
7,1258.1
3,1258.2
31,1258.2
26,1258.2
29,1258.5
8,1258.5
18,1258.6
14,1258.7
0,1258.7
28,1258.7
2,1259.2
12,1259.3
24,1259.9
1,1263.9
4,1264.5
13,1264.5
27,1264.8
26,1265.2
11,1265.4
3,1265.4
10,1265.6
6,1265.7
20,1266.4
29,1266.5
21,1266.7
23,1267.5
22,1267.6
31,1268.7
0,1268.7
9,1268.7
8,1268.9
5,1268.9
7,1269.3
1,1269.4
12,1269.4
4,1270.1
27,1270.4
24,1270.7
19,1270.9
13,1271.4
18,1271.4
2,1271.5
26,1271.5
3,1271.7
10,1272.1
25,1272.5
30,1272.8
11,1273.2
28,1273.9
1,1274.9
27,1275.8
4,1276.0
6,1276.0
29,1277.8
3,1279.0
10,1279.8
20,1279.8
26,1280.3
1,1280.8
27,1281.2
4,1282.9
27,1286.9
1,1287.8
27,1293.4
1,1337.1
13,1337.2
4,1337.5
6,1337.6
5,1337.7
27,1337.7
20,1337.8
9,1337.8
22,1337.9
10,1337.9
31,1338.0
7,1338.0
3,1338.0
23,1338.0
11,1338.0
21,1338.0
26,1338.1
18,1338.3
8,1338.3
29,1338.3
28,1338.5
14,1338.5
0,1338.6
12,1339.1
2,1339.1
24,1339.6
1,1343.8
13,1344.3
4,1344.3
27,1344.6
26,1345.0
3,1345.1
11,1345.3
6,1345.4
10,1345.4
20,1346.1
29,1346.2
21,1346.6
22,1346.8
23,1347.3
8,1348.0
0,1348.1
5,1348.1
31,1348.4
12,1348.4
9,1348.5
7,1348.6
1,1349.1
18,1349.6
4,1349.8
24,1349.8
27,1350.0
19,1350.6
2,1350.7
13,1351.0
14,1351.0
25,1351.0
26,1351.1
3,1351.5
28,1351.9
16,1352.0
10,1352.1
30,1352.3
11,1352.5
1,1354.4
6,1354.7
27,1355.0
4,1355.4
29,1356.1
26,1358.1
3,1358.7
20,1358.8
1,1359.9
27,1360.0
10,1360.3
4,1361.5
13,1363.2
27,1365.2
1,1366.0
4,1369.3
27,1370.8
1,1374.4
27,1377.0
27,1388.9
1,1417.1
13,1417.2
4,1417.5
6,1417.6
5,1417.7
27,1417.7
20,1417.8
9,1417.8
22,1417.9
10,1417.9
23,1418.0
3,1418.0
31,1418.0
7,1418.0
21,1418.0
11,1418.0
26,1418.1
8,1418.2
29,1418.3
18,1418.3
14,1418.5
28,1418.5
0,1418.6
2,1419.0
12,1419.1
24,1419.6
1,1423.8
13,1424.3
4,1424.3
27,1424.6
26,1425.0
3,1425.1
6,1425.3
11,1425.3
10,1425.4
29,1426.1
20,1426.1
21,1426.4
22,1426.8
23,1427.3
8,1427.8
0,1427.9
5,1428.1
31,1428.3
12,1428.5
9,1428.5
7,1428.5
2,1429.0
1,1429.1
4,1429.8
18,1429.8
24,1430.1
27,1430.2
13,1431.1
26,1431.2
19,1431.4
3,1431.4
10,1432.2
25,1432.6
11,1432.8
14,1433.0
28,1433.9
1,1434.4
6,1434.7
27,1435.3
29,1435.4
4,1435.5
3,1438.3
20,1438.7
26,1439.2
1,1439.9
27,1440.4
10,1441.6
4,1441.6
13,1443.8
27,1445.8
1,1445.9
4,1449.9
27,1451.6
1,1453.8
27,1458.6
13,1497.1
1,1497.1
6,1497.5
4,1497.5
27,1497.7
5,1497.7
20,1497.8
9,1497.8
10,1497.9
23,1497.9
7,1497.9
22,1497.9
11,1498.0
21,1498.0
3,1498.0
31,1498.0
26,1498.1
29,1498.3
8,1498.3
18,1498.3
28,1498.5
14,1498.5
0,1498.6
2,1499.0
12,1499.1
24,1499.6
1,1503.8
13,1504.2
4,1504.3
27,1504.6
26,1505.0
3,1505.1
6,1505.3
11,1505.3
10,1505.4
20,1506.1
29,1506.1
21,1506.5
22,1506.9
23,1507.1
8,1508.0
0,1508.1
5,1508.2
31,1508.3
7,1508.4
9,1508.5
12,1508.6
1,1509.1
2,1509.2
4,1509.8
18,1510.1
27,1510.1
24,1510.3
13,1510.9
26,1511.2
3,1511.5
10,1512.1
11,1512.6
25,1512.6
14,1513.0
30,1513.1
28,1513.1
1,1514.4
6,1514.5
27,1515.1
4,1515.5
29,1516.3
3,1518.6
26,1518.8
20,1518.9
1,1519.9
27,1520.2
10,1520.9
4,1521.7
13,1523.4
27,1525.5
1,1525.9
4,1530.7
27,1531.2
1,1533.9
27,1537.6
1,1882.2
13,1882.3
6,1882.7
4,1882.7
9,1882.9
27,1882.9
5,1882.9
20,1883.0
10,1883.0
11,1883.1
7,1883.1
22,1883.1
23,1883.1
3,1883.2
21,1883.2
26,1883.2
31,1883.3
29,1883.5
8,1883.5
18,1883.6
0,1883.7
14,1883.7
28,1883.7
2,1884.2
12,1884.3
24,1884.9
1,1888.9
13,1889.5
4,1889.5
27,1889.8
26,1890.2
11,1890.4
3,1890.4
10,1890.6
6,1890.7
20,1891.4
29,1891.5
21,1891.7
23,1892.5
22,1892.6
31,1893.7
0,1893.7
9,1893.8
8,1893.9
5,1893.9
1,1894.3
7,1894.4
12,1894.5
4,1895.1
27,1895.4
24,1895.7
19,1896.0
18,1896.4
13,1896.4
26,1896.5
2,1896.6
3,1896.7
10,1897.1
25,1897.6
11,1898.2
28,1898.4
30,1899.0
1,1899.8
27,1900.7
4,1901.0
6,1901.1
29,1902.8
3,1904.0
10,1904.8
20,1905.0
26,1905.5
1,1905.6
27,1906.0
4,1907.8
27,1911.7
1,1912.3
27,1917.9
27,1930.4
1,1962.1
13,1962.2
4,1962.5
6,1962.6
5,1962.7
27,1962.7
9,1962.8
20,1962.8
10,1962.9
22,1962.9
23,1963.0
21,1963.0
11,1963.0
3,1963.0
7,1963.0
31,1963.0
26,1963.1
18,1963.3
8,1963.3
29,1963.3
28,1963.5
14,1963.5
0,1963.6
2,1964.0
12,1964.1
24,1964.6
1,1968.8
4,1969.3
13,1969.3
27,1969.6
26,1970.0
3,1970.1
11,1970.3
6,1970.4
10,1970.4
20,1971.2
29,1971.2
21,1971.6
22,1971.8
23,1972.4
8,1973.0
5,1973.2
0,1973.2
31,1973.4
9,1973.5
12,1973.5
7,1973.7
1,1974.0
18,1974.7
4,1974.8
24,1974.8
27,1974.9
19,1975.7
14,1975.7
2,1975.7
13,1976.0
25,1976.0
26,1976.1
3,1976.4
16,1976.8
10,1977.0
30,1977.2
11,1977.4
28,1977.5
6,1979.1
1,1979.3
27,1979.9
4,1980.5
29,1981.1
26,1983.1
3,1983.5
20,1984.0
10,1984.7
27,1984.8
1,1984.9
4,1986.6
13,1988.2
27,1989.9
1,1990.8
4,1995.3
27,1995.4
1,1998.4
27,2001.4
27,2009.7
1,2042.1
13,2042.2
4,2042.5
6,2042.6
27,2042.7
5,2042.7
20,2042.8
9,2042.8
10,2042.9
22,2042.9
21,2043.0
31,2043.0
11,2043.0
7,2043.0
23,2043.0
3,2043.0
26,2043.1
8,2043.3
29,2043.3
18,2043.3
14,2043.4
28,2043.5
0,2043.6
2,2044.0
12,2044.1
24,2044.6
1,2048.7
4,2049.3
13,2049.3
27,2049.5
26,2050.0
3,2050.1
11,2050.2
6,2050.3
10,2050.4
29,2051.1
20,2051.1
21,2051.4
22,2051.8
23,2052.2
8,2052.8
0,2053.0
5,2053.1
31,2053.3
7,2053.5
9,2053.5
12,2053.5
2,2054.0
1,2054.0
4,2054.8
18,2054.8
27,2055.0
24,2055.1
13,2056.1
26,2056.2
3,2056.4
19,2056.7
25,2057.0
10,2057.2
11,2057.7
14,2058.1
28,2059.2
1,2059.3
6,2059.9
27,2060.1
29,2060.3
4,2060.4
3,2063.5
20,2063.7
26,2064.2
1,2064.8
27,2065.1
4,2066.4
10,2067.0
13,2068.8
27,2070.3
1,2070.7
4,2073.9
27,2076.0
1,2078.3
27,2082.3
13,2122.1
1,2122.1
4,2122.5
6,2122.5
27,2122.7
5,2122.7
9,2122.8
20,2122.8
10,2122.9
22,2122.9
23,2122.9
7,2122.9
11,2123.0
21,2123.0
31,2123.0
3,2123.0
26,2123.1
29,2123.3
18,2123.3
8,2123.3
14,2123.4
28,2123.5
0,2123.6
2,2124.1
12,2124.1
24,2124.6
1,2128.7
13,2129.2
4,2129.3
27,2129.5
26,2130.0
3,2130.1
6,2130.3
11,2130.3
10,2130.4
20,2131.1
29,2131.1
21,2131.4
22,2131.8
23,2132.1
8,2133.0
0,2133.1
5,2133.1
31,2133.3
9,2133.4
7,2133.4
12,2133.6
2,2134.1
1,2134.1
4,2134.8
27,2135.0
18,2135.1
24,2135.3
13,2136.0
26,2136.3
3,2136.4
10,2137.0
11,2137.6
14,2137.8
30,2138.3
28,2138.6
6,2138.8
1,2139.3
27,2140.0
4,2140.5
29,2141.4
3,2143.4
20,2143.9
21,2144.2
26,2144.5
1,2144.9
27,2145.0
10,2145.5
4,2146.5
13,2148.4
27,2150.2
1,2150.8
4,2154.2
27,2155.9
1,2158.4
27,2162.2
27,2175.7
1,2507.2
13,2507.3
6,2507.7
4,2507.7
9,2507.9
27,2507.9
5,2507.9
10,2508.0
20,2508.0
11,2508.1
22,2508.1
23,2508.1
7,2508.1
21,2508.2
3,2508.2
26,2508.2
31,2508.3
29,2508.5
8,2508.5
18,2508.6
14,2508.7
28,2508.7
0,2508.7
2,2509.2
12,2509.3
24,2509.9
1,2513.9
4,2514.4
13,2514.5
27,2514.8
26,2515.2
11,2515.4
3,2515.4
10,2515.6
6,2515.7
20,2516.4
29,2516.5
21,2516.7
23,2517.5
22,2517.6
31,2518.7
0,2518.8
9,2518.8
8,2518.9
5,2518.9
1,2519.3
7,2519.4
12,2519.5
4,2520.1
27,2520.3
24,2520.8
19,2521.1
18,2521.3
13,2521.4
26,2521.5
2,2521.6
3,2521.8
10,2522.2
25,2522.3
30,2522.7
11,2523.2
28,2524.6
1,2524.7
27,2525.6
4,2525.9
6,2527.0
29,2527.9
3,2529.2
20,2530.0
10,2530.3
26,2530.5
1,2530.5
27,2530.9
4,2532.6
27,2536.4
1,2537.1
27,2542.4
27,2551.7
1,2587.1
13,2587.2
4,2587.5
6,2587.6
27,2587.7
5,2587.7
9,2587.8
20,2587.9
22,2587.9
10,2587.9
31,2588.0
11,2588.0
23,2588.0
21,2588.0
3,2588.0
7,2588.0
26,2588.1
29,2588.3
8,2588.3
18,2588.3
28,2588.5
14,2588.5
0,2588.6
2,2589.1
12,2589.1
24,2589.7
1,2593.8
13,2594.3
4,2594.3
27,2594.5
26,2595.0
3,2595.1
11,2595.3
6,2595.4
10,2595.4
29,2596.2
20,2596.2
21,2596.6
22,2596.8
23,2597.3
8,2598.0
5,2598.1
0,2598.2
31,2598.4
12,2598.5
9,2598.5
7,2598.6
1,2599.0
18,2599.7
4,2599.8
24,2599.9
27,2599.9
19,2600.7
14,2600.8
2,2600.8
13,2601.0
26,2601.1
25,2601.3
3,2601.4
28,2601.5
16,2601.7
10,2602.1
30,2602.4
11,2602.4
1,2604.3
6,2604.7
27,2604.9
4,2605.4
29,2606.1
26,2608.2
3,2608.5
20,2609.0
27,2609.8
1,2609.8
10,2610.1
4,2611.4
13,2613.1
27,2614.8
1,2615.8
11,2616.2
4,2618.9
27,2620.3
1,2623.3
27,2626.2
27,2634.1
1,2667.1
13,2667.2
4,2667.5
6,2667.6
27,2667.7
5,2667.7
9,2667.8
20,2667.8
10,2667.9
22,2667.9
31,2668.0
7,2668.0
3,2668.0
23,2668.0
21,2668.0
11,2668.0
26,2668.1
29,2668.3
8,2668.3
18,2668.3
14,2668.5
28,2668.5
0,2668.6
2,2669.0
12,2669.1
24,2669.6
1,2673.7
4,2674.2
13,2674.3
27,2674.5
26,2675.0
3,2675.1
11,2675.2
6,2675.3
10,2675.4
29,2676.1
20,2676.1
21,2676.5
22,2676.8
23,2677.3
8,2677.9
0,2678.0
5,2678.1
31,2678.3
7,2678.4
9,2678.5
12,2678.6
1,2679.0
2,2679.1
4,2679.8
18,2679.8
27,2680.0
24,2680.1
13,2681.1
26,2681.3
3,2681.4
19,2681.5
10,2682.2
11,2682.7
25,2683.1
14,2683.1
1,2684.2
28,2684.7
6,2685.0
27,2685.0
4,2685.4
29,2685.8
3,2688.5
20,2688.8
26,2689.4
1,2689.7
27,2689.9
4,2691.4
10,2692.1
13,2693.8
27,2695.1
1,2695.6
4,2698.9
27,2700.7
1,2702.9
27,2706.9
27,2719.5
13,2747.1
1,2747.1
6,2747.5
4,2747.5
27,2747.7
5,2747.7
9,2747.8
10,2747.9
23,2747.9
22,2747.9
7,2747.9
20,2747.9
11,2748.0
31,2748.0
21,2748.0
3,2748.0
26,2748.1
29,2748.3
18,2748.3
8,2748.3
28,2748.5
14,2748.5
0,2748.6
2,2749.0
12,2749.1
24,2749.6
1,2753.7
13,2754.2
4,2754.2
27,2754.5
26,2755.0
3,2755.1
6,2755.3
11,2755.3
10,2755.4
29,2756.1
20,2756.1
21,2756.5
22,2756.9
23,2757.1
8,2758.0
0,2758.1
5,2758.3
31,2758.4
7,2758.5
12,2758.6
9,2758.6
1,2759.0
2,2759.2
4,2759.8
27,2760.0
18,2760.2
24,2760.4
13,2761.0
26,2761.2
3,2761.4
10,2762.1
25,2762.4
30,2762.5
11,2762.6
14,2763.0
28,2763.2
6,2764.1
1,2764.3
27,2764.9
4,2765.5
29,2766.3
3,2768.3
26,2768.6
20,2769.3
1,2769.7
27,2769.8
10,2770.4
4,2771.5
13,2773.5
27,2775.0
1,2775.6
4,2779.8
27,2780.5
1,2782.7
27,2786.6
27,2796.1
1,3132.2
13,3132.3
6,3132.7
4,3132.7
27,3132.9
9,3132.9
5,3132.9
20,3133.0
10,3133.0
7,3133.1
23,3133.1
11,3133.1
22,3133.1
26,3133.2
21,3133.2
3,3133.2
31,3133.3
29,3133.5
8,3133.5
18,3133.6
0,3133.7
28,3133.7
14,3133.7
2,3134.2
12,3134.3
24,3134.9
1,3138.9
4,3139.4
13,3139.5
27,3139.7
26,3140.2
11,3140.4
3,3140.4
10,3140.6
6,3140.7
29,3141.5
20,3141.5
21,3141.7
23,3142.5
22,3142.6
31,3143.7
9,3143.8
0,3143.8
5,3143.9
8,3143.9
1,3144.2
7,3144.4
12,3144.5
4,3145.1
27,3145.3
24,3145.8
19,3146.1
13,3146.4
18,3146.4
26,3146.5
2,3146.6
3,3146.7
10,3147.1
25,3147.4
11,3148.2
28,3148.4
30,3148.9
1,3149.6
14,3149.8
27,3150.5
4,3150.9
6,3151.2
29,3152.2
3,3153.9
10,3154.7
1,3155.3
26,3155.6
27,3155.7
4,3157.5
27,3161.1
1,3161.6
27,3167.0
27,3174.5
1,3175.5
1,3212.1
13,3212.2
4,3212.5
6,3212.6
5,3212.7
27,3212.7
20,3212.8
9,3212.8
10,3212.9
22,3212.9
11,3213.0
21,3213.0
3,3213.0
7,3213.0
23,3213.0
31,3213.1
26,3213.1
8,3213.3
29,3213.3
18,3213.4
14,3213.5
28,3213.5
0,3213.6
2,3214.1
12,3214.1
24,3214.6
1,3218.7
4,3219.2
13,3219.3
27,3219.5
26,3220.0
3,3220.1
11,3220.3
6,3220.4
10,3220.4
29,3221.2
20,3221.2
21,3221.6
22,3221.8
23,3222.3
8,3223.0
5,3223.2
0,3223.2
31,3223.4
9,3223.5
12,3223.6
7,3223.7
1,3224.0
18,3224.7
4,3224.8
24,3224.8
27,3224.8
19,3225.8
2,3225.8
13,3226.0
26,3226.1
3,3226.4
25,3226.4
14,3226.5
30,3226.6
10,3227.1
11,3227.5
28,3228.2
16,3228.8
6,3229.0
1,3229.2
27,3229.8
4,3230.4
29,3231.2
26,3233.1
3,3233.6
20,3234.1
27,3234.6
1,3234.7
10,3235.0
4,3236.4
13,3238.2
27,3239.5
1,3240.5
4,3244.3
27,3244.9
1,3247.7
27,3250.6
27,3257.4
1,3292.1
13,3292.2
4,3292.5
6,3292.6
27,3292.7
5,3292.7
20,3292.8
9,3292.8
22,3292.9
10,3292.9
21,3293.0
31,3293.0
3,3293.0
7,3293.0
23,3293.0
11,3293.0
26,3293.1
8,3293.3
18,3293.3
29,3293.3
14,3293.5
28,3293.5
0,3293.6
2,3294.0
12,3294.1
24,3294.6
1,3298.7
4,3299.2
13,3299.3
27,3299.5
26,3300.0
3,3300.1
6,3300.3
11,3300.3
10,3300.4
20,3301.1
29,3301.1
21,3301.4
22,3301.8
23,3302.2
8,3302.8
0,3303.0
5,3303.1
31,3303.3
7,3303.4
9,3303.6
12,3303.6
1,3304.0
2,3304.1
4,3304.8
18,3304.9
27,3304.9
24,3305.2
13,3306.1
26,3306.3
3,3306.4
19,3306.5
10,3307.2
25,3307.3
14,3307.6
11,3307.8
28,3308.3
1,3309.2
6,3309.9
27,3309.9
4,3310.3
29,3310.8
3,3313.3
20,3313.7
26,3314.4
1,3314.6
27,3314.8
4,3316.2
10,3316.4
13,3318.9
27,3319.8
1,3320.4
4,3323.2
27,3325.3
1,3327.4
27,3331.4
27,3340.3
1,3372.1
13,3372.2
4,3372.5
6,3372.6
5,3372.7
27,3372.7
20,3372.8
9,3372.8
10,3372.9
22,3372.9
31,3373.0
21,3373.0
3,3373.0
23,3373.0
11,3373.0
7,3373.0
26,3373.1
29,3373.3
8,3373.3
18,3373.3
14,3373.5
28,3373.5
0,3373.6
2,3374.0
12,3374.1
24,3374.6
1,3378.7
4,3379.2
13,3379.3
27,3379.5
26,3380.0
3,3380.1
11,3380.3
6,3380.3
10,3380.4
29,3381.1
20,3381.1
21,3381.4
22,3381.8
23,3382.3
8,3383.0
0,3383.1
5,3383.1
31,3383.3
9,3383.4
7,3383.6
12,3383.6
1,3384.0
2,3384.1
4,3384.8
27,3384.9
18,3385.2
24,3385.3
13,3386.1
26,3386.3
3,3386.5
10,3387.1
25,3387.5
11,3387.6
6,3389.0
28,3389.2
1,3389.2
14,3389.7
27,3389.9
4,3390.4
29,3391.3
3,3393.5
26,3394.2
20,3394.2
1,3394.7
27,3394.8
21,3395.0
10,3396.0
4,3396.3
13,3398.9
27,3399.9
1,3400.6
4,3403.5
27,3405.4
1,3407.7
27,3411.4
27,3420.6
1,3757.2
13,3757.3
4,3757.6
6,3757.6
22,3757.9
5,3757.9
9,3757.9
20,3758.0
26,3758.0
27,3758.0
7,3758.1
29,3758.1
23,3758.1
11,3758.1
3,3758.2
14,3758.2
21,3758.2
31,3758.3
10,3758.4
8,3758.5
18,3758.6
0,3758.7
28,3758.7
12,3759.3
24,3759.9
1,3763.9
4,3764.2
13,3764.5
26,3764.6
6,3764.6
22,3764.9
29,3765.1
27,3765.2
3,3765.4
11,3765.4
14,3765.8
20,3766.5
21,3766.7
23,3767.5
10,3768.1
0,3768.5
31,3768.7
9,3768.8
5,3768.9
8,3769.1
12,3769.2
1,3769.3
4,3769.3
7,3769.4
26,3770.2
25,3770.5
6,3770.9
19,3771.1
22,3771.2
24,3771.3
13,3771.3
29,3771.5
27,3771.5
18,3771.7
3,3771.7
11,3772.6
30,3772.8
28,3772.9
16,3774.0
14,3774.0
4,3774.4
1,3774.7
26,3775.9
27,3778.1
3,3778.9
6,3778.9
22,3779.1
4,3779.5
29,3779.9
20,3780.2
1,3780.4
26,3781.9
4,3785.0
13,3785.2
1,3787.0
26,3790.2
4,3790.9
27,3791.4
4,3798.9
1,3837.1
13,3837.2
4,3837.4
6,3837.5
5,3837.7
22,3837.7
27,3837.8
26,3837.8
9,3837.8
20,3837.9
3,3838.0
7,3838.0
14,3838.0
29,3838.0
21,3838.0
23,3838.0
11,3838.0
31,3838.1
10,3838.3
8,3838.3
18,3838.3
28,3838.5
0,3838.6
12,3839.1
24,3839.6
1,3843.7
4,3844.0
13,3844.3
6,3844.4
26,3844.4
22,3844.6
29,3844.9
27,3844.9
3,3845.1
11,3845.3
14,3845.5
20,3846.2
21,3846.5
23,3847.3
0,3847.9
10,3848.0
5,3848.1
12,3848.2
8,3848.2
31,3848.4
9,3848.4
7,3848.5
4,3849.0
1,3849.1
26,3849.8
25,3850.2
18,3850.3
6,3850.4
24,3850.5
19,3850.7
22,3850.8
13,3850.9
27,3851.0
29,3851.1
3,3851.4
16,3851.5
28,3851.7
11,3852.1
15,3852.1
14,3852.9
30,3853.3
4,3853.9
1,3854.4
26,3855.1
6,3857.0
27,3857.2
22,3858.1
29,3858.2
3,3858.4
4,3858.9
21,3859.3
20,3859.4
1,3860.0
26,3860.6
13,3862.4
11,3863.9
4,3864.1
27,3865.7
1,3866.1
26,3866.6
6,3869.7
4,3869.7
26,3873.8
1,3875.3
4,3876.0
4,3887.4
1,3917.1
13,3917.2
4,3917.4
6,3917.5
22,3917.6
5,3917.7
20,3917.8
9,3917.8
26,3917.8
27,3917.8
29,3917.9
3,3918.0
31,3918.0
23,3918.0
7,3918.0
21,3918.0
14,3918.0
11,3918.0
18,3918.3
8,3918.3
10,3918.3
28,3918.5
0,3918.6
12,3919.1
24,3919.6
1,3923.7
4,3923.9
6,3924.3
13,3924.3
26,3924.4
22,3924.6
29,3924.8
27,3924.9
3,3925.1
11,3925.2
14,3925.4
20,3926.1
21,3926.3
23,3927.3
10,3927.7
0,3927.8
8,3928.0
5,3928.1
31,3928.2
12,3928.2
7,3928.4
9,3928.4
1,3929.0
4,3929.0
26,3929.8
18,3930.4
6,3930.5
24,3930.7
25,3930.7
22,3930.8
13,3931.0
27,3931.0
29,3931.1
3,3931.4
19,3931.4
11,3932.4
14,3932.7
28,3933.3
4,3933.8
1,3934.3
26,3935.2
27,3937.5
6,3937.5
20,3937.6
22,3937.9
3,3938.5
4,3938.7
29,3938.9
21,3938.9
1,3939.8
26,3940.7
13,3943.5
4,3943.7
1,3945.8
26,3946.7
27,3947.8
4,3949.2
1,3954.4
26,3954.7
4,3955.2
4,3963.1
1,3997.1
13,3997.2
4,3997.4
6,3997.5
22,3997.6
5,3997.7
9,3997.8
27,3997.8
26,3997.8
20,3997.8
29,3997.9
21,3998.0
3,3998.0
31,3998.0
11,3998.0
14,3998.0
23,3998.0
7,3998.0
8,3998.3
10,3998.3
18,3998.3
28,3998.5
0,3998.6
12,3999.1
24,3999.6
1,4003.7
4,4004.0
6,4004.3
13,4004.3
26,4004.4
22,4004.6
29,4004.8
27,4004.9
3,4005.1
11,4005.3
14,4005.5
20,4006.1
21,4006.3
23,4007.3
10,4007.8
8,4008.0
0,4008.0
5,4008.1
31,4008.3
12,4008.3
9,4008.4
7,4008.5
4,4009.0
1,4009.0
26,4009.9
6,4010.4
18,4010.6
22,4010.8
24,4010.9
25,4011.0
13,4011.0
27,4011.0
29,4011.1
3,4011.4
11,4012.2
28,4012.7
14,4012.7
30,4012.8
16,4013.3
4,4013.8
1,4014.3
26,4015.2
6,4017.0
27,4017.5
22,4018.1
29,4018.3
3,4018.3
21,4018.5
20,4018.6
4,4018.7
1,4019.9
26,4020.8
13,4023.2
4,4023.9
1,4025.9
11,4026.0
26,4026.9
27,4027.6
4,4029.4
6,4030.2
1,4034.0
26,4035.2
4,4035.5
4,4045.0
13,4382.3
1,4382.5
5,4382.5
4,4382.6
23,4382.6
6,4382.6
22,4382.7
26,4383.0
27,4383.0
20,4383.0
11,4383.1
7,4383.1
29,4383.1
14,4383.2
3,4383.2
21,4383.2
31,4383.3
10,4383.4
8,4383.5
18,4383.6
28,4383.7
0,4383.7
12,4384.3
24,4384.9
4,4389.2
1,4389.4
22,4389.4
5,4389.5
13,4389.5
26,4389.6
6,4389.6
23,4389.6
29,4390.1
27,4390.2
3,4390.3
11,4390.4
14,4390.8
20,4391.5
21,4391.7
10,4393.1
31,4393.4
0,4393.7
8,4394.0
12,4394.1
4,4394.3
7,4394.4
22,4395.1
26,4395.1
9,4395.2
25,4395.5
1,4395.6
6,4395.8
19,4395.8
5,4395.8
23,4395.9
13,4396.2
24,4396.5
18,4396.5
27,4396.5
29,4396.6
3,4396.8
16,4397.2
11,4397.9
30,4398.5
14,4398.6
28,4398.7
2,4398.9
4,4399.3
26,4400.7
22,4400.9
1,4402.8
6,4403.0
27,4403.3
23,4403.9
5,4404.0
3,4404.3
4,4404.4
21,4405.6
29,4405.7
26,4406.5
22,4407.4
13,4408.2
4,4409.8
26,4413.3
4,4415.6
27,4416.5
22,4420.4
4,4422.6
13,4462.2
5,4462.3
4,4462.4
1,4462.4
6,4462.5
23,4462.5
22,4462.5
20,4462.8
27,4462.8
26,4462.8
11,4463.0
7,4463.0
31,4463.0
21,4463.0
14,4463.0
29,4463.0
3,4463.0
8,4463.3
10,4463.3
18,4463.4
28,4463.5
0,4463.6
12,4464.1
24,4464.6
4,4469.0
22,4469.2
13,4469.3
1,4469.3
5,4469.3
26,4469.4
6,4469.4
23,4469.5
29,4469.9
27,4469.9
3,4470.1
11,4470.3
14,4470.5
20,4471.3
21,4471.5
10,4472.8
31,4472.9
0,4473.1
8,4473.1
12,4473.2
7,4473.5
4,4474.0
22,4474.8
26,4474.8
25,4475.3
1,4475.3
9,4475.3
6,4475.4
24,4475.5
5,4475.5
18,4475.6
23,4475.7
13,4475.8
19,4475.8
16,4475.8
27,4476.1
29,4476.2
28,4476.2
3,4476.4
15,4477.2
11,4477.5
14,4477.8
2,4478.0
30,4478.1
4,4478.9
26,4480.1
22,4480.4
6,4481.9
1,4482.0
27,4482.4
5,4483.1
3,4483.4
23,4483.5
29,4483.6
4,4483.8
21,4484.5
26,4485.6
22,4486.3
13,4486.5
4,4488.9
26,4491.5
27,4491.5
22,4493.5
6,4493.7
4,4494.4
26,4498.8
4,4500.4
4,4508.3
13,4542.2
5,4542.3
1,4542.4
4,4542.4
23,4542.5
6,4542.5
22,4542.5
26,4542.8
27,4542.8
29,4542.9
20,4542.9
14,4543.0
31,4543.0
21,4543.0
11,4543.0
7,4543.0
3,4543.0
18,4543.3
10,4543.3
8,4543.3
28,4543.5
0,4543.6
12,4544.1
24,4544.6
4,4549.0
22,4549.2
5,4549.3
13,4549.3
1,4549.3
6,4549.3
26,4549.4
23,4549.5
29,4549.8
27,4549.9
3,4550.1
11,4550.3
14,4550.5
20,4551.3
21,4551.3
10,4552.7
31,4552.9
8,4552.9
0,4553.0
12,4553.1
7,4553.3
4,4554.0
22,4554.8
26,4554.8
6,4555.4
18,4555.4
1,4555.4
5,4555.5
24,4555.7
23,4555.8
25,4555.8
13,4555.9
27,4556.1
9,4556.2
29,4556.2
28,4556.2
3,4556.4
19,4556.9
11,4557.6
14,4557.8
4,4558.8
26,4560.1
22,4560.4
6,4561.9
1,4562.3
27,4562.6
5,4563.2
3,4563.5
4,4563.6
21,4563.8
23,4563.9
29,4564.2
26,4565.6
22,4566.4
13,4567.2
4,4568.7
26,4571.5
27,4573.1
6,4573.8
22,4573.9
4,4574.1
26,4578.9
4,4580.0
4,4587.2
13,4622.2
5,4622.3
4,4622.4
1,4622.4
23,4622.5
6,4622.5
22,4622.5
20,4622.8
26,4622.8
27,4622.8
29,4622.9
21,4623.0
31,4623.0
3,4623.0
11,4623.0
7,4623.0
14,4623.0
8,4623.3
18,4623.3
10,4623.3
28,4623.5
0,4623.6
12,4624.1
24,4624.6
4,4629.0
22,4629.2
6,4629.3
5,4629.3
1,4629.3
13,4629.3
26,4629.4
23,4629.5
29,4629.8
27,4629.9
3,4630.1
11,4630.3
14,4630.5
21,4631.3
20,4631.3
10,4632.7
31,4633.0
8,4633.1
0,4633.1
12,4633.2
7,4633.5
4,4634.0
26,4634.8
22,4634.8
1,4635.3
6,4635.3
5,4635.5
18,4635.6
23,4635.7
13,4635.9
24,4636.0
27,4636.0
25,4636.1
29,4636.1
3,4636.4
30,4637.2
28,4637.2
11,4637.5
16,4637.9
14,4638.0
4,4638.8
19,4639.2
26,4640.2
22,4640.4
6,4641.9
1,4642.1
27,4642.4
21,4643.1
3,4643.3
29,4643.4
5,4643.4
4,4643.6
23,4643.6
20,4645.1
26,4645.7
22,4646.4
13,4647.8
4,4648.7
27,4651.5
26,4651.7
6,4653.7
22,4654.0
4,4654.1
26,4659.3
4,4660.0
4,4667.3
13,5007.3
5,5007.5
1,5007.5
6,5007.6
4,5007.6
23,5007.6
22,5007.7
26,5008.0
27,5008.0
29,5008.0
20,5008.0
7,5008.1
11,5008.1
28,5008.1
14,5008.2
21,5008.2
31,5008.3
10,5008.4
8,5008.5
18,5008.6
0,5008.7
30,5008.7
3,5008.8
25,5009.1
12,5009.3
4,5014.2
1,5014.4
22,5014.4
13,5014.5
5,5014.5
26,5014.6
29,5014.6
23,5014.6
6,5014.6
27,5015.1
11,5015.4
28,5015.4
14,5015.8
20,5016.5
30,5016.7
21,5016.7
25,5017.2
3,5017.3
10,5018.1
31,5018.3
0,5018.6
12,5018.7
8,5019.1
4,5019.4
7,5019.7
26,5020.1
22,5020.1
29,5020.4
6,5020.6
1,5020.6
5,5020.8
23,5020.8
13,5021.2
18,5021.2
9,5021.4
27,5021.9
28,5022.2
11,5022.5
2,5023.1
14,5024.1
4,5024.4
16,5024.6
26,5025.7
22,5025.9
29,5026.2
25,5026.3
30,5027.2
6,5027.3
1,5028.2
23,5029.1
21,5029.3
5,5029.3
4,5029.7
26,5031.5
22,5032.2
29,5032.8
27,5033.4
13,5034.2
28,5035.0
4,5035.2
26,5038.2
6,5040.8
4,5041.3
22,5043.4
4,5051.2
13,5087.2
5,5087.3
1,5087.4
4,5087.4
22,5087.5
23,5087.5
6,5087.5
26,5087.8
27,5087.8
20,5087.9
29,5087.9
28,5087.9
11,5088.0
7,5088.0
21,5088.0
31,5088.0
14,5088.0
8,5088.3
10,5088.3
18,5088.3
30,5088.6
3,5088.6
0,5088.6
25,5089.0
12,5089.1
4,5094.0
22,5094.2
13,5094.3
1,5094.3
5,5094.3
26,5094.4
6,5094.4
29,5094.5
23,5094.5
27,5094.9
28,5095.1
11,5095.3
14,5095.5
21,5096.4
20,5096.4
30,5096.6
25,5096.9
3,5097.0
31,5097.8
12,5098.0
0,5098.0
10,5098.0
8,5098.3
4,5099.0
7,5099.2
22,5099.7
26,5099.8
29,5100.0
1,5100.2
6,5100.2
5,5100.4
18,5100.4
13,5100.7
23,5100.7
27,5101.2
9,5101.5
28,5101.7
2,5101.9
11,5102.3
14,5103.3
16,5103.8
4,5103.9
19,5104.0
24,5104.9
26,5105.0
22,5105.3
29,5105.6
25,5106.1
6,5106.3
1,5106.9
5,5107.9
30,5108.5
23,5108.6
21,5108.6
4,5108.9
27,5109.5
26,5110.5
13,5110.7
22,5111.1
29,5111.4
28,5111.7
4,5114.2
6,5114.4
11,5115.2
26,5116.3
22,5117.7
29,5118.3
4,5119.8
26,5123.0
4,5126.1
4,5138.1
13,5167.2
5,5167.3
1,5167.4
4,5167.4
6,5167.5
22,5167.5
23,5167.5
27,5167.8
29,5167.8
26,5167.8
20,5167.9
28,5167.9
31,5168.0
7,5168.0
14,5168.0
11,5168.0
21,5168.0
8,5168.3
10,5168.3
18,5168.3
30,5168.6
0,5168.6
3,5168.6
25,5169.0
12,5169.1
4,5173.9
22,5174.2
13,5174.2
5,5174.3
6,5174.3
1,5174.3
29,5174.4
26,5174.4
23,5174.5
27,5174.8
28,5175.1
11,5175.2
14,5175.5
20,5176.3
21,5176.3
30,5176.5
25,5176.9
3,5177.0
31,5177.7
10,5177.8
0,5177.9
12,5178.0
8,5178.2
4,5179.0
7,5179.1
22,5179.7
26,5179.8
29,5180.1
6,5180.3
1,5180.3
18,5180.4
5,5180.5
23,5180.7
13,5180.8
27,5181.3
28,5181.9
11,5182.2
9,5182.9
14,5183.3
4,5183.9
26,5185.0
22,5185.3
25,5185.3
29,5185.7
6,5186.7
1,5187.3
21,5187.6
30,5188.0
5,5188.3
23,5188.4
4,5188.8
26,5190.5
27,5190.6
22,5191.1
29,5191.7
13,5191.9
28,5193.7
4,5194.0
11,5195.4
26,5196.3
6,5197.2
22,5197.8
29,5199.5
4,5199.6
26,5203.1
4,5205.8
4,5217.2
13,5247.2
5,5247.3
4,5247.4
1,5247.4
22,5247.5
23,5247.5
6,5247.5
27,5247.8
29,5247.8
26,5247.8
20,5247.9
28,5247.9
21,5248.0
31,5248.0
7,5248.0
14,5248.0
11,5248.0
18,5248.3
8,5248.3
10,5248.3
0,5248.6
3,5248.6
30,5248.6
25,5249.0
12,5249.1
4,5254.0
22,5254.2
6,5254.3
1,5254.3
13,5254.3
5,5254.3
26,5254.4
29,5254.4
23,5254.5
27,5254.8
28,5255.1
11,5255.2
14,5255.5
21,5256.3
20,5256.4
30,5256.5
25,5256.9
3,5257.0
10,5257.8
31,5257.9
0,5258.0
12,5258.1
8,5258.2
4,5259.0
7,5259.1
22,5259.7
26,5259.8
29,5260.0
6,5260.3
1,5260.3
5,5260.5
18,5260.5
23,5260.7
13,5260.8
27,5261.4
28,5261.8
11,5262.3
9,5263.0
14,5263.2
2,5263.6
4,5263.9
26,5265.1
22,5265.3
29,5265.6
25,5265.9
6,5266.7
21,5267.0
1,5267.3
30,5268.4
5,5268.7
4,5268.8
23,5268.8
26,5270.6
27,5271.0
22,5271.2
13,5271.5
29,5271.6
28,5272.8
4,5274.0
11,5275.9
26,5276.6
6,5277.5
22,5278.1
29,5279.3
4,5279.6
26,5284.1
4,5285.7
4,5295.7
1,5632.3
13,5632.3
5,5632.5
6,5632.6
23,5632.6
4,5632.6
22,5632.7
11,5632.9
27,5633.0
20,5633.0
28,5633.1
7,5633.1
26,5633.1
21,5633.2
14,5633.2
31,5633.3
17,5633.4
10,5633.4
8,5633.5
18,5633.6
29,5633.7
0,5633.7
30,5633.7
25,5634.1
1,5639.1
4,5639.2
22,5639.4
13,5639.5
5,5639.5
6,5639.6
23,5639.6
26,5640.1
27,5640.1
11,5640.3
28,5640.4
14,5640.8
29,5640.9
20,5641.5
30,5641.7
21,5641.7
25,5642.2
10,5643.2
31,5643.5
0,5643.7
8,5644.1
4,5644.4
1,5644.6
7,5644.6
22,5645.1
9,5645.3
6,5645.6
5,5645.9
23,5645.9
18,5645.9
13,5646.1
26,5646.4
27,5647.1
12,5647.2
24,5647.3
11,5647.6
28,5648.1
29,5648.5
4,5649.4
14,5649.5
1,5650.3
22,5650.9
30,5652.2
6,5652.7
25,5654.0
4,5654.6
23,5654.6
26,5654.7
21,5655.0
5,5655.6
1,5656.6
22,5657.3
13,5658.8
27,5660.1
4,5660.1
4,5666.3
1,5668.9
22,5669.7
4,5678.3
1,5712.1
13,5712.2
5,5712.3
4,5712.4
23,5712.5
22,5712.5
6,5712.5
11,5712.7
27,5712.8
28,5712.9
20,5712.9
21,5713.0
14,5713.0
26,5713.0
7,5713.0
31,5713.0
17,5713.2
18,5713.3
10,5713.3
8,5713.3
29,5713.5
30,5713.6
0,5713.6
25,5714.0
1,5718.9
4,5719.0
22,5719.2
6,5719.3
13,5719.3
5,5719.3
23,5719.5
27,5719.9
26,5720.0
11,5720.1
28,5720.2
14,5720.5
29,5720.8
20,5721.3
21,5721.4
30,5721.5
25,5722.0
10,5722.9
31,5722.9
0,5723.2
8,5723.2
7,5724.0
4,5724.1
1,5724.3
22,5724.7
12,5725.2
18,5725.2
6,5725.3
9,5725.3
5,5725.5
13,5725.7
23,5725.7
26,5726.2
27,5726.5
16,5727.1
2,5727.4
11,5727.4
28,5727.5
14,5728.1
29,5728.3
4,5729.0
1,5729.9
22,5730.2
6,5731.7
30,5732.0
25,5733.3
26,5733.7
21,5733.9
5,5733.9
23,5733.9
4,5734.0
13,5735.5
1,5735.8
22,5736.0
27,5736.0
4,5739.4
6,5742.6
22,5742.7
1,5742.9
4,5745.2
4,5752.1
1,5792.1
13,5792.2
5,5792.3
4,5792.4
22,5792.5
23,5792.5
6,5792.5
11,5792.7
27,5792.8
28,5792.9
20,5792.9
31,5793.0
26,5793.0
21,5793.0
14,5793.0
7,5793.0
17,5793.2
10,5793.3
8,5793.3
18,5793.3
29,5793.5
30,5793.6
0,5793.6
25,5794.0
1,5798.9
4,5799.0
22,5799.2
5,5799.3
13,5799.3
6,5799.3
23,5799.5
26,5799.9
27,5799.9
11,5800.1
28,5800.2
14,5800.5
29,5800.7
20,5801.2
21,5801.3
30,5801.5
25,5802.0
10,5802.7
31,5802.9
8,5803.1
0,5803.2
7,5803.9
4,5804.0
1,5804.3
22,5804.7
6,5805.3
18,5805.3
5,5805.6
13,5805.8
9,5805.8
23,5805.9
26,5806.2
27,5806.5
28,5807.2
12,5807.2
11,5807.3
14,5808.0
29,5808.2
4,5808.9
1,5809.8
22,5810.3
6,5811.9
21,5812.9
30,5813.0
25,5813.4
4,5813.9
5,5814.0
26,5814.3
23,5815.0
1,5815.7
22,5816.2
13,5816.7
27,5817.1
4,5819.2
1,5822.5
22,5823.1
6,5823.7
4,5824.9
4,5831.7
1,5872.1
13,5872.2
5,5872.3
4,5872.4
6,5872.5
23,5872.5
22,5872.5
11,5872.7
27,5872.8
28,5872.9
20,5872.9
7,5873.0
14,5873.0
31,5873.0
26,5873.0
21,5873.0
17,5873.2
10,5873.3
18,5873.3
8,5873.3
29,5873.5
0,5873.6
30,5873.6
25,5874.0
1,5878.9
4,5879.0
22,5879.2
5,5879.3
13,5879.3
6,5879.3
23,5879.5
27,5879.9
26,5880.0
11,5880.1
28,5880.2
14,5880.5
29,5880.8
21,5881.3
20,5881.3
30,5881.5
25,5882.0
10,5882.7
31,5882.9
8,5883.2
0,5883.3
4,5884.0
7,5884.1
1,5884.4
22,5884.7
6,5885.3
18,5885.4
5,5885.6
23,5885.8
13,5885.9
26,5886.1
27,5886.3
9,5886.4
28,5887.3
11,5887.5
16,5887.7
2,5887.9
14,5888.1
29,5888.2
12,5888.4
4,5888.9
1,5890.0
22,5890.3
6,5891.9
30,5892.6
21,5893.4
25,5893.5
26,5893.8
4,5893.9
5,5894.4
23,5894.6
27,5895.4
1,5895.9
22,5896.3
13,5897.4
4,5899.2
1,5903.0
22,5903.7
6,5904.0
4,5905.0
4,5912.0
13,6257.3
5,6257.4
23,6257.5
1,6257.6
6,6257.6
22,6257.7
7,6257.8
4,6257.8
27,6258.0
28,6258.1
14,6258.2
31,6258.3
17,6258.4
8,6258.5
11,6258.6
18,6258.6
30,6258.7
29,6258.7
20,6258.8
26,6258.9
25,6259.1
5,6264.2
23,6264.2
6,6264.3
22,6264.4
13,6264.5
4,6264.6
1,6265.0
27,6265.1
7,6265.2
28,6265.4
14,6265.8
29,6265.9
30,6266.7
25,6267.2
26,6267.9
31,6268.6
8,6269.2
11,6269.5
6,6269.9
23,6269.9
5,6270.0
22,6270.1
18,6270.6
4,6270.6
0,6270.7
13,6271.1
9,6271.4
21,6271.5
27,6271.9
1,6272.2
12,6272.2
28,6272.5
7,6272.8
10,6273.3
29,6273.6
17,6274.2
14,6274.9
6,6275.2
23,6275.6
5,6275.8
22,6276.0
4,6277.0
30,6278.4
25,6279.7
6,6280.7
23,6281.7
5,6282.4
27,6283.0
22,6283.0
13,6283.5
6,6286.7
4,6287.8
23,6291.7
6,6293.9
13,6337.2
5,6337.3
1,6337.4
23,6337.4
22,6337.5
6,6337.5
4,6337.6
7,6337.7
27,6337.8
28,6337.9
14,6338.0
31,6338.0
17,6338.2
18,6338.3
8,6338.3
11,6338.4
29,6338.5
30,6338.6
20,6338.6
26,6338.8
25,6339.0
6,6344.0
23,6344.0
5,6344.0
22,6344.2
13,6344.3
4,6344.4
1,6344.7
27,6344.9
7,6344.9
28,6345.2
14,6345.5
29,6345.8
30,6346.6
25,6347.0
26,6347.8
31,6347.9
8,6348.5
11,6348.9
6,6349.3
23,6349.5
5,6349.6
18,6349.7
22,6349.8
0,6350.1
4,6350.2
13,6350.6
12,6350.6
21,6351.0
9,6351.0
27,6351.2
1,6351.3
7,6351.4
16,6351.6
10,6352.1
28,6352.2
29,6353.3
14,6353.6
6,6354.3
23,6354.9
5,6355.3
22,6355.5
4,6356.3
25,6358.2
30,6358.6
27,6359.3
6,6359.5
13,6359.8
23,6360.7
7,6360.8
5,6361.4
22,6361.7
1,6363.0
4,6363.8
6,6364.8
28,6366.0
23,6367.1
5,6369.6
6,6370.6
22,6371.4
6,6377.1
13,6417.2
5,6417.2
23,6417.3
6,6417.4
1,6417.4
22,6417.5
7,6417.6
4,6417.6
27,6417.8
28,6417.9
31,6418.0
14,6418.0
17,6418.2
8,6418.3
18,6418.3
11,6418.4
29,6418.5
30,6418.6
20,6418.6
26,6418.7
25,6419.0
5,6423.9
23,6424.0
6,6424.0
13,6424.2
22,6424.2
4,6424.4
1,6424.6
27,6424.8
7,6424.8
28,6425.1
14,6425.5
29,6425.7
30,6426.5
25,6426.9
26,6427.6
31,6427.8
8,6428.3
11,6429.2
6,6429.3
23,6429.5
5,6429.6
22,6429.8
18,6429.9
4,6430.2
13,6430.8
27,6431.3
1,6431.7
0,6431.8
21,6431.9
7,6431.9
9,6432.0
28,6432.4
29,6432.9
14,6433.1
6,6434.3
17,6434.9
23,6434.9
5,6435.2
22,6435.5
4,6436.3
30,6438.1
25,6438.7
6,6439.4
27,6440.2
23,6440.6
5,6441.2
13,6441.5
22,6441.8
4,6443.9
6,6444.8
7,6445.3
23,6447.0
5,6448.7
6,6450.6
22,6452.7
6,6457.3
23,6460.6
5,6497.2
13,6497.2
23,6497.3
1,6497.4
6,6497.4
22,6497.5
7,6497.6
4,6497.6
27,6497.8
28,6497.9
14,6498.0
31,6498.0
17,6498.2
18,6498.3
8,6498.3
11,6498.4
29,6498.5
30,6498.6
20,6498.6
26,6498.7
25,6499.0
5,6503.9
6,6504.0
23,6504.0
13,6504.2
22,6504.2
4,6504.4
1,6504.6
7,6504.8
27,6504.9
28,6505.2
14,6505.5
29,6505.7
30,6506.5
25,6507.0
26,6507.7
31,6507.9
8,6508.3
6,6509.3
23,6509.5
11,6509.5
5,6509.6
22,6509.8
18,6510.1
4,6510.2
13,6510.8
27,6511.3
1,6511.6
7,6511.7
0,6511.8
12,6512.2
9,6512.3
21,6512.4
28,6512.4
16,6512.8
29,6512.8
14,6513.3
6,6514.3
17,6514.8
23,6515.0
5,6515.2
22,6515.6
4,6516.3
30,6517.9
25,6518.9
6,6519.5
27,6519.9
23,6520.7
5,6521.2
13,6521.6
22,6521.9
4,6524.0
7,6524.6
6,6524.9
23,6527.1
5,6528.9
6,6530.7
22,6534.1
6,6537.6
23,6541.4
6,6882.4
5,6882.4
1,6882.6
22,6882.7
7,6882.8
13,6882.8
4,6882.8
23,6882.9
27,6883.0
28,6883.1
14,6883.2
31,6883.3
17,6883.4
8,6883.5
18,6883.6
11,6883.6
29,6883.7
30,6883.7
20,6883.8
26,6883.9
25,6884.1
6,6889.1
5,6889.2
22,6889.4
4,6889.6
23,6890.0
1,6890.0
27,6890.1
28,6890.4
7,6890.5
14,6890.8
29,6890.9
30,6891.7
13,6892.0
25,6892.2
26,6892.8
31,6893.4
8,6894.0
6,6894.4
5,6894.9
22,6895.1
4,6895.5
11,6895.6
18,6896.1
9,6896.2
23,6896.8
27,6896.9
21,6897.0
10,6897.2
16,6897.5
1,6897.8
12,6898.1
28,6898.2
29,6898.4
7,6898.6
0,6898.7
6,6899.5
17,6900.0
14,6900.3
5,6900.7
22,6901.1
4,6901.7
30,6903.0
6,6904.7
25,6904.8
5,6907.1
23,6907.6
22,6908.3
27,6908.4
4,6909.9
6,6910.1
6,6916.0
5,6919.4
6,6923.1
6,6962.2
5,6962.3
1,6962.4
22,6962.5
13,6962.6
7,6962.6
4,6962.6
23,6962.8
27,6962.8
28,6962.9
31,6963.0
14,6963.0
17,6963.2
18,6963.3
8,6963.3
11,6963.4
29,6963.5
20,6963.6
30,6963.6
26,6963.8
25,6964.0
6,6968.8
5,6969.0
22,6969.2
4,6969.4
1,6969.7
23,6969.8
7,6969.9
27,6969.9
28,6970.2
14,6970.6
29,6970.8
13,6971.4
30,6971.6
25,6972.0
26,6972.6
31,6972.8
8,6973.3
6,6973.9
5,6974.6
11,6974.8
22,6974.8
18,6975.2
4,6975.2
9,6975.7
23,6976.1
0,6976.1
27,6976.3
21,6976.4
12,6976.5
7,6976.8
16,6976.8
1,6976.9
2,6977.4
10,6977.6
28,6977.9
29,6978.2
6,6978.8
14,6979.1
5,6980.2
22,6980.5
4,6981.1
30,6983.6
6,6983.7
25,6983.8
23,6984.5
27,6985.1
5,6986.1
22,6986.7
4,6987.8
7,6988.4
6,6988.7
5,6993.3
6,6994.2
22,6996.7
6,7000.1
6,7007.2
6,7042.2
5,7042.2
1,7042.4
7,7042.5
22,7042.5
4,7042.6
13,7042.6
27,7042.8
23,7042.8
28,7042.9
14,7043.0
31,7043.0
17,7043.2
8,7043.3
18,7043.3
11,7043.4
29,7043.5
20,7043.6
30,7043.6
26,7043.7
25,7044.0
6,7048.8
5,7048.9
22,7049.2
4,7049.4
1,7049.7
23,7049.7
27,7049.9
7,7049.9
28,7050.2
14,7050.5
29,7050.8
13,7051.3
30,7051.5
25,7051.9
26,7052.4
31,7052.8
8,7053.2
6,7053.9
5,7054.5
22,7054.8
11,7055.0
4,7055.1
18,7055.3
23,7056.3
27,7056.4
9,7056.7
1,7057.0
7,7057.2
21,7057.7
28,7057.7
29,7058.1
6,7058.8
14,7059.5
5,7060.1
22,7060.6
4,7061.0
30,7063.0
25,7063.4
6,7063.7
23,7065.7
27,7066.0
5,7066.0
22,7066.9
4,7067.7
6,7068.8
5,7072.9
6,7074.2
22,7078.1
6,7080.2
6,7087.5
6,7122.2
5,7122.2
1,7122.4
22,7122.5
7,7122.5
13,7122.6
4,7122.6
27,7122.8
23,7122.8
28,7122.9
31,7123.0
14,7123.0
17,7123.2
8,7123.3
18,7123.3
11,7123.4
29,7123.5
20,7123.6
30,7123.6
26,7123.7
25,7124.0
6,7128.8
5,7128.9
22,7129.2
4,7129.4
1,7129.7
23,7129.7
7,7129.9
27,7129.9
28,7130.2
14,7130.6
29,7130.8
13,7131.4
30,7131.5
25,7132.0
26,7132.5
31,7132.9
8,7133.3
6,7133.9
5,7134.5
22,7134.8
11,7135.1
4,7135.2
18,7135.3
23,7136.3
27,7136.4
9,7136.8
1,7137.0
7,7137.2
28,7137.8
29,7138.0
16,7138.1
6,7138.8
14,7139.0
0,7139.1
12,7139.3
5,7140.2
22,7140.7
4,7141.1
30,7143.1
25,7143.2
6,7143.7
23,7145.7
5,7146.1
27,7146.2
22,7147.1
4,7148.1
6,7148.8
5,7153.3
6,7154.3
22,7160.1
6,7160.2
6,7167.8
5,7507.4
6,7507.4
7,7507.7
22,7507.7
13,7507.8
23,7507.8
4,7507.8
27,7507.9
28,7508.1
14,7508.2
31,7508.3
30,7508.3
20,7508.4
17,7508.4
29,7508.4
1,7508.6
11,7508.6
26,7508.9
25,7509.1
2,7509.2
5,7514.1
6,7514.1
22,7514.4
4,7514.6
23,7514.7
7,7514.8
27,7514.8
29,7515.3
28,7515.4
30,7515.5
14,7515.8
13,7517.0
20,7517.0
25,7517.2
26,7517.8
31,7518.1
5,7519.3
6,7519.4
22,7520.2
11,7520.4
23,7520.5
4,7520.6
27,7520.7
15,7520.7
7,7520.8
0,7520.8
29,7521.3
8,7521.5
2,7521.5
30,7521.7
9,7522.3
21,7522.5
16,7522.6
12,7522.9
28,7523.2
10,7523.6
5,7524.3
6,7524.4
20,7524.5
14,7525.0
22,7526.2
23,7526.4
27,7526.7
4,7526.9
7,7526.9
29,7527.6
30,7528.4
5,7529.2
6,7529.5
25,7529.8
23,7532.9
27,7533.5
22,7533.6
5,7534.1
7,7534.1
6,7534.9
29,7536.5
4,7536.5
20,7536.7
5,7539.5
6,7540.7
30,7541.1
5,7545.2
23,7546.7
6,7547.5
5,7551.9
6,7587.2
5,7587.2
22,7587.5
7,7587.5
13,7587.6
4,7587.6
23,7587.6
27,7587.8
28,7587.9
31,7588.0
14,7588.0
30,7588.2
29,7588.2
17,7588.2
20,7588.2
11,7588.4
1,7588.4
26,7588.8
25,7589.0
2,7589.0
6,7593.8
5,7593.8
22,7594.2
4,7594.4
23,7594.4
7,7594.4
27,7594.6
29,7595.2
28,7595.2
30,7595.3
14,7595.6
13,7596.4
20,7596.6
25,7597.0
31,7597.4
26,7597.7
5,7598.8
6,7598.9
11,7599.2
22,7599.9
0,7599.9
23,7600.0
15,7600.1
7,7600.1
4,7600.2
8,7600.2
27,7600.2
12,7600.2
19,7600.2
2,7600.3
17,7600.7
21,7600.9
29,7601.1
30,7601.5
9,7601.7
16,7602.0
10,7602.5
28,7602.8
5,7603.7
6,7603.8
20,7604.0
14,7604.3
23,7605.6
22,7605.7
7,7605.8
27,7605.8
4,7606.1
29,7607.2
30,7607.9
5,7608.4
6,7608.7
25,7609.1
23,7611.4
27,7611.6
7,7611.8
22,7612.1
4,7613.0
5,7613.1
6,7613.7
29,7614.9
20,7616.5
23,7617.9
27,7618.0
5,7618.1
30,7618.5
7,7618.8
6,7619.2
5,7623.4
6,7625.1
22,7625.4
5,7629.2
27,7631.2
6,7632.5
5,7635.8
5,7667.2
6,7667.2
22,7667.5
7,7667.5
13,7667.6
23,7667.6
4,7667.6
27,7667.7
28,7667.9
14,7668.0
31,7668.0
30,7668.1
17,7668.2
29,7668.2
20,7668.2
1,7668.4
11,7668.4
26,7668.7
25,7669.0
2,7669.0
5,7673.8
6,7673.8
22,7674.2
4,7674.4
23,7674.4
7,7674.4
27,7674.5
29,7675.1
28,7675.2
30,7675.3
14,7675.5
13,7676.3
20,7676.5
25,7677.0
26,7677.5
31,7677.5
5,7678.8
6,7678.9
11,7679.7
22,7679.9
23,7680.0
27,7680.2
7,7680.2
4,7680.2
0,7680.7
17,7680.8
2,7680.8
15,7681.0
29,7681.1
30,7681.5
8,7681.8
28,7682.7
21,7683.2
5,7683.7
6,7683.8
20,7683.9
14,7684.8
22,7685.7
23,7685.7
27,7685.9
7,7686.0
4,7686.2
29,7687.2
30,7688.1
5,7688.4
25,7688.6
6,7688.6
23,7691.6
27,7691.8
22,7692.0
7,7692.3
5,7693.1
4,7693.3
6,7693.7
29,7694.9
20,7695.5
5,7698.1
23,7698.6
27,7698.7
6,7699.1
30,7699.9
7,7701.1
5,7703.4
6,7705.0
22,7705.1
5,7709.2
6,7712.3
5,7716.1
6,7747.2
5,7747.2
22,7747.5
7,7747.5
13,7747.6
4,7747.6
23,7747.6
27,7747.7
28,7747.9
14,7748.0
31,7748.0
30,7748.1
29,7748.2
17,7748.2
20,7748.2
1,7748.4
11,7748.4
26,7748.7
2,7749.0
25,7749.0
5,7753.8
6,7753.8
22,7754.2
23,7754.4
4,7754.4
7,7754.4
27,7754.5
29,7755.1
28,7755.2
30,7755.3
14,7755.6
13,7756.4
20,7756.5
25,7757.0
26,7757.6
31,7757.6
6,7758.9
5,7758.9
22,7759.8
11,7759.9
23,7760.0
4,7760.1
7,7760.2
27,7760.2
0,7760.9
2,7760.9
17,7761.0
29,7761.1
15,7761.2
8,7761.4
30,7761.5
12,7761.8
28,7762.5
21,7762.5
10,7763.0
9,7763.4
6,7763.8
5,7763.8
16,7763.9
20,7764.0
14,7764.8
22,7765.6
23,7765.7
27,7766.0
7,7766.1
4,7766.2
29,7767.2
30,7768.3
5,7768.5
6,7768.7
25,7769.2
23,7771.6
27,7771.9
22,7772.0
7,7772.4
5,7773.2
4,7773.3
6,7773.8
29,7775.1
20,7775.9
5,7778.2
23,7778.9
27,7779.2
6,7779.3
30,7781.3
7,7782.2
5,7783.5
22,7784.5
6,7785.3
5,7789.3
6,7794.0
5,7796.1
6,8132.4
5,8132.4
22,8132.7
7,8132.7
13,8132.8
23,8132.8
27,8132.9
20,8133.0
28,8133.1
14,8133.2
4,8133.2
30,8133.3
31,8133.3
29,8133.4
17,8133.4
11,8133.6
1,8133.6
26,8133.9
25,8134.1
2,8134.2
6,8139.1
5,8139.1
22,8139.4
23,8139.7
27,8139.8
7,8139.8
28,8140.3
29,8140.3
4,8140.5
20,8140.5
30,8140.5
14,8140.8
13,8142.0
25,8142.2
26,8142.9
31,8143.2
5,8144.3
6,8144.4
12,8144.5
16,8144.7
21,8144.8
22,8145.1
23,8145.5
27,8145.7
7,8145.8
9,8145.8
2,8145.8
11,8145.8
0,8145.9
15,8146.1
29,8146.3
17,8146.3
30,8146.8
20,8146.9
8,8147.2
10,8147.3
28,8147.4
4,8148.1
5,8149.3
6,8149.5
14,8150.6
22,8151.0
23,8151.6
27,8151.8
7,8152.1
29,8152.6
30,8153.9
20,8154.2
5,8154.2
6,8154.6
25,8155.2
22,8157.7
23,8158.5
27,8158.8
2,8159.1
5,8159.2
6,8160.0
7,8160.3
29,8161.3
5,8164.5
6,8165.8
5,8170.3
6,8172.7
5,8177.4
6,8212.2
5,8212.2
22,8212.5
7,8212.5
23,8212.6
13,8212.6
27,8212.8
20,8212.8
14,8213.0
28,8213.0
4,8213.0
31,8213.0
17,8213.1
29,8213.2
30,8213.2
1,8213.4
11,8213.4
26,8213.8
25,8214.0
2,8214.0
6,8218.8
5,8218.8
22,8219.2
23,8219.4
7,8219.5
27,8219.6
28,8220.1
29,8220.2
20,8220.2
4,8220.2
30,8220.4
14,8220.5
13,8221.3
25,8222.1
31,8222.4
26,8222.8
5,8223.9
6,8223.9
12,8224.2
16,8224.6
11,8224.7
17,8224.7
2,8224.8
22,8224.8
23,8225.1
0,8225.1
27,8225.2
7,8225.2
21,8225.3
15,8225.5
9,8225.7
29,8226.1
8,8226.2
20,8226.5
30,8226.6
10,8226.6
28,8227.0
4,8227.3
1,8228.1
5,8228.7
14,8228.8
6,8228.8
22,8230.5
27,8230.8
23,8230.8
7,8230.9
29,8232.1
20,8233.2
30,8233.3
5,8233.5
6,8233.7
25,8234.2
27,8236.6
22,8236.7
23,8236.7
7,8236.9
2,8238.0
5,8238.3
6,8238.7
28,8239.2
29,8239.2
27,8243.1
5,8243.3
6,8244.1
7,8244.4
23,8244.4
20,8245.9
30,8246.0
22,8246.1
5,8248.8
6,8250.0
5,8254.8
6,8256.9
27,8257.3
5,8262.6
6,8292.2
5,8292.2
7,8292.5
22,8292.5
23,8292.6
13,8292.6
27,8292.7
20,8292.8
28,8292.9
4,8293.0
31,8293.0
14,8293.0
17,8293.2
29,8293.2
30,8293.2
1,8293.4
11,8293.4
26,8293.7
2,8294.0
25,8294.0
5,8298.8
6,8298.8
22,8299.2
7,8299.4
23,8299.4
27,8299.5
20,8300.1
28,8300.1
29,8300.1
4,8300.2
30,8300.3
14,8300.5
13,8301.3
25,8302.0
31,8302.3
26,8302.5
6,8303.9
5,8303.9
22,8304.8
12,8304.9
23,8305.0
11,8305.0
2,8305.1
27,8305.2
7,8305.2
17,8305.2
0,8305.8
29,8306.0
21,8306.1
16,8306.4
20,8306.5
30,8306.6
28,8306.9
8,8307.4
9,8307.4
4,8307.5
10,8308.4
6,8308.7
5,8308.8
14,8309.1
22,8310.5
23,8310.8
27,8310.9
7,8311.1
29,8312.1
20,8313.3
30,8313.5
5,8313.5
6,8313.6
25,8313.8
22,8316.7
27,8316.8
23,8316.9
7,8317.5
5,8318.2
2,8318.5
6,8318.6
28,8318.8
29,8319.3
5,8323.3
27,8323.8
6,8324.0
23,8325.3
22,8326.2
20,8326.4
7,8328.1
5,8328.7
6,8329.8
5,8334.7
6,8336.8
5,8342.5
6,8372.2
5,8372.2
7,8372.5
22,8372.5
23,8372.6
13,8372.6
27,8372.8
20,8372.8
28,8372.9
31,8373.0
4,8373.0
14,8373.0
30,8373.2
29,8373.2
17,8373.2
11,8373.4
1,8373.4
26,8373.7
2,8374.0
25,8374.0
5,8378.8
6,8378.8
22,8379.2
23,8379.4
7,8379.4
27,8379.6
28,8380.1
29,8380.1
20,8380.1
4,8380.2
30,8380.3
14,8380.5
13,8381.3
25,8382.0
31,8382.4
26,8382.6
6,8383.9
5,8383.9
22,8384.8
11,8385.1
23,8385.1
2,8385.2
27,8385.2
7,8385.2
17,8385.4
12,8385.9
29,8386.0
0,8386.2
20,8386.5
30,8386.6
28,8387.0
16,8387.0
21,8387.1
9,8387.1
4,8387.3
8,8387.4
10,8387.5
1,8388.1
14,8388.6
6,8388.8
5,8388.8
22,8390.5
23,8390.8
27,8391.0
7,8391.2
29,8392.1
20,8393.3
30,8393.5
5,8393.5
6,8393.6
25,8394.1
22,8396.7
27,8397.0
23,8397.0
7,8397.8
5,8398.3
2,8398.6
6,8398.7
29,8399.4
28,8399.6
5,8403.3
6,8404.1
27,8404.4
23,8405.8
20,8406.6
22,8406.7
5,8408.8
6,8410.0
7,8411.0
5,8414.8
6,8417.2
5,8422.6
6,8757.7
22,8757.7
7,8757.7
17,8757.8
5,8757.8
23,8757.8
20,8758.0
28,8758.1
2,8758.2
14,8758.2
30,8758.3
31,8758.3
29,8758.4
8,8758.4
25,8758.4
11,8758.6
1,8758.6
27,8758.8
26,8758.9
4,8759.4
6,8764.4
22,8764.4
23,8764.7
5,8764.7
7,8764.8
17,8765.2
29,8765.3
28,8765.3
25,8765.4
20,8765.5
30,8765.5
14,8765.8
2,8766.0
27,8766.7
8,8767.2
26,8767.9
31,8768.3
4,8770.0
22,8770.2
6,8770.3
5,8770.5
23,8770.5
21,8770.6
7,8770.8
11,8770.9
29,8771.3
12,8771.4
16,8771.7
0,8771.8
20,8771.9
25,8771.9
30,8771.9
28,8772.3
13,8772.5
2,8772.7
10,8772.7
17,8773.2
27,8773.6
14,8773.7
15,8773.9
9,8773.9
22,8776.2
6,8776.2
5,8776.3
23,8776.5
7,8777.3
29,8777.6
20,8778.8
30,8779.1
2,8780.7
25,8781.3
5,8782.6
27,8782.7
6,8782.7
23,8783.2
22,8783.6
7,8785.9
28,8786.0
29,8786.2
5,8791.9
20,8792.2
6,8795.6
7,8837.5
6,8837.5
22,8837.5
17,8837.6
23,8837.6
5,8837.7
20,8837.8
31,8838.0
28,8838.0
14,8838.0
30,8838.1
2,8838.1
29,8838.2
8,8838.3
25,8838.3
1,8838.4
11,8838.4
27,8838.6
26,8838.8
4,8839.3
6,8844.1
22,8844.2
23,8844.4
5,8844.4
7,8844.5
17,8845.0
28,8845.1
29,8845.2
20,8845.2
25,8845.3
30,8845.4
14,8845.5
2,8845.8
27,8846.4
8,8846.8
31,8847.5
26,8847.7
4,8849.7
6,8849.8
5,8849.9
11,8849.9
22,8849.9
23,8850.1
7,8850.2
21,8850.9
29,8851.1
12,8851.2
25,8851.4
20,8851.5
0,8851.5
16,8851.6
30,8851.7
28,8851.8
10,8852.5
17,8852.5
2,8852.5
15,8852.6
14,8853.2
27,8853.4
5,8855.3
6,8855.4
23,8855.7
22,8855.7
7,8856.1
29,8857.1
20,8858.1
25,8858.4
30,8858.8
5,8860.8
2,8861.0
6,8861.2
23,8861.5
22,8862.1
7,8862.4
28,8862.6
27,8864.1
29,8864.1
5,8866.6
6,8868.0
23,8868.4
20,8870.0
5,8873.5
7,8873.5
22,8875.5
6,8917.4
7,8917.5
22,8917.5
23,8917.6
17,8917.6
5,8917.7
20,8917.8
28,8917.9
31,8918.0
2,8918.0
14,8918.0
29,8918.2
25,8918.2
30,8918.2
8,8918.2
1,8918.4
11,8918.4
27,8918.6
26,8918.7
4,8919.2
6,8924.1
22,8924.2
23,8924.4
5,8924.4
7,8924.4
17,8924.9
28,8925.1
20,8925.1
29,8925.1
25,8925.2
30,8925.4
14,8925.5
2,8925.7
27,8926.4
8,8926.6
31,8927.4
26,8927.5
6,8929.7
4,8929.8
22,8929.9
11,8930.0
23,8930.0
5,8930.0
7,8930.2
29,8931.0
20,8931.4
25,8931.5
30,8931.6
12,8931.6
28,8931.9
21,8932.2
2,8932.3
17,8932.6
0,8932.8
14,8932.9
27,8933.4
13,8933.5
6,8935.3
5,8935.5
22,8935.6
23,8935.7
7,8936.2
29,8937.0
20,8937.9
30,8938.5
25,8939.5
2,8940.4
6,8941.1
5,8941.2
23,8941.7
22,8942.0
7,8942.9
27,8943.7
28,8943.7
29,8944.2
5,8947.4
6,8947.7
20,8948.3
23,8949.2
22,8955.0
7,8956.7
5,8957.2
6,8997.4
7,8997.5
22,8997.5
17,8997.6
23,8997.6
5,8997.7
20,8997.8
28,8997.9
31,8998.0
14,8998.0
2,8998.0
30,8998.2
8,8998.2
29,8998.2
25,8998.2
11,8998.4
1,8998.4
27,8998.6
26,8998.7
4,8999.2
6,9004.1
22,9004.2
5,9004.4
7,9004.4
23,9004.4
17,9004.9
29,9005.1
20,9005.1
28,9005.1
25,9005.2
30,9005.3
14,9005.5
2,9005.7
27,9006.4
8,9006.7
31,9007.5
26,9007.6
6,9009.7
22,9009.9
4,9010.0
5,9010.0
23,9010.0
7,9010.2
11,9010.2
29,9011.0
20,9011.4
30,9011.7
25,9011.7
28,9011.8
2,9012.4
17,9012.4
12,9012.6
10,9012.9
15,9013.2
14,9013.2
0,9013.3
27,9013.4
6,9015.3
22,9015.6
5,9015.6
23,9015.8
7,9016.3
29,9016.9
20,9017.8
30,9018.6
2,9020.4
25,9020.8
6,9021.1
5,9021.3
23,9021.8
22,9022.1
28,9023.1
7,9023.3
27,9023.6
29,9023.8
5,9027.7
6,9027.7
20,9027.8
23,9029.9
22,9035.4
5,9040.3
5,9382.5
6,9382.7
7,9382.7
2,9382.7
23,9382.8
11,9382.8
17,9382.8
20,9383.0
29,9383.0
27,9383.1
28,9383.1
3,9383.2
4,9383.2
22,9383.3
30,9383.3
8,9383.4
25,9383.4
1,9383.6
18,9383.6
19,9383.8
26,9383.9
14,9384.1
5,9389.1
6,9389.5
2,9389.5
23,9389.7
29,9389.7
7,9389.8
27,9390.0
11,9390.1
17,9390.2
28,9390.3
25,9390.4
20,9390.5
22,9390.5
30,9390.5
4,9390.9
8,9392.1
26,9392.9
3,9394.0
5,9394.3
14,9394.6
31,9395.1
18,9395.2
2,9395.3
6,9395.3
16,9395.4
29,9395.4
23,9395.5
12,9395.6
21,9395.9
7,9395.9
27,9396.0
30,9396.8
25,9396.9
20,9396.9
11,9397.1
28,9397.2
22,9397.5
1,9397.5
0,9398.1
17,9398.3
4,9398.8
15,9399.1
5,9399.2
29,9401.0
6,9401.2
2,9401.3
23,9401.6
7,9402.2
27,9402.3
5,9403.9
30,9404.0
20,9404.0
29,9406.7
25,9406.9
6,9407.7
2,9407.8
5,9408.7
23,9408.7
28,9410.7
7,9410.7
11,9410.7
27,9411.1
29,9413.1
5,9413.8
5,9419.4
2,9420.1
6,9421.0
29,9425.5
5,9425.7
5,9438.8
5,9462.4
6,9462.5
7,9462.5
2,9462.5
17,9462.6
11,9462.6
23,9462.6
20,9462.8
29,9462.9
27,9463.0
28,9463.0
3,9463.0
22,9463.1
4,9463.1
30,9463.2
25,9463.3
8,9463.3
1,9463.4
18,9463.5
19,9463.6
26,9463.8
14,9464.0
5,9469.0
6,9469.1
23,9469.4
2,9469.4
7,9469.5
29,9469.6
27,9469.9
11,9469.9
17,9470.0
28,9470.1
20,9470.2
22,9470.3
25,9470.3
30,9470.4
4,9470.7
8,9471.9
26,9472.8
3,9473.5
5,9473.9
14,9474.4
6,9474.7
18,9474.9
29,9474.9
31,9475.0
2,9475.0
23,9475.1
7,9475.2
16,9475.4
27,9475.7
21,9475.8
12,9475.8
0,9476.1
15,9476.4
20,9476.4
11,9476.5
25,9476.6
9,9476.7
30,9476.7
28,9477.0
1,9477.0
22,9477.1
24,9477.2
17,9477.4
19,9478.3
4,9478.4
5,9478.7
29,9480.1
6,9480.3
2,9480.6
23,9480.8
7,9481.0
27,9481.7
20,9482.9
5,9483.4
30,9483.7
25,9484.3
29,9485.3
6,9486.2
2,9486.3
11,9486.5
23,9486.9
7,9487.3
5,9488.0
22,9488.7
27,9488.8
28,9489.8
29,9490.8
5,9492.9
6,9492.9
2,9492.9
20,9493.4
23,9495.3
29,9496.8
7,9497.5
5,9498.2
5,9503.9
29,9504.6
5,9510.4
5,9542.3
2,9542.4
6,9542.4
7,9542.5
23,9542.6
17,9542.6
11,9542.6
29,9542.8
20,9542.8
27,9542.9
28,9542.9
3,9542.9
4,9543.0
22,9543.1
8,9543.2
25,9543.2
30,9543.2
18,9543.4
1,9543.4
19,9543.5
26,9543.7
14,9543.9
5,9548.9
6,9549.1
2,9549.3
23,9549.4
7,9549.4
29,9549.5
27,9549.8
11,9549.8
17,9549.9
20,9550.1
28,9550.1
25,9550.2
22,9550.2
30,9550.4
4,9550.5
8,9551.7
26,9552.7
3,9553.2
5,9553.9
14,9554.0
6,9554.7
29,9554.8
18,9554.9
2,9554.9
23,9555.1
7,9555.2
27,9555.7
31,9555.8
20,9556.4
11,9556.5
25,9556.6
30,9556.7
12,9556.8
28,9556.9
16,9557.0
22,9557.1
21,9557.1
0,9557.5
17,9557.6
15,9557.7
1,9557.8
4,9558.2
5,9558.7
19,9559.9
29,9560.0
6,9560.3
2,9560.7
23,9560.8
7,9561.2
27,9561.8
20,9563.0
5,9563.3
30,9563.6
29,9565.3
25,9565.3
6,9566.3
2,9566.7
23,9567.0
5,9568.0
11,9568.1
7,9568.1
27,9569.0
28,9569.2
22,9570.2
29,9570.8
5,9572.9
6,9573.5
2,9574.0
20,9574.6
23,9576.4
29,9576.8
5,9578.2
5,9583.9
29,9585.0
5,9590.4
5,9622.3
6,9622.4
7,9622.5
2,9622.5
23,9622.6
17,9622.6
11,9622.6
20,9622.8
29,9622.8
3,9622.9
27,9622.9
28,9623.0
4,9623.0
22,9623.1
30,9623.1
8,9623.2
25,9623.2
1,9623.4
18,9623.4
19,9623.5
26,9623.7
14,9623.9
5,9628.9
6,9629.1
2,9629.3
7,9629.4
23,9629.4
29,9629.5
11,9629.8
27,9629.8
17,9629.9
28,9630.1
20,9630.1
25,9630.2
22,9630.3
30,9630.3
4,9630.5
8,9631.7
26,9632.7
3,9633.3
5,9633.9
14,9634.3
6,9634.7
29,9634.9
2,9635.0
18,9635.0
23,9635.1
7,9635.3
27,9635.6
20,9636.4
11,9636.5
31,9636.6
30,9636.7
25,9636.7
12,9636.8
28,9637.0
22,9637.2
17,9637.3
0,9637.6
4,9638.2
21,9638.3
9,9638.4
16,9638.6
5,9638.7
29,9640.1
6,9640.4
2,9640.8
23,9640.9
7,9641.4
27,9641.7
20,9643.1
5,9643.4
30,9643.6
29,9645.4
6,9646.4
25,9646.5
2,9646.9
23,9647.1
5,9648.1
11,9648.4
7,9648.9
27,9649.0
28,9650.1
22,9650.8
29,9651.0
5,9653.0
6,9653.8
2,9655.0
20,9655.1
23,9657.0
29,9657.2
5,9658.3
5,9664.1
29,9667.3
5,9671.0
