29,87.5
23,87.8
13,87.8
10,87.8
27,87.8
2,87.9
8,87.9
25,87.9
22,88.0
4,88.0
21,88.2
6,88.2
26,88.3
20,88.3
12,88.5
19,88.7
14,88.7
15,88.7
18,88.9
31,89.1
30,89.2
24,89.3
11,89.7
29,94.2
27,94.7
23,94.8
2,95.1
13,95.1
10,95.3
8,95.6
25,95.6
21,96.1
22,96.5
6,96.9
15,97.0
26,97.8
12,98.8
4,99.1
24,99.3
31,99.4
29,99.5
1,99.8
20,99.8
7,99.8
27,100.7
16,100.8
23,100.8
30,100.9
14,100.9
2,101.1
19,101.2
5,101.6
13,101.8
18,101.9
21,103.0
0,103.1
10,103.2
11,103.3
17,103.4
8,103.8
25,104.1
22,104.5
29,104.7
6,105.6
27,106.9
23,107.0
2,107.3
15,109.9
29,110.0
13,112.5
21,112.9
2,115.3
23,115.5
27,115.5
29,115.8
29,122.4
29,167.3
10,167.5
13,167.6
23,167.6
27,167.6
25,167.6
8,167.6
4,167.7
2,167.7
22,167.8
21,168.0
6,168.0
20,168.0
26,168.1
12,168.2
14,168.4
19,168.5
15,168.6
18,168.6
31,168.9
30,168.9
24,169.0
11,169.5
29,173.9
27,174.4
23,174.6
13,174.8
2,174.8
10,175.0
8,175.2
25,175.2
21,175.7
22,176.0
6,176.4
15,176.8
26,177.2
12,177.9
4,178.0
24,178.7
20,179.0
31,179.1
29,179.1
7,179.3
1,179.3
19,180.0
30,180.1
27,180.2
14,180.2
23,180.4
18,180.4
16,180.5
2,180.7
5,181.0
0,181.3
13,181.5
10,182.4
11,182.5
21,182.6
25,182.8
8,182.9
22,183.3
29,184.1
17,184.3
6,184.9
27,186.1
23,186.4
2,186.6
29,189.2
15,189.7
13,191.3
21,192.2
27,192.6
2,193.0
23,193.3
29,194.7
22,196.1
29,200.6
27,204.6
2,205.1
29,208.1
29,247.3
10,247.5
8,247.6
23,247.6
27,247.6
13,247.6
4,247.7
2,247.7
25,247.7
22,247.8
6,248.0
21,248.0
20,248.0
26,248.1
12,248.2
14,248.4
19,248.5
15,248.6
18,248.6
31,248.9
30,249.0
24,249.0
11,249.5
29,253.9
27,254.4
23,254.5
2,254.8
13,254.8
10,254.9
8,255.1
25,255.2
21,255.7
22,255.9
6,256.4
15,256.7
26,257.2
12,257.9
4,257.9
24,258.7
31,259.0
20,259.1
29,259.1
1,259.8
7,260.0
27,260.3
19,260.4
30,260.4
23,260.4
14,260.5
2,260.7
18,260.8
13,261.5
21,262.6
8,262.8
10,262.9
11,263.1
22,263.4
25,263.9
29,264.1
6,264.7
27,266.2
23,266.4
2,266.7
15,268.7
29,269.2
13,271.5
21,272.7
27,272.9
23,273.5
2,273.7
29,274.6
22,276.7
29,280.5
29,287.8
29,632.4
23,632.7
13,632.7
27,632.8
10,632.8
8,632.8
4,632.8
22,632.9
25,632.9
2,632.9
20,633.1
6,633.1
21,633.2
26,633.3
12,633.4
14,633.5
19,633.7
15,633.7
18,633.8
31,634.0
30,634.1
24,634.2
11,634.7
29,639.0
23,639.7
27,639.7
13,640.0
2,640.1
10,640.3
8,640.5
25,640.6
21,641.0
22,641.2
6,641.7
15,641.8
26,642.9
4,643.7
12,643.7
31,644.1
29,644.3
20,644.4
24,644.4
7,645.1
1,645.3
27,645.6
23,645.6
2,646.1
30,646.2
16,646.4
19,646.5
13,646.8
5,646.9
18,647.4
14,647.5
21,647.9
10,648.2
11,648.4
8,648.7
22,648.8
0,648.9
17,649.1
25,649.1
29,649.5
6,650.1
27,651.9
23,652.0
2,652.5
15,653.1
29,654.7
13,657.3
21,657.4
27,660.1
29,660.4
23,660.7
2,661.1
22,662.4
29,666.7
29,680.6
29,712.3
10,712.5
27,712.6
23,712.6
8,712.6
13,712.6
25,712.7
4,712.7
2,712.7
22,712.8
21,713.0
20,713.0
6,713.0
26,713.1
12,713.2
14,713.4
19,713.5
15,713.6
18,713.6
30,713.9
31,713.9
24,714.0
11,714.5
29,718.9
27,719.4
23,719.6
2,719.8
13,719.8
10,719.9
8,720.2
25,720.3
21,720.7
22,721.0
6,721.4
15,721.8
26,722.3
12,722.9
4,723.1
24,723.8
20,724.1
29,724.1
31,724.2
1,724.7
7,724.9
30,725.1
27,725.2
19,725.2
23,725.4
14,725.5
2,725.7
18,725.8
5,725.9
16,726.0
0,726.5
13,726.5
10,727.3
21,727.5
8,727.6
11,727.6
25,728.0
22,728.3
17,728.4
29,729.1
6,729.9
27,731.1
23,731.4
2,731.7
29,734.2
15,734.4
13,736.4
21,737.1
27,737.6
2,738.4
23,738.4
29,739.6
22,740.9
29,745.5
27,749.6
29,753.0
29,792.3
10,792.5
13,792.6
27,792.6
8,792.6
23,792.6
4,792.7
25,792.7
2,792.7
22,792.8
6,793.0
21,793.0
20,793.0
26,793.1
12,793.2
14,793.4
19,793.5
15,793.6
18,793.6
30,793.9
31,793.9
24,794.0
11,794.5
29,798.9
27,799.4
23,799.5
2,799.8
13,799.8
10,799.9
8,800.1
25,800.3
21,800.7
22,800.9
6,801.4
15,801.7
26,802.2
4,803.0
12,803.1
24,803.8
31,804.0
20,804.1
29,804.1
27,805.3
1,805.3
23,805.4
19,805.5
7,805.5
30,805.5
2,805.7
14,805.7
18,806.0
13,806.6
21,807.6
8,808.1
10,808.1
22,808.3
25,808.5
11,808.6
29,809.0
6,809.7
27,811.2
23,811.5
2,811.8
15,813.3
29,814.1
13,817.3
21,817.7
27,817.9
2,818.7
23,818.7
29,819.5
22,821.3
29,825.3
29,832.4
29,872.3
10,872.5
23,872.6
8,872.6
13,872.6
27,872.6
4,872.7
25,872.7
2,872.7
22,872.8
6,873.0
21,873.0
20,873.0
26,873.1
12,873.2
14,873.4
19,873.5
18,873.6
15,873.6
30,873.9
31,873.9
24,874.0
11,874.5
29,878.9
27,879.4
23,879.5
2,879.8
13,879.8
10,880.0
8,880.1
25,880.3
21,880.7
22,880.9
6,881.4
15,881.7
26,882.3
4,883.1
12,883.1
24,883.9
29,884.0
20,884.1
31,884.1
27,885.3
23,885.4
19,885.6
30,885.6
1,885.6
2,885.8
14,885.9
18,886.3
13,886.6
10,887.4
21,887.5
22,888.1
8,888.2
11,888.3
16,888.6
29,889.0
25,889.6
6,889.6
27,891.3
23,891.5
2,891.9
15,893.9
29,894.1
21,896.5
13,896.8
27,898.1
23,898.7
2,899.0
29,899.4
22,899.5
29,905.2
29,912.2
29,1257.4
13,1257.7
23,1257.7
27,1257.8
10,1257.8
8,1257.8
4,1257.8
25,1257.9
2,1257.9
22,1257.9
6,1258.1
20,1258.1
21,1258.2
26,1258.3
12,1258.4
14,1258.6
15,1258.7
19,1258.7
18,1258.8
31,1259.0
30,1259.1
24,1259.2
11,1259.7
29,1264.0
27,1264.7
23,1264.7
13,1265.0
2,1265.1
10,1265.3
8,1265.6
25,1265.7
21,1266.0
22,1266.2
6,1266.7
15,1266.8
26,1268.0
4,1268.7
12,1268.8
31,1269.1
29,1269.3
20,1269.4
24,1269.6
7,1270.5
27,1270.6
23,1270.6
1,1270.7
2,1271.2
30,1271.3
19,1271.5
13,1271.8
16,1271.8
5,1272.3
14,1272.7
18,1272.7
21,1272.9
8,1273.6
11,1273.7
17,1273.7
22,1273.8
10,1274.2
29,1274.3
25,1274.4
6,1275.1
27,1276.9
23,1276.9
2,1277.7
15,1278.1
29,1279.5
13,1282.6
21,1282.8
29,1285.1
27,1285.3
23,1285.5
2,1286.8
29,1291.2
29,1302.5
29,1337.3
10,1337.5
13,1337.6
27,1337.6
8,1337.6
23,1337.6
2,1337.7
4,1337.7
25,1337.7
22,1337.8
20,1338.0
21,1338.0
6,1338.0
26,1338.1
12,1338.2
14,1338.4
19,1338.5
18,1338.6
15,1338.6
30,1338.9
31,1338.9
24,1339.0
11,1339.5
29,1343.9
27,1344.4
23,1344.5
2,1344.8
13,1344.8
10,1345.0
8,1345.2
25,1345.3
21,1345.7
22,1346.0
6,1346.5
15,1346.8
26,1347.3
12,1347.9
4,1348.2
24,1348.9
29,1349.0
20,1349.1
31,1349.2
7,1350.0
1,1350.0
30,1350.2
19,1350.2
27,1350.3
14,1350.4
23,1350.4
2,1350.7
5,1350.9
18,1351.0
0,1351.4
13,1351.5
16,1352.1
8,1352.2
10,1352.4
11,1352.5
21,1352.6
25,1352.7
17,1352.9
22,1353.4
29,1354.0
6,1355.0
27,1356.2
23,1356.4
2,1356.6
29,1359.1
15,1359.4
13,1361.4
21,1361.9
27,1362.8
2,1363.3
23,1363.4
29,1364.4
22,1366.3
29,1370.2
27,1375.9
2,1376.5
29,1377.2
29,1417.3
10,1417.5
23,1417.6
13,1417.6
27,1417.6
8,1417.6
25,1417.7
2,1417.7
4,1417.7
22,1417.8
20,1418.0
6,1418.0
21,1418.0
26,1418.1
12,1418.2
14,1418.4
19,1418.5
18,1418.6
15,1418.6
31,1418.9
30,1418.9
24,1419.0
11,1419.5
29,1423.9
27,1424.4
23,1424.5
13,1424.8
2,1424.8
10,1424.9
8,1425.1
25,1425.2
21,1425.7
22,1425.9
6,1426.4
15,1426.7
26,1427.2
4,1428.0
12,1428.1
24,1428.8
31,1429.0
29,1429.0
20,1429.1
27,1430.3
23,1430.4
19,1430.5
1,1430.5
30,1430.6
7,1430.7
2,1430.7
14,1430.7
18,1431.2
13,1431.6
21,1432.6
8,1432.9
10,1433.0
11,1433.2
22,1433.3
25,1433.6
29,1433.9
6,1434.7
27,1436.2
23,1436.4
2,1436.8
15,1438.0
29,1438.9
21,1442.4
13,1442.4
27,1442.9
23,1443.5
2,1443.7
29,1444.2
22,1446.3
29,1449.9
29,1456.6
29,1497.3
13,1497.6
8,1497.6
27,1497.6
23,1497.6
10,1497.6
2,1497.7
4,1497.7
25,1497.7
22,1497.8
21,1498.0
6,1498.0
20,1498.0
26,1498.1
12,1498.2
14,1498.4
19,1498.5
18,1498.6
15,1498.6
30,1498.9
31,1498.9
24,1499.0
11,1499.5
29,1503.9
27,1504.4
23,1504.5
2,1504.8
13,1504.8
10,1505.0
8,1505.1
25,1505.3
21,1505.7
22,1505.9
6,1506.5
15,1506.7
26,1507.3
12,1508.1
4,1508.2
24,1508.9
29,1509.0
31,1509.0
20,1509.2
27,1510.3
23,1510.4
19,1510.6
30,1510.6
2,1510.7
1,1510.8
14,1510.9
18,1511.4
13,1511.6
10,1512.4
21,1512.5
8,1513.0
11,1513.2
22,1513.3
25,1513.9
29,1513.9
6,1514.9
27,1516.3
23,1516.4
2,1516.8
29,1518.9
15,1518.9
21,1521.4
13,1521.9
27,1523.1
23,1523.5
2,1523.8
29,1524.2
22,1526.1
29,1529.9
29,1536.4
29,1882.4
13,1882.7
23,1882.7
8,1882.8
27,1882.8
10,1882.8
4,1882.8
22,1882.9
25,1882.9
2,1882.9
6,1883.1
20,1883.1
21,1883.2
26,1883.3
12,1883.4
14,1883.6
15,1883.7
19,1883.7
18,1883.8
31,1884.0
30,1884.1
24,1884.2
11,1884.7
29,1889.0
23,1889.7
27,1889.7
13,1890.0
2,1890.1
10,1890.3
8,1890.6
25,1890.7
21,1891.0
22,1891.2
6,1891.7
15,1891.9
26,1893.0
4,1893.7
12,1893.9
31,1894.1
29,1894.2
20,1894.5
24,1894.6
27,1895.6
7,1895.6
23,1895.6
1,1895.8
2,1896.1
30,1896.3
19,1896.5
13,1896.8
16,1897.0
5,1897.2
18,1897.7
21,1897.9
14,1898.2
22,1898.6
8,1898.6
11,1898.7
10,1898.7
29,1899.2
6,1899.9
25,1900.6
27,1901.8
23,1901.9
2,1902.6
15,1903.1
29,1904.3
21,1907.9
13,1907.9
27,1909.7
29,1909.8
23,1910.4
22,1911.4
2,1911.5
29,1915.7
29,1924.2
29,1962.3
8,1962.6
27,1962.6
10,1962.6
23,1962.6
13,1962.6
2,1962.7
25,1962.7
4,1962.7
22,1962.8
20,1963.0
21,1963.0
6,1963.0
26,1963.1
12,1963.2
14,1963.4
19,1963.5
18,1963.6
15,1963.6
30,1963.9
31,1963.9
24,1964.0
11,1964.5
29,1968.9
27,1969.4
23,1969.5
13,1969.8
2,1969.8
10,1970.0
8,1970.2
25,1970.4
21,1970.7
22,1971.0
6,1971.5
15,1971.8
26,1972.3
12,1973.0
4,1973.2
29,1974.0
24,1974.0
20,1974.1
31,1974.2
7,1975.1
27,1975.2
30,1975.2
1,1975.2
19,1975.3
23,1975.4
14,1975.5
2,1975.7
5,1976.0
18,1976.0
16,1976.1
0,1976.4
13,1976.5
17,1976.9
11,1977.3
10,1977.4
8,1977.6
21,1977.7
25,1978.1
22,1978.2
29,1978.9
6,1979.7
27,1981.1
23,1981.3
2,1981.5
29,1983.9
15,1984.4
13,1986.4
27,1987.6
2,1988.0
21,1988.0
23,1988.1
29,1989.2
22,1990.2
29,1994.9
27,1999.2
2,1999.2
29,2001.4
29,2042.3
10,2042.5
8,2042.6
23,2042.6
27,2042.6
13,2042.6
2,2042.7
4,2042.7
25,2042.7
22,2042.8
21,2043.0
20,2043.0
6,2043.0
26,2043.1
12,2043.2
14,2043.4
19,2043.5
15,2043.6
18,2043.6
30,2043.9
31,2043.9
24,2044.0
11,2044.5
29,2048.9
27,2049.4
23,2049.5
13,2049.8
2,2049.8
10,2050.0
8,2050.2
25,2050.3
21,2050.7
22,2050.9
6,2051.4
15,2051.7
26,2052.3
4,2053.0
12,2053.1
29,2053.9
24,2053.9
31,2054.1
20,2054.1
27,2055.3
23,2055.4
19,2055.5
1,2055.6
30,2055.6
2,2055.7
7,2055.8
14,2055.9
18,2056.3
13,2056.6
21,2057.6
10,2058.2
22,2058.3
8,2058.4
11,2058.6
29,2058.8
25,2059.5
6,2059.7
27,2061.2
23,2061.4
2,2061.7
29,2063.8
15,2064.1
21,2067.1
13,2067.4
27,2067.8
23,2068.4
2,2068.5
29,2069.0
22,2071.3
29,2074.7
27,2081.1
29,2081.1
29,2122.3
10,2122.5
13,2122.6
27,2122.6
23,2122.6
8,2122.6
4,2122.7
2,2122.7
25,2122.7
22,2122.8
20,2123.0
21,2123.0
6,2123.0
26,2123.1
12,2123.2
14,2123.4
19,2123.5
18,2123.6
15,2123.6
31,2123.9
24,2124.0
30,2124.0
11,2124.5
29,2128.9
27,2129.4
23,2129.5
2,2129.8
13,2129.8
10,2130.0
8,2130.2
25,2130.3
21,2130.7
22,2130.9
6,2131.5
15,2131.8
26,2132.3
12,2133.1
4,2133.2
29,2133.9
24,2134.0
20,2134.2
31,2134.2
27,2135.3
23,2135.4
30,2135.7
19,2135.7
2,2135.7
14,2135.9
1,2135.9
18,2136.4
13,2136.6
21,2137.5
10,2137.6
11,2137.9
8,2138.0
22,2138.2
29,2138.8
25,2138.9
6,2139.8
27,2141.2
23,2141.4
2,2141.7
15,2143.5
29,2143.7
13,2146.9
21,2146.9
27,2147.9
23,2148.3
2,2148.6
29,2148.9
22,2150.8
29,2154.6
29,2160.9
29,2174.4
29,2507.4
13,2507.7
23,2507.7
10,2507.8
8,2507.8
4,2507.8
27,2507.8
22,2507.9
2,2507.9
25,2507.9
6,2508.1
20,2508.1
21,2508.2
26,2508.3
12,2508.4
14,2508.5
15,2508.7
19,2508.7
18,2508.8
31,2509.0
30,2509.1
24,2509.2
11,2509.7
29,2514.0
23,2514.6
27,2514.7
13,2515.0
2,2515.1
10,2515.3
8,2515.6
25,2515.7
21,2516.0
22,2516.2
6,2516.7
15,2516.8
26,2518.0
4,2518.7
12,2518.8
29,2519.1
31,2519.2
20,2519.5
24,2519.6
7,2520.6
23,2520.6
27,2520.6
1,2520.8
2,2521.1
30,2521.3
19,2521.5
13,2521.8
16,2522.1
5,2522.3
18,2522.8
21,2522.9
14,2523.4
8,2523.6
22,2523.7
11,2524.0
29,2524.1
10,2524.2
6,2525.2
25,2525.7
27,2526.8
23,2526.9
2,2527.6
15,2528.0
29,2529.1
13,2532.8
21,2532.8
29,2534.4
27,2534.6
23,2535.2
2,2536.6
29,2540.2
29,2547.4
29,2587.3
27,2587.6
13,2587.6
8,2587.6
23,2587.6
10,2587.6
25,2587.7
2,2587.7
4,2587.7
22,2587.8
21,2588.0
20,2588.0
6,2588.0
26,2588.1
12,2588.2
14,2588.4
19,2588.5
18,2588.6
15,2588.6
31,2588.9
30,2588.9
24,2589.0
11,2589.5
29,2593.9
27,2594.4
23,2594.5
13,2594.8
2,2594.8
10,2595.0
8,2595.2
25,2595.4
21,2595.7
22,2596.0
6,2596.5
15,2596.8
26,2597.3
12,2598.0
4,2598.2
29,2598.9
24,2599.0
20,2599.2
31,2599.2
1,2600.1
7,2600.2
19,2600.2
27,2600.2
30,2600.3
23,2600.4
14,2600.4
2,2600.6
5,2601.0
18,2601.1
13,2601.5
0,2601.5
16,2601.6
17,2601.8
8,2602.2
11,2602.2
10,2602.4
21,2602.7
25,2603.0
22,2603.4
29,2603.8
6,2605.0
27,2606.1
23,2606.3
2,2606.6
29,2608.7
15,2609.3
13,2611.5
27,2612.5
21,2612.9
23,2613.0
2,2613.1
29,2613.9
22,2616.2
29,2619.5
27,2624.4
2,2625.2
29,2625.8
29,2639.7
29,2667.3
23,2667.6
10,2667.6
27,2667.6
13,2667.6
8,2667.6
25,2667.7
2,2667.7
4,2667.7
22,2667.8
21,2668.0
20,2668.0
6,2668.0
26,2668.1
12,2668.2
14,2668.4
19,2668.5
15,2668.6
18,2668.6
31,2668.9
30,2668.9
24,2669.0
11,2669.5
29,2673.8
27,2674.4
23,2674.5
13,2674.8
2,2674.8
10,2675.0
8,2675.1
25,2675.3
21,2675.7
22,2675.9
6,2676.4
15,2676.7
26,2677.2
4,2678.0
12,2678.1
24,2678.9
29,2678.9
31,2679.0
20,2679.2
27,2680.3
23,2680.4
19,2680.5
30,2680.6
1,2680.6
2,2680.7
7,2680.7
14,2680.8
18,2681.3
13,2681.7
21,2682.6
8,2683.0
10,2683.1
22,2683.2
11,2683.6
29,2683.7
25,2684.1
6,2684.7
27,2686.1
23,2686.4
2,2686.7
15,2688.0
29,2688.6
21,2692.0
13,2692.5
27,2692.7
2,2693.4
23,2693.4
29,2693.7
22,2696.1
29,2699.2
29,2705.4
27,2705.4
2,2707.3
29,2716.2
29,2747.3
10,2747.6
27,2747.6
13,2747.6
8,2747.6
23,2747.6
25,2747.7
2,2747.7
4,2747.7
22,2747.8
6,2748.0
20,2748.0
21,2748.0
26,2748.1
12,2748.2
14,2748.4
19,2748.5
18,2748.6
15,2748.6
31,2748.9
30,2749.0
24,2749.0
11,2749.5
29,2753.8
27,2754.4
23,2754.5
13,2754.8
2,2754.8
10,2755.0
8,2755.2
25,2755.3
21,2755.7
22,2755.9
6,2756.5
15,2756.7
26,2757.3
12,2758.2
4,2758.2
29,2758.9
24,2759.0
31,2759.1
20,2759.2
27,2760.3
23,2760.4
19,2760.6
30,2760.7
2,2760.7
1,2760.8
14,2760.9
18,2761.5
13,2761.6
10,2762.4
21,2762.5
11,2762.9
8,2763.1
22,2763.1
16,2763.2
29,2763.7
25,2763.7
6,2764.9
27,2766.1
23,2766.4
2,2766.7
29,2768.6
15,2769.0
21,2771.9
13,2772.0
27,2772.7
23,2773.3
2,2773.5
29,2773.7
22,2774.6
29,2779.2
29,2785.3
27,2785.6
29,2795.9
29,3132.4
13,3132.7
23,3132.7
10,3132.8
4,3132.8
8,3132.8
27,3132.8
25,3132.9
2,3132.9
22,3132.9
20,3133.1
6,3133.1
21,3133.2
26,3133.3
12,3133.4
14,3133.5
19,3133.7
15,3133.7
18,3133.8
31,3134.0
30,3134.1
24,3134.2
11,3134.7
29,3138.9
27,3139.6
23,3139.6
13,3140.0
2,3140.0
10,3140.3
8,3140.6
25,3140.7
21,3141.0
22,3141.2
6,3141.7
15,3141.9
26,3143.0
4,3143.7
12,3143.9
29,3144.1
31,3144.2
20,3144.5
24,3144.6
7,3145.6
27,3145.6
23,3145.6
1,3145.8
2,3146.1
30,3146.3
19,3146.5
13,3146.8
16,3146.9
5,3147.1
21,3147.8
18,3148.1
14,3148.3
8,3148.6
22,3148.7
11,3148.7
29,3149.0
10,3149.2
17,3150.1
6,3150.2
25,3150.7
27,3151.7
23,3151.8
2,3152.6
29,3154.0
15,3154.7
21,3157.0
13,3157.8
27,3159.2
29,3159.3
23,3160.0
2,3161.1
22,3162.4
29,3165.1
29,3172.2
29,3212.3
13,3212.6
8,3212.6
23,3212.6
27,3212.6
10,3212.6
2,3212.7
25,3212.7
4,3212.7
22,3212.8
20,3213.0
21,3213.0
6,3213.0
26,3213.1
12,3213.2
14,3213.4
19,3213.5
15,3213.6
18,3213.6
31,3213.9
30,3214.0
24,3214.0
11,3214.5
29,3218.8
27,3219.4
23,3219.5
13,3219.8
2,3219.8
10,3220.0
8,3220.2
25,3220.4
21,3220.7
22,3221.0
6,3221.5
15,3221.9
26,3222.4
12,3223.0
4,3223.2
29,3223.9
24,3224.0
31,3224.2
20,3224.2
1,3225.0
7,3225.1
27,3225.2
19,3225.3
30,3225.3
23,3225.4
14,3225.6
2,3225.6
5,3225.9
18,3225.9
0,3226.4
13,3226.5
17,3227.0
16,3227.1
11,3227.6
21,3227.6
8,3227.6
10,3227.7
25,3228.1
22,3228.3
29,3228.7
6,3230.0
27,3231.0
23,3231.3
2,3231.5
29,3233.6
15,3235.0
13,3236.5
27,3237.4
21,3237.6
23,3237.9
2,3238.0
29,3238.7
22,3240.9
29,3244.2
27,3247.7
2,3250.0
29,3250.4
29,3261.2
29,3292.3
8,3292.6
13,3292.6
27,3292.6
10,3292.6
23,3292.6
2,3292.7
25,3292.7
4,3292.7
22,3292.8
6,3293.0
21,3293.0
20,3293.0
26,3293.1
12,3293.2
14,3293.4
19,3293.5
18,3293.6
15,3293.6
31,3293.9
24,3294.0
30,3294.0
11,3294.5
29,3298.8
27,3299.4
23,3299.5
2,3299.7
13,3299.8
10,3300.0
8,3300.1
25,3300.3
21,3300.7
22,3300.9
6,3301.5
15,3301.7
26,3302.3
4,3303.0
12,3303.1
24,3303.8
29,3303.8
20,3304.2
31,3304.2
27,3305.2
23,3305.3
19,3305.5
2,3305.7
30,3305.7
1,3305.7
7,3305.8
14,3306.0
18,3306.2
13,3306.6
21,3307.5
10,3308.2
22,3308.2
8,3308.2
11,3308.6
29,3308.7
25,3309.1
6,3309.7
27,3311.1
23,3311.4
2,3311.6
15,3313.4
29,3313.5
21,3316.9
13,3317.5
27,3317.5
23,3318.3
2,3318.4
29,3318.5
22,3320.9
29,3324.0
27,3329.0
29,3330.1
2,3332.4
29,3339.1
29,3372.3
8,3372.6
10,3372.6
13,3372.6
27,3372.6
23,3372.6
4,3372.7
2,3372.7
25,3372.7
22,3372.8
21,3373.0
6,3373.0
20,3373.0
26,3373.1
12,3373.2
14,3373.4
19,3373.5
15,3373.6
18,3373.6
31,3373.9
30,3374.0
24,3374.0
11,3374.5
29,3378.8
27,3379.4
23,3379.5
13,3379.8
2,3379.8
10,3380.0
8,3380.2
25,3380.3
21,3380.7
22,3380.9
6,3381.5
15,3381.7
26,3382.4
12,3383.2
4,3383.2
29,3383.8
24,3384.0
31,3384.2
20,3384.2
27,3385.2
23,3385.3
2,3385.7
30,3385.7
19,3385.7
1,3385.8
14,3385.9
18,3386.5
13,3386.6
10,3387.4
21,3387.5
11,3387.9
22,3388.3
8,3388.3
29,3388.7
25,3388.8
6,3389.9
27,3391.1
23,3391.3
2,3391.7
15,3392.9
29,3393.5
13,3396.9
21,3396.9
27,3397.6
23,3398.2
29,3398.5
2,3398.5
22,3401.1
29,3403.9
29,3409.9
27,3410.4
29,3418.2
13,3757.3
29,3757.4
22,3757.5
6,3757.7
23,3757.7
27,3757.8
10,3757.8
4,3757.8
25,3757.9
8,3757.9
20,3758.1
5,3758.1
2,3758.2
26,3758.3
21,3758.4
12,3758.4
14,3758.5
15,3758.7
18,3758.8
31,3759.0
30,3759.1
24,3759.2
29,3763.9
13,3764.1
22,3764.6
27,3764.6
23,3764.6
6,3764.8
10,3765.3
8,3765.6
25,3765.7
2,3766.5
15,3766.9
26,3767.9
21,3768.0
12,3768.6
4,3768.7
24,3768.8
31,3768.9
29,3769.1
20,3769.2
1,3769.5
7,3769.8
13,3769.8
27,3770.6
23,3770.6
30,3770.8
17,3770.9
22,3770.9
6,3771.0
19,3771.7
3,3771.8
16,3772.0
0,3772.3
18,3772.5
5,3772.9
14,3773.0
8,3773.6
10,3773.9
29,3773.9
25,3774.5
13,3775.3
27,3776.7
23,3776.9
22,3777.9
2,3778.1
6,3778.1
29,3778.9
15,3779.7
13,3781.1
30,3783.9
29,3784.2
27,3784.5
23,3785.0
13,3787.7
29,3789.9
29,3796.7
13,3837.1
29,3837.3
22,3837.3
6,3837.5
27,3837.6
8,3837.6
10,3837.6
23,3837.6
4,3837.7
25,3837.7
5,3837.9
2,3838.0
20,3838.0
26,3838.1
12,3838.2
21,3838.3
14,3838.4
15,3838.6
18,3838.6
31,3838.9
30,3838.9
24,3839.0
29,3843.8
13,3843.9
22,3844.4
27,3844.4
23,3844.5
6,3844.6
10,3844.9
8,3845.2
25,3845.3
2,3846.1
15,3846.9
26,3847.2
21,3847.5
12,3847.9
24,3848.2
4,3848.2
31,3848.7
20,3848.8
29,3848.9
1,3849.4
30,3849.4
13,3849.4
7,3849.7
27,3850.2
23,3850.3
22,3850.4
14,3850.5
11,3850.7
18,3850.8
6,3850.8
17,3851.0
16,3851.1
3,3851.3
19,3851.7
5,3852.0
8,3852.0
10,3852.3
25,3852.6
29,3853.7
13,3854.7
2,3855.2
23,3856.2
27,3856.2
22,3856.8
6,3857.3
29,3858.5
13,3860.2
15,3860.8
30,3861.5
23,3862.6
27,3862.8
29,3863.6
8,3864.5
22,3866.1
13,3866.1
29,3869.2
6,3869.4
13,3873.2
23,3874.2
29,3875.3
27,3876.5
29,3886.3
13,3917.1
29,3917.3
22,3917.3
6,3917.5
10,3917.6
27,3917.6
23,3917.6
8,3917.6
4,3917.7
25,3917.7
5,3917.9
2,3918.0
20,3918.0
26,3918.1
12,3918.2
21,3918.3
14,3918.4
15,3918.6
18,3918.6
31,3918.9
30,3918.9
24,3919.0
29,3923.8
13,3923.9
27,3924.4
22,3924.4
23,3924.5
6,3924.6
10,3924.9
8,3925.1
25,3925.2
2,3926.0
15,3926.8
26,3927.1
21,3927.6
4,3928.0
12,3928.1
24,3928.3
31,3928.7
29,3928.8
20,3928.9
13,3929.4
30,3929.8
1,3930.2
27,3930.2
23,3930.3
7,3930.5
22,3930.5
14,3930.7
5,3930.7
6,3930.8
18,3931.1
8,3932.2
10,3932.3
25,3933.2
29,3933.6
17,3934.5
13,3934.8
2,3935.5
27,3936.1
23,3936.3
22,3937.1
6,3937.4
29,3938.5
15,3940.3
13,3940.4
30,3941.8
27,3942.6
23,3942.9
29,3943.5
13,3946.4
22,3948.2
29,3949.0
6,3950.1
13,3954.1
27,3954.9
29,3955.1
29,3965.2
13,3997.1
22,3997.3
29,3997.3
10,3997.5
6,3997.5
23,3997.6
8,3997.6
27,3997.6
4,3997.7
25,3997.7
5,3997.9
20,3998.0
2,3998.0
26,3998.1
12,3998.2
21,3998.3
14,3998.4
18,3998.6
15,3998.6
30,3998.9
31,3998.9
24,3999.0
29,4003.8
13,4003.9
22,4004.4
27,4004.4
23,4004.5
6,4004.6
10,4004.9
8,4005.1
25,4005.3
2,4006.1
15,4006.8
26,4007.2
21,4007.6
4,4008.1
12,4008.1
24,4008.5
29,4008.8
31,4008.9
20,4009.0
13,4009.5
30,4010.1
27,4010.2
23,4010.3
22,4010.5
6,4010.8
1,4010.8
14,4010.9
7,4010.9
18,4011.4
10,4012.0
8,4012.6
5,4013.7
29,4013.7
25,4013.9
13,4015.0
27,4016.1
23,4016.2
2,4016.5
22,4017.2
6,4017.5
29,4018.5
15,4020.3
13,4020.7
23,4022.7
30,4022.7
27,4022.7
29,4023.6
13,4026.9
29,4029.1
22,4029.1
6,4030.5
29,4035.2
23,4035.6
27,4036.2
13,4037.3
29,4046.5
13,4382.3
29,4382.4
22,4382.5
6,4382.7
23,4382.7
10,4382.8
4,4382.8
27,4383.1
20,4383.1
5,4383.1
2,4383.2
26,4383.3
21,4383.4
12,4383.4
0,4383.5
14,4383.6
25,4383.7
15,4383.7
18,4383.8
31,4384.0
8,4384.1
30,4384.1
24,4384.2
29,4388.9
13,4389.1
22,4389.6
23,4389.6
6,4389.8
10,4390.3
27,4390.4
2,4391.3
15,4391.9
26,4392.9
21,4393.0
12,4393.6
24,4393.8
4,4393.9
29,4394.1
20,4394.2
31,4394.2
13,4394.8
8,4395.3
23,4395.5
22,4395.9
1,4395.9
0,4395.9
30,4396.0
6,4396.1
25,4396.7
27,4397.2
10,4397.9
17,4398.3
18,4398.4
3,4398.6
29,4398.9
14,4399.6
13,4400.6
2,4400.8
23,4401.7
22,4403.1
6,4403.5
29,4403.9
15,4404.8
13,4406.8
27,4408.1
29,4409.2
30,4409.4
23,4409.4
29,4415.0
13,4416.5
29,4422.0
13,4462.1
29,4462.3
22,4462.3
6,4462.5
23,4462.6
10,4462.6
4,4462.7
27,4462.9
5,4462.9
20,4463.0
2,4463.0
26,4463.1
12,4463.2
21,4463.3
25,4463.4
14,4463.4
0,4463.4
15,4463.6
18,4463.6
8,4463.8
31,4463.9
30,4463.9
24,4464.0
29,4468.8
13,4468.9
22,4469.4
23,4469.5
6,4469.6
10,4470.0
27,4470.1
2,4470.9
15,4471.9
26,4472.2
21,4472.7
12,4472.9
24,4473.2
4,4473.4
20,4473.8
29,4473.9
31,4474.0
8,4474.4
13,4474.5
30,4474.6
1,4475.2
5,4475.2
23,4475.3
0,4475.4
14,4475.4
22,4475.5
6,4475.9
25,4476.0
18,4476.3
27,4476.7
7,4476.8
17,4477.4
10,4477.8
29,4478.7
2,4479.6
13,4480.0
23,4481.1
22,4481.9
6,4483.0
29,4483.5
13,4485.8
15,4485.8
27,4486.1
30,4486.8
23,4487.5
29,4488.7
13,4492.1
22,4492.1
29,4494.3
23,4498.1
29,4500.5
13,4504.7
29,4513.9
13,4542.1
22,4542.3
29,4542.3
6,4542.5
10,4542.6
23,4542.6
4,4542.7
5,4542.9
27,4542.9
2,4543.0
20,4543.0
26,4543.1
12,4543.2
21,4543.2
0,4543.3
25,4543.4
14,4543.4
15,4543.6
18,4543.6
8,4543.8
30,4543.9
31,4543.9
24,4544.0
29,4548.8
13,4548.9
22,4549.4
23,4549.5
6,4549.6
10,4550.0
27,4550.2
2,4550.9
15,4551.8
26,4552.1
21,4552.6
12,4553.0
24,4553.2
4,4553.3
20,4553.8
29,4553.9
31,4554.0
8,4554.3
13,4554.5
30,4555.0
0,4555.3
23,4555.3
22,4555.5
5,4555.5
14,4555.6
25,4555.7
1,4555.8
6,4555.8
18,4556.6
27,4556.9
10,4557.4
29,4558.7
2,4560.0
13,4560.1
23,4561.3
22,4562.0
6,4562.7
29,4563.5
15,4565.3
13,4565.9
27,4566.7
30,4567.3
23,4568.0
29,4568.6
13,4572.4
22,4572.8
29,4574.1
29,4580.3
13,4586.7
29,4592.3
13,4622.1
22,4622.3
29,4622.3
6,4622.5
23,4622.6
10,4622.6
4,4622.7
27,4622.9
5,4622.9
20,4623.0
2,4623.0
26,4623.1
12,4623.2
21,4623.3
0,4623.3
25,4623.4
14,4623.4
15,4623.6
18,4623.6
8,4623.8
30,4623.9
31,4623.9
24,4624.0
29,4628.8
13,4628.9
22,4629.4
23,4629.5
6,4629.6
10,4630.0
27,4630.2
2,4630.9
15,4631.8
26,4632.2
21,4632.7
12,4633.1
4,4633.3
24,4633.3
29,4633.8
20,4633.8
31,4634.0
8,4634.4
13,4634.5
30,4635.2
23,4635.3
0,4635.5
5,4635.5
22,4635.5
14,4635.8
6,4635.9
25,4636.1
1,4636.4
18,4636.6
27,4636.8
10,4638.2
29,4638.7
2,4640.0
13,4640.1
23,4641.3
22,4642.2
6,4642.9
29,4643.5
15,4645.4
13,4645.9
27,4646.5
23,4647.9
30,4648.1
29,4648.6
13,4652.6
22,4653.8
29,4654.1
29,4660.3
29,4672.1
13,5007.3
10,5007.5
22,5007.5
29,5007.5
0,5007.7
6,5007.7
4,5007.8
23,5007.9
20,5008.1
27,5008.1
5,5008.1
2,5008.2
26,5008.3
12,5008.4
21,5008.4
14,5008.6
25,5008.7
18,5008.8
8,5009.1
30,5009.1
24,5009.2
13,5014.1
10,5014.3
29,5014.3
22,5014.6
6,5014.8
0,5015.1
27,5015.4
23,5016.1
2,5016.2
26,5018.0
21,5018.1
12,5018.5
24,5018.6
4,5018.7
20,5019.2
8,5019.8
13,5019.9
29,5020.2
10,5020.2
1,5020.5
22,5020.9
30,5021.0
6,5021.1
5,5021.2
7,5021.3
14,5021.6
0,5022.2
27,5022.3
31,5022.8
23,5023.0
17,5023.1
18,5023.5
13,5025.7
2,5026.1
29,5026.4
10,5026.5
22,5028.1
6,5028.3
23,5031.7
13,5032.2
27,5034.3
29,5034.7
10,5036.3
13,5046.1
13,5087.1
10,5087.3
22,5087.3
29,5087.3
6,5087.5
0,5087.6
23,5087.7
4,5087.7
5,5087.9
27,5088.0
20,5088.0
2,5088.0
26,5088.1
12,5088.2
21,5088.3
14,5088.4
25,5088.4
18,5088.6
8,5088.8
30,5088.9
24,5089.0
13,5093.9
10,5094.1
29,5094.2
22,5094.4
6,5094.6
0,5094.8
27,5095.2
23,5095.7
2,5096.0
26,5097.4
21,5097.8
12,5097.8
24,5098.1
4,5098.2
20,5098.7
8,5099.1
13,5099.6
10,5099.8
30,5099.8
29,5100.0
1,5100.2
5,5100.5
22,5100.5
25,5100.5
11,5100.7
14,5100.7
3,5100.8
6,5100.8
18,5101.1
31,5101.6
27,5101.7
0,5101.7
23,5102.5
17,5103.6
13,5105.1
2,5105.6
10,5105.7
29,5106.0
22,5107.2
6,5107.8
27,5111.0
13,5111.0
23,5111.1
30,5112.4
10,5112.7
29,5113.3
0,5114.4
13,5118.0
22,5119.0
13,5167.1
22,5167.3
10,5167.3
29,5167.3
0,5167.5
6,5167.5
4,5167.7
23,5167.8
27,5167.9
5,5167.9
20,5168.0
2,5168.0
26,5168.1
12,5168.2
21,5168.2
25,5168.4
14,5168.4
18,5168.6
8,5168.8
30,5168.9
24,5169.0
13,5173.9
10,5174.1
29,5174.2
22,5174.4
6,5174.6
0,5174.7
27,5175.2
23,5175.7
2,5175.9
26,5177.3
21,5177.8
12,5177.9
4,5178.1
24,5178.1
20,5178.7
8,5178.9
13,5179.6
10,5179.8
29,5180.0
30,5180.2
22,5180.5
1,5180.6
6,5180.8
5,5180.8
25,5181.0
14,5181.1
18,5181.4
0,5181.8
27,5182.0
23,5182.6
31,5182.8
11,5183.1
2,5185.0
13,5185.3
10,5185.7
29,5186.0
22,5186.9
6,5187.8
13,5191.2
23,5191.3
27,5192.5
10,5192.6
30,5193.1
29,5193.3
22,5197.3
13,5198.7
13,5247.1
22,5247.3
29,5247.3
10,5247.3
0,5247.5
6,5247.5
23,5247.7
4,5247.7
5,5247.9
27,5247.9
20,5248.0
2,5248.0
26,5248.1
12,5248.2
21,5248.3
25,5248.4
14,5248.4
18,5248.6
8,5248.8
24,5249.0
30,5249.0
13,5253.9
10,5254.1
29,5254.2
22,5254.4
6,5254.6
0,5254.7
27,5255.2
23,5255.7
2,5255.9
26,5257.4
21,5257.8
12,5258.0
24,5258.2
4,5258.3
20,5258.9
8,5259.1
13,5259.6
10,5259.8
29,5260.0
30,5260.2
22,5260.5
25,5260.8
6,5260.8
5,5260.9
1,5261.0
14,5261.1
0,5261.6
18,5261.6
27,5261.9
3,5262.1
23,5262.5
13,5265.2
10,5265.7
2,5265.9
29,5266.0
22,5267.1
6,5267.7
23,5270.7
13,5271.2
27,5272.4
10,5272.7
30,5273.2
29,5273.4
0,5274.5
22,5278.5
13,5278.5
13,5632.3
22,5632.5
29,5632.5
0,5632.7
6,5632.7
14,5632.7
4,5632.8
10,5632.8
20,5632.8
23,5632.9
12,5632.9
5,5633.1
27,5633.1
21,5633.4
30,5633.5
2,5633.8
7,5633.9
8,5634.1
24,5634.2
13,5639.1
29,5639.3
22,5639.6
6,5639.8
14,5639.9
20,5639.9
0,5640.0
10,5640.1
12,5640.4
27,5640.4
23,5641.1
30,5641.9
21,5643.2
4,5643.7
24,5644.1
1,5644.6
7,5644.7
13,5644.8
29,5645.1
26,5645.1
8,5645.3
2,5645.3
17,5645.8
22,5645.8
6,5646.1
20,5646.4
14,5646.6
19,5647.2
27,5647.3
0,5647.4
11,5647.5
10,5647.6
23,5648.0
18,5648.2
9,5648.5
30,5648.8
5,5649.1
12,5649.5
13,5650.6
29,5651.1
22,5652.6
6,5653.6
13,5656.9
20,5657.0
23,5657.0
27,5657.5
30,5657.5
14,5658.4
29,5658.6
22,5666.3
13,5666.5
13,5712.1
22,5712.3
29,5712.3
14,5712.5
6,5712.5
10,5712.6
0,5712.6
12,5712.7
23,5712.7
4,5712.7
20,5712.7
5,5712.9
27,5712.9
21,5713.3
30,5713.3
7,5713.7
2,5713.7
8,5713.8
24,5714.0
13,5718.9
29,5719.2
22,5719.4
14,5719.6
6,5719.7
20,5719.8
10,5719.8
0,5719.9
27,5720.1
12,5720.1
23,5720.7
30,5721.4
21,5723.0
4,5723.1
24,5723.4
7,5724.0
1,5724.1
8,5724.4
13,5724.5
26,5724.6
2,5724.9
29,5724.9
5,5725.3
22,5725.5
6,5725.9
14,5726.2
20,5726.2
17,5726.3
3,5726.4
25,5726.4
15,5726.7
0,5726.8
27,5726.8
11,5726.8
10,5727.0
18,5727.3
23,5727.5
9,5727.9
30,5728.1
12,5728.2
13,5730.0
29,5730.8
22,5731.9
6,5733.0
20,5735.3
27,5735.6
13,5735.7
23,5736.0
30,5736.1
14,5736.5
29,5737.6
13,5742.0
22,5742.1
13,5752.5
13,5792.1
22,5792.3
29,5792.3
0,5792.5
6,5792.5
14,5792.5
10,5792.6
12,5792.7
23,5792.7
20,5792.7
4,5792.7
5,5792.9
27,5792.9
21,5793.3
30,5793.3
2,5793.6
7,5793.7
8,5793.8
24,5794.0
13,5798.9
29,5799.2
22,5799.4
6,5799.6
14,5799.6
20,5799.7
0,5799.8
10,5799.8
12,5800.1
27,5800.2
23,5800.6
30,5801.3
21,5802.9
4,5803.1
24,5803.4
7,5804.1
8,5804.3
13,5804.5
1,5804.5
29,5805.0
2,5805.2
5,5805.4
22,5805.5
26,5805.5
6,5805.9
20,5806.3
14,5806.4
27,5806.8
10,5806.9
0,5807.0
23,5807.4
17,5807.9
30,5808.2
12,5808.2
18,5809.5
13,5810.1
29,5810.9
22,5812.0
6,5812.9
27,5815.3
13,5815.9
23,5816.0
20,5816.6
30,5816.8
29,5818.1
14,5818.4
13,5822.3
22,5823.1
13,5836.1
13,5872.1
29,5872.3
22,5872.3
14,5872.5
6,5872.5
0,5872.5
10,5872.6
20,5872.7
12,5872.7
4,5872.7
23,5872.8
5,5872.9
27,5872.9
21,5873.3
30,5873.3
2,5873.6
7,5873.7
8,5873.8
24,5874.0
13,5878.9
29,5879.2
22,5879.4
14,5879.6
6,5879.6
20,5879.7
0,5879.8
10,5879.8
12,5880.2
27,5880.2
23,5880.7
30,5881.4
21,5882.9
4,5883.2
24,5883.6
7,5884.3
8,5884.6
13,5884.6
1,5884.9
29,5885.0
22,5885.5
2,5885.5
5,5885.7
6,5885.9
20,5886.1
14,5886.2
26,5886.2
27,5886.7
0,5886.9
10,5887.0
17,5887.1
3,5887.5
23,5887.7
18,5887.8
30,5888.1
25,5888.4
12,5888.7
11,5889.3
13,5890.1
29,5891.1
22,5892.2
6,5892.9
20,5895.0
27,5895.2
30,5895.9
13,5896.0
23,5896.8
14,5896.9
29,5898.5
13,5902.5
22,5904.3
13,5916.5
13,6257.0
22,6257.5
29,6257.5
6,6257.7
14,6257.7
0,6257.7
20,6257.8
4,6257.8
23,6257.9
27,6258.1
5,6258.1
21,6258.4
10,6258.5
30,6258.5
2,6258.8
7,6258.9
12,6258.9
8,6259.1
24,6259.2
13,6263.6
29,6264.3
22,6264.6
6,6264.8
14,6264.8
20,6264.9
0,6265.0
27,6265.4
23,6266.1
30,6266.9
21,6268.0
10,6268.1
13,6268.6
4,6268.9
24,6269.2
7,6270.1
29,6270.2
22,6270.9
6,6271.1
8,6271.2
14,6271.6
20,6271.6
5,6271.6
27,6272.1
2,6272.8
1,6272.9
0,6272.9
23,6273.1
13,6273.4
30,6273.9
18,6274.4
11,6274.5
29,6276.3
13,6277.9
6,6278.1
22,6278.2
27,6282.5
13,6282.6
23,6282.7
30,6283.3
14,6284.2
29,6284.6
20,6284.8
13,6287.6
13,6293.1
13,6299.1
13,6307.9
13,6336.8
29,6337.3
22,6337.3
6,6337.5
14,6337.5
0,6337.6
23,6337.7
4,6337.7
20,6337.7
27,6337.9
5,6337.9
30,6338.3
21,6338.3
10,6338.3
7,6338.7
12,6338.7
2,6338.7
8,6338.8
24,6339.0
13,6343.4
29,6344.2
22,6344.4
14,6344.6
6,6344.6
20,6344.8
0,6344.9
27,6345.2
23,6345.7
30,6346.4
10,6347.3
21,6347.9
13,6348.4
4,6348.5
24,6348.6
5,6349.5
7,6349.6
8,6350.0
29,6350.0
22,6350.6
6,6350.8
2,6350.8
25,6351.2
14,6351.2
12,6351.3
20,6351.4
3,6351.6
27,6351.7
31,6351.8
1,6351.9
11,6352.1
0,6352.3
17,6352.5
23,6352.6
18,6352.8
13,6353.1
30,6353.2
28,6353.6
29,6356.0
22,6357.3
6,6357.4
13,6357.7
27,6360.9
14,6361.3
30,6361.7
20,6361.9
23,6362.0
13,6362.3
29,6363.2
13,6367.0
6,6369.6
22,6370.2
13,6372.2
13,6377.7
13,6383.8
13,6392.7
13,6416.8
29,6417.3
22,6417.3
6,6417.5
0,6417.5
14,6417.5
23,6417.7
4,6417.7
20,6417.7
5,6417.8
27,6417.9
10,6418.3
30,6418.3
21,6418.3
2,6418.6
7,6418.7
12,6418.7
8,6418.8
24,6419.0
13,6423.3
29,6424.2
22,6424.4
14,6424.6
6,6424.6
20,6424.7
0,6424.8
27,6425.2
23,6425.7
30,6426.3
10,6427.3
21,6427.9
4,6428.3
13,6428.3
24,6428.5
7,6429.4
5,6429.7
8,6429.8
29,6430.0
22,6430.6
6,6430.8
2,6431.1
14,6431.4
20,6431.5
27,6431.8
0,6432.0
12,6432.0
23,6432.6
13,6433.0
30,6433.3
29,6436.0
6,6437.3
13,6437.4
22,6437.4
27,6441.4
23,6442.0
13,6442.0
30,6442.2
14,6443.1
29,6443.3
20,6443.5
13,6446.6
6,6448.3
22,6450.8
13,6451.7
13,6457.2
13,6463.2
13,6471.2
13,6496.8
29,6497.3
22,6497.3
14,6497.5
0,6497.5
6,6497.5
4,6497.7
20,6497.7
23,6497.7
27,6497.9
5,6497.9
30,6498.3
10,6498.3
21,6498.3
2,6498.6
12,6498.7
7,6498.7
8,6498.8
24,6499.0
13,6503.4
29,6504.2
22,6504.4
6,6504.6
14,6504.6
20,6504.8
0,6504.8
27,6505.2
23,6505.7
30,6506.4
10,6507.4
21,6508.0
13,6508.3
4,6508.5
24,6508.7
7,6509.7
8,6510.0
29,6510.0
5,6510.1
22,6510.6
6,6510.7
20,6511.3
2,6511.3
14,6511.4
27,6511.9
0,6512.0
23,6512.7
3,6512.8
13,6513.0
30,6513.2
25,6513.2
18,6514.6
29,6516.1
6,6517.2
22,6517.4
13,6517.5
30,6521.7
13,6522.1
27,6522.1
20,6522.2
23,6522.4
14,6522.9
29,6523.6
13,6526.9
6,6528.1
22,6531.0
13,6532.1
13,6537.8
13,6544.1
13,6556.6
13,6882.2
14,6882.7
29,6882.7
0,6882.7
6,6882.7
12,6883.0
22,6883.0
5,6883.1
7,6883.3
4,6883.4
21,6883.4
10,6883.5
30,6883.5
2,6883.8
20,6883.8
27,6883.9
8,6884.1
24,6884.2
23,6884.2
13,6888.8
29,6889.5
14,6889.8
6,6889.8
0,6890.0
12,6890.5
7,6890.8
30,6891.8
27,6891.9
22,6892.4
4,6892.7
20,6892.9
10,6893.0
21,6893.2
13,6893.8
24,6894.3
29,6895.3
5,6895.3
8,6895.5
6,6895.9
31,6896.0
23,6896.5
14,6896.9
0,6896.9
3,6897.3
1,6897.4
15,6897.8
2,6898.3
18,6898.4
7,6898.4
13,6898.6
30,6898.8
12,6899.5
29,6901.3
22,6901.9
6,6902.4
27,6902.6
13,6903.4
30,6908.0
13,6908.4
29,6908.7
0,6910.1
13,6913.8
6,6913.9
13,6919.7
13,6927.5
13,6962.0
0,6962.5
6,6962.5
29,6962.5
14,6962.5
12,6962.8
22,6962.9
5,6962.9
7,6963.1
4,6963.2
10,6963.3
21,6963.3
30,6963.3
20,6963.6
27,6963.6
2,6963.7
8,6963.8
24,6964.0
23,6964.1
13,6968.6
29,6969.3
14,6969.6
6,6969.6
0,6969.8
12,6970.2
7,6970.5
30,6971.3
27,6971.5
22,6972.0
10,6972.1
4,6972.2
20,6972.6
21,6973.0
13,6973.6
24,6973.8
8,6974.4
5,6974.5
29,6975.0
2,6975.4
6,6975.7
23,6975.7
3,6975.9
14,6976.3
0,6976.4
1,6976.5
17,6976.5
25,6977.1
18,6977.3
7,6977.4
30,6978.1
12,6978.3
13,6978.3
15,6979.3
27,6980.6
29,6980.8
22,6981.8
6,6982.0
13,6983.0
30,6986.5
0,6986.9
14,6987.1
29,6987.3
13,6987.7
7,6991.1
6,6991.3
13,6992.7
13,6998.1
29,7000.6
13,7003.9
13,7010.9
13,7042.0
0,7042.5
29,7042.5
6,7042.5
14,7042.5
12,7042.8
22,7042.9
5,7042.9
7,7043.1
4,7043.2
30,7043.3
10,7043.3
21,7043.3
27,7043.6
20,7043.6
2,7043.6
8,7043.8
24,7044.0
23,7044.1
13,7048.5
29,7049.3
6,7049.6
14,7049.6
0,7049.7
12,7050.2
7,7050.5
30,7051.3
27,7051.5
22,7052.0
4,7052.0
10,7052.1
20,7052.5
21,7052.9
13,7053.5
24,7053.7
8,7054.5
5,7054.6
29,7055.1
6,7055.7
2,7055.8
23,7055.9
14,7056.5
0,7056.5
7,7058.0
13,7058.2
30,7058.2
12,7058.3
18,7058.6
1,7059.6
27,7060.2
29,7060.9
22,7061.2
6,7062.2
13,7062.8
30,7066.8
13,7067.6
29,7067.6
14,7069.0
0,7069.3
13,7072.5
6,7073.5
13,7077.9
13,7083.8
13,7091.1
13,7122.0
14,7122.5
6,7122.5
29,7122.5
0,7122.5
12,7122.8
22,7122.9
5,7122.9
7,7123.1
4,7123.2
21,7123.3
10,7123.3
30,7123.3
2,7123.6
20,7123.6
27,7123.7
8,7123.8
24,7124.0
23,7124.1
13,7128.5
29,7129.3
6,7129.6
14,7129.6
0,7129.7
12,7130.2
7,7130.5
30,7131.4
27,7131.5
22,7132.0
4,7132.1
10,7132.1
20,7132.6
21,7132.9
13,7133.5
24,7133.8
5,7134.8
8,7134.9
29,7135.1
6,7135.6
23,7136.0
2,7136.2
0,7136.3
14,7136.6
3,7137.6
7,7137.7
1,7138.2
30,7138.2
13,7138.3
12,7138.5
18,7139.5
29,7141.0
27,7141.2
22,7141.5
6,7141.9
13,7142.9
30,7146.7
13,7147.6
29,7147.7
0,7148.2
14,7149.8
6,7151.3
13,7152.6
13,7158.1
13,7164.0
13,7171.7
13,7507.2
4,7507.6
0,7507.7
14,7507.7
29,7507.7
21,7507.7
6,7507.8
22,7507.8
12,7508.0
23,7508.1
5,7508.1
7,7508.3
15,7508.3
10,7508.5
2,7508.8
20,7508.8
27,7508.9
8,7509.1
24,7509.2
30,7509.3
13,7513.8
29,7514.5
4,7514.6
14,7514.8
21,7514.8
0,7515.0
22,7515.3
6,7515.4
12,7515.5
7,7515.9
27,7516.9
23,7517.0
15,7517.2
20,7517.9
10,7518.0
13,7518.8
24,7519.2
29,7520.2
17,7520.4
8,7520.5
1,7520.7
4,7520.7
31,7520.7
5,7520.9
2,7521.0
19,7521.3
18,7521.5
21,7521.6
14,7521.9
0,7521.9
30,7521.9
7,7523.1
22,7523.6
13,7523.6
6,7523.8
12,7524.0
29,7526.1
27,7527.7
13,7528.4
4,7528.5
29,7533.0
13,7533.3
21,7534.2
0,7535.3
14,7535.7
13,7538.6
13,7544.5
13,7551.7
13,7587.0
4,7587.4
29,7587.5
14,7587.5
21,7587.5
22,7587.6
6,7587.6
0,7587.6
5,7587.8
12,7587.8
23,7587.9
15,7588.1
7,7588.1
10,7588.3
27,7588.6
20,7588.6
2,7588.7
8,7588.8
30,7589.0
24,7589.0
13,7593.6
4,7594.3
29,7594.3
21,7594.6
14,7594.6
0,7594.8
22,7595.0
12,7595.2
6,7595.2
7,7595.5
27,7596.5
23,7596.5
15,7596.7
10,7597.1
20,7597.6
24,7598.5
13,7598.6
5,7599.4
8,7599.8
2,7600.0
29,7600.0
31,7600.4
4,7600.4
1,7600.5
17,7600.6
30,7600.7
28,7600.9
19,7601.0
21,7601.1
25,7601.2
14,7601.3
0,7601.4
18,7601.5
26,7601.8
7,7602.5
12,7602.7
22,7602.8
3,7603.2
6,7603.2
13,7603.3
27,7605.8
29,7605.8
4,7607.4
13,7607.9
21,7611.0
0,7611.3
29,7612.1
14,7612.3
13,7612.7
7,7616.1
13,7617.8
13,7623.3
29,7623.7
13,7629.4
13,7638.5
13,7667.0
4,7667.4
0,7667.5
14,7667.5
29,7667.5
21,7667.5
6,7667.6
22,7667.6
12,7667.8
5,7667.8
23,7667.9
15,7668.1
7,7668.1
10,7668.3
2,7668.6
27,7668.6
20,7668.6
8,7668.8
24,7669.0
30,7669.0
13,7673.5
4,7674.3
29,7674.3
21,7674.6
14,7674.6
0,7674.7
22,7675.0
6,7675.1
12,7675.2
7,7675.5
23,7676.4
27,7676.5
15,7676.7
10,7677.1
20,7677.6
24,7678.5
13,7678.5
5,7679.3
8,7679.4
29,7680.0
2,7680.1
4,7680.4
17,7681.1
1,7681.2
30,7681.2
31,7681.3
21,7681.3
0,7681.3
14,7681.4
7,7682.5
12,7682.7
6,7682.8
22,7683.1
13,7683.2
27,7685.6
29,7685.7
4,7687.5
13,7687.8
23,7689.2
15,7690.2
29,7692.0
0,7692.4
13,7692.5
21,7692.8
14,7693.1
13,7697.4
29,7702.0
13,7702.8
13,7708.7
13,7715.9
13,7747.0
4,7747.4
29,7747.5
14,7747.5
21,7747.5
0,7747.5
22,7747.6
6,7747.6
12,7747.8
5,7747.9
23,7747.9
15,7748.1
7,7748.1
10,7748.3
27,7748.6
2,7748.6
20,7748.6
8,7748.8
24,7749.0
30,7749.1
13,7753.6
4,7754.3
29,7754.3
14,7754.6
21,7754.6
0,7754.7
22,7755.0
6,7755.1
12,7755.2
7,7755.5
23,7756.4
27,7756.5
15,7756.7
10,7757.1
20,7757.6
13,7758.5
24,7758.6
5,7759.6
8,7759.7
29,7760.0
4,7760.4
2,7760.5
21,7761.3
14,7761.4
0,7761.5
30,7761.6
31,7761.9
7,7762.6
12,7762.9
13,7763.2
6,7763.3
1,7763.3
22,7763.5
18,7764.1
17,7764.7
29,7765.8
27,7765.9
4,7767.5
13,7767.9
15,7770.6
29,7772.3
13,7772.7
21,7773.3
14,7773.4
0,7773.8
13,7777.7
13,7783.3
29,7784.7
13,7789.4
13,7799.1
13,8132.2
4,8132.6
0,8132.7
12,8132.7
22,8132.8
15,8132.9
29,8133.0
5,8133.1
23,8133.1
14,8133.2
21,8133.2
7,8133.3
17,8133.3
10,8133.5
6,8133.6
20,8133.8
2,8133.8
27,8133.9
8,8134.1
24,8134.2
30,8134.3
13,8138.8
12,8139.5
4,8139.6
29,8139.8
15,8139.9
0,8140.0
22,8140.3
7,8140.9
14,8141.6
27,8142.0
17,8142.1
23,8142.1
20,8142.9
10,8143.1
21,8143.8
13,8143.9
24,8144.3
6,8145.4
31,8145.4
12,8145.5
4,8145.8
29,8145.8
16,8145.9
8,8146.0
15,8146.1
1,8146.3
5,8146.3
2,8146.6
0,8146.7
3,8147.9
25,8148.0
7,8148.1
22,8148.3
13,8148.7
18,8149.0
30,8149.5
29,8152.0
12,8152.0
27,8152.6
13,8153.5
4,8153.5
15,8153.9
14,8154.5
17,8156.0
13,8158.5
0,8159.6
29,8160.5
13,8164.0
12,8165.2
13,8170.0
13,8179.1
13,8212.0
4,8212.4
12,8212.5
0,8212.5
22,8212.6
29,8212.8
15,8212.8
14,8212.9
23,8212.9
5,8212.9
21,8213.0
7,8213.1
17,8213.2
10,8213.3
6,8213.4
20,8213.6
27,8213.6
2,8213.7
8,8213.9
24,8214.0
30,8214.1
13,8218.6
4,8219.3
12,8219.4
29,8219.6
15,8219.7
0,8219.8
22,8220.0
7,8220.5
14,8221.2
27,8221.5
23,8221.5
17,8221.7
10,8222.2
20,8222.5
21,8223.1
13,8223.6
24,8223.6
5,8224.6
6,8224.7
8,8225.0
12,8225.2
29,8225.4
2,8225.4
31,8225.4
4,8225.4
1,8225.5
15,8225.7
30,8225.8
16,8225.8
0,8226.1
18,8226.2
3,8226.6
28,8226.8
25,8227.0
7,8227.0
22,8228.0
26,8228.2
13,8228.4
27,8230.5
29,8231.2
12,8231.6
4,8232.1
15,8232.6
14,8232.7
13,8233.0
17,8233.4
0,8234.2
7,8237.0
13,8237.7
29,8237.8
12,8242.2
13,8242.8
13,8248.2
29,8251.2
13,8254.1
13,8261.4
13,8292.0
4,8292.4
12,8292.5
0,8292.5
22,8292.6
29,8292.8
15,8292.8
5,8292.8
23,8292.9
14,8292.9
21,8293.0
7,8293.1
17,8293.2
10,8293.3
6,8293.4
27,8293.6
20,8293.6
2,8293.6
8,8293.8
24,8294.0
30,8294.0
13,8298.5
4,8299.3
12,8299.4
29,8299.6
15,8299.7
0,8299.7
22,8300.0
7,8300.5
14,8301.1
23,8301.4
17,8301.5
27,8301.5
10,8302.0
20,8302.5
21,8303.0
24,8303.5
13,8303.5
5,8304.7
8,8304.8
6,8304.9
12,8305.2
4,8305.3
29,8305.4
2,8305.5
15,8305.8
31,8306.0
30,8306.1
0,8306.4
16,8306.7
1,8307.0
7,8307.4
22,8307.8
13,8308.2
27,8310.3
29,8311.3
12,8311.6
4,8312.1
15,8312.8
13,8312.9
17,8312.9
14,8313.4
23,8314.1
13,8317.6
0,8317.8
29,8317.9
7,8320.7
12,8321.7
13,8322.7
13,8328.2
13,8334.2
13,8342.6
13,8372.0
4,8372.4
12,8372.5
0,8372.5
22,8372.6
29,8372.8
15,8372.8
14,8372.9
5,8372.9
23,8372.9
21,8373.0
7,8373.1
17,8373.2
10,8373.3
6,8373.4
20,8373.6
2,8373.6
27,8373.7
8,8373.9
24,8374.0
30,8374.1
13,8378.5
4,8379.3
12,8379.4
29,8379.6
15,8379.7
0,8379.7
22,8380.0
7,8380.5
14,8381.2
23,8381.4
27,8381.5
17,8381.6
10,8382.1
20,8382.5
21,8383.0
13,8383.5
24,8383.6
5,8385.1
6,8385.1
8,8385.1
12,8385.2
4,8385.3
29,8385.4
2,8385.8
15,8385.8
0,8386.2
31,8386.4
16,8387.6
7,8387.6
1,8388.0
13,8388.3
22,8388.4
30,8388.7
18,8390.0
27,8391.4
29,8391.4
12,8391.6
4,8392.2
14,8392.9
13,8392.9
15,8393.0
17,8393.0
23,8395.1
0,8397.0
13,8397.7
29,8398.4
12,8401.8
13,8402.7
13,8408.2
13,8414.3
13,8423.2
4,8757.2
13,8757.2
5,8757.4
29,8757.5
0,8757.7
12,8757.7
2,8757.7
22,8757.8
15,8757.9
27,8757.9
23,8758.1
21,8758.2
19,8758.2
14,8758.2
25,8758.3
7,8758.3
17,8758.3
1,8758.4
10,8758.5
26,8758.5
6,8758.6
20,8758.8
30,8759.3
13,8763.8
4,8763.9
29,8764.1
12,8764.5
5,8764.9
15,8764.9
27,8765.0
0,8765.0
2,8765.1
22,8765.3
7,8765.8
14,8766.6
17,8767.0
23,8767.0
10,8767.8
20,8767.9
25,8768.0
21,8768.3
19,8768.4
13,8768.8
4,8769.1
29,8769.2
18,8769.2
8,8769.6
1,8769.7
11,8769.7
24,8769.8
26,8769.8
30,8770.0
28,8770.0
12,8770.4
31,8770.7
6,8770.8
15,8771.1
27,8771.2
9,8772.1
0,8772.2
5,8772.2
2,8772.6
13,8773.6
7,8773.7
29,8774.1
4,8774.3
22,8774.4
12,8776.7
27,8777.9
13,8778.4
29,8779.0
15,8779.0
4,8779.6
14,8779.8
17,8780.6
13,8783.3
29,8784.2
4,8785.4
12,8786.5
13,8788.5
29,8789.9
27,8790.8
4,8791.9
13,8794.3
29,8796.3
13,8800.9
13,8837.0
4,8837.0
5,8837.2
29,8837.3
2,8837.5
12,8837.5
0,8837.5
22,8837.6
27,8837.7
15,8837.8
23,8837.9
14,8837.9
19,8838.0
21,8838.0
25,8838.1
7,8838.1
1,8838.2
17,8838.2
10,8838.3
26,8838.3
6,8838.4
20,8838.6
30,8839.0
13,8843.6
4,8843.6
29,8843.9
12,8844.4
5,8844.5
27,8844.7
15,8844.7
0,8844.8
2,8844.9
22,8845.0
7,8845.5
14,8846.1
23,8846.5
17,8846.6
10,8846.9
25,8847.4
20,8847.5
21,8847.6
19,8847.7
13,8848.5
4,8848.7
29,8848.9
1,8849.0
26,8849.0
24,8849.4
30,8849.5
18,8849.6
8,8849.6
11,8849.8
6,8850.1
12,8850.1
28,8850.2
31,8850.7
27,8850.8
15,8850.8
0,8851.2
5,8851.5
9,8852.0
2,8852.2
7,8853.0
13,8853.3
22,8853.5
4,8853.7
29,8853.7
3,8854.1
12,8856.2
27,8857.1
14,8857.2
13,8857.9
15,8858.2
17,8858.3
29,8858.4
4,8858.8
0,8859.8
10,8860.4
13,8862.6
29,8863.4
12,8863.8
4,8864.2
5,8864.6
27,8865.8
13,8867.7
29,8868.7
4,8870.1
13,8873.1
29,8874.5
4,8877.3
13,8879.0
29,8881.3
13,8886.5
13,8917.0
4,8917.0
5,8917.2
29,8917.3
2,8917.4
0,8917.5
12,8917.5
22,8917.6
27,8917.7
15,8917.8
19,8917.9
23,8917.9
14,8917.9
21,8918.0
25,8918.1
7,8918.1
1,8918.2
17,8918.2
26,8918.3
10,8918.3
6,8918.4
20,8918.6
30,8919.0
13,8923.5
4,8923.6
29,8923.9
12,8924.3
5,8924.5
0,8924.7
15,8924.7
27,8924.7
2,8924.8
22,8925.0
7,8925.5
14,8926.0
17,8926.5
23,8926.5
10,8926.9
25,8927.5
20,8927.5
21,8927.6
19,8927.8
13,8928.5
4,8928.7
26,8928.8
29,8928.9
1,8929.1
24,8929.8
30,8930.0
12,8930.1
6,8930.2
8,8930.6
27,8930.7
15,8930.8
18,8930.9
11,8930.9
0,8931.3
28,8931.4
5,8931.5
31,8931.6
2,8932.1
7,8932.9
13,8933.2
22,8933.2
29,8933.6
4,8933.7
12,8936.2
27,8937.0
14,8937.8
13,8937.9
17,8938.1
15,8938.2
29,8938.4
4,8938.8
0,8941.4
13,8942.6
29,8943.4
12,8944.0
4,8944.2
5,8944.7
27,8945.6
13,8947.7
29,8948.7
4,8950.1
13,8953.1
29,8954.5
4,8957.2
13,8959.1
29,8961.4
13,8967.0
13,8997.0
4,8997.0
5,8997.2
29,8997.3
2,8997.4
0,8997.5
12,8997.5
22,8997.6
27,8997.7
15,8997.8
23,8997.9
14,8997.9
19,8997.9
21,8998.0
25,8998.1
7,8998.1
17,8998.2
1,8998.2
10,8998.3
26,8998.3
6,8998.4
20,8998.6
30,8999.0
13,9003.5
4,9003.6
29,9003.9
12,9004.3
5,9004.6
27,9004.7
0,9004.7
15,9004.7
2,9004.8
22,9005.0
7,9005.5
14,9006.1
23,9006.5
17,9006.6
10,9007.0
20,9007.5
21,9007.7
25,9007.7
19,9008.0
13,9008.5
4,9008.7
29,9008.9
26,9009.1
1,9009.5
24,9010.1
12,9010.2
6,9010.3
30,9010.4
27,9010.8
15,9010.9
0,9011.3
5,9011.5
8,9011.7
18,9012.2
11,9012.3
2,9012.4
28,9012.9
22,9013.1
13,9013.3
7,9013.4
29,9013.7
4,9013.8
12,9016.3
14,9016.9
27,9017.3
13,9017.9
15,9018.3
17,9018.3
29,9018.5
4,9018.9
0,9021.4
13,9022.7
29,9023.5
12,9024.4
4,9024.4
13,9027.7
27,9027.9
29,9028.9
4,9030.4
13,9033.2
29,9034.8
4,9038.7
13,9039.3
29,9042.0
13,9047.9
13,9382.2
4,9382.2
5,9382.4
29,9382.5
12,9382.7
2,9382.7
0,9382.7
22,9382.8
15,9382.9
23,9383.1
14,9383.2
27,9383.2
21,9383.2
19,9383.2
25,9383.3
7,9383.3
17,9383.3
1,9383.4
26,9383.5
10,9383.5
6,9383.6
20,9383.8
24,9384.0
30,9384.3
11,9384.4
4,9388.9
13,9389.0
29,9389.2
12,9389.5
15,9389.9
5,9389.9
0,9390.0
2,9390.1
22,9390.3
7,9390.9
14,9391.6
17,9392.1
23,9392.1
27,9392.5
20,9392.8
25,9392.9
10,9392.9
24,9393.2
21,9393.4
19,9393.7
4,9394.2
26,9394.6
29,9394.7
13,9394.7
11,9395.0
18,9395.2
8,9395.2
30,9395.3
1,9395.3
12,9395.4
6,9395.7
31,9395.9
15,9396.0
28,9396.0
0,9396.9
5,9397.5
9,9397.9
7,9398.0
2,9398.5
3,9398.8
22,9398.8
16,9399.5
4,9399.5
29,9400.3
13,9400.5
12,9401.8
15,9403.4
4,9405.1
29,9406.2
13,9407.3
0,9410.3
4,9411.2
12,9412.5
29,9413.4
4,9421.6
13,9462.0
4,9462.0
5,9462.2
29,9462.3
12,9462.5
2,9462.5
0,9462.6
22,9462.6
15,9462.8
23,9462.9
14,9462.9
21,9463.0
27,9463.0
19,9463.0
7,9463.1
25,9463.1
17,9463.2
1,9463.2
26,9463.3
10,9463.3
6,9463.4
20,9463.6
24,9463.8
30,9464.1
11,9464.3
4,9468.6
13,9468.8
29,9469.0
12,9469.4
5,9469.6
15,9469.7
0,9469.8
2,9469.9
22,9470.0
7,9470.5
14,9471.2
23,9471.4
17,9471.8
27,9471.9
10,9472.0
25,9472.2
20,9472.5
24,9472.7
21,9472.8
19,9473.0
4,9473.8
26,9473.8
13,9474.4
29,9474.4
1,9474.6
11,9474.8
30,9475.0
12,9475.2
6,9475.3
8,9475.3
28,9475.5
31,9475.5
15,9475.7
18,9475.9
0,9476.5
5,9476.6
16,9476.9
7,9477.5
9,9477.6
2,9477.9
22,9478.0
4,9478.9
29,9479.7
13,9480.2
12,9481.4
15,9482.6
14,9483.5
4,9484.2
29,9485.3
13,9486.4
0,9487.5
4,9489.9
12,9490.4
7,9491.0
29,9491.4
4,9496.4
13,9497.5
29,9501.1
13,9542.0
4,9542.0
5,9542.2
29,9542.3
2,9542.4
0,9542.5
12,9542.5
22,9542.6
15,9542.8
14,9542.9
19,9542.9
23,9542.9
21,9543.0
27,9543.0
25,9543.1
7,9543.1
17,9543.2
1,9543.2
26,9543.3
10,9543.3
6,9543.4
20,9543.6
24,9543.7
30,9544.0
11,9544.2
4,9548.6
13,9548.7
29,9549.0
12,9549.3
5,9549.6
0,9549.7
15,9549.7
2,9549.8
22,9550.0
7,9550.5
14,9551.1
23,9551.4
17,9551.7
27,9551.9
10,9551.9
25,9552.2
20,9552.5
24,9552.7
21,9552.8
19,9552.9
4,9553.8
26,9553.8
13,9554.3
29,9554.4
1,9554.7
11,9554.7
6,9555.1
12,9555.2
30,9555.3
15,9555.7
31,9556.4
0,9556.4
8,9556.8
5,9556.9
7,9557.4
2,9557.9
22,9558.1
28,9558.6
4,9558.9
16,9559.0
29,9559.7
13,9560.0
12,9561.4
15,9562.6
14,9564.0
4,9564.1
23,9565.2
29,9565.3
13,9566.1
0,9567.9
4,9569.8
12,9570.2
7,9570.3
29,9571.4
13,9575.5
4,9576.1
29,9580.7
4,9590.3
13,9622.0
4,9622.0
5,9622.2
29,9622.3
2,9622.4
12,9622.5
0,9622.5
22,9622.6
15,9622.8
14,9622.9
23,9622.9
27,9623.0
21,9623.0
19,9623.0
25,9623.1
7,9623.1
1,9623.2
17,9623.2
26,9623.3
10,9623.3
6,9623.4
20,9623.6
24,9623.8
30,9624.1
11,9624.2
4,9628.6
13,9628.7
29,9629.0
12,9629.3
5,9629.6
15,9629.7
0,9629.7
2,9629.9
22,9630.0
7,9630.5
14,9631.2
23,9631.5
17,9631.7
10,9632.0
27,9632.1
25,9632.4
20,9632.6
24,9632.8
21,9632.9
19,9633.2
4,9633.8
26,9634.1
13,9634.3
29,9634.4
11,9634.9
1,9635.0
12,9635.2
6,9635.5
30,9635.6
15,9635.8
0,9636.6
28,9637.1
5,9637.1
7,9637.8
22,9637.9
18,9638.0
8,9638.4
2,9638.4
4,9638.9
29,9639.8
13,9640.0
12,9641.4
15,9642.8
14,9644.0
4,9644.2
29,9645.4
13,9646.3
0,9649.6
4,9649.9
12,9650.4
29,9651.7
4,9656.3
13,9656.8
29,9663.7
