5,654.0
1,654.3
2,657.3
1,815.8
5,816.0
2,820.1
1,896.5
5,897.7
5,1275.6
1,1275.8
2,1277.5
6,1281.0
3,1281.8
0,1284.2
4,1286.8
5,1309.1
1,1310.1
5,1436.9
1,1437.0
2,1438.1
5,1517.4
1,1517.5
2,1518.4
0,1524.4
6,1527.5
5,1899.2
1,1899.3
2,1900.8
6,1903.4
3,1903.5
7,1904.6
0,1905.1
4,1906.1
1,1933.4
5,1937.0
2,1946.9
5,2060.6
1,2060.6
2,2062.1
6,2067.2
0,2068.0
5,2141.3
1,2141.4
2,2142.9
3,2151.0
6,2151.0
5,2523.7
1,2523.7
2,2524.9
3,2527.0
6,2527.7
7,2528.0
0,2529.0
4,2529.6
1,2560.9
5,2562.0
2,2566.2
5,2685.7
1,2685.7
2,2686.7
0,2691.4
6,2692.0
3,2693.3
5,2765.9
1,2765.9
2,2767.4
7,2775.2
5,3144.6
1,3144.6
2,3145.2
3,3146.8
6,3147.1
0,3147.2
4,3147.4
7,3147.5
1,3150.4
5,3150.7
2,3151.4
6,3153.1
3,3154.9
7,3156.0
2,3156.9
5,3157.6
1,3157.8
0,3162.6
6,3173.3
4,3175.3
3,3176.3
1,3178.1
2,3178.3
5,3180.0
7,3187.6
0,3189.3
6,3194.2
1,3201.1
3,3201.7
2,3202.2
5,3205.9
4,3212.2
6,3222.6
0,3227.6
1,3229.7
5,3232.1
2,3236.0
1,3306.7
5,3307.0
2,3308.2
3,3309.8
6,3310.2
7,3310.7
0,3311.4
4,3311.6
1,3315.1
5,3349.7
2,3350.9
1,3359.4
5,3389.2
1,3389.5
3,3390.5
2,3391.0
7,3391.5
6,3391.6
0,3393.3
4,3393.8
5,3769.5
1,3769.5
2,3770.2
0,3772.2
4,3772.3
3,3772.3
6,3772.5
7,3773.2
1,3775.6
5,3776.0
2,3777.8
6,3778.9
3,3780.8
7,3780.8
0,3782.0
5,3782.8
1,3783.8
6,3801.2
4,3802.1
3,3804.8
2,3805.4
1,3805.8
5,3806.9
0,3810.5
7,3812.5
6,3825.8
1,3830.2
2,3831.5
5,3833.7
3,3838.2
4,3840.9
0,3849.7
1,3856.4
5,3858.5
2,3869.5
6,3905.8
1,3913.2
5,3932.8
2,3933.8
1,3934.1
3,3934.3
7,3934.9
0,3937.6
4,3937.9
5,3940.0
5,4012.0
1,4012.7
2,4013.0
3,4014.4
6,4014.9
7,4015.1
0,4015.8
4,4016.1
5,4017.3
2,4018.5
5,4057.8
1,4060.1
2,4060.4
6,4061.5
1,4114.3
5,4115.5
1,4395.1
5,4395.5
2,4395.7
0,4397.1
4,4397.5
6,4398.3
3,4398.8
1,4399.2
5,4399.3
7,4399.4
5,4400.1
2,4403.0
0,4404.1
1,4405.4
3,4406.4
7,4406.7
6,4406.8
0,4420.2
5,4425.2
1,4426.0
6,4427.6
4,4427.6
2,4431.6
3,4431.8
7,4437.6
1,4447.6
5,4447.9
6,4453.4
0,4455.5
2,4459.5
3,4466.8
4,4469.8
1,4474.7
5,4477.5
7,4487.2
6,4494.1
2,4523.4
1,4531.9
3,4534.9
6,4543.1
5,4559.2
1,4559.8
0,4561.3
2,4562.1
4,4562.6
1,4638.1
5,4638.1
2,4639.5
0,4639.7
4,4640.8
3,4642.1
6,4643.1
7,4643.2
5,4644.0
1,4644.3
1,4675.0
5,4677.6
2,4685.3
1,4714.5
5,4720.4
1,4767.4
5,4778.7
1,5019.7
5,5019.9
2,5021.1
0,5022.1
4,5022.5
3,5024.5
5,5024.5
6,5024.5
1,5024.6
7,5024.9
2,5028.9
0,5029.3
4,5030.2
6,5033.7
1,5035.9
5,5037.1
3,5040.8
0,5046.5
7,5055.0
1,5056.9
2,5059.3
6,5060.5
5,5060.7
4,5065.0
3,5078.8
1,5081.3
0,5082.7
5,5087.8
2,5093.8
6,5103.5
1,5107.0
5,5151.7
1,5161.5
5,5185.0
1,5185.4
2,5186.7
0,5187.7
4,5188.4
3,5191.3
7,5191.5
1,5262.6
5,5262.8
2,5264.5
0,5264.8
4,5265.8
6,5271.8
1,5299.0
5,5299.8
1,5349.7
5,5351.4
1,5644.8
5,5645.3
2,5646.4
0,5647.1
4,5647.5
1,5649.5
6,5649.8
7,5649.9
3,5650.1
2,5653.6
0,5654.2
4,5655.5
6,5658.7
5,5659.7
1,5660.6
0,5670.4
7,5677.6
3,5678.0
5,5680.1
1,5682.0
2,5683.3
6,5685.1
4,5696.1
5,5704.1
1,5706.4
0,5706.4
7,5718.4
2,5720.2
3,5722.1
6,5729.5
5,5731.6
1,5731.9
1,5783.4
5,5788.2
1,5810.7
2,5811.7
5,5811.7
0,5813.0
4,5815.3
7,5817.0
3,5817.6
1,5887.8
5,5888.0
2,5889.8
0,5890.8
4,5891.6
6,5898.3
7,5898.4
3,5898.5
5,5924.6
1,5927.1
5,6270.3
1,6270.4
0,6272.6
2,6273.1
4,6273.2
7,6275.3
3,6275.4
1,6276.8
6,6277.1
5,6277.3
2,6278.2
0,6280.1
1,6284.9
5,6285.3
2,6286.6
7,6302.8
3,6303.4
1,6310.5
4,6318.8
6,6319.2
5,6319.6
0,6324.7
2,6338.8
1,6341.2
7,6343.4
3,6346.5
5,6432.6
1,6432.7
2,6433.9
0,6434.6
4,6437.0
5,6437.9
7,6443.1
3,6443.4
1,6488.1
5,6493.9
5,6518.6
1,6518.6
0,6519.0
4,6520.3
7,6525.5
3,6525.8
2,6532.0
5,6895.9
1,6896.0
0,6898.0
2,6898.2
4,6898.2
6,6900.7
1,6902.0
5,6902.5
3,6903.7
7,6904.0
0,6905.1
1,6912.6
2,6913.3
5,6913.9
1,6937.6
3,6943.2
5,6944.8
4,6945.8
0,6947.3
2,6951.6
1,6969.7
5,7057.6
1,7057.6
2,7058.9
0,7059.8
4,7062.0
5,7062.9
1,7111.5
5,7118.1
5,7143.2
1,7143.2
0,7144.0
4,7145.8
5,7522.3
1,7522.5
2,7523.3
3,7524.6
0,7524.7
4,7525.0
7,7525.2
6,7526.0
1,7534.3
5,7534.9
3,7536.7
2,7536.8
7,7537.1
6,7537.9
0,7560.8
1,7567.0
5,7568.8
2,7572.2
3,7580.0
6,7584.2
7,7588.7
1,7610.5
4,7619.5
5,7685.1
1,7685.5
0,7686.1
2,7688.2
3,7690.6
7,7691.2
6,7703.9
5,7765.3
1,7765.7
0,7765.8
2,7768.9
4,7772.9
5,8148.0
1,8149.3
0,8150.0
4,8150.1
7,8150.2
2,8150.6
3,8150.7
6,8151.7
1,8157.1
5,8158.1
6,8160.5
2,8161.2
0,8162.0
7,8182.2
3,8182.6
1,8191.2
5,8193.0
2,8198.8
6,8201.7
5,8309.7
0,8310.5
7,8314.7
4,8314.8
1,8314.9
2,8317.6
5,8391.1
0,8392.3
3,8773.8
7,8774.2
2,8774.6
5,8775.6
1,8775.9
6,8776.0
0,8779.6
4,8779.8
5,8783.2
1,8784.3
3,8798.9
0,8799.5
7,8802.5
2,8803.2
6,8803.8
5,8818.2
3,8831.2
1,8832.1
2,8834.7
7,8842.0
3,8938.2
2,8938.6
7,8938.7
6,8939.5
5,8944.9
1,8944.9
3,9021.7
2,9023.9
7,9024.3
3,9398.4
7,9398.8
2,9399.3
6,9399.4
1,9402.7
5,9403.1
3,9404.4
7,9426.2
6,9429.4
2,9430.0
3,9430.4
7,9461.6
3,9467.2
3,9562.6
2,9562.7
7,9563.0
6,9563.2
3,9644.9
2,9645.4
7,9645.8
6,9646.3
