5,89.9
2,90.4
6,91.3
7,93.6
1,93.9
3,100.6
2,101.7
0,102.8
5,103.9
6,104.5
4,105.0
1,105.6
2,109.6
7,110.2
2,118.8
5,169.7
2,170.0
6,170.8
1,172.5
7,172.6
0,174.0
3,179.3
2,181.1
5,181.5
6,183.9
1,184.5
2,188.8
0,188.8
7,189.7
5,192.5
2,197.4
1,204.0
5,249.6
2,249.9
6,250.6
7,251.7
1,252.0
0,253.9
3,259.3
5,261.2
2,261.3
6,264.0
1,264.2
7,268.7
0,268.9
2,269.0
5,273.0
6,277.1
2,277.4
5,634.7
2,635.1
6,635.7
7,637.1
1,637.2
0,639.4
3,645.6
2,646.7
5,647.0
4,648.3
6,649.2
1,651.9
7,653.2
0,653.5
2,654.6
5,658.7
3,661.5
2,663.1
5,714.5
2,714.7
6,715.4
7,716.3
1,716.6
0,718.2
3,719.3
2,725.9
5,726.1
6,728.5
3,730.6
1,730.8
7,733.0
0,733.1
2,733.6
5,738.2
6,740.9
2,741.9
5,794.4
2,794.6
6,795.1
1,796.0
7,796.0
0,797.7
3,798.8
5,805.6
2,805.8
1,808.4
6,808.9
3,810.3
0,812.9
7,812.9
2,813.4
5,815.7
1,821.3
2,821.7
5,874.3
2,874.5
6,875.0
7,875.7
1,875.9
0,877.4
3,878.5
5,885.5
2,885.8
4,888.8
6,889.3
1,889.5
3,890.2
0,892.7
2,893.1
7,895.1
5,896.5
2,900.7
2,912.9
5,1259.5
2,1259.7
6,1260.2
7,1261.0
1,1261.1
0,1262.9
3,1264.2
5,1271.0
2,1271.2
4,1271.3
6,1274.2
1,1274.6
3,1275.9
7,1277.2
0,1277.6
2,1278.8
5,1282.2
2,1287.4
5,1339.3
2,1339.4
6,1340.0
7,1340.5
1,1340.8
0,1342.2
3,1342.9
5,1350.3
2,1350.5
6,1353.5
1,1354.5
3,1354.6
7,1356.9
0,1357.4
2,1358.1
5,1360.4
6,1365.8
2,1366.2
5,1419.2
2,1419.3
6,1419.8
7,1420.4
1,1420.6
0,1422.1
3,1422.9
5,1429.9
2,1430.4
1,1433.0
4,1433.3
6,1433.7
3,1434.7
0,1437.3
2,1437.7
7,1438.3
5,1440.4
1,1445.2
2,1445.2
6,1446.7
2,1457.3
5,1499.1
2,1499.3
6,1499.7
7,1500.3
1,1500.4
0,1501.6
3,1502.5
5,1509.7
2,1510.4
4,1513.5
1,1514.0
6,1514.2
3,1515.9
7,1516.8
2,1517.6
0,1518.1
5,1520.2
2,1525.0
2,1536.6
5,1884.3
2,1884.5
6,1884.9
7,1885.6
1,1885.6
0,1887.2
3,1887.9
5,1895.2
4,1895.6
2,1895.7
1,1898.8
6,1899.0
3,1901.2
7,1901.6
0,1902.2
2,1903.3
5,1905.5
2,1911.1
2,1924.4
5,1964.1
2,1964.2
6,1964.7
7,1965.2
1,1965.4
0,1966.5
3,1967.2
5,1974.5
2,1975.1
6,1978.2
1,1978.9
4,1979.4
7,1980.1
3,1980.4
0,1982.1
2,1982.5
5,1983.8
6,1988.7
2,1990.2
1,1999.0
2,2003.0
5,2044.1
2,2044.2
6,2044.6
7,2045.1
1,2045.3
0,2046.3
3,2047.1
5,2054.3
2,2055.0
1,2057.8
6,2058.5
3,2060.3
0,2061.8
2,2062.2
7,2062.4
5,2064.1
4,2066.6
2,2069.4
1,2069.8
6,2071.5
2,2080.5
5,2124.0
2,2124.1
6,2124.5
7,2125.1
1,2125.1
0,2126.1
3,2127.0
5,2134.1
2,2135.0
1,2138.7
6,2138.8
3,2140.3
7,2141.3
2,2142.5
5,2144.9
0,2145.7
2,2150.4
5,2509.2
2,2509.4
6,2509.7
7,2510.3
1,2510.4
0,2511.5
3,2512.2
5,2519.7
2,2520.3
4,2520.7
1,2523.5
6,2523.7
3,2525.5
7,2526.2
0,2526.6
2,2527.7
5,2529.4
2,2535.2
6,2536.8
2,2547.6
5,2589.0
2,2589.1
6,2589.5
7,2589.9
1,2590.1
0,2591.0
3,2591.5
5,2599.0
2,2599.7
6,2603.2
1,2603.4
3,2604.7
7,2606.2
0,2606.7
2,2607.0
5,2607.8
2,2614.3
6,2615.1
1,2621.7
2,2625.7
5,2668.9
2,2669.1
6,2669.4
7,2669.9
1,2670.0
0,2670.9
3,2671.4
5,2678.6
2,2679.7
4,2683.2
1,2683.3
6,2683.4
3,2684.7
0,2686.6
2,2686.8
5,2687.9
7,2688.5
2,2693.9
6,2696.3
2,2704.6
5,2748.9
2,2749.0
6,2749.4
7,2749.8
1,2750.0
0,2750.8
3,2751.4
5,2758.5
2,2759.5
1,2763.5
6,2763.6
3,2764.8
7,2765.9
2,2766.6
0,2767.5
5,2767.9
2,2773.5
2,2783.0
6,2784.2
5,3133.3
6,3133.5
2,3133.5
1,3133.9
7,3133.9
0,3134.2
3,3134.3
4,3135.4
5,3140.8
2,3141.0
6,3144.4
1,3144.8
7,3145.0
2,3147.7
5,3147.9
3,3148.8
0,3149.6
2,3154.6
6,3155.3
5,3157.3
2,3163.2
5,3213.2
2,3213.3
6,3213.3
7,3213.7
1,3213.8
0,3214.0
3,3214.1
4,3215.2
5,3220.6
2,3220.9
6,3224.2
1,3225.1
7,3225.1
2,3227.5
5,3227.6
3,3228.6
0,3230.3
2,3234.2
6,3234.5
5,3236.2
1,3241.7
4,3242.2
2,3242.8
5,3293.2
6,3293.3
2,3293.3
7,3293.7
1,3293.7
0,3294.0
3,3294.1
4,3295.1
5,3300.6
2,3300.9
6,3304.1
1,3304.8
7,3305.4
2,3307.4
5,3307.8
3,3308.7
0,3309.6
2,3314.0
6,3314.9
4,3315.0
1,3315.6
5,3317.1
2,3322.1
5,3373.1
6,3373.3
2,3373.3
7,3373.6
1,3373.7
0,3374.0
3,3374.1
4,3375.1
5,3380.5
2,3380.9
6,3384.2
1,3385.0
7,3385.3
2,3387.5
5,3387.8
3,3388.8
0,3390.1
2,3394.3
5,3397.4
2,3403.7
5,3758.3
6,3758.5
0,3758.6
2,3758.9
7,3758.9
1,3758.9
4,3759.1
3,3759.3
5,3765.8
2,3767.2
6,3769.4
1,3769.7
0,3769.9
7,3770.3
5,3772.8
3,3773.5
2,3774.3
6,3780.4
5,3781.2
2,3782.4
5,3838.2
6,3838.3
0,3838.4
7,3838.7
2,3838.8
1,3838.8
4,3838.9
3,3839.1
5,3845.6
2,3847.4
6,3849.2
0,3849.7
1,3849.8
7,3850.3
5,3852.4
3,3853.5
2,3854.8
4,3855.5
6,3859.8
5,3860.2
2,3863.6
1,3866.6
5,3918.2
6,3918.3
0,3918.4
7,3918.7
1,3918.7
4,3918.7
2,3918.8
3,3919.1
5,3925.6
2,3927.4
6,3929.0
1,3929.5
0,3929.7
7,3930.4
5,3932.7
3,3933.4
2,3934.7
4,3939.3
6,3939.9
1,3940.6
5,3941.0
2,3943.0
5,3998.1
6,3998.3
0,3998.4
7,3998.6
2,3998.8
1,3998.8
4,3998.8
3,3999.1
5,4005.5
2,4007.3
6,4009.2
0,4009.7
1,4009.8
7,4010.3
5,4012.6
3,4013.5
2,4014.7
4,4016.9
5,4021.2
6,4021.4
2,4023.1
6,4383.5
5,4383.6
0,4383.6
7,4383.9
1,4384.0
4,4384.1
3,4384.4
2,4385.2
5,4393.0
6,4394.2
1,4394.7
7,4395.0
0,4395.2
2,4397.2
3,4397.8
5,4405.0
6,4406.7
2,4408.7
6,4463.3
0,4463.4
5,4463.5
7,4463.7
1,4463.8
4,4463.9
3,4464.1
2,4465.0
5,4472.8
6,4474.0
0,4474.8
7,4474.9
1,4474.9
3,4477.5
2,4477.9
4,4480.4
5,4483.6
6,4486.8
1,4491.2
6,4543.3
0,4543.4
5,4543.5
7,4543.7
4,4543.7
1,4543.7
3,4544.1
2,4545.0
5,4552.8
6,4553.8
1,4554.7
0,4554.8
7,4555.0
3,4557.4
2,4557.6
4,4564.2
5,4564.6
1,4565.8
6,4566.1
2,4570.8
6,4623.3
0,4623.4
5,4623.5
7,4623.6
1,4623.8
4,4623.8
3,4624.1
2,4625.0
5,4632.9
6,4634.0
0,4634.8
7,4634.9
1,4635.0
3,4637.7
2,4638.1
5,4643.8
0,5008.6
1,5009.0
4,5009.1
3,5009.3
7,5009.6
6,5009.6
5,5009.7
2,5010.2
1,5020.0
0,5020.4
7,5021.6
2,5022.8
3,5023.3
5,5023.7
6,5024.4
4,5024.8
7,5033.1
0,5088.4
4,5088.8
1,5088.8
3,5089.1
6,5089.3
7,5089.4
5,5089.6
2,5090.0
0,5099.9
1,5100.3
7,5100.5
2,5102.5
3,5102.6
5,5103.7
6,5104.1
4,5104.7
7,5111.4
2,5115.4
1,5116.1
4,5124.2
0,5168.4
4,5168.7
1,5168.7
3,5169.1
6,5169.3
7,5169.3
5,5169.6
2,5169.9
1,5179.8
0,5179.8
7,5180.6
2,5182.6
3,5182.9
6,5183.9
5,5184.2
4,5186.1
7,5192.3
1,5193.4
2,5195.9
0,5248.4
4,5248.8
1,5248.8
3,5249.1
7,5249.3
6,5249.3
5,5249.6
2,5250.0
0,5259.7
1,5260.1
7,5260.7
3,5263.0
5,5263.7
2,5263.7
6,5264.0
4,5266.5
7,5271.0
0,5633.6
1,5633.6
4,5634.1
7,5634.6
5,5634.7
2,5635.2
3,5639.4
1,5643.5
0,5644.9
7,5646.8
6,5647.0
5,5647.5
2,5647.7
4,5648.4
1,5651.2
3,5654.8
0,5657.3
7,5657.8
2,5659.6
1,5661.9
0,5713.4
1,5713.4
4,5713.8
7,5714.4
5,5714.6
2,5715.0
3,5718.3
1,5722.9
0,5724.3
7,5725.4
6,5726.5
5,5727.6
2,5727.8
4,5728.4
1,5730.6
3,5733.7
7,5736.1
0,5737.2
1,5740.3
4,5746.2
1,5793.4
0,5793.4
4,5793.7
7,5794.3
5,5794.6
2,5795.0
3,5798.3
1,5802.8
0,5804.3
7,5805.3
6,5806.7
2,5807.0
5,5807.9
4,5808.4
1,5810.4
3,5814.1
7,5816.2
0,5816.3
2,5817.9
1,5818.2
1,5831.6
0,5873.3
1,5873.4
4,5873.8
7,5874.3
5,5874.6
2,5875.0
3,5878.3
1,5882.7
0,5884.3
7,5885.4
6,5887.1
2,5887.8
5,5888.1
4,5888.7
1,5890.8
3,5892.7
0,5895.3
7,5896.8
1,5902.5
0,6258.6
7,6258.9
1,6259.4
5,6259.7
2,6260.2
4,6261.4
3,6264.3
7,6269.7
0,6270.2
2,6272.2
6,6272.2
1,6272.4
5,6272.9
4,6277.6
3,6277.9
7,6278.0
0,6281.7
2,6284.5
1,6284.6
7,6290.3
0,6338.4
7,6338.7
1,6339.3
5,6339.6
2,6340.0
4,6340.8
3,6343.4
7,6348.6
0,6349.5
2,6352.1
6,6352.2
1,6352.2
5,6353.3
7,6356.1
3,6357.5
0,6361.2
1,6363.3
7,6364.6
2,6364.9
0,6418.4
7,6418.7
1,6419.2
5,6419.6
2,6420.0
4,6420.7
3,6423.3
7,6428.7
0,6429.4
6,6432.3
1,6432.4
2,6432.4
5,6433.2
7,6436.5
3,6437.9
4,6438.6
1,6444.4
7,6446.3
0,6447.4
0,6498.4
7,6498.7
1,6499.2
5,6499.6
2,6500.0
4,6500.7
3,6503.2
7,6508.7
0,6509.5
2,6512.7
1,6512.7
6,6512.7
5,6513.5
7,6517.0
3,6518.0
4,6519.1
0,6521.2
1,6524.5
7,6529.2
0,6883.6
2,6883.8
7,6883.9
4,6886.3
3,6889.1
6,6889.2
2,6894.5
7,6894.7
0,6895.6
5,6896.2
1,6898.5
6,6901.3
4,6902.5
7,6903.9
2,6905.0
0,6963.4
2,6963.6
7,6963.7
4,6965.7
6,6967.6
3,6968.9
1,6969.7
7,6973.5
2,6974.2
0,6974.6
5,6976.8
6,6980.9
7,6980.9
1,6981.3
2,6982.3
3,6985.0
4,6986.5
0,6986.8
7,6989.1
2,6992.7
0,7043.3
2,7043.6
7,7043.7
4,7045.7
6,7047.7
3,7048.5
1,7049.3
7,7053.6
2,7054.1
0,7054.6
5,7057.2
7,7061.8
6,7061.9
2,7063.0
4,7063.9
1,7064.9
0,7069.5
7,7073.2
0,7123.3
2,7123.6
7,7123.7
4,7125.6
6,7127.4
3,7128.4
1,7129.3
7,7133.6
2,7134.1
0,7134.4
5,7137.7
6,7140.9
7,7142.2
2,7142.4
4,7144.0
1,7144.4
2,7155.0
0,7508.6
2,7508.8
1,7509.6
7,7509.8
4,7511.4
6,7514.0
3,7514.2
2,7519.7
0,7520.2
5,7522.0
7,7522.8
1,7525.3
4,7526.4
6,7527.5
2,7528.3
0,7530.5
7,7534.6
0,7588.4
2,7588.7
1,7589.3
7,7589.5
4,7590.8
6,7592.7
3,7593.7
0,7599.4
2,7599.6
7,7601.9
5,7602.4
1,7603.3
4,7605.9
6,7607.8
2,7608.4
0,7609.9
7,7611.4
3,7613.4
2,7621.1
0,7668.3
2,7668.7
1,7669.3
7,7669.5
4,7670.7
6,7672.8
3,7673.5
0,7679.2
2,7679.5
7,7682.9
5,7683.7
1,7684.8
4,7686.9
0,7690.4
2,7690.6
6,7690.6
0,7748.3
2,7748.6
1,7749.3
7,7749.4
4,7750.6
6,7752.7
3,7753.5
0,7759.3
2,7759.5
7,7762.4
5,7763.2
1,7764.5
4,7766.7
6,7767.8
2,7768.4
0,7769.2
7,7773.4
3,7775.3
2,8133.8
7,8134.1
1,8134.5
6,8135.1
0,8135.9
4,8136.3
3,8139.2
7,8144.4
2,8144.6
5,8147.3
1,8149.6
6,8149.6
0,8151.7
2,8152.7
7,8153.8
2,8164.3
2,8213.6
7,8213.9
1,8214.3
6,8215.0
0,8215.5
4,8215.8
3,8218.6
7,8223.3
2,8224.0
5,8227.6
1,8228.2
6,8229.9
7,8230.7
0,8230.8
2,8231.8
3,8235.0
7,8238.6
2,8241.1
2,8293.6
7,8293.9
1,8294.3
6,8295.0
0,8295.4
4,8295.9
3,8298.6
7,8303.3
2,8304.2
1,8309.2
5,8309.7
6,8309.9
7,8311.4
2,8313.0
0,8313.2
3,8314.0
7,8323.2
2,8325.8
2,8373.6
7,8373.9
1,8374.3
6,8375.0
0,8375.4
4,8375.7
3,8377.9
7,8383.4
2,8384.1
5,8388.3
1,8389.1
6,8389.8
0,8390.6
7,8391.0
3,8392.1
2,8392.3
7,8399.5
2,8403.2
2,8758.8
0,8758.8
7,8759.1
1,8759.5
6,8760.1
4,8761.5
3,8764.2
7,8769.8
2,8769.9
5,8771.4
1,8772.4
0,8772.5
6,8773.6
4,8776.1
2,8778.7
7,8779.9
3,8780.2
1,8784.2
2,8791.4
2,8838.6
0,8838.6
7,8838.9
1,8839.3
6,8839.9
4,8840.6
3,8843.2
7,8848.3
2,8848.9
0,8850.6
5,8851.7
1,8852.2
6,8853.3
4,8855.4
7,8856.0
2,8857.5
3,8859.1
0,8861.8
1,8863.3
7,8865.9
2,8870.4
0,8918.5
2,8918.6
7,8918.9
1,8919.3
6,8920.0
4,8920.7
3,8922.8
7,8928.4
2,8929.1
0,8930.7
5,8932.2
1,8932.9
6,8933.6
4,8936.8
7,8937.2
2,8938.1
3,8941.3
0,8948.5
7,8950.6
2,8951.2
0,8998.5
2,8998.6
7,8998.9
1,8999.3
6,8999.9
4,9000.7
3,9002.9
7,9008.3
2,9008.8
0,9010.8
5,9012.5
1,9013.5
6,9013.7
7,9016.5
4,9017.4
2,9017.6
3,9018.8
0,9022.9
1,9026.2
7,9027.6
2,9030.2
0,9383.5
7,9384.1
1,9384.5
2,9384.8
6,9385.2
4,9386.4
3,9389.1
0,9394.4
7,9394.7
5,9395.8
2,9398.1
6,9398.5
1,9398.8
4,9401.5
0,9404.7
7,9405.2
3,9405.7
5,9406.7
2,9409.1
6,9411.7
0,9463.3
7,9463.9
1,9464.3
2,9464.4
6,9465.0
4,9465.7
3,9468.1
7,9473.2
0,9473.5
5,9475.9
2,9477.4
1,9478.2
6,9478.5
7,9481.1
4,9481.9
0,9482.5
3,9484.7
5,9486.9
1,9490.3
7,9491.2
0,9543.2
7,9543.9
1,9544.3
2,9544.5
6,9544.9
4,9545.7
3,9547.7
0,9553.4
7,9553.4
5,9556.4
2,9557.7
6,9559.4
1,9559.7
7,9562.6
4,9563.3
0,9564.2
5,9568.4
2,9576.2
0,9623.3
7,9623.9
1,9624.3
2,9624.5
6,9624.9
4,9625.6
3,9628.1
7,9633.4
0,9633.6
5,9636.7
2,9637.9
6,9638.5
1,9638.7
4,9641.9
7,9641.9
0,9642.9
3,9644.6
5,9648.3
7,9652.9
2,9654.8
1,9665.0
