0,4.6
19,4.6
18,4.6
17,4.6
44,4.6
45,4.6
46,4.6
16,4.6
47,4.6
48,4.6
49,4.6
15,4.6
50,4.6
51,4.6
52,4.6
14,4.6
53,4.6
13,4.6
54,4.6
12,4.6
20,4.6
55,4.6
21,4.6
22,4.6
33,4.6
31,4.6
34,4.6
35,4.6
36,4.6
30,4.6
29,4.6
37,4.6
38,4.6
39,4.6
40,4.6
28,4.6
27,4.6
26,4.6
41,4.6
25,4.6
24,4.6
42,4.6
23,4.6
43,4.6
11,4.6
32,4.6
8,4.6
4,4.6
5,4.6
9,4.6
60,4.6
1,4.6
57,4.6
62,4.6
56,4.6
6,4.6
7,4.6
10,4.6
61,4.6
2,4.6
59,4.6
58,4.6
3,4.6
61,16.4
27,16.4
40,16.4
51,16.4
54,16.4
35,16.5
26,16.5
62,16.5
9,16.5
34,16.5
12,16.5
33,16.5
55,16.5
38,16.5
18,16.6
17,16.6
20,16.6
15,16.6
23,16.6
59,16.6
37,16.6
29,16.6
57,16.6
49,16.6
22,16.6
13,16.6
53,16.6
31,16.6
39,16.6
19,16.6
5,16.7
11,16.7
41,16.7
4,16.7
2,16.7
30,16.7
36,16.7
24,16.7
1,16.7
46,16.7
44,16.7
50,16.7
47,16.7
58,16.7
10,16.7
32,16.7
16,16.7
21,16.7
43,16.7
52,16.8
8,16.8
48,16.8
7,16.8
28,16.8
14,16.8
3,16.8
56,16.8
60,16.8
42,16.8
25,16.8
0,16.9
45,16.9
6,16.9
62,32.3
57,32.3
19,32.5
40,32.6
61,32.6
12,32.6
44,32.8
23,32.9
27,32.9
43,32.9
54,33.1
42,33.1
18,33.2
29,33.2
20,33.2
1,33.3
22,33.4
59,33.6
31,33.6
39,33.6
0,33.7
4,33.7
2,33.7
17,33.8
55,33.9
51,33.9
6,33.9
34,34.0
53,34.0
49,34.0
52,34.1
32,34.1
50,34.2
60,34.2
21,34.2
28,34.4
33,34.5
48,34.5
35,34.7
13,34.7
26,34.8
38,34.9
3,35.0
41,35.1
47,35.4
9,35.5
10,35.8
37,35.8
56,35.8
7,36.2
30,36.5
24,36.7
11,37.0
15,37.3
25,37.4
16,37.6
46,38.0
14,38.3
5,38.4
45,38.5
8,38.6
36,40.5
58,41.0
55,133.2
52,140.3
31,141.7
58,143.0
55,143.1
16,144.6
53,145.4
50,145.9
56,146.2
28,147.7
60,147.9
52,152.4
31,153.3
12,155.4
55,155.9
16,156.2
58,156.5
53,158.0
50,158.2
30,158.4
56,158.8
57,158.9
28,159.7
60,160.5
12,167.5
31,169.1
52,169.4
57,170.4
30,171.9
16,173.4
50,175.6
58,175.8
53,176.0
28,176.1
60,177.3
56,179.5
12,181.6
57,184.1
30,189.2
58,192.6
55,195.1
28,196.1
34,196.1
56,196.7
15,197.2
53,198.0
57,198.9
7,199.5
14,200.8
50,202.6
58,205.4
52,206.3
55,206.3
34,206.6
15,207.9
60,211.0
7,211.1
14,212.6
31,216.5
53,217.4
50,218.0
28,218.2
0,221.0
34,221.0
52,222.1
15,222.3
45,223.9
7,224.2
56,225.2
55,228.4
60,229.2
31,232.2
14,232.8
0,233.4
45,237.4
0,249.6
45,257.6
55,274.5
58,277.8
53,278.1
16,279.2
50,279.3
28,279.3
52,280.3
7,281.2
56,281.2
60,281.6
14,282.5
15,283.4
55,284.1
31,284.2
33,286.3
58,287.8
16,288.7
53,289.3
50,290.9
52,291.4
28,291.7
11,292.2
60,292.8
34,292.8
7,293.8
56,293.9
23,294.9
55,295.8
15,296.0
31,296.5
14,296.9
6,297.0
33,297.0
16,298.1
58,300.7
34,304.6
50,304.8
23,305.2
28,305.3
11,305.9
6,307.8
52,308.6
32,308.8
53,309.1
60,309.4
33,309.5
30,311.6
7,312.6
55,313.7
16,313.9
31,315.3
23,318.1
14,320.3
32,321.1
6,322.0
30,325.4
34,326.4
32,339.0
38,653.8
30,654.2
58,655.3
7,656.0
55,656.5
15,656.5
16,658.3
53,658.3
19,660.2
60,660.5
31,660.7
14,660.7
11,661.0
52,661.4
33,661.7
51,662.0
28,662.4
50,663.3
56,663.6
12,663.9
58,664.7
30,665.0
38,665.1
55,665.2
7,666.0
15,666.4
57,666.7
16,667.3
53,667.8
6,668.3
45,668.5
18,669.0
60,669.9
31,670.3
52,670.4
14,670.4
11,671.4
19,671.4
33,671.5
36,671.6
28,672.2
34,672.2
0,672.3
23,672.4
5,672.9
50,673.0
51,673.3
56,673.4
58,673.7
55,673.8
32,674.3
12,675.1
27,675.1
16,675.3
13,675.6
30,676.2
7,676.3
15,677.0
57,677.6
53,677.9
6,678.3
38,678.7
45,679.2
18,680.3
14,681.1
60,681.1
31,681.4
52,681.6
33,681.8
23,682.5
36,682.8
28,683.3
0,683.4
5,683.5
34,683.5
50,684.2
39,684.4
19,684.5
11,684.7
2,684.9
55,685.0
32,685.2
56,685.6
27,685.8
48,686.0
58,686.7
16,686.9
37,687.2
12,687.7
51,688.3
13,688.7
57,690.0
6,690.6
30,691.9
23,693.2
45,693.3
33,695.3
18,695.5
2,695.6
39,696.6
7,696.8
0,696.8
5,697.3
53,697.4
34,697.5
31,697.9
27,698.1
48,698.3
37,699.4
60,699.5
32,699.7
36,700.4
28,703.1
52,708.0
13,708.0
6,708.3
50,708.7
2,709.5
23,710.2
12,710.7
57,711.5
39,712.0
48,715.2
19,715.4
37,719.6
27,727.5
55,739.4
2,740.2
12,740.2
19,742.1
53,744.6
58,745.2
7,746.4
56,746.5
50,746.7
14,747.0
28,747.5
60,748.8
52,749.9
55,750.1
15,750.3
31,751.8
16,753.3
53,757.0
58,757.4
7,759.7
56,759.8
50,760.3
60,760.4
14,760.5
28,762.1
15,762.5
52,763.4
0,764.8
31,765.5
55,765.8
16,766.9
45,768.3
0,778.8
58,780.9
60,781.0
45,784.2
31,788.1
0,800.3
55,818.7
53,822.0
28,823.5
50,823.9
58,824.0
16,824.3
52,824.3
7,824.5
56,824.7
14,825.2
60,828.0
15,828.3
55,828.4
33,830.2
31,832.1
53,833.3
16,834.0
58,834.3
50,835.3
11,835.3
28,835.4
52,836.2
7,836.5
56,836.9
23,837.5
14,837.6
55,839.0
34,839.2
6,839.5
60,839.5
15,840.1
33,840.7
45,842.6
31,845.3
16,846.3
53,847.1
23,848.1
11,848.6
28,849.4
50,850.7
6,850.7
56,851.0
36,851.0
58,852.4
34,852.6
33,854.1
7,855.6
52,855.7
14,855.8
0,855.9
55,856.3
45,856.9
23,859.6
60,861.8
6,864.5
36,867.0
0,870.9
23,884.9
55,899.8
53,902.9
58,903.2
50,903.6
28,904.2
7,904.9
52,904.9
56,905.8
16,906.1
14,906.4
60,906.7
15,907.0
31,909.7
55,910.2
58,913.9
53,914.7
50,915.1
11,916.3
28,916.8
52,916.9
16,917.6
7,917.6
60,918.5
15,919.0
56,919.3
14,920.2
31,921.2
55,922.6
45,925.5
33,926.7
58,927.0
34,928.3
53,931.6
16,931.9
50,932.1
11,932.8
52,935.3
12,939.0
45,939.6
31,941.0
33,941.8
28,942.6
34,942.9
60,944.3
14,949.2
12,950.8
12,964.2
12,987.3
19,1276.7
12,1277.0
30,1277.5
38,1278.3
7,1279.8
11,1281.5
58,1281.5
15,1281.6
16,1281.9
57,1282.8
55,1283.4
6,1283.9
60,1284.3
53,1284.5
51,1284.6
33,1285.3
28,1286.0
31,1287.1
50,1287.1
52,1287.2
14,1287.2
17,1287.3
19,1288.0
12,1288.1
30,1288.4
18,1289.1
56,1289.2
38,1289.5
45,1290.1
7,1290.1
58,1291.0
16,1291.2
15,1291.5
55,1292.0
11,1292.2
57,1293.7
60,1293.9
53,1294.2
6,1294.7
33,1295.3
39,1295.6
27,1295.6
5,1295.7
0,1296.0
51,1296.0
28,1296.1
52,1296.3
31,1296.9
50,1297.0
14,1297.3
36,1297.3
34,1298.4
17,1299.1
56,1299.2
30,1299.4
16,1299.6
23,1299.7
18,1300.1
45,1300.3
12,1300.3
58,1300.5
55,1300.8
7,1300.8
19,1301.0
37,1301.8
48,1302.6
15,1302.8
38,1303.0
11,1304.1
53,1304.8
60,1305.3
2,1305.7
57,1305.9
32,1306.3
6,1306.5
27,1306.6
28,1306.7
0,1307.1
5,1307.3
39,1307.3
33,1307.5
50,1308.0
52,1308.0
36,1308.9
14,1309.0
31,1309.3
34,1310.2
23,1310.2
51,1310.9
56,1311.7
55,1312.9
16,1313.1
30,1313.9
45,1314.0
37,1314.6
18,1314.8
48,1314.8
17,1314.9
12,1315.5
2,1316.8
32,1318.5
27,1319.2
0,1320.6
5,1322.2
39,1322.4
23,1322.9
58,1323.9
7,1324.1
33,1324.2
28,1325.6
34,1325.9
60,1326.9
19,1327.3
57,1328.2
6,1328.5
53,1328.9
36,1329.9
2,1330.0
31,1330.3
48,1330.8
50,1331.4
32,1335.1
27,1343.5
37,1345.8
2,1359.2
55,1365.1
53,1371.1
58,1371.6
50,1371.9
56,1372.3
7,1372.6
14,1372.7
28,1373.0
52,1373.3
60,1373.9
55,1375.8
15,1376.2
16,1379.1
31,1379.1
58,1384.6
52,1384.7
50,1384.9
53,1384.9
56,1385.6
7,1385.8
60,1385.9
0,1386.3
45,1386.3
14,1386.4
28,1386.8
55,1392.6
15,1393.0
16,1395.0
31,1395.7
0,1398.7
45,1399.2
52,1404.8
60,1411.8
0,1417.6
50,1422.1
45,1426.8
55,1443.9
58,1447.0
53,1447.2
16,1449.1
56,1449.6
28,1449.7
14,1450.3
7,1450.5
52,1450.8
15,1451.0
60,1452.6
50,1453.3
55,1453.3
31,1453.6
33,1456.2
58,1457.5
53,1458.8
16,1459.3
11,1460.5
28,1461.9
56,1462.3
23,1462.6
7,1462.6
34,1462.7
6,1462.9
14,1463.2
15,1463.7
52,1463.8
60,1465.0
31,1465.4
55,1465.9
50,1466.6
33,1467.0
16,1470.9
58,1471.5
23,1473.5
11,1473.6
6,1474.3
28,1475.1
34,1476.3
53,1477.2
14,1478.9
33,1481.0
55,1482.8
7,1482.8
31,1483.1
23,1485.7
6,1488.1
23,1512.7
55,1525.4
58,1528.3
53,1528.4
52,1528.5
50,1529.2
28,1529.5
56,1530.5
60,1530.6
16,1530.8
7,1531.6
14,1532.5
15,1532.5
55,1535.5
31,1535.9
11,1537.6
58,1538.3
52,1539.9
53,1540.3
45,1540.4
0,1540.7
50,1540.9
60,1541.6
34,1541.8
28,1542.2
56,1543.6
16,1543.7
7,1545.1
15,1545.4
14,1547.0
12,1548.0
33,1549.4
31,1550.9
58,1551.7
55,1551.9
11,1552.3
0,1552.4
45,1552.4
52,1554.1
34,1554.1
50,1554.9
60,1557.4
12,1559.3
16,1563.6
33,1565.2
0,1567.7
45,1570.6
12,1572.1
28,1572.2
53,1573.9
12,1606.8
30,1896.7
38,1897.4
12,1898.2
33,1898.3
51,1899.7
11,1899.8
15,1900.2
19,1900.8
58,1901.1
7,1901.8
53,1904.5
55,1904.8
13,1904.9
16,1905.0
57,1905.9
31,1906.5
17,1907.3
30,1907.5
14,1907.7
38,1908.4
6,1908.8
60,1909.2
33,1909.2
12,1909.3
52,1909.7
11,1910.4
15,1910.6
58,1910.8
39,1910.8
51,1911.0
56,1911.5
28,1911.6
19,1912.0
18,1912.0
7,1912.2
50,1912.4
27,1914.3
55,1914.3
16,1914.5
53,1914.5
45,1915.8
13,1916.1
31,1916.8
57,1917.1
14,1917.5
36,1917.6
17,1918.8
60,1919.0
30,1919.1
48,1919.5
52,1919.6
6,1919.8
58,1920.2
33,1920.6
0,1921.3
15,1921.4
34,1921.5
28,1921.7
12,1921.8
38,1921.8
5,1921.9
56,1922.1
50,1922.2
39,1922.3
11,1922.4
18,1923.5
7,1923.6
23,1924.2
16,1924.3
32,1924.4
27,1924.6
51,1924.7
55,1924.7
19,1925.0
53,1925.8
45,1926.2
2,1926.6
31,1928.8
36,1929.5
57,1930.3
14,1930.3
52,1930.9
60,1931.2
48,1931.6
13,1932.2
6,1932.3
34,1932.6
0,1932.6
28,1933.2
56,1933.7
50,1933.7
5,1934.2
17,1934.2
23,1934.8
30,1935.7
32,1936.0
55,1936.5
39,1937.0
27,1937.2
2,1937.7
58,1938.0
18,1938.1
12,1938.2
16,1939.4
33,1940.4
45,1940.4
7,1944.3
0,1946.4
53,1946.6
48,1947.2
36,1947.3
23,1947.4
34,1948.0
2,1950.0
5,1950.1
43,1950.7
32,1951.7
19,1952.0
31,1952.5
57,1956.1
6,1957.3
28,1957.9
27,1958.2
43,1962.9
50,1967.0
60,1973.6
43,1977.2
2,1978.5
55,1990.2
60,1991.0
53,1995.5
58,1995.9
7,1996.9
56,1997.5
14,1998.1
52,1998.5
50,1999.2
28,2000.3
55,2000.8
16,2001.5
15,2001.6
31,2003.5
60,2007.8
53,2008.4
58,2008.5
7,2009.5
52,2010.5
56,2011.0
14,2012.0
50,2012.5
28,2015.5
0,2016.5
55,2017.7
16,2017.9
45,2018.0
15,2018.8
31,2019.4
0,2029.8
45,2031.9
52,2034.1
0,2050.3
55,2069.5
53,2072.5
58,2072.7
28,2073.9
50,2074.1
16,2074.5
7,2074.9
56,2075.0
60,2076.0
14,2076.2
15,2076.8
52,2077.8
55,2078.7
31,2079.7
33,2080.3
58,2082.4
53,2083.8
16,2084.4
23,2086.3
50,2086.5
28,2086.6
60,2086.9
34,2086.9
11,2087.2
6,2087.4
56,2087.5
7,2087.9
14,2089.1
15,2089.5
52,2091.3
55,2091.6
33,2091.7
31,2093.4
58,2096.6
23,2096.7
16,2097.1
6,2098.3
34,2100.1
50,2100.5
11,2100.7
60,2102.4
53,2103.7
36,2104.7
7,2105.2
14,2105.5
33,2106.2
28,2107.3
23,2109.4
6,2112.8
36,2120.9
23,2142.1
55,2149.6
58,2153.3
53,2153.4
52,2153.5
50,2154.9
56,2155.1
16,2155.6
60,2155.9
28,2156.0
7,2156.5
14,2157.2
15,2157.4
31,2158.4
55,2159.9
58,2163.3
11,2163.4
52,2165.2
53,2165.9
45,2166.1
0,2166.4
50,2166.5
16,2166.6
60,2167.1
34,2167.4
56,2168.0
28,2168.9
7,2169.1
31,2169.9
15,2169.9
14,2171.4
55,2172.4
33,2174.3
11,2176.4
58,2177.9
0,2177.9
45,2177.9
52,2180.3
34,2180.9
50,2183.3
53,2183.9
56,2184.3
16,2184.3
60,2187.4
33,2190.2
31,2190.3
28,2191.0
0,2193.0
45,2195.4
30,2522.5
38,2523.8
19,2524.0
12,2525.7
11,2525.8
51,2526.5
33,2527.8
7,2527.8
17,2528.0
15,2528.6
58,2529.4
57,2529.7
16,2530.1
39,2530.5
6,2531.3
55,2531.8
53,2532.0
18,2532.2
30,2533.3
13,2533.3
60,2534.1
38,2534.9
31,2535.0
14,2535.1
19,2535.2
28,2535.4
52,2536.1
11,2536.6
50,2536.7
27,2536.8
12,2536.9
56,2537.7
51,2537.9
7,2538.3
33,2538.4
58,2538.8
15,2538.8
45,2539.2
17,2539.6
16,2539.6
55,2540.6
57,2540.9
53,2541.6
39,2541.7
6,2542.4
18,2543.2
60,2543.9
36,2544.0
13,2544.9
14,2545.0
30,2545.1
31,2545.2
28,2545.2
0,2545.7
52,2545.8
50,2546.4
34,2547.0
27,2547.7
5,2547.8
62,2547.9
48,2548.1
38,2548.2
19,2548.2
56,2548.2
11,2548.5
58,2548.7
16,2549.2
23,2549.3
45,2549.4
2,2549.5
7,2549.7
12,2550.0
15,2550.3
33,2550.3
55,2550.7
32,2551.1
51,2552.0
53,2552.9
57,2553.7
17,2554.3
6,2554.8
36,2555.8
39,2556.1
60,2556.3
28,2556.4
0,2556.8
14,2557.2
52,2557.7
18,2557.7
50,2557.8
31,2557.8
34,2558.6
43,2559.4
62,2559.7
23,2559.8
56,2560.0
5,2560.2
2,2560.6
48,2560.6
27,2560.7
13,2561.6
32,2562.6
55,2563.2
45,2563.4
30,2564.4
16,2564.5
0,2570.4
12,2570.5
33,2570.7
43,2571.0
19,2572.1
23,2572.6
2,2573.5
7,2573.9
36,2574.2
62,2574.6
34,2574.8
58,2575.4
28,2576.7
57,2577.0
48,2577.2
6,2577.2
5,2577.3
32,2578.4
53,2578.8
27,2582.2
43,2586.0
50,2587.5
31,2591.2
2,2602.7
55,2615.6
58,2616.7
43,2618.1
53,2621.6
60,2622.6
56,2622.6
28,2622.9
52,2623.1
7,2623.6
50,2623.7
14,2624.0
34,2625.3
55,2626.3
15,2627.0
16,2627.1
58,2628.3
60,2633.9
52,2635.1
31,2635.2
53,2635.8
56,2636.1
7,2637.3
28,2637.6
50,2637.8
14,2638.1
34,2639.7
55,2643.7
15,2644.0
16,2644.1
0,2646.7
60,2650.6
45,2650.7
52,2658.5
0,2659.9
58,2662.6
45,2664.9
0,2680.3
45,2688.8
55,2694.3
53,2697.7
16,2699.0
58,2699.4
28,2699.8
56,2700.1
52,2700.3
50,2700.3
7,2701.2
14,2701.3
60,2701.8
15,2702.1
31,2702.6
55,2703.5
33,2705.5
11,2707.6
53,2708.9
16,2709.3
58,2710.5
28,2712.0
50,2712.2
34,2712.6
56,2712.6
60,2713.4
52,2713.5
7,2714.1
31,2714.3
6,2714.4
14,2714.5
23,2714.6
15,2715.3
55,2716.5
33,2716.9
11,2721.4
16,2721.7
23,2725.0
6,2725.6
50,2726.5
34,2727.6
53,2730.7
33,2731.4
31,2731.7
7,2732.8
28,2734.2
60,2736.2
23,2737.8
6,2739.7
23,2771.5
55,2774.5
52,2779.0
53,2779.4
58,2779.8
50,2780.1
28,2780.9
56,2781.5
7,2782.3
14,2782.7
16,2782.9
60,2783.2
55,2784.4
15,2784.9
31,2786.2
11,2788.7
58,2789.6
52,2790.4
53,2791.8
50,2792.3
0,2792.8
45,2792.9
56,2793.7
34,2794.6
60,2794.7
16,2794.8
28,2794.9
14,2795.7
7,2795.9
15,2798.0
55,2798.4
31,2798.5
33,2801.8
58,2802.7
0,2804.5
11,2804.7
45,2805.2
50,2808.3
34,2810.2
52,2810.3
33,2817.4
0,2819.9
60,2824.0
45,2824.6
12,2825.0
31,2825.2
12,2836.6
12,2851.3
30,3142.0
38,3142.6
11,3143.7
51,3143.8
19,3144.0
33,3144.0
7,3144.3
12,3144.3
17,3144.9
15,3144.9
6,3145.1
58,3145.3
39,3145.9
13,3146.1
57,3146.4
18,3146.4
16,3146.6
27,3147.0
53,3147.2
31,3147.9
55,3148.3
2,3148.4
48,3149.3
62,3149.4
14,3149.7
9,3149.9
43,3151.7
30,3151.8
28,3151.9
45,3152.1
40,3152.2
38,3152.5
60,3152.6
11,3153.5
51,3153.6
61,3153.7
19,3154.0
33,3154.1
15,3154.6
7,3154.6
12,3154.7
50,3155.0
8,3155.2
20,3155.2
58,3155.3
10,3155.4
17,3155.4
41,3155.5
26,3155.5
6,3155.5
39,3155.8
44,3155.9
52,3156.0
13,3156.2
16,3156.4
59,3156.5
57,3156.5
4,3156.5
5,3156.5
56,3156.7
18,3157.0
53,3157.4
27,3157.5
36,3157.6
42,3157.9
32,3158.0
54,3158.2
55,3158.2
31,3158.5
21,3158.6
29,3158.9
2,3159.0
47,3159.0
35,3159.0
37,3159.5
22,3159.7
62,3159.8
1,3159.9
48,3160.1
14,3160.4
9,3160.5
25,3161.1
23,3161.2
0,3161.3
49,3161.4
43,3162.2
28,3162.3
40,3162.7
30,3162.8
45,3162.9
60,3163.4
38,3163.4
34,3163.6
24,3163.9
61,3164.1
51,3164.7
19,3164.8
46,3165.3
11,3165.3
50,3165.5
33,3165.7
26,3165.8
3,3165.8
12,3165.8
20,3165.9
8,3166.1
44,3166.2
41,3166.8
10,3166.8
15,3166.9
7,3167.0
59,3167.2
52,3167.2
5,3167.2
17,3167.2
4,3167.2
6,3167.3
39,3167.6
58,3167.9
57,3168.0
42,3168.1
13,3168.4
56,3168.5
27,3168.5
18,3168.8
21,3169.1
54,3169.1
16,3169.4
53,3169.5
32,3169.6
29,3169.7
55,3169.9
36,3169.9
47,3170.0
2,3170.2
22,3170.2
1,3170.2
35,3170.5
31,3170.8
37,3171.5
62,3171.6
23,3171.6
25,3172.5
0,3172.5
49,3172.7
48,3173.1
9,3173.5
43,3173.6
40,3174.6
28,3175.3
34,3175.3
24,3175.4
14,3175.6
61,3176.1
60,3176.5
46,3176.9
3,3177.2
45,3177.3
44,3178.3
26,3178.3
20,3178.3
50,3178.4
19,3179.9
59,3179.9
8,3180.2
4,3180.5
42,3180.7
12,3180.8
38,3180.8
41,3180.9
5,3181.0
52,3181.4
10,3181.4
51,3182.1
54,3182.2
21,3182.4
29,3182.7
22,3183.0
1,3183.1
30,3183.9
47,3184.1
32,3184.1
56,3184.4
23,3184.5
27,3184.5
35,3185.1
57,3185.3
17,3186.4
49,3186.5
18,3186.8
0,3187.0
37,3187.0
39,3187.6
25,3188.3
36,3188.5
62,3189.2
6,3189.7
2,3190.0
24,3190.9
34,3191.4
55,3191.8
3,3192.0
46,3192.6
43,3193.3
40,3195.2
31,3197.1
33,3198.7
44,3199.1
61,3199.3
20,3201.5
53,3203.2
13,3204.4
59,3206.9
42,3207.9
1,3209.1
22,3210.5
23,3212.0
48,3212.2
4,3214.2
12,3234.0
48,3241.5
12,3248.9
12,3278.3
19,3311.2
30,3312.1
38,3313.8
57,3318.5
55,3321.4
19,3322.8
30,3324.2
38,3325.9
57,3330.0
55,3332.5
56,3334.2
53,3334.6
19,3337.8
30,3340.9
38,3343.1
57,3344.9
55,3346.2
53,3346.5
56,3346.6
53,3367.8
56,3370.7
19,3372.0
12,3387.4
19,3387.4
30,3390.5
53,3392.6
51,3394.8
38,3395.1
7,3396.9
11,3397.3
12,3399.0
30,3404.6
51,3407.0
6,3408.0
28,3409.0
38,3409.0
7,3409.0
11,3409.8
12,3413.2
53,3414.7
6,3419.9
28,3419.9
51,3422.1
55,3425.7
19,3426.1
7,3426.2
11,3428.3
38,3432.6
28,3434.6
6,3436.2
55,3439.9
19,3448.6
55,3477.7
55,3497.6
30,3765.8
33,3766.2
13,3766.9
38,3766.9
11,3767.4
15,3767.4
51,3768.5
19,3768.8
7,3769.0
16,3769.2
53,3769.2
12,3769.4
6,3769.5
58,3769.7
9,3769.7
10,3769.7
39,3769.9
31,3770.1
14,3770.2
55,3770.3
18,3770.3
27,3770.3
45,3770.6
17,3770.6
57,3772.2
48,3772.7
52,3772.7
2,3773.1
32,3773.2
28,3774.2
43,3775.2
30,3775.4
41,3775.6
60,3775.6
61,3775.8
33,3776.1
54,3776.5
38,3776.6
13,3776.7
40,3777.0
15,3777.0
11,3777.4
8,3777.6
56,3777.7
51,3778.3
19,3778.6
62,3778.7
50,3778.8
26,3779.0
5,3779.0
53,3779.1
16,3779.1
20,3779.1
7,3779.3
6,3779.6
35,3779.6
44,3779.6
42,3779.6
12,3779.8
37,3779.8
39,3779.9
58,3780.0
10,3780.0
9,3780.1
24,3780.2
55,3780.2
4,3780.2
29,3780.5
31,3780.6
27,3780.6
14,3780.8
18,3780.8
59,3780.9
17,3780.9
21,3781.1
45,3781.3
22,3781.3
47,3781.5
25,3782.2
57,3782.4
1,3782.5
23,3782.7
34,3783.1
0,3783.2
49,3783.2
36,3783.2
48,3783.4
52,3783.4
2,3783.6
32,3783.7
46,3784.2
28,3784.7
43,3785.5
3,3785.6
61,3785.8
60,3786.1
30,3786.3
41,3786.3
54,3786.7
33,3787.0
40,3787.2
38,3787.5
13,3787.9
8,3788.1
15,3788.6
56,3788.9
26,3789.1
11,3789.1
62,3789.1
19,3789.1
50,3789.2
51,3789.3
5,3789.4
42,3789.7
44,3789.7
20,3789.9
35,3790.6
53,3790.7
12,3790.8
4,3790.8
24,3791.0
29,3791.1
37,3791.1
55,3791.4
27,3791.4
6,3791.5
21,3791.5
22,3791.5
59,3791.6
39,3791.6
16,3792.1
9,3792.1
7,3792.1
47,3792.3
18,3792.4
31,3792.6
1,3792.8
10,3792.8
23,3792.8
17,3793.0
25,3793.4
58,3793.7
45,3794.1
57,3794.3
49,3794.4
0,3794.4
34,3794.9
2,3795.0
46,3795.3
14,3795.8
36,3796.1
48,3796.4
3,3796.8
32,3797.1
43,3797.1
52,3797.1
28,3797.7
61,3797.8
54,3799.2
60,3799.3
40,3799.3
41,3799.9
62,3801.1
26,3801.5
44,3801.8
50,3801.9
42,3802.1
8,3802.2
20,3802.4
5,3803.2
29,3803.8
4,3804.0
22,3804.0
56,3804.0
19,3804.1
35,3804.2
59,3804.5
24,3804.8
21,3805.0
1,3805.3
23,3805.5
37,3805.6
38,3805.6
47,3806.1
12,3806.5
27,3807.1
51,3807.4
30,3807.5
13,3807.8
49,3808.2
25,3808.6
0,3808.9
55,3809.9
34,3810.1
46,3810.4
33,3810.5
3,3811.3
18,3811.4
39,3812.0
57,3813.4
17,3815.1
31,3815.3
6,3815.6
2,3815.8
53,3816.4
36,3816.5
43,3816.5
9,3817.3
61,3819.5
40,3821.9
62,3822.2
44,3823.0
42,3828.0
20,3828.0
54,3828.3
22,3830.1
1,3830.5
23,3832.5
29,3835.6
4,3836.5
48,3837.4
59,3839.1
48,3862.6
30,3936.1
12,3937.6
19,3938.1
33,3939.1
55,3947.0
30,3947.9
12,3949.0
19,3949.9
33,3950.7
15,3955.6
55,3958.5
12,3963.0
30,3964.1
19,3964.3
33,3966.0
15,3968.6
55,3974.4
19,3995.3
19,4012.4
30,4016.7
38,4022.6
15,4023.4
57,4026.8
28,4029.3
30,4030.1
58,4033.3
38,4034.8
15,4035.2
57,4038.3
28,4041.2
58,4045.2
38,4049.4
57,4051.8
15,4052.8
30,4053.6
28,4055.3
58,4062.5
57,4084.6
30,4390.9
33,4391.2
13,4392.0
15,4392.4
38,4392.4
7,4393.0
53,4393.1
11,4393.8
51,4393.9
19,4394.2
27,4394.2
16,4394.4
12,4394.7
58,4394.8
45,4394.8
31,4395.0
55,4395.3
14,4395.4
39,4395.5
9,4395.5
18,4395.9
10,4396.3
17,4396.6
6,4397.0
48,4397.1
52,4397.1
57,4397.7
32,4398.2
2,4398.2
28,4399.0
5,4399.3
30,4400.5
60,4400.5
43,4400.8
33,4401.0
13,4401.7
41,4401.7
61,4401.9
15,4402.0
38,4402.1
54,4402.6
25,4402.7
53,4402.8
7,4403.1
40,4403.2
29,4403.3
51,4403.7
21,4403.7
56,4403.8
19,4403.9
22,4403.9
16,4404.3
11,4404.3
27,4404.3
20,4404.4
35,4404.7
0,4404.7
24,4404.8
62,4404.8
12,4405.0
44,4405.1
58,4405.1
23,4405.1
8,4405.2
42,4405.2
55,4405.3
37,4405.4
31,4405.4
39,4405.5
45,4405.6
26,4405.8
14,4405.9
9,4405.9
18,4406.4
59,4406.5
50,4406.6
10,4406.7
17,4407.0
47,4407.3
6,4407.6
1,4407.6
52,4407.7
48,4407.7
57,4407.9
49,4408.1
4,4408.3
34,4408.4
32,4408.7
2,4408.8
36,4408.9
46,4409.3
28,4409.5
5,4409.7
3,4410.8
60,4410.8
43,4411.1
30,4411.4
33,4411.8
61,4411.9
41,4412.5
13,4412.6
54,4413.0
38,4413.0
25,4413.1
15,4413.2
40,4413.4
29,4413.6
22,4413.9
21,4414.1
53,4414.1
19,4414.4
51,4414.8
27,4414.8
23,4415.0
7,4415.1
20,4415.1
0,4415.1
44,4415.2
62,4415.2
42,4415.2
24,4415.4
56,4415.4
35,4415.8
26,4416.0
12,4416.1
8,4416.1
55,4416.9
16,4417.0
37,4417.0
11,4417.1
39,4417.1
59,4417.2
31,4417.4
50,4417.7
1,4417.8
45,4418.1
18,4418.1
47,4418.1
9,4418.2
58,4418.3
17,4419.2
4,4419.3
49,4419.3
57,4419.9
34,4420.1
2,4420.2
10,4420.2
48,4420.5
6,4420.5
46,4420.5
14,4421.0
52,4421.1
36,4421.9
3,4422.0
32,4422.2
5,4422.7
43,4422.9
28,4423.0
61,4423.9
60,4424.3
54,4425.5
40,4425.5
29,4425.9
22,4426.0
41,4426.1
25,4426.5
21,4427.1
23,4427.4
44,4427.5
62,4427.5
20,4427.7
42,4427.7
0,4428.3
24,4429.0
26,4429.1
35,4429.4
19,4429.5
27,4429.7
59,4430.1
1,4430.6
8,4431.1
56,4431.2
38,4431.4
50,4431.4
37,4431.7
47,4432.0
12,4432.3
13,4432.6
4,4432.9
49,4433.0
51,4433.6
30,4433.7
33,4434.1
34,4435.1
46,4435.5
53,4436.3
39,4436.4
3,4436.6
18,4437.6
55,4438.3
31,4439.8
57,4439.9
2,4440.1
17,4442.1
43,4442.6
36,4443.2
61,4446.0
40,4448.3
62,4448.6
22,4449.0
44,4449.2
23,4451.7
29,4452.1
20,4453.5
42,4453.8
1,4455.9
54,4456.0
9,4457.0
48,4457.9
6,4460.1
59,4464.8
6,4486.6
30,4560.8
12,4562.8
19,4563.2
33,4563.3
30,4572.8
12,4574.2
19,4575.0
33,4575.4
15,4578.0
12,4588.3
30,4588.7
19,4589.6
15,4590.2
33,4591.0
19,4625.6
30,4640.1
19,4641.1
27,4643.3
38,4643.8
33,4644.5
7,4646.4
15,4646.6
30,4653.2
27,4654.9
38,4655.6
57,4656.3
33,4657.5
58,4657.6
7,4658.0
15,4658.3
57,4667.6
27,4668.9
58,4669.4
38,4670.2
7,4673.2
30,4675.2
15,4679.1
33,4681.3
57,4681.7
33,5016.0
30,5017.1
15,5017.3
53,5017.3
13,5017.5
11,5018.1
38,5018.7
14,5018.7
16,5018.9
51,5019.0
27,5019.2
58,5019.3
19,5019.3
10,5019.6
45,5019.7
31,5019.9
55,5020.0
7,5020.1
57,5020.2
39,5020.4
18,5020.5
12,5020.6
52,5021.1
25,5021.7
32,5022.4
48,5022.7
6,5023.0
8,5023.0
2,5023.2
5,5024.0
9,5024.1
28,5024.5
56,5024.7
43,5025.5
60,5025.6
33,5025.8
61,5026.8
30,5026.8
53,5026.9
15,5026.9
41,5027.2
13,5027.4
49,5027.5
29,5028.0
35,5028.2
38,5028.3
40,5028.4
11,5028.5
16,5028.6
22,5028.6
51,5028.7
14,5028.9
1,5028.9
21,5029.0
19,5029.1
27,5029.2
0,5029.2
17,5029.3
58,5029.4
42,5029.6
20,5029.7
23,5029.8
62,5029.8
55,5029.9
10,5030.0
37,5030.1
57,5030.2
31,5030.3
39,5030.3
7,5030.4
24,5030.4
45,5030.7
12,5030.8
44,5030.9
18,5031.0
50,5031.1
26,5031.4
52,5031.7
34,5031.7
25,5032.4
36,5032.6
54,5032.8
32,5033.0
47,5033.1
48,5033.2
46,5033.4
6,5033.5
2,5033.6
4,5033.6
8,5033.8
59,5033.8
5,5034.4
9,5034.7
28,5034.9
56,5035.6
60,5036.0
43,5036.0
3,5036.3
33,5036.8
61,5037.0
49,5037.7
53,5037.9
29,5038.1
41,5038.2
30,5038.4
15,5038.5
22,5038.6
13,5038.8
40,5038.9
1,5038.9
35,5039.1
21,5039.3
0,5039.6
42,5039.7
27,5039.7
23,5039.8
19,5039.8
38,5039.8
51,5039.9
62,5040.2
17,5040.5
20,5040.5
11,5041.0
44,5041.1
24,5041.1
16,5041.2
57,5041.4
55,5041.6
37,5041.7
26,5041.8
50,5041.8
12,5042.0
39,5042.2
31,5042.4
18,5042.7
58,5042.9
10,5042.9
14,5043.1
34,5043.2
45,5043.3
7,5043.5
54,5043.8
47,5044.0
46,5044.6
59,5044.8
4,5044.8
52,5045.0
2,5045.0
25,5045.1
36,5045.4
48,5046.1
32,5046.4
6,5046.7
5,5047.2
8,5047.5
3,5047.8
9,5047.8
43,5048.1
28,5048.3
61,5048.9
60,5048.9
56,5050.2
49,5050.4
29,5050.5
22,5050.9
40,5051.0
1,5051.1
41,5051.8
23,5052.2
42,5052.4
35,5052.4
21,5052.4
62,5052.4
0,5053.0
20,5053.1
44,5053.8
17,5053.9
19,5054.9
26,5055.1
27,5055.2
50,5055.3
24,5055.5
37,5056.5
54,5057.1
34,5058.0
59,5058.1
47,5058.2
57,5058.3
51,5058.4
12,5058.6
4,5058.6
13,5058.8
33,5058.9
53,5059.4
46,5059.7
38,5060.0
18,5061.3
3,5062.3
39,5063.3
2,5063.8
55,5064.1
31,5064.8
30,5065.2
36,5065.5
43,5069.4
61,5070.1
1,5073.2
40,5074.1
62,5074.6
29,5074.8
22,5075.5
44,5077.5
20,5077.5
23,5077.8
49,5078.4
42,5084.6
48,5086.4
48,5112.6
19,5188.4
33,5191.1
12,5197.6
19,5200.2
33,5204.4
60,5204.7
12,5209.4
19,5214.5
60,5216.8
33,5223.3
12,5223.6
60,5232.3
19,5251.4
53,5265.5
27,5266.0
19,5267.4
30,5267.9
57,5268.8
7,5273.6
53,5277.0
27,5277.3
50,5277.5
30,5279.6
60,5280.3
57,5280.3
58,5282.7
7,5284.7
50,5288.6
53,5290.6
27,5290.9
55,5293.0
57,5293.9
60,5294.0
30,5294.4
58,5295.0
7,5298.6
50,5302.5
55,5305.4
58,5317.3
60,5319.4
57,5320.6
55,5322.9
33,5641.6
53,5641.7
30,5641.7
15,5642.5
38,5642.8
13,5642.9
11,5642.9
10,5643.1
16,5643.8
51,5644.0
52,5644.3
27,5644.4
25,5644.4
45,5644.7
31,5644.8
55,5644.9
7,5645.0
12,5645.2
57,5645.2
8,5645.3
14,5645.5
32,5645.5
56,5646.1
49,5647.6
6,5647.9
48,5647.9
2,5648.3
29,5648.7
19,5648.9
60,5649.0
39,5649.2
18,5649.2
28,5649.3
5,5649.4
9,5650.2
58,5650.6
43,5650.6
30,5651.3
53,5651.3
33,5651.5
41,5651.6
61,5652.0
15,5652.2
34,5652.3
38,5652.5
35,5652.6
54,5652.7
13,5652.7
10,5653.3
11,5653.4
16,5653.5
22,5653.6
51,5653.7
21,5653.7
1,5654.0
0,5654.0
62,5654.2
42,5654.3
27,5654.3
52,5654.7
55,5654.8
25,5655.0
24,5655.1
23,5655.1
7,5655.1
31,5655.2
44,5655.2
40,5655.2
57,5655.3
12,5655.3
45,5655.4
32,5655.6
20,5655.8
8,5656.0
14,5656.0
50,5656.0
37,5656.5
56,5656.6
17,5656.8
26,5656.8
49,5658.0
46,5658.1
6,5658.4
48,5658.5
47,5658.6
2,5658.6
4,5658.8
29,5658.9
19,5659.1
3,5659.2
60,5659.2
59,5659.2
39,5659.4
18,5659.5
36,5659.6
28,5659.6
5,5659.8
9,5660.4
43,5660.9
58,5661.2
61,5661.9
53,5662.2
41,5662.3
30,5662.5
33,5662.8
34,5663.0
54,5663.2
35,5663.3
38,5663.5
22,5663.7
15,5663.8
21,5663.9
1,5664.0
13,5664.2
42,5664.4
0,5664.5
62,5664.6
27,5664.9
51,5665.0
23,5665.2
44,5665.4
10,5665.6
40,5665.7
24,5665.8
16,5665.9
11,5666.0
57,5666.5
20,5666.5
12,5666.5
55,5666.5
50,5666.8
25,5666.8
31,5667.1
26,5667.3
52,5667.6
37,5667.9
17,5667.9
7,5667.9
32,5668.2
45,5668.3
8,5668.8
46,5669.3
47,5669.7
2,5669.9
4,5669.9
59,5670.2
3,5670.4
49,5670.4
19,5670.7
14,5670.9
56,5670.9
29,5671.2
48,5671.4
18,5671.7
6,5671.7
39,5672.0
60,5672.4
36,5672.4
5,5672.7
43,5672.8
28,5673.0
9,5673.4
61,5674.0
54,5675.6
22,5675.9
41,5676.0
58,5676.2
1,5676.3
34,5676.3
35,5676.6
62,5676.8
21,5676.9
42,5677.2
23,5677.8
0,5677.9
40,5677.9
44,5677.9
20,5679.3
24,5679.9
50,5680.1
27,5680.7
26,5680.9
17,5681.1
38,5682.1
53,5682.5
37,5682.7
12,5683.0
57,5683.3
4,5683.5
59,5683.5
47,5683.9
46,5684.2
51,5684.2
30,5684.5
3,5684.6
13,5685.9
31,5688.4
19,5688.4
33,5689.1
55,5689.1
2,5689.3
36,5692.3
18,5692.4
49,5693.6
43,5694.3
29,5695.2
61,5697.1
62,5698.3
1,5698.8
22,5699.4
39,5699.9
44,5700.1
32,5702.0
40,5702.2
23,5704.6
20,5706.3
54,5706.6
48,5707.3
42,5708.2
30,5815.5
53,5816.5
12,5820.6
30,5828.3
50,5828.5
53,5829.1
7,5829.4
12,5832.5
50,5840.5
7,5841.7
53,5844.7
30,5845.5
12,5846.8
50,5857.4
7,5862.5
57,5888.1
33,5890.6
38,5892.1
19,5895.1
15,5895.7
30,5896.9
60,5898.0
57,5899.5
53,5900.3
31,5901.0
33,5902.3
38,5903.5
27,5903.7
55,5905.2
19,5906.4
15,5907.4
51,5907.8
60,5909.1
50,5909.8
30,5911.0
57,5912.2
31,5912.7
53,5913.6
27,5915.6
33,5915.9
55,5916.6
38,5916.9
19,5919.3
51,5919.7
15,5921.7
60,5922.8
50,5923.2
31,5928.9
27,5929.9
55,5934.7
57,5934.9
51,5936.8
19,5946.7
50,5952.6
33,6266.5
53,6266.6
10,6266.9
30,6267.3
38,6267.6
13,6268.0
16,6268.7
25,6269.2
45,6269.5
27,6269.5
15,6269.7
8,6269.9
7,6270.0
49,6270.2
12,6270.3
6,6270.3
51,6270.4
14,6270.5
28,6270.8
56,6270.9
48,6272.8
11,6273.0
31,6273.3
32,6273.5
29,6273.7
2,6274.0
52,6274.1
57,6274.2
19,6274.4
1,6274.6
18,6274.6
39,6274.8
60,6275.0
42,6275.7
23,6275.7
53,6276.3
5,6276.5
33,6276.6
58,6276.6
61,6277.1
41,6277.1
10,6277.1
54,6277.2
30,6277.3
38,6277.4
34,6277.4
43,6277.4
55,6277.5
13,6278.0
35,6278.5
16,6278.7
22,6279.2
15,6279.5
27,6279.5
0,6279.6
62,6279.6
25,6279.7
21,6279.9
7,6280.1
45,6280.2
51,6280.3
12,6280.3
9,6280.4
49,6280.6
8,6280.6
6,6280.7
44,6280.7
24,6281.0
40,6281.0
28,6281.1
14,6281.1
20,6281.1
56,6281.5
17,6282.0
50,6282.3
4,6283.1
26,6283.3
48,6283.3
11,6283.4
37,6283.5
32,6283.6
47,6283.7
31,6283.7
29,6283.9
2,6284.3
52,6284.6
46,6284.6
19,6284.6
36,6284.7
57,6284.7
1,6284.8
3,6284.8
39,6285.0
18,6285.0
60,6285.1
23,6285.8
42,6286.0
59,6286.7
61,6286.9
53,6287.0
5,6287.1
58,6287.4
54,6287.5
43,6287.7
33,6287.8
41,6287.9
55,6288.0
34,6288.0
38,6288.4
30,6288.8
10,6288.9
35,6289.2
13,6289.3
22,6289.4
62,6290.0
0,6290.3
27,6290.3
21,6290.3
44,6290.9
16,6291.1
9,6291.5
40,6291.5
12,6291.6
25,6291.6
51,6291.7
20,6291.8
24,6291.9
15,6292.1
49,6292.5
17,6293.0
45,6293.1
8,6293.1
6,6293.1
7,6293.3
50,6293.4
28,6293.6
26,6293.9
4,6294.1
47,6294.8
37,6295.2
56,6295.4
14,6295.7
2,6295.8
46,6296.0
29,6296.1
31,6296.1
3,6296.1
19,6296.3
48,6296.3
1,6296.5
32,6296.5
57,6296.6
18,6297.4
23,6297.4
39,6297.5
36,6297.5
11,6297.8
59,6298.0
60,6298.3
52,6298.3
42,6298.4
61,6298.9
54,6299.9
43,6300.1
5,6300.6
55,6301.2
22,6301.6
34,6301.7
41,6301.8
62,6302.1
35,6302.8
44,6303.3
58,6303.5
21,6303.7
0,6303.7
40,6304.0
20,6304.6
9,6305.3
27,6306.0
17,6306.3
24,6306.4
53,6306.6
50,6306.7
38,6307.3
4,6307.4
26,6307.5
12,6308.0
47,6308.9
37,6310.2
3,6310.6
46,6311.2
51,6311.3
59,6311.4
13,6311.8
49,6312.6
33,6313.4
19,6314.0
57,6315.4
1,6316.3
2,6316.6
30,6316.9
23,6316.9
10,6317.3
36,6317.4
6,6318.6
18,6319.5
29,6319.6
61,6319.9
31,6321.1
39,6321.6
62,6322.7
43,6323.0
42,6323.8
22,6324.9
28,6325.3
44,6326.9
54,6327.3
40,6329.2
48,6332.1
20,6333.4
60,6337.1
60,6366.5
53,6440.5
12,6440.5
12,6452.1
53,6452.5
12,6466.2
53,6467.5
33,6515.7
38,6516.8
19,6516.9
30,6518.5
53,6518.7
27,6519.2
60,6523.0
16,6524.1
13,6525.9
33,6527.1
10,6528.1
19,6528.2
38,6528.2
30,6530.1
27,6530.8
12,6531.3
57,6531.5
53,6532.2
60,6534.2
16,6535.6
13,6537.5
10,6539.7
33,6540.7
19,6541.4
38,6541.7
57,6543.1
1,6543.7
12,6544.0
30,6544.2
27,6544.4
60,6547.7
16,6550.4
32,6550.6
53,6551.9
13,6552.4
1,6555.3
10,6555.5
57,6557.4
29,6559.2
12,6562.8
32,6563.0
1,6568.7
29,6571.6
19,6573.4
32,6579.8
29,6587.6
1,6592.7
19,6606.4
53,6891.3
10,6892.1
33,6892.7
38,6893.0
13,6893.4
30,6893.6
8,6893.7
7,6893.9
16,6894.0
45,6894.3
51,6894.5
25,6894.6
29,6894.9
49,6895.0
15,6895.1
12,6895.4
56,6896.0
34,6896.3
14,6896.3
5,6896.4
27,6896.7
43,6897.3
31,6897.8
2,6898.5
28,6898.7
11,6898.7
32,6899.4
52,6899.6
1,6899.7
18,6899.9
57,6899.9
23,6900.0
19,6900.1
39,6900.3
60,6900.6
53,6900.9
58,6902.2
10,6902.3
55,6902.5
41,6902.6
61,6902.7
38,6902.8
33,6902.8
54,6902.9
13,6903.4
30,6903.5
46,6903.6
35,6903.6
48,6903.7
16,6904.0
7,6904.0
3,6904.1
0,6904.2
8,6904.3
51,6904.4
22,6904.6
62,6904.6
24,6904.7
21,6904.7
26,6904.8
29,6904.8
50,6905.0
45,6905.0
15,6905.0
25,6905.1
49,6905.3
9,6905.4
42,6905.4
12,6905.5
6,6905.5
34,6906.4
40,6906.5
44,6906.7
27,6906.8
56,6906.8
5,6906.8
20,6906.8
14,6906.9
37,6907.4
17,6907.7
43,6907.9
31,6908.2
4,6908.7
47,6908.8
2,6908.9
28,6909.0
11,6909.1
36,6909.6
32,6909.7
1,6909.9
57,6910.1
23,6910.2
19,6910.2
52,6910.3
18,6910.3
39,6910.5
60,6910.7
53,6911.2
61,6912.3
59,6912.6
55,6912.9
58,6913.1
41,6913.2
54,6913.3
38,6913.6
10,6913.9
35,6914.2
46,6914.2
33,6914.3
48,6914.4
22,6914.6
3,6914.6
62,6914.7
13,6914.8
0,6914.8
26,6915.0
21,6915.0
51,6915.3
24,6915.4
30,6915.6
42,6915.6
50,6915.8
29,6916.3
16,6916.3
8,6916.4
7,6916.5
6,6916.5
9,6916.6
12,6916.7
49,6916.9
44,6916.9
40,6916.9
25,6917.0
20,6917.5
15,6917.6
45,6917.7
27,6917.9
17,6918.8
34,6919.0
5,6919.1
37,6919.1
43,6919.4
4,6919.9
47,6920.1
2,6920.6
56,6920.9
31,6921.0
14,6921.4
28,6921.8
1,6921.9
19,6922.0
23,6922.0
57,6922.0
36,6922.6
18,6922.8
32,6923.0
39,6923.2
11,6923.7
59,6923.9
52,6924.1
60,6924.2
61,6924.3
54,6925.6
55,6925.8
62,6926.6
22,6926.8
41,6927.1
48,6927.8
35,6927.8
26,6928.0
0,6928.2
3,6928.4
21,6928.4
46,6928.4
42,6928.5
50,6928.7
40,6929.3
44,6929.4
24,6929.4
58,6930.0
20,6930.2
53,6930.2
6,6930.6
9,6930.6
17,6932.1
38,6932.6
51,6932.8
12,6933.4
4,6933.4
47,6934.2
37,6934.4
29,6934.6
27,6934.8
49,6935.9
59,6937.5
13,6937.6
43,6938.0
19,6939.9
2,6941.0
57,6941.1
10,6941.3
23,6942.0
36,6942.9
1,6943.9
61,6945.1
18,6946.2
39,6947.3
62,6947.4
33,6949.1
22,6950.3
31,6950.9
54,6952.7
44,6954.0
20,6960.1
40,6960.9
42,6961.4
53,7062.2
12,7069.9
53,7074.4
49,7076.8
12,7081.8
49,7088.7
53,7089.3
12,7096.1
49,7104.8
38,7140.9
53,7141.0
19,7141.9
60,7146.6
33,7147.0
13,7149.9
38,7152.2
19,7153.2
49,7153.6
52,7153.7
51,7153.9
57,7154.3
53,7154.5
60,7157.7
33,7158.7
13,7161.3
52,7165.0
57,7165.6
38,7165.6
51,7165.7
19,7166.2
8,7167.3
49,7167.3
5,7168.2
60,7170.8
33,7172.6
39,7173.6
11,7173.9
53,7174.7
13,7175.6
8,7178.9
52,7179.2
51,7179.7
57,7179.7
5,7180.3
28,7185.3
39,7185.8
11,7187.0
49,7189.3
19,7191.9
8,7194.3
5,7196.0
28,7197.3
39,7201.4
28,7214.5
57,7216.2
11,7224.5
10,7516.8
33,7517.2
53,7517.6
38,7517.7
30,7518.3
13,7518.3
16,7518.9
51,7518.9
8,7519.4
25,7519.5
15,7519.7
29,7519.7
49,7520.0
34,7520.0
12,7520.4
14,7520.5
5,7520.6
31,7520.6
56,7520.8
27,7521.4
60,7521.5
39,7521.8
28,7521.9
41,7521.9
52,7522.1
11,7522.7
61,7522.8
32,7523.2
23,7524.0
7,7524.3
1,7524.7
19,7524.8
18,7525.0
57,7525.0
58,7525.4
55,7526.0
33,7527.0
54,7527.1
10,7527.1
46,7527.2
53,7527.3
3,7527.4
38,7527.5
45,7527.9
40,7528.1
30,7528.1
24,7528.2
35,7528.2
13,7528.3
48,7528.3
0,7528.6
51,7528.8
20,7528.8
16,7528.9
22,7529.1
26,7529.3
21,7529.4
62,7529.4
15,7529.6
29,7529.6
8,7529.7
25,7529.7
6,7529.9
34,7529.9
42,7530.2
9,7530.3
12,7530.3
49,7530.3
50,7530.7
14,7530.9
37,7531.0
31,7531.1
5,7531.2
60,7531.2
27,7531.5
56,7531.5
39,7531.7
41,7532.1
43,7532.1
28,7532.1
4,7532.4
52,7532.4
61,7532.6
17,7532.9
47,7533.2
11,7533.3
32,7533.4
23,7534.2
2,7534.2
44,7534.3
36,7534.6
19,7534.9
1,7534.9
7,7534.9
57,7535.1
18,7535.3
58,7536.1
55,7536.3
59,7537.6
54,7537.6
46,7537.7
3,7537.9
40,7538.1
53,7538.3
38,7538.3
33,7538.5
10,7538.8
24,7538.8
45,7538.9
35,7539.0
20,7539.0
22,7539.1
48,7539.1
0,7539.3
26,7539.4
51,7539.5
21,7539.8
62,7539.8
13,7540.0
30,7540.0
42,7540.5
29,7540.9
6,7541.1
50,7541.5
8,7541.5
9,7541.5
25,7541.6
12,7541.6
16,7541.6
49,7541.7
34,7542.3
43,7542.3
15,7542.4
37,7542.5
27,7542.8
5,7543.3
31,7543.4
4,7543.4
60,7543.4
39,7543.5
47,7544.1
61,7544.1
17,7544.2
28,7544.7
2,7544.8
44,7545.1
41,7545.1
23,7545.4
56,7545.6
14,7545.7
52,7545.9
32,7546.6
19,7546.7
1,7546.7
57,7547.0
11,7547.4
18,7547.6
36,7547.6
59,7549.0
55,7549.0
7,7549.8
54,7550.0
40,7550.1
46,7551.1
20,7551.2
22,7551.2
3,7551.2
62,7551.7
26,7552.1
58,7552.1
48,7552.2
0,7552.4
35,7552.5
24,7552.5
21,7552.9
42,7553.2
45,7553.8
50,7554.8
43,7554.9
6,7554.9
9,7555.5
51,7556.0
38,7556.7
4,7556.7
37,7557.4
2,7557.8
17,7557.9
44,7558.1
47,7558.1
12,7558.2
29,7559.0
53,7559.4
27,7559.5
49,7560.2
59,7562.6
61,7562.9
13,7563.1
39,7564.2
23,7564.2
19,7564.4
31,7565.2
57,7565.7
33,7566.1
10,7566.2
1,7566.5
60,7568.0
36,7568.1
18,7569.7
20,7572.1
40,7572.3
62,7572.5
22,7573.1
54,7578.0
28,7578.7
42,7579.8
43,7581.4
44,7588.5
49,7693.3
49,7704.8
52,7706.4
52,7718.3
49,7719.4
52,7733.3
12,7766.2
38,7770.0
60,7770.2
19,7770.3
49,7772.4
51,7774.4
12,7777.6
60,7781.5
19,7781.6
38,7781.8
28,7782.1
49,7784.6
51,7786.4
8,7790.5
12,7791.2
28,7793.7
19,7795.0
60,7795.0
38,7795.6
11,7796.4
51,7799.0
57,7800.9
49,7802.1
8,7802.1
39,7803.7
28,7805.9
11,7808.5
57,7813.1
39,7815.7
8,7817.4
12,7818.9
57,7827.6
19,7827.6
39,7830.3
11,7844.2
19,7861.0
19,7885.8
10,8141.8
53,8142.5
16,8143.3
38,8143.3
14,8143.7
33,8143.9
15,8144.3
25,8144.3
13,8144.4
29,8144.5
34,8144.6
8,8144.8
49,8145.1
18,8145.1
30,8145.2
56,8145.2
5,8145.6
60,8145.8
27,8145.8
37,8146.0
51,8146.0
41,8146.3
28,8146.7
11,8147.1
52,8147.1
20,8147.2
32,8148.0
7,8148.4
57,8148.5
23,8148.8
12,8149.4
1,8149.6
19,8150.2
54,8150.9
46,8151.3
35,8151.8
10,8152.0
53,8152.2
3,8152.4
40,8152.5
24,8152.7
61,8153.0
39,8153.0
45,8153.1
16,8153.2
38,8153.3
17,8153.5
55,8153.6
48,8153.7
0,8153.8
33,8153.9
22,8154.0
62,8154.1
15,8154.1
14,8154.2
13,8154.4
34,8154.4
25,8154.5
29,8154.5
21,8154.6
6,8154.7
26,8154.8
42,8155.0
8,8155.2
30,8155.3
49,8155.4
60,8155.5
18,8155.5
58,8155.5
27,8155.6
9,8155.8
56,8155.9
5,8156.0
50,8156.1
51,8156.2
41,8156.4
43,8156.6
37,8156.6
47,8156.9
36,8157.0
31,8157.1
28,8157.2
4,8157.3
20,8157.4
52,8157.4
11,8157.5
32,8158.1
2,8158.3
57,8158.6
7,8158.9
23,8159.2
12,8159.5
44,8159.7
1,8159.9
19,8160.2
59,8160.9
54,8161.1
46,8161.6
35,8162.1
40,8162.5
61,8162.6
3,8162.8
24,8163.0
53,8163.0
39,8163.1
10,8163.5
17,8163.9
22,8164.0
45,8164.0
38,8164.3
62,8164.3
55,8164.3
0,8164.3
48,8164.4
26,8164.9
21,8164.9
42,8165.2
16,8165.4
6,8165.7
29,8165.8
33,8165.9
25,8166.3
34,8166.3
15,8166.4
13,8166.5
27,8166.8
49,8166.8
43,8166.9
50,8166.9
18,8166.9
9,8167.1
8,8167.1
60,8167.3
51,8167.6
47,8167.7
58,8167.7
14,8167.9
5,8168.2
30,8168.3
31,8168.3
4,8168.4
2,8168.9
41,8169.1
20,8169.1
36,8169.5
56,8169.7
28,8169.7
37,8169.9
57,8170.5
44,8170.6
52,8170.9
23,8170.9
12,8171.4
32,8171.4
11,8171.7
1,8171.8
19,8171.9
59,8172.1
54,8173.1
7,8174.0
61,8174.2
40,8174.5
35,8175.1
46,8175.1
39,8175.8
22,8176.0
3,8176.0
24,8176.3
62,8176.4
55,8176.9
17,8177.0
48,8177.3
0,8177.3
26,8177.4
42,8177.7
21,8178.0
45,8178.8
6,8179.0
43,8179.5
50,8180.0
9,8181.1
47,8181.3
4,8181.6
2,8181.8
31,8182.0
27,8182.3
53,8182.5
38,8183.3
29,8183.4
44,8183.8
49,8184.9
18,8185.0
58,8185.5
59,8185.6
51,8187.0
10,8187.4
20,8188.2
36,8189.0
57,8189.0
19,8189.6
12,8190.0
23,8190.3
60,8190.7
13,8191.9
1,8192.4
61,8193.4
40,8194.5
62,8195.5
34,8195.9
33,8197.0
54,8197.4
22,8198.8
28,8200.5
42,8205.6
43,8205.9
39,8207.6
17,8209.2
44,8215.9
2,8217.6
49,8318.6
52,8324.7
49,8330.1
52,8336.8
49,8344.5
52,8351.8
60,8394.9
19,8395.1
49,8397.0
18,8398.2
16,8403.9
27,8405.6
60,8406.2
52,8406.5
19,8406.7
49,8409.1
18,8409.7
28,8410.1
20,8410.9
16,8415.6
8,8415.8
27,8417.2
52,8419.3
60,8419.7
57,8420.2
19,8420.3
28,8420.9
11,8421.1
20,8422.4
18,8423.1
49,8426.4
8,8427.4
51,8428.4
16,8430.0
27,8430.7
57,8431.5
11,8433.0
28,8433.5
20,8436.3
52,8437.0
51,8440.6
8,8443.4
57,8445.3
19,8450.9
11,8451.4
51,8456.3
20,8471.4
57,8480.0
57,8505.0
10,8767.5
53,8767.9
29,8768.4
33,8769.2
25,8769.4
34,8769.9
13,8769.9
8,8770.4
38,8770.5
49,8770.5
30,8770.6
1,8770.8
5,8770.8
3,8770.9
60,8771.0
51,8772.0
16,8772.2
20,8772.4
28,8772.4
14,8772.6
11,8772.8
52,8772.8
32,8773.1
15,8773.1
37,8773.4
7,8773.5
23,8773.8
57,8773.8
12,8774.6
56,8774.7
19,8775.4
18,8775.5
54,8776.7
43,8776.9
46,8777.2
35,8777.5
10,8777.7
53,8777.9
24,8778.3
45,8778.3
40,8778.3
41,8778.3
29,8778.5
17,8778.6
61,8778.9
55,8779.3
39,8779.3
33,8779.5
0,8779.6
34,8779.7
27,8779.7
62,8779.7
25,8779.8
26,8780.1
22,8780.2
13,8780.2
21,8780.5
38,8780.6
60,8780.6
8,8780.8
49,8780.8
30,8780.8
6,8780.9
5,8781.2
1,8781.3
3,8781.3
42,8781.4
50,8781.8
31,8782.1
16,8782.2
51,8782.2
9,8782.4
20,8782.5
58,8782.7
44,8782.9
28,8783.0
15,8783.0
52,8783.1
11,8783.3
14,8783.3
32,8783.3
4,8783.5
37,8783.9
23,8784.0
57,8784.0
7,8784.2
47,8784.5
48,8784.5
12,8784.8
36,8784.9
56,8785.2
2,8785.4
19,8785.4
18,8785.7
59,8785.8
54,8786.7
43,8787.0
46,8787.5
35,8787.7
40,8788.0
61,8788.4
24,8788.6
53,8788.7
41,8788.8
17,8788.9
10,8789.0
45,8789.3
39,8789.3
29,8789.6
55,8789.6
62,8789.8
27,8789.9
0,8790.1
26,8790.2
22,8790.3
33,8790.8
21,8790.9
34,8791.3
25,8791.4
42,8791.7
38,8791.8
13,8791.8
60,8791.9
6,8792.0
49,8792.1
1,8792.3
50,8792.6
8,8792.8
5,8792.9
31,8793.2
3,8793.2
44,8793.4
30,8793.5
51,8793.6
9,8793.6
20,8794.0
58,8794.8
4,8794.8
28,8795.4
23,8795.4
16,8795.5
57,8795.6
47,8795.6
48,8796.1
2,8796.3
52,8796.5
12,8796.5
19,8796.8
15,8796.9
32,8796.9
59,8797.0
11,8797.3
37,8797.5
36,8797.5
18,8797.9
14,8798.2
54,8798.7
7,8798.9
43,8799.1
40,8799.7
56,8799.8
61,8800.0
35,8800.7
46,8801.2
62,8801.5
27,8801.6
17,8801.6
39,8801.9
24,8802.1
55,8802.3
41,8802.3
22,8802.7
26,8802.8
0,8803.2
21,8804.1
45,8804.5
42,8804.5
6,8805.6
50,8805.8
44,8806.0
31,8806.8
29,8806.9
9,8807.4
4,8808.1
53,8808.8
2,8809.2
47,8809.5
1,8809.8
48,8810.2
59,8810.2
49,8810.6
20,8811.8
38,8812.2
51,8812.5
57,8813.1
58,8813.1
10,8813.3
23,8814.0
19,8814.0
12,8814.0
13,8815.2
60,8815.3
34,8815.5
33,8815.7
36,8816.5
40,8818.7
18,8819.0
43,8819.2
61,8820.1
62,8820.3
54,8821.0
27,8821.5
3,8823.8
22,8826.5
25,8828.5
39,8828.6
28,8828.7
17,8830.0
44,8833.5
42,8835.5
5,8835.7
49,8941.7
49,8953.0
52,8953.5
52,8965.7
49,8967.3
52,8981.0
1,9016.3
60,9020.5
19,9021.5
49,9022.1
1,9027.8
8,9029.8
60,9032.1
19,9033.0
57,9033.6
49,9034.2
28,9035.3
52,9035.3
8,9040.6
1,9041.1
57,9045.1
60,9045.6
28,9046.1
11,9046.7
19,9046.8
52,9048.8
20,9049.3
49,9051.1
51,9052.8
8,9053.8
57,9058.1
11,9058.6
28,9058.6
20,9060.9
1,9064.2
51,9064.5
52,9067.9
20,9075.2
11,9075.8
19,9076.8
51,9079.6
60,9080.4
57,9082.8
20,9109.0
19,9111.3
19,9136.7
29,9392.1
10,9392.6
53,9392.6
33,9394.0
1,9394.5
25,9394.6
34,9395.0
8,9395.4
49,9395.6
3,9395.8
5,9396.0
13,9396.5
42,9397.4
28,9397.7
11,9397.7
22,9397.8
14,9397.8
52,9398.3
7,9398.6
32,9398.7
37,9398.8
57,9398.8
0,9399.0
12,9399.4
20,9399.5
23,9399.6
27,9400.0
56,9400.1
18,9401.3
54,9401.6
38,9401.9
29,9402.2
35,9402.4
45,9402.5
53,9402.8
30,9403.0
10,9403.1
43,9403.1
46,9403.1
40,9403.5
17,9403.7
61,9403.9
41,9404.0
60,9404.1
33,9404.4
55,9404.5
39,9404.7
51,9404.9
1,9404.9
34,9405.0
25,9405.4
26,9405.8
49,9405.9
24,9406.0
8,9406.0
3,9406.3
5,9406.3
31,9406.5
13,9406.9
21,9407.2
6,9407.8
50,9408.0
42,9408.0
11,9408.1
9,9408.1
28,9408.3
22,9408.3
52,9408.5
4,9408.5
14,9408.6
44,9408.9
7,9408.9
32,9408.9
57,9409.0
37,9409.1
20,9409.6
12,9409.6
62,9409.7
0,9409.7
23,9409.8
15,9409.8
27,9410.0
59,9410.1
58,9410.1
16,9410.3
56,9410.6
18,9411.4
54,9411.6
48,9411.7
36,9411.7
38,9412.1
2,9412.2
19,9412.3
47,9412.5
35,9412.5
45,9413.3
40,9413.3
29,9413.3
43,9413.3
53,9413.4
61,9413.5
46,9413.6
30,9413.8
17,9414.1
41,9414.3
10,9414.4
60,9414.4
39,9414.7
55,9414.8
51,9415.1
33,9415.7
26,9415.9
1,9416.0
34,9416.5
24,9416.6
25,9417.0
49,9417.1
31,9417.4
21,9417.7
5,9418.0
8,9418.0
3,9418.2
6,9419.1
50,9419.1
13,9419.1
9,9419.4
4,9419.6
44,9419.6
22,9419.7
42,9419.7
57,9420.2
62,9420.2
28,9420.4
59,9421.0
12,9421.2
20,9421.2
27,9421.3
23,9421.3
11,9421.5
52,9421.6
15,9421.8
58,9422.0
37,9422.1
0,9422.2
32,9422.2
16,9422.3
19,9422.9
14,9423.0
2,9423.1
7,9423.2
48,9423.3
18,9423.3
54,9423.8
47,9424.0
36,9424.1
56,9424.9
38,9424.9
40,9424.9
61,9425.2
35,9425.4
43,9425.7
17,9426.7
39,9427.3
55,9427.5
51,9427.6
46,9427.7
41,9427.8
60,9428.0
30,9428.5
45,9428.6
26,9428.7
29,9429.8
24,9430.5
31,9430.7
21,9430.9
44,9432.3
62,9432.3
50,9432.7
4,9433.0
6,9433.0
1,9433.1
9,9433.1
53,9433.4
59,9433.8
49,9435.1
19,9435.4
2,9436.2
57,9436.6
22,9437.6
48,9437.7
47,9438.3
12,9438.5
27,9438.6
33,9439.5
58,9439.7
15,9439.8
16,9439.8
42,9439.9
23,9440.0
20,9440.2
34,9440.7
10,9441.0
36,9442.4
40,9443.0
61,9443.9
18,9444.1
13,9444.9
54,9446.6
43,9447.5
28,9449.4
0,9449.4
62,9452.0
3,9452.1
17,9453.6
39,9454.6
5,9455.9
19,9458.4
38,9458.6
44,9459.2
59,9463.6
29,9565.1
49,9565.4
49,9576.3
52,9577.0
29,9577.7
52,9589.2
49,9590.2
29,9593.9
52,9604.3
1,9639.2
49,9644.4
57,9645.1
1,9650.6
54,9653.8
49,9655.0
57,9656.6
52,9657.1
20,9658.4
1,9664.2
54,9665.2
8,9666.3
20,9669.8
49,9669.9
57,9670.0
52,9670.6
11,9672.2
28,9676.1
8,9678.0
40,9678.7
54,9678.7
20,9683.3
11,9684.3
1,9686.8
28,9687.4
51,9688.0
52,9689.2
40,9690.3
57,9691.6
8,9692.6
51,9700.7
11,9701.9
28,9703.3
54,9703.9
40,9704.3
20,9709.4
51,9717.7
40,9739.3
