3,89.9
6,90.4
5,90.8
2,101.1
6,102.5
7,102.9
0,103.3
1,104.2
3,104.4
5,105.1
4,106.4
6,110.8
0,115.7
1,115.9
5,117.8
6,122.0
3,169.6
6,169.9
5,170.2
2,180.4
6,181.8
7,182.2
0,182.5
3,182.8
1,183.0
5,184.9
4,186.0
6,190.1
3,193.1
1,193.5
7,194.8
6,200.9
5,208.7
3,249.5
6,249.7
5,250.1
2,260.6
6,262.0
0,262.8
7,263.1
1,263.8
3,263.9
5,264.3
6,270.6
5,276.0
1,277.0
6,282.6
3,634.6
6,634.8
5,635.2
2,646.3
6,647.4
7,648.3
0,648.6
3,649.1
1,649.6
5,649.9
4,651.0
6,656.2
1,661.3
3,668.2
6,669.2
3,714.3
6,714.5
5,714.9
2,725.5
6,726.8
7,727.2
3,727.3
0,727.6
1,727.6
5,729.3
4,731.1
6,734.4
3,735.7
1,737.1
7,738.1
0,738.6
6,742.3
3,747.1
3,794.3
6,794.4
5,794.8
2,805.8
6,806.9
0,808.3
3,808.5
7,808.7
1,809.1
5,809.9
4,815.5
6,816.1
3,874.2
6,874.4
5,874.8
2,886.0
6,887.1
3,888.1
7,888.4
0,888.5
1,888.7
5,889.7
4,891.6
6,897.1
3,900.5
5,901.4
1,901.4
2,904.4
0,905.2
3,1259.4
6,1259.5
5,1259.9
2,1271.5
6,1272.4
3,1273.7
7,1273.7
0,1273.8
5,1274.9
1,1275.1
4,1277.2
6,1280.5
0,1286.2
5,1288.2
6,1290.7
6,1339.2
3,1339.2
5,1339.7
2,1351.1
6,1351.7
3,1352.2
7,1352.4
1,1352.7
0,1353.0
5,1354.6
4,1359.0
6,1359.8
3,1360.8
1,1361.5
7,1364.7
0,1365.5
6,1369.8
3,1371.6
5,1373.3
1,1373.7
3,1419.1
6,1419.2
5,1419.6
2,1431.1
3,1431.7
6,1431.9
7,1433.2
0,1433.8
5,1434.7
1,1434.7
4,1436.5
6,1441.9
3,1449.5
5,1451.4
3,1499.0
6,1499.2
5,1499.6
2,1511.2
3,1511.5
6,1511.9
7,1513.6
0,1513.9
1,1514.1
5,1514.7
6,1520.4
4,1520.5
3,1522.1
1,1525.3
5,1527.3
6,1531.0
0,1531.3
3,1884.2
6,1884.3
5,1884.7
2,1896.6
6,1897.3
3,1898.4
7,1898.6
0,1899.0
5,1899.4
1,1900.1
4,1901.7
6,1905.9
5,1911.8
2,1913.1
6,1917.8
3,1964.0
6,1964.0
5,1964.4
2,1975.6
3,1976.2
6,1976.5
7,1977.3
1,1977.7
0,1978.1
5,1978.9
6,1984.1
3,1984.3
1,1986.5
4,1986.6
7,1987.7
5,1989.0
0,1989.0
6,1992.3
3,1994.2
1,1999.6
3,2043.9
6,2044.0
5,2044.4
3,2055.8
2,2055.9
6,2056.4
0,2058.5
1,2059.1
7,2059.3
5,2059.5
4,2061.5
6,2065.8
3,2072.2
5,2073.0
3,2123.9
6,2124.0
5,2124.4
3,2135.8
2,2135.9
6,2136.5
7,2138.2
0,2139.0
1,2139.5
5,2139.7
4,2143.9
6,2145.3
3,2146.7
1,2152.4
6,2157.1
5,2157.4
7,2157.5
3,2509.0
6,2509.1
5,2509.5
2,2521.6
3,2521.7
6,2522.0
0,2524.1
7,2524.1
5,2524.2
1,2525.1
4,2526.4
6,2529.9
5,2535.2
0,2535.8
6,2539.3
3,2588.8
6,2588.9
5,2589.3
3,2600.5
6,2600.6
2,2600.6
7,2602.1
1,2602.7
0,2603.0
5,2604.0
6,2608.2
3,2608.4
4,2609.9
7,2612.4
1,2612.4
6,2616.7
5,2617.0
3,2617.2
3,2668.8
6,2668.9
5,2669.3
3,2680.2
6,2680.6
2,2680.7
0,2683.2
7,2683.7
1,2684.1
5,2684.1
4,2686.8
6,2688.8
3,2690.4
5,2695.6
6,2699.6
3,2748.8
6,2748.9
5,2749.2
3,2760.2
6,2760.6
2,2760.8
0,2763.5
7,2763.7
1,2764.0
5,2764.3
6,2768.9
4,2769.3
3,2772.8
1,2776.4
0,2776.8
5,2777.1
6,2779.1
6,3133.2
3,3133.2
5,3133.4
2,3135.2
1,3135.7
0,3135.7
4,3135.8
3,3140.9
6,3141.3
5,3142.9
6,3148.8
3,3148.8
7,3148.9
2,3150.7
0,3150.8
1,3151.3
5,3151.6
4,3152.4
6,3156.8
3,3160.2
5,3164.8
3,3213.0
6,3213.1
5,3213.3
2,3215.0
0,3215.5
4,3215.5
1,3215.6
3,3220.5
6,3221.1
5,3222.5
3,3227.5
7,3227.9
6,3228.2
1,3229.0
0,3230.0
5,3231.1
2,3231.5
4,3235.6
3,3235.6
6,3235.8
1,3240.0
5,3243.8
6,3247.9
3,3293.0
6,3293.1
5,3293.3
2,3295.0
0,3295.4
1,3295.4
4,3295.5
3,3300.5
6,3301.1
5,3302.4
3,3307.8
6,3308.4
0,3310.6
2,3310.7
1,3312.1
5,3312.3
4,3313.1
7,3315.9
6,3317.4
3,3317.5
3,3373.0
6,3373.1
5,3373.3
2,3375.0
0,3375.4
1,3375.4
4,3375.5
3,3380.5
6,3381.1
5,3382.4
3,3387.9
6,3388.3
7,3388.9
1,3391.2
0,3391.5
5,3392.5
2,3392.7
4,3394.5
6,3397.0
3,3398.4
3,3758.2
6,3758.2
5,3758.3
2,3759.3
0,3760.7
1,3760.7
4,3760.8
7,3762.4
3,3765.9
6,3766.3
5,3766.5
2,3772.5
3,3773.7
0,3775.0
5,3775.2
6,3775.3
1,3776.0
4,3776.6
7,3779.1
2,3788.7
3,3838.0
6,3838.1
5,3838.2
2,3839.2
4,3840.5
1,3840.6
0,3840.6
7,3841.8
3,3845.5
5,3846.1
6,3846.1
2,3851.2
3,3852.9
6,3854.0
5,3854.2
0,3854.3
1,3854.4
7,3857.3
4,3858.8
3,3863.6
6,3864.9
5,3866.8
1,3871.4
3,3918.0
6,3918.1
5,3918.2
2,3919.2
1,3920.4
0,3920.4
4,3920.5
7,3921.8
3,3925.5
5,3926.1
6,3926.1
2,3931.2
3,3933.0
5,3934.6
6,3934.8
0,3934.9
1,3935.4
4,3936.7
2,3944.3
3,3945.6
5,3946.6
6,3948.5
3,3998.0
6,3998.1
5,3998.2
2,3999.2
0,4000.4
1,4000.4
4,4000.5
7,4001.8
3,4005.5
5,4006.0
6,4006.1
2,4011.4
3,4012.9
6,4014.4
5,4014.6
0,4015.5
1,4015.9
4,4017.8
2,4024.6
3,4025.0
5,4027.3
6,4027.7
6,4383.2
3,4383.3
5,4383.3
0,4385.7
1,4385.8
4,4385.8
2,4387.1
7,4387.5
6,4391.3
5,4391.4
3,4391.5
3,4399.3
5,4399.7
0,4400.1
6,4400.1
2,4400.9
1,4401.6
4,4402.4
7,4408.9
5,4410.3
6,4411.4
3,4411.8
6,4463.1
3,4463.1
5,4463.2
0,4465.5
4,4465.5
1,4465.6
2,4466.4
7,4466.8
6,4471.1
3,4471.1
5,4471.1
3,4478.9
6,4479.4
0,4479.6
5,4479.8
2,4480.1
1,4480.2
7,4482.4
4,4483.4
3,4490.2
6,4492.4
6,4543.1
3,4543.1
5,4543.2
1,4545.4
0,4545.4
4,4545.5
2,4546.4
7,4546.7
3,4551.0
6,4551.1
5,4551.1
3,4559.1
6,4559.7
0,4559.8
5,4559.9
2,4561.4
1,4562.1
4,4562.4
3,4572.4
6,4572.4
5,4572.6
3,4623.1
6,4623.1
5,4623.2
1,4625.4
0,4625.4
4,4625.5
2,4626.3
7,4626.8
3,4631.0
5,4631.1
6,4631.1
3,4639.0
6,4639.6
5,4640.4
0,4640.4
2,4640.5
1,4641.6
4,4643.3
7,4647.1
3,4651.1
6,5008.4
5,5009.0
3,5009.0
1,5009.7
0,5010.7
4,5010.8
2,5012.1
7,5012.3
6,5017.2
5,5020.3
3,5022.2
1,5023.2
0,5024.1
6,5026.1
4,5027.2
2,5027.9
5,5031.6
7,5032.8
6,5088.2
3,5088.7
5,5088.8
1,5089.5
4,5090.5
0,5090.5
2,5091.6
7,5091.8
6,5096.7
5,5099.7
3,5100.3
0,5103.6
1,5103.6
6,5104.5
2,5106.3
7,5108.0
4,5108.3
5,5110.7
3,5112.5
6,5114.9
1,5116.5
6,5168.2
3,5168.7
5,5168.8
1,5169.4
0,5170.4
4,5170.5
2,5171.5
7,5171.7
6,5176.7
5,5179.8
3,5180.4
1,5183.4
0,5183.5
6,5186.3
2,5186.6
4,5187.9
5,5190.7
6,5248.2
3,5248.7
5,5248.8
1,5249.5
0,5250.4
4,5250.5
2,5251.5
7,5251.8
6,5256.6
5,5259.8
3,5260.5
1,5263.8
0,5264.0
6,5265.0
4,5268.2
2,5268.3
5,5270.5
6,5277.0
0,5282.8
5,5633.4
6,5633.4
3,5634.0
1,5634.7
0,5635.7
4,5635.8
2,5637.1
7,5637.5
5,5642.2
6,5642.2
3,5647.0
1,5648.1
4,5648.8
5,5649.9
2,5649.9
0,5650.2
6,5650.6
7,5654.9
5,5660.0
6,5662.9
2,5667.9
3,5668.0
5,5713.2
6,5713.2
3,5713.7
1,5714.5
4,5715.5
0,5715.5
2,5716.4
7,5716.8
5,5721.6
6,5721.7
3,5725.1
1,5727.9
5,5729.0
2,5729.0
4,5729.1
0,5729.2
6,5729.5
7,5733.5
3,5736.4
5,5738.2
6,5740.0
1,5741.2
6,5793.2
5,5793.2
3,5793.7
1,5794.4
0,5795.4
4,5795.5
2,5796.6
7,5796.9
5,5801.5
6,5801.6
3,5805.3
1,5808.4
5,5809.1
4,5809.4
2,5809.9
0,5810.0
6,5810.5
5,5818.3
5,5873.2
6,5873.2
3,5873.7
1,5874.4
0,5875.4
4,5875.5
2,5876.4
7,5876.8
5,5881.6
6,5881.6
3,5885.4
1,5888.5
6,5889.5
5,5889.5
2,5889.5
0,5889.5
4,5890.0
7,5894.9
3,5897.2
6,5899.7
5,5900.2
0,5906.0
6,6258.4
5,6258.4
7,6259.5
1,6259.7
0,6260.7
4,6260.8
3,6261.7
2,6262.1
5,6267.2
6,6267.2
1,6273.4
7,6273.8
4,6274.7
3,6274.7
2,6274.9
0,6275.2
5,6275.2
6,6275.9
5,6286.5
3,6295.5
2,6295.7
5,6338.2
6,6338.2
7,6339.3
1,6339.5
0,6340.5
4,6340.5
3,6341.2
2,6341.6
5,6346.6
6,6346.7
7,6353.1
1,6353.2
3,6354.0
5,6354.2
0,6354.2
6,6354.4
2,6354.4
4,6355.8
5,6364.5
6,6364.6
3,6372.7
6,6418.2
5,6418.2
7,6419.3
1,6419.5
0,6420.4
4,6420.5
3,6421.2
2,6421.4
5,6426.6
6,6426.7
1,6433.8
7,6433.9
5,6434.3
2,6434.4
3,6434.4
0,6434.8
4,6434.8
6,6435.5
5,6444.0
5,6498.2
6,6498.2
7,6499.3
1,6499.4
0,6500.4
4,6500.5
3,6501.2
2,6501.3
5,6506.6
6,6506.6
7,6514.0
1,6514.2
5,6514.5
3,6514.7
2,6514.8
0,6515.0
6,6515.2
4,6517.6
5,6526.0
0,6533.5
5,6883.4
6,6883.4
1,6884.2
7,6884.6
4,6885.8
0,6886.0
3,6886.6
2,6887.1
5,6891.7
6,6892.2
1,6895.5
5,6899.1
7,6899.2
2,6899.7
0,6900.4
3,6900.5
6,6900.9
4,6902.4
1,6906.8
5,6908.1
3,6921.7
6,6963.2
5,6963.2
1,6964.0
7,6964.3
4,6965.5
0,6965.6
3,6966.2
2,6966.5
5,6971.2
6,6971.7
1,6974.6
5,6978.6
7,6978.7
2,6979.1
0,6979.2
3,6979.3
6,6979.5
4,6980.6
1,6983.6
5,6988.5
6,6989.9
6,7043.2
5,7043.2
1,7043.9
7,7044.3
4,7045.5
0,7045.6
3,7046.2
2,7046.5
5,7051.2
6,7051.7
1,7054.4
5,7058.7
2,7059.3
3,7059.9
0,7059.9
7,7060.2
6,7060.5
4,7062.1
1,7064.1
5,7068.0
5,7123.2
6,7123.2
1,7123.9
7,7124.3
4,7125.5
0,7125.6
3,7126.2
2,7126.4
5,7131.2
6,7131.6
1,7134.4
5,7138.8
7,7139.1
3,7139.6
0,7139.7
6,7140.3
2,7140.5
4,7141.2
1,7143.3
5,7149.4
5,7508.4
1,7508.5
6,7508.5
7,7509.6
2,7509.9
4,7510.8
0,7510.9
3,7511.8
5,7516.7
1,7517.4
6,7519.0
7,7522.8
5,7523.7
2,7524.3
1,7525.4
0,7525.6
3,7526.7
6,7529.1
5,7531.0
4,7531.3
1,7537.8
5,7541.7
5,7588.2
6,7588.3
1,7588.3
7,7589.3
2,7589.6
4,7590.5
0,7590.7
3,7591.3
5,7596.2
1,7596.9
6,7598.3
7,7602.7
5,7603.1
2,7603.4
1,7604.0
0,7604.5
3,7604.7
4,7606.2
6,7607.6
5,7610.9
1,7612.1
6,7619.3
2,7619.7
1,7622.8
5,7624.3
5,7668.2
1,7668.3
6,7668.3
7,7669.3
2,7669.6
4,7670.5
0,7670.7
3,7671.2
5,7676.1
1,7676.7
6,7678.1
7,7682.3
5,7683.0
2,7683.7
1,7684.1
0,7685.1
3,7685.8
6,7688.1
5,7690.2
1,7692.0
5,7701.3
5,7748.2
6,7748.3
1,7748.3
7,7749.3
2,7749.6
0,7750.6
4,7750.6
3,7751.2
5,7756.1
1,7756.7
6,7758.2
7,7763.0
5,7763.2
1,7764.2
2,7764.5
3,7765.2
0,7765.3
4,7766.2
6,7769.0
5,7771.0
1,7773.8
5,8133.1
1,8133.3
6,8133.5
7,8134.5
2,8134.9
0,8135.9
3,8136.7
5,8140.6
1,8141.1
6,8144.1
5,8147.5
2,8147.8
1,8148.0
7,8149.5
3,8151.5
0,8152.7
5,8155.2
6,8155.6
1,8155.7
5,8168.5
5,8213.0
1,8213.1
6,8213.3
7,8214.3
2,8214.6
0,8215.7
3,8216.3
5,8220.4
1,8220.6
6,8223.4
5,8226.9
2,8227.1
1,8227.2
7,8228.3
0,8230.0
3,8230.2
6,8232.7
5,8233.6
1,8234.1
2,8239.0
5,8241.6
1,8241.8
6,8244.7
1,8254.7
5,8292.9
1,8293.0
6,8293.3
7,8294.3
2,8294.6
0,8295.7
3,8296.2
5,8300.3
1,8300.5
6,8303.2
7,8306.6
5,8306.9
1,8307.1
2,8307.6
3,8311.3
0,8312.1
1,8313.7
5,8314.2
6,8314.8
2,8320.7
1,8322.0
5,8325.1
5,8372.9
1,8373.0
6,8373.4
7,8374.3
2,8374.6
0,8375.7
3,8376.2
5,8380.3
1,8380.6
6,8383.5
7,8386.8
5,8387.0
1,8387.2
2,8387.7
3,8390.4
0,8390.8
5,8394.1
1,8394.3
6,8394.9
1,8404.3
5,8404.3
5,8758.1
1,8758.4
6,8758.5
0,8759.2
7,8759.5
2,8759.9
3,8761.7
5,8765.6
1,8768.2
6,8769.1
5,8772.1
0,8773.0
2,8773.3
7,8774.0
3,8776.4
1,8777.4
5,8778.8
5,8787.6
5,8838.0
1,8838.2
6,8838.3
0,8839.0
7,8839.3
2,8839.7
3,8841.3
5,8845.4
1,8847.4
6,8848.5
5,8851.8
2,8852.1
0,8852.1
7,8854.2
3,8855.2
1,8856.8
5,8858.2
6,8858.9
2,8864.5
5,8865.5
1,8869.2
6,8872.0
5,8878.4
5,8917.9
1,8918.1
6,8918.3
0,8919.0
7,8919.3
2,8919.6
3,8921.2
5,8925.3
1,8927.3
6,8928.2
7,8931.6
5,8931.7
2,8932.0
0,8932.1
1,8935.7
3,8936.2
5,8938.1
6,8939.6
2,8944.0
5,8945.7
1,8946.4
5,8997.9
1,8998.2
6,8998.3
0,8999.0
7,8999.3
2,8999.6
3,9001.3
5,9005.3
1,9007.4
6,9008.3
7,9011.8
5,9011.8
0,9012.3
2,9012.5
3,9015.7
1,9016.7
5,9018.4
6,9020.9
5,9026.3
1,9383.4
6,9383.5
5,9383.6
0,9384.2
7,9384.5
2,9384.9
3,9386.7
5,9393.1
1,9393.3
6,9394.5
0,9398.0
2,9398.6
7,9398.7
5,9400.8
1,9401.7
3,9403.5
6,9407.2
5,9410.9
1,9463.2
6,9463.3
5,9463.4
0,9464.1
7,9464.3
2,9464.7
3,9466.3
5,9472.3
1,9472.5
6,9473.7
0,9477.2
2,9477.6
7,9479.3
5,9479.4
1,9480.9
6,9483.5
3,9484.6
5,9486.8
1,9491.8
2,9492.8
6,9495.5
5,9498.8
1,9543.1
6,9543.2
5,9543.4
0,9544.0
7,9544.3
2,9544.6
3,9546.4
5,9552.3
1,9552.3
6,9553.4
7,9556.6
0,9557.2
2,9557.2
5,9560.0
1,9560.5
6,9564.4
2,9569.0
5,9570.0
1,9570.1
1,9623.2
6,9623.2
5,9623.4
0,9624.0
7,9624.3
2,9624.6
3,9626.2
1,9632.3
5,9632.3
6,9633.5
7,9636.8
0,9637.3
2,9637.6
5,9639.5
1,9640.4
6,9644.1
3,9644.4
5,9647.5
1,9651.9
