19,94.4
272,94.6
216,94.8
280,95.1
21,95.1
366,95.4
29,95.4
276,95.9
323,96.2
324,96.4
260,96.9
364,97.0
159,97.5
259,97.5
270,97.7
227,97.7
268,97.8
305,97.9
250,98.0
356,98.1
111,98.2
314,98.3
6,98.3
38,98.3
236,98.4
74,98.5
107,98.7
124,98.8
68,98.9
77,98.9
321,98.9
219,99.1
120,99.1
254,99.2
255,99.3
58,99.4
80,99.4
333,99.4
118,99.5
170,99.7
162,99.7
310,99.9
231,100.1
7,100.1
357,100.1
298,100.1
172,101.1
19,173.5
216,173.7
272,173.9
21,174.2
280,174.4
366,174.4
29,174.6
276,175.3
323,175.4
324,175.8
364,176.4
260,176.6
159,176.7
270,176.7
259,176.9
381,177.1
268,177.2
305,177.4
227,177.5
250,177.5
356,177.6
91,177.6
314,177.7
38,177.7
92,177.8
236,177.8
6,177.9
124,178.0
111,178.0
365,178.1
137,178.1
74,178.2
126,178.4
107,178.4
219,178.5
68,178.6
321,178.7
77,178.7
255,178.9
333,178.9
301,178.9
80,178.9
254,178.9
120,178.9
208,179.2
58,179.3
162,179.4
118,179.4
170,179.6
310,179.6
357,179.8
298,179.9
231,179.9
7,180.0
172,180.7
19,253.7
216,253.9
272,254.1
21,254.4
280,254.5
366,254.7
29,254.8
276,255.5
323,255.7
324,256.0
364,256.7
260,256.9
270,257.1
159,257.1
259,257.2
268,257.4
305,257.7
227,257.8
250,257.9
356,258.0
38,258.0
314,258.1
124,258.2
6,258.3
236,258.3
111,258.6
74,258.6
107,258.9
219,258.9
77,259.1
310,259.2
321,259.3
68,259.3
80,259.4
255,259.4
254,259.4
333,259.6
58,259.9
162,260.0
118,260.1
208,260.6
298,260.6
19,639.8
272,639.9
216,640.1
280,640.3
21,640.5
366,640.7
29,640.7
276,641.2
323,641.5
324,641.7
364,642.3
260,642.3
159,642.9
259,642.9
270,643.1
227,643.1
268,643.2
250,643.3
305,643.3
381,643.4
356,643.5
111,643.7
38,643.7
314,643.7
6,643.7
236,643.9
74,643.9
120,644.2
107,644.2
124,644.2
77,644.3
321,644.4
68,644.5
219,644.5
254,644.7
255,644.7
170,644.8
333,644.8
80,644.8
58,645.0
118,645.1
162,645.2
231,645.2
357,645.3
310,645.3
7,645.3
298,645.6
172,646.2
19,718.8
216,719.0
272,719.1
21,719.5
280,719.7
366,719.8
29,719.9
276,720.6
323,720.8
324,721.1
364,721.8
260,721.9
234,722.0
159,722.1
259,722.2
270,722.2
91,722.3
92,722.6
268,722.6
305,722.7
365,722.8
137,722.8
250,722.9
227,722.9
38,723.0
356,723.0
18,723.1
126,723.1
314,723.1
6,723.2
236,723.2
122,723.3
124,723.4
111,723.5
381,723.5
301,723.6
74,723.6
107,723.8
219,723.9
77,724.0
177,724.0
120,724.1
321,724.2
208,724.2
68,724.2
255,724.3
254,724.3
80,724.3
333,724.5
162,724.8
170,724.8
58,724.8
118,724.9
357,724.9
310,724.9
231,725.1
298,725.4
172,725.9
19,799.0
216,799.2
272,799.4
21,799.8
280,799.8
366,800.0
29,800.1
276,800.8
323,801.1
324,801.3
364,802.0
260,802.2
159,802.4
259,802.5
270,802.5
268,802.8
305,803.0
250,803.2
38,803.3
356,803.3
227,803.3
314,803.4
124,803.5
6,803.6
236,803.8
7,804.0
219,804.2
111,804.2
74,804.2
107,804.3
310,804.5
77,804.5
255,804.9
80,804.9
254,804.9
19,879.2
216,879.5
272,879.6
21,880.0
280,880.0
366,880.3
29,880.4
276,881.1
323,881.4
324,881.6
364,882.5
260,882.5
159,882.8
259,882.8
270,882.9
268,883.1
381,883.2
305,883.3
250,883.5
137,883.6
314,883.7
38,883.7
356,883.7
120,883.8
124,883.8
321,883.8
68,883.8
365,883.8
6,883.9
227,883.9
333,884.1
236,884.2
58,884.4
170,884.4
219,884.6
118,884.6
162,884.6
357,884.7
231,884.7
74,884.8
310,884.9
107,885.0
208,885.0
77,885.0
298,885.1
172,885.2
254,885.5
80,885.6
19,1265.1
272,1265.2
216,1265.6
280,1265.6
21,1265.8
366,1266.0
29,1266.1
276,1266.6
323,1266.9
324,1267.1
260,1267.7
364,1267.8
159,1268.2
259,1268.3
270,1268.4
268,1268.6
305,1268.6
227,1268.7
250,1268.7
356,1268.9
6,1269.0
314,1269.0
111,1269.1
38,1269.1
236,1269.4
74,1269.5
124,1269.5
321,1269.7
77,1269.8
68,1269.8
107,1269.8
219,1269.8
255,1269.9
333,1270.1
80,1270.3
254,1270.3
58,1270.3
118,1270.4
162,1270.6
310,1270.6
357,1270.9
298,1271.0
19,1344.1
216,1344.3
272,1344.4
21,1344.8
280,1344.9
366,1345.1
29,1345.2
276,1345.9
323,1346.1
324,1346.4
364,1347.1
260,1347.2
91,1347.3
159,1347.4
270,1347.5
259,1347.5
92,1347.5
381,1347.5
268,1347.9
126,1348.0
305,1348.0
120,1348.0
250,1348.1
230,1348.2
137,1348.2
365,1348.2
38,1348.3
278,1348.3
18,1348.3
356,1348.3
314,1348.3
170,1348.4
227,1348.4
7,1348.5
6,1348.5
122,1348.5
301,1348.6
236,1348.7
124,1348.7
141,1348.7
111,1348.8
231,1348.8
74,1349.1
177,1349.1
219,1349.1
107,1349.2
68,1349.4
77,1349.4
321,1349.5
208,1349.5
255,1349.6
80,1349.8
254,1349.9
58,1350.0
310,1350.1
162,1350.2
118,1350.3
357,1350.5
298,1350.8
19,1424.2
216,1424.5
272,1424.6
21,1425.0
280,1425.0
366,1425.2
29,1425.3
276,1426.1
323,1426.3
324,1426.6
364,1427.4
260,1427.5
159,1427.7
270,1427.8
259,1427.8
268,1428.0
305,1428.3
250,1428.4
38,1428.6
356,1428.6
314,1428.6
124,1428.7
6,1428.8
227,1428.8
333,1428.8
236,1429.1
172,1429.4
219,1429.5
74,1429.6
310,1429.8
77,1429.9
107,1429.9
255,1430.2
254,1430.3
80,1430.4
19,1504.4
216,1504.7
272,1504.8
280,1505.2
21,1505.3
366,1505.4
29,1505.6
276,1506.3
323,1506.6
324,1506.9
364,1507.7
260,1507.7
259,1508.0
159,1508.0
270,1508.0
381,1508.3
268,1508.3
111,1508.3
120,1508.6
305,1508.6
250,1508.7
38,1508.9
314,1508.9
321,1508.9
356,1508.9
68,1509.0
124,1509.0
170,1509.1
6,1509.1
7,1509.2
58,1509.5
236,1509.6
231,1509.6
162,1509.7
118,1509.8
219,1509.8
357,1510.1
208,1510.1
310,1510.2
298,1510.3
77,1510.4
107,1510.4
19,1890.2
272,1890.3
280,1890.7
216,1890.7
21,1891.0
366,1891.1
29,1891.2
276,1891.7
323,1892.0
324,1892.2
260,1892.8
364,1892.9
159,1893.3
259,1893.4
227,1893.5
270,1893.6
305,1893.7
268,1893.8
250,1893.8
356,1894.0
314,1894.1
6,1894.2
38,1894.2
111,1894.3
74,1894.3
236,1894.5
124,1894.6
321,1894.7
333,1894.8
120,1894.8
77,1894.9
219,1894.9
68,1894.9
107,1895.0
255,1895.1
80,1895.2
254,1895.3
58,1895.4
162,1895.6
310,1895.7
231,1895.8
298,1896.0
172,1896.2
19,1969.2
216,1969.4
272,1969.5
21,1969.9
280,1970.0
366,1970.1
29,1970.3
276,1971.0
323,1971.2
324,1971.5
234,1971.9
364,1972.2
91,1972.3
260,1972.3
159,1972.5
381,1972.5
92,1972.5
259,1972.6
270,1972.6
137,1972.9
268,1973.0
365,1973.0
126,1973.0
305,1973.1
227,1973.2
250,1973.2
356,1973.4
38,1973.4
314,1973.4
170,1973.4
122,1973.6
301,1973.6
6,1973.6
7,1973.6
118,1973.7
124,1973.8
236,1973.8
111,1973.9
74,1973.9
357,1974.0
219,1974.2
177,1974.3
333,1974.4
68,1974.4
321,1974.5
107,1974.5
208,1974.5
77,1974.5
255,1974.6
80,1974.7
254,1974.8
58,1975.1
310,1975.1
162,1975.2
298,1975.7
172,1975.9
19,2049.2
272,2049.6
216,2049.6
280,2050.0
21,2050.1
366,2050.3
29,2050.4
276,2051.1
323,2051.4
324,2051.7
364,2052.4
260,2052.6
270,2052.8
259,2052.8
159,2052.8
268,2053.1
305,2053.4
250,2053.5
120,2053.5
38,2053.6
314,2053.7
227,2053.7
356,2053.7
124,2053.8
6,2053.9
236,2054.3
231,2054.4
74,2054.4
219,2054.5
310,2054.9
107,2055.0
77,2055.0
118,2055.1
80,2055.2
255,2055.3
254,2055.3
357,2055.6
19,2129.4
216,2129.8
272,2129.8
280,2130.2
21,2130.3
366,2130.5
29,2130.6
276,2131.4
323,2131.7
324,2131.9
364,2132.8
260,2132.8
159,2133.0
259,2133.1
270,2133.1
381,2133.2
111,2133.4
268,2133.4
305,2133.6
137,2133.7
250,2133.8
365,2133.8
356,2133.9
124,2134.0
314,2134.0
68,2134.0
38,2134.0
321,2134.1
333,2134.1
170,2134.1
6,2134.2
7,2134.3
227,2134.4
58,2134.7
236,2134.7
162,2134.7
219,2134.8
172,2135.2
208,2135.2
310,2135.3
298,2135.3
77,2135.6
19,2515.3
272,2515.3
216,2515.7
280,2515.7
21,2516.0
366,2516.1
29,2516.2
276,2516.7
323,2517.1
324,2517.3
260,2517.8
364,2518.0
259,2518.4
159,2518.4
270,2518.6
250,2518.8
305,2518.8
268,2518.8
227,2518.9
356,2519.0
38,2519.2
6,2519.2
314,2519.2
111,2519.2
74,2519.3
120,2519.5
236,2519.6
107,2519.7
124,2519.7
321,2519.8
68,2519.9
77,2519.9
219,2520.0
255,2520.1
333,2520.2
80,2520.2
254,2520.2
118,2520.2
58,2520.4
231,2520.5
310,2520.7
357,2520.8
162,2520.8
298,2521.1
19,2594.2
216,2594.4
272,2594.5
21,2594.9
280,2595.0
366,2595.2
29,2595.3
276,2596.0
323,2596.2
324,2596.5
234,2597.2
260,2597.3
91,2597.3
364,2597.3
92,2597.5
381,2597.5
159,2597.6
259,2597.6
270,2597.7
126,2598.0
18,2598.0
305,2598.1
268,2598.1
137,2598.3
230,2598.3
250,2598.3
278,2598.3
170,2598.3
365,2598.3
38,2598.4
356,2598.4
227,2598.5
314,2598.5
6,2598.6
7,2598.6
301,2598.6
124,2598.8
111,2598.9
236,2598.9
74,2598.9
219,2599.3
107,2599.3
177,2599.4
321,2599.5
68,2599.5
255,2599.6
80,2599.6
77,2599.6
208,2599.6
254,2599.8
118,2600.0
58,2600.1
310,2600.2
162,2600.3
357,2600.4
298,2600.8
19,2674.3
216,2674.6
272,2674.6
280,2675.1
21,2675.1
366,2675.3
29,2675.4
276,2676.2
323,2676.4
324,2676.7
364,2677.5
260,2677.6
159,2677.8
270,2677.9
259,2677.9
268,2678.1
120,2678.4
305,2678.4
250,2678.5
314,2678.7
333,2678.7
356,2678.7
38,2678.7
124,2678.8
234,2678.9
6,2678.9
227,2679.0
236,2679.2
231,2679.3
74,2679.4
172,2679.4
219,2679.6
107,2679.8
310,2680.0
77,2680.1
254,2680.2
80,2680.2
255,2680.2
19,2754.5
272,2754.8
216,2754.9
280,2755.2
21,2755.4
366,2755.5
29,2755.6
276,2756.4
323,2756.7
324,2757.0
364,2757.8
260,2757.9
159,2758.0
259,2758.1
270,2758.1
381,2758.2
268,2758.4
111,2758.4
305,2758.7
250,2758.8
314,2759.0
356,2759.0
38,2759.0
321,2759.1
170,2759.1
124,2759.1
68,2759.2
6,2759.2
7,2759.3
234,2759.4
58,2759.7
118,2759.7
219,2759.9
236,2759.9
162,2759.9
357,2760.0
208,2760.2
298,2760.3
310,2760.4
77,2760.6
19,3140.3
272,3140.4
216,3140.7
280,3140.8
21,3141.0
29,3141.2
366,3141.2
276,3141.8
323,3142.1
324,3142.3
260,3142.8
364,3143.0
259,3143.4
159,3143.4
227,3143.6
270,3143.6
305,3143.8
268,3143.8
250,3143.9
356,3144.0
111,3144.2
314,3144.2
6,3144.2
38,3144.3
74,3144.3
107,3144.6
120,3144.6
236,3144.6
124,3144.7
68,3144.9
321,3144.9
333,3144.9
77,3145.0
219,3145.0
255,3145.1
80,3145.2
254,3145.2
118,3145.4
58,3145.5
231,3145.5
310,3145.7
162,3145.8
298,3146.3
172,3146.3
357,3146.3
19,3219.2
216,3219.4
272,3219.5
280,3220.0
21,3220.0
366,3220.2
29,3220.3
276,3221.0
323,3221.3
324,3221.6
260,3222.3
364,3222.3
91,3222.3
92,3222.5
381,3222.5
159,3222.6
259,3222.6
270,3222.7
137,3222.9
126,3223.0
365,3223.0
305,3223.1
268,3223.1
122,3223.2
227,3223.2
250,3223.3
18,3223.3
170,3223.3
356,3223.4
38,3223.5
314,3223.5
6,3223.6
301,3223.6
7,3223.6
141,3223.6
124,3223.8
74,3223.9
111,3223.9
236,3223.9
107,3224.2
177,3224.3
219,3224.3
333,3224.4
68,3224.5
321,3224.6
208,3224.6
80,3224.6
77,3224.6
255,3224.7
254,3224.7
58,3225.1
310,3225.2
162,3225.3
231,3225.4
118,3225.4
172,3226.0
19,3299.3
216,3299.6
272,3299.7
21,3300.1
280,3300.1
366,3300.3
29,3300.4
276,3301.2
323,3301.5
324,3301.7
364,3302.5
260,3302.6
159,3302.8
259,3302.9
270,3302.9
120,3303.4
305,3303.4
268,3303.4
250,3303.6
38,3303.7
356,3303.7
227,3303.8
314,3303.8
6,3303.9
124,3304.2
236,3304.2
74,3304.5
357,3304.6
219,3304.6
107,3304.7
298,3304.9
77,3305.1
80,3305.2
255,3305.2
254,3305.2
310,3305.6
19,3379.5
272,3379.8
216,3379.8
280,3380.2
21,3380.3
366,3380.5
29,3380.6
276,3381.4
323,3381.7
324,3381.9
260,3382.8
364,3382.8
159,3383.0
259,3383.1
270,3383.1
381,3383.2
268,3383.4
111,3383.4
305,3383.7
250,3383.8
137,3383.8
170,3384.0
314,3384.0
68,3384.0
356,3384.0
38,3384.0
124,3384.1
333,3384.1
321,3384.1
6,3384.2
7,3384.3
58,3384.6
118,3384.8
162,3384.8
231,3384.9
219,3384.9
172,3385.2
310,3385.3
208,3385.3
107,3385.4
77,3385.6
254,3385.9
19,3765.3
272,3765.4
7,3765.7
216,3765.8
344,3765.8
21,3766.0
29,3766.2
366,3766.2
8,3766.2
58,3766.3
48,3766.4
297,3766.7
20,3767.0
254,3767.1
323,3767.1
260,3767.8
280,3767.8
345,3768.2
159,3768.4
300,3768.4
259,3768.4
270,3768.6
227,3768.6
305,3768.8
250,3768.9
356,3769.1
236,3769.2
314,3769.2
6,3769.2
111,3769.3
120,3769.6
124,3769.7
68,3769.9
219,3770.0
77,3770.1
107,3770.1
80,3770.2
255,3770.2
118,3770.5
357,3770.8
298,3770.8
310,3770.8
172,3771.7
19,3844.2
216,3844.4
272,3844.5
7,3844.8
21,3845.0
366,3845.2
344,3845.3
29,3845.3
58,3845.5
8,3846.0
323,3846.2
48,3846.2
254,3846.4
297,3846.5
20,3846.8
280,3847.3
234,3847.3
28,3847.3
260,3847.3
159,3847.6
259,3847.6
270,3847.7
365,3847.8
184,3847.9
126,3848.0
305,3848.1
333,3848.2
227,3848.2
345,3848.3
250,3848.3
356,3848.4
314,3848.5
236,3848.6
301,3848.7
6,3848.7
124,3848.8
162,3848.8
231,3848.8
111,3849.0
177,3849.3
219,3849.3
120,3849.4
68,3849.5
80,3849.6
107,3849.6
208,3849.6
77,3849.6
255,3849.8
310,3850.2
118,3850.2
298,3850.5
172,3851.3
19,3924.3
216,3924.6
272,3924.7
7,3925.1
21,3925.1
366,3925.3
29,3925.4
344,3925.7
58,3925.7
323,3926.4
8,3926.5
254,3926.6
48,3926.7
297,3927.0
20,3927.3
280,3927.4
260,3927.6
159,3927.8
270,3927.9
259,3927.9
300,3928.0
305,3928.4
250,3928.6
356,3928.7
227,3928.7
314,3928.8
6,3929.0
236,3929.0
124,3929.2
357,3929.4
219,3929.6
333,3929.6
77,3930.1
107,3930.1
80,3930.2
255,3930.3
310,3930.6
19,4004.5
272,4004.8
216,4004.8
21,4005.3
7,4005.4
366,4005.5
29,4005.6
58,4006.0
344,4006.2
323,4006.7
254,4006.9
8,4007.0
48,4007.2
297,4007.4
280,4007.6
20,4007.9
260,4007.9
270,4008.1
159,4008.1
259,4008.1
111,4008.5
345,4008.7
305,4008.7
250,4008.8
276,4008.9
356,4009.0
124,4009.1
68,4009.1
314,4009.1
6,4009.2
231,4009.5
162,4009.6
236,4009.6
118,4009.8
219,4009.9
208,4010.2
298,4010.2
310,4010.5
172,4010.6
77,4010.6
8,4390.5
216,4390.7
159,4390.8
7,4391.0
21,4391.0
29,4391.2
19,4391.4
17,4391.5
205,4391.5
58,4391.5
111,4391.6
341,4391.6
344,4391.8
323,4392.1
203,4392.1
254,4392.2
48,4392.6
260,4392.8
296,4392.8
297,4392.9
259,4393.4
60,4393.4
272,4393.6
20,4393.6
270,4393.6
245,4393.8
305,4393.8
250,4393.9
356,4394.1
314,4394.2
6,4394.2
293,4394.4
236,4394.4
124,4394.7
333,4394.8
107,4394.8
68,4394.9
219,4395.0
366,4395.0
80,4395.1
255,4395.2
162,4395.4
118,4395.6
357,4395.7
298,4396.1
216,4469.4
159,4469.5
8,4469.6
21,4470.0
7,4470.2
29,4470.3
19,4470.5
58,4470.7
111,4470.8
341,4470.8
205,4470.9
193,4471.0
17,4471.0
344,4471.2
323,4471.2
254,4471.5
203,4471.6
48,4472.3
234,4472.3
260,4472.3
296,4472.4
297,4472.5
259,4472.6
270,4472.7
365,4472.8
272,4472.9
18,4472.9
126,4473.0
20,4473.1
300,4473.1
305,4473.1
250,4473.3
356,4473.4
314,4473.5
345,4473.5
6,4473.7
301,4473.7
236,4473.7
124,4473.8
293,4474.1
366,4474.2
219,4474.3
177,4474.4
107,4474.4
68,4474.5
333,4474.5
208,4474.6
80,4474.6
255,4474.8
162,4475.0
118,4475.3
357,4475.3
298,4475.9
216,4549.6
159,4549.8
8,4549.9
21,4550.1
7,4550.4
29,4550.4
19,4550.6
58,4551.0
111,4551.1
323,4551.4
341,4551.5
344,4551.5
205,4551.6
17,4551.7
254,4551.8
203,4552.3
260,4552.6
48,4552.6
259,4552.9
270,4553.0
297,4553.0
272,4553.1
305,4553.4
20,4553.5
250,4553.6
356,4553.7
314,4553.8
6,4554.0
236,4554.1
124,4554.1
293,4554.5
366,4554.6
219,4554.6
107,4554.9
80,4555.2
255,4555.3
273,4557.0
216,4629.8
159,4630.0
8,4630.2
21,4630.3
29,4630.6
7,4630.7
19,4630.8
58,4631.2
111,4631.3
323,4631.7
344,4631.8
254,4632.0
341,4632.1
205,4632.1
17,4632.6
260,4632.8
48,4632.9
203,4632.9
296,4632.9
259,4633.1
270,4633.1
297,4633.3
276,4633.3
272,4633.4
365,4633.6
305,4633.7
250,4633.8
356,4634.0
124,4634.0
273,4634.1
68,4634.1
20,4634.1
314,4634.1
333,4634.2
6,4634.2
366,4634.3
236,4634.6
162,4634.7
118,4634.7
219,4634.9
293,4634.9
357,4635.0
208,4635.3
298,4635.3
80,4635.8
341,5014.6
5,5015.2
145,5015.3
161,5015.5
203,5015.5
6,5015.6
216,5015.7
250,5015.8
345,5015.9
248,5015.9
8,5016.0
159,5016.0
21,5016.0
10,5016.1
350,5016.1
7,5016.2
97,5016.5
58,5016.6
344,5017.2
254,5017.3
247,5017.4
306,5017.5
148,5017.8
361,5017.8
205,5017.9
48,5018.0
259,5018.4
272,5018.4
297,5018.5
270,5018.6
60,5018.6
305,5018.8
356,5019.1
365,5019.1
314,5019.2
245,5019.2
19,5019.2
20,5019.2
236,5019.4
124,5019.6
107,5019.7
366,5019.7
219,5020.0
255,5020.2
162,5020.5
80,5020.5
118,5020.5
357,5021.2
29,5021.8
341,5093.6
216,5094.4
6,5094.5
203,5094.5
159,5094.6
5,5094.8
250,5094.8
21,5094.9
145,5094.9
8,5095.0
161,5095.1
7,5095.3
345,5095.4
339,5095.5
58,5095.8
350,5095.9
10,5096.0
248,5096.2
344,5096.5
254,5096.6
97,5097.0
205,5097.2
247,5097.4
306,5097.5
259,5097.6
48,5097.6
296,5097.6
272,5097.7
270,5097.7
126,5097.9
148,5097.9
297,5098.0
305,5098.1
300,5098.2
333,5098.3
356,5098.4
60,5098.4
314,5098.5
20,5098.5
19,5098.6
236,5098.7
301,5098.7
124,5098.8
245,5098.9
365,5099.0
366,5099.1
177,5099.2
107,5099.3
293,5099.3
219,5099.3
298,5099.4
208,5099.6
255,5099.7
80,5099.9
118,5100.2
162,5100.3
29,5101.2
341,5173.9
216,5174.6
6,5174.7
203,5174.8
159,5174.9
250,5175.0
21,5175.1
5,5175.2
8,5175.3
7,5175.5
161,5175.5
145,5175.6
345,5175.7
58,5176.0
350,5176.4
10,5176.7
254,5176.8
361,5176.8
344,5176.8
248,5177.4
205,5177.7
259,5177.9
270,5177.9
48,5177.9
272,5178.0
247,5178.1
297,5178.3
305,5178.4
306,5178.5
314,5178.7
356,5178.7
148,5178.7
60,5178.8
19,5178.9
20,5178.9
236,5179.1
124,5179.1
245,5179.3
366,5179.4
357,5179.5
219,5179.6
107,5179.8
293,5180.0
255,5180.3
80,5180.4
341,5254.1
216,5254.8
6,5255.0
159,5255.1
203,5255.2
250,5255.2
21,5255.3
8,5255.6
7,5255.8
5,5255.8
161,5256.0
345,5256.1
58,5256.2
145,5256.3
350,5256.9
254,5257.0
344,5257.1
10,5257.2
259,5258.1
270,5258.1
205,5258.1
48,5258.2
272,5258.3
333,5258.7
297,5258.7
305,5258.7
365,5258.8
247,5258.8
124,5259.0
314,5259.0
356,5259.0
19,5259.1
366,5259.2
60,5259.3
20,5259.5
236,5259.6
118,5259.7
162,5259.7
245,5259.8
219,5259.9
298,5260.1
29,5260.2
208,5260.3
323,5260.4
293,5260.5
21,5639.2
161,5639.5
58,5640.0
341,5640.0
60,5640.2
6,5640.7
216,5640.8
159,5640.8
250,5640.9
305,5640.9
100,5640.9
48,5641.0
203,5641.0
8,5641.1
17,5641.1
7,5641.2
146,5641.3
5,5641.5
345,5641.6
308,5641.6
12,5641.7
299,5641.7
11,5642.2
344,5642.3
254,5642.3
253,5642.3
145,5642.3
15,5642.3
350,5642.4
10,5642.7
74,5643.3
205,5643.5
257,5643.5
297,5643.6
147,5643.8
19,5644.1
356,5644.1
247,5644.2
148,5644.2
107,5644.7
366,5644.7
124,5644.9
118,5645.5
298,5645.8
29,5646.3
21,5718.2
161,5718.7
341,5718.9
58,5719.0
60,5719.2
216,5719.4
159,5719.5
6,5719.6
203,5719.9
250,5719.9
305,5720.0
8,5720.2
48,5720.3
7,5720.4
17,5720.4
146,5720.8
5,5720.9
100,5721.0
345,5721.0
308,5721.0
201,5721.4
248,5721.5
299,5721.5
344,5721.6
254,5721.6
145,5721.6
12,5721.7
97,5721.8
204,5722.0
350,5722.0
361,5722.1
15,5722.2
11,5722.3
10,5722.4
306,5722.4
296,5722.5
205,5722.6
365,5722.7
126,5722.9
297,5723.1
300,5723.3
356,5723.4
19,5723.5
74,5723.5
147,5723.7
301,5723.7
314,5723.8
366,5724.0
247,5724.0
245,5724.0
148,5724.3
107,5724.3
293,5724.4
124,5724.5
208,5724.6
118,5725.2
323,5725.2
298,5725.6
29,5725.8
270,5726.1
21,5798.4
161,5798.9
341,5799.1
58,5799.2
60,5799.5
216,5799.6
159,5799.7
6,5799.8
250,5800.1
203,5800.2
305,5800.2
8,5800.4
48,5800.5
7,5800.6
17,5800.8
345,5801.3
5,5801.3
146,5801.6
254,5801.8
100,5801.8
253,5801.9
308,5801.9
344,5801.9
299,5802.1
350,5802.4
12,5802.4
145,5802.4
15,5802.8
10,5802.9
257,5803.0
205,5803.1
297,5803.5
356,5803.7
19,5803.7
147,5804.3
366,5804.4
245,5804.7
107,5804.8
124,5805.2
293,5805.3
29,5806.3
21,5878.5
161,5879.1
341,5879.3
58,5879.3
60,5879.7
216,5879.8
159,5879.9
6,5880.0
250,5880.4
203,5880.4
305,5880.4
48,5880.7
8,5880.7
7,5880.8
17,5881.2
5,5881.6
345,5881.6
254,5882.0
344,5882.1
146,5882.5
11,5882.7
350,5882.8
308,5882.8
299,5882.8
100,5882.9
306,5883.2
15,5883.3
12,5883.4
365,5883.5
10,5883.5
205,5883.6
74,5883.6
247,5883.8
297,5883.9
356,5884.0
19,5884.0
366,5884.1
124,5884.1
148,5884.1
118,5884.7
147,5885.0
323,5885.1
245,5885.1
298,5885.2
208,5885.4
293,5885.8
21,6264.3
161,6264.8
60,6265.6
159,6265.8
305,6266.0
203,6266.1
48,6266.1
8,6266.2
58,6266.9
17,6267.0
319,6267.3
216,6267.4
177,6267.5
250,6267.6
350,6267.8
40,6268.0
299,6268.2
145,6268.3
10,6268.5
297,6268.7
205,6268.7
15,6268.7
6,6268.9
12,6268.9
19,6269.0
356,6269.1
366,6269.7
107,6269.7
124,6270.0
147,6270.2
298,6271.1
29,6271.1
270,6272.0
21,6343.3
161,6344.0
159,6344.5
60,6344.5
203,6345.0
305,6345.1
8,6345.2
48,6345.4
17,6346.1
58,6346.2
216,6346.3
341,6346.4
146,6346.4
308,6346.5
248,6346.5
100,6346.7
250,6346.9
97,6346.9
253,6347.2
319,6347.3
145,6347.3
361,6347.3
177,6347.4
350,6347.4
11,6347.6
296,6347.6
365,6347.7
205,6347.7
7,6347.7
306,6347.8
299,6347.9
314,6347.9
10,6348.0
126,6348.0
40,6348.1
297,6348.2
6,6348.3
257,6348.3
74,6348.3
356,6348.4
19,6348.4
300,6348.4
15,6348.5
301,6348.6
366,6349.0
245,6349.1
107,6349.1
124,6349.4
293,6349.5
208,6349.6
323,6350.0
147,6350.1
29,6350.7
270,6351.8
21,6423.4
161,6424.1
60,6424.7
159,6424.7
305,6425.3
203,6425.3
8,6425.5
48,6425.6
216,6426.4
58,6426.4
17,6426.5
250,6427.1
341,6427.6
146,6427.8
350,6427.8
319,6427.9
12,6427.9
177,6428.0
205,6428.2
297,6428.5
6,6428.5
299,6428.6
10,6428.6
19,6428.7
356,6428.7
15,6429.1
366,6429.4
107,6429.7
245,6429.8
298,6429.9
124,6429.9
293,6430.4
29,6431.2
21,6503.6
161,6504.3
159,6504.9
60,6504.9
305,6505.4
203,6505.5
8,6505.7
48,6505.8
216,6506.6
58,6506.6
17,6506.9
145,6507.2
308,6507.4
250,6507.4
100,6507.5
350,6508.1
319,6508.3
7,6508.3
40,6508.3
365,6508.4
341,6508.4
177,6508.6
205,6508.6
306,6508.7
314,6508.7
6,6508.8
297,6508.9
19,6508.9
356,6509.0
10,6509.1
366,6509.1
124,6509.1
299,6509.3
15,6509.8
323,6510.0
147,6510.0
245,6510.2
208,6510.2
293,6510.8
270,6511.1
161,6889.9
35,6890.0
21,6890.3
87,6890.6
60,6890.7
159,6890.8
319,6890.9
223,6890.9
305,6891.1
383,6891.6
58,6891.8
227,6892.0
133,6892.1
333,6892.1
17,6892.3
372,6892.6
281,6893.4
341,6893.5
297,6893.7
6,6893.7
323,6893.9
356,6894.0
299,6894.1
7,6894.1
366,6894.7
124,6895.0
147,6895.7
298,6895.7
29,6896.0
216,6896.7
270,6897.3
161,6969.1
21,6969.3
159,6969.5
60,6969.6
35,6969.7
319,6970.1
305,6970.1
87,6970.5
223,6970.8
58,6971.2
145,6971.2
17,6971.4
383,6971.5
146,6971.6
248,6971.6
308,6971.7
100,6972.0
227,6972.0
333,6972.0
97,6972.1
341,6972.2
201,6972.3
133,6972.3
129,6972.3
372,6972.3
345,6972.3
12,6972.4
296,6972.5
253,6972.5
365,6972.6
11,6972.7
306,6972.9
74,6973.0
40,6973.0
6,6973.1
297,6973.2
323,6973.2
356,6973.4
299,6973.7
7,6973.8
366,6974.0
245,6974.1
293,6974.4
124,6974.6
147,6975.6
29,6975.6
298,6975.7
216,6975.9
161,7049.2
21,7049.5
159,7049.7
60,7049.8
35,7050.3
305,7050.3
319,7050.3
87,7051.0
223,7051.3
58,7051.4
17,7051.7
383,7052.2
145,7052.5
333,7052.6
281,7052.7
227,7052.8
341,7052.9
372,7053.2
146,7053.2
6,7053.4
300,7053.5
133,7053.5
297,7053.6
356,7053.7
323,7053.9
366,7054.4
299,7054.4
124,7054.9
245,7054.9
293,7055.4
216,7056.2
29,7056.2
270,7056.2
161,7129.4
21,7129.6
159,7129.9
60,7130.0
305,7130.5
319,7130.6
35,7130.7
87,7131.5
58,7131.6
223,7131.8
17,7132.1
308,7132.5
100,7132.6
383,7133.0
129,7133.1
7,7133.2
12,7133.2
333,7133.4
365,7133.4
372,7133.4
323,7133.7
281,7133.7
6,7133.7
306,7133.8
297,7133.9
356,7134.0
366,7134.1
124,7134.1
298,7135.2
245,7135.2
147,7135.3
293,7135.9
216,7136.3
159,7515.3
21,7515.3
203,7515.5
341,7515.5
158,7515.7
99,7515.8
60,7515.8
152,7516.0
161,7516.0
6,7516.3
319,7516.3
290,7516.4
35,7516.4
87,7517.1
10,7517.1
249,7517.2
17,7517.4
223,7517.4
151,7517.5
314,7518.0
145,7518.2
242,7518.3
383,7518.6
333,7518.8
323,7519.3
372,7519.4
124,7520.0
305,7520.2
129,7520.5
147,7520.9
216,7521.2
270,7521.8
159,7594.1
21,7594.3
341,7594.4
60,7594.6
203,7594.6
161,7595.3
319,7595.4
6,7595.4
158,7595.5
99,7595.5
152,7595.8
290,7595.8
35,7596.0
17,7596.4
248,7596.5
146,7596.6
249,7596.7
308,7596.7
361,7596.8
8,7596.8
87,7596.8
10,7596.8
100,7596.9
227,7597.0
97,7597.1
223,7597.1
345,7597.1
145,7597.3
253,7597.4
133,7597.7
151,7597.9
314,7597.9
48,7597.9
242,7598.0
383,7598.5
333,7598.6
323,7598.7
372,7599.0
245,7599.1
293,7599.4
124,7599.5
305,7599.6
129,7599.9
216,7600.6
270,7601.6
159,7674.3
21,7674.4
341,7674.7
60,7674.8
203,7674.9
161,7675.4
319,7675.6
6,7675.6
99,7676.0
158,7676.0
35,7676.3
152,7676.3
290,7676.4
17,7676.8
87,7677.2
10,7677.2
223,7677.5
249,7677.5
146,7678.1
314,7678.8
227,7678.8
323,7679.1
372,7679.6
147,7679.7
245,7679.9
305,7680.0
129,7680.3
293,7680.4
216,7680.9
159,7754.5
21,7754.6
341,7754.9
60,7755.0
203,7755.2
161,7755.6
6,7755.8
319,7755.9
99,7756.4
158,7756.5
35,7756.6
152,7756.8
290,7756.9
17,7757.1
145,7757.2
308,7757.5
87,7757.6
10,7757.7
8,7757.7
100,7757.9
223,7757.9
124,7758.1
333,7758.1
383,7758.3
281,7758.4
249,7758.5
323,7759.0
372,7759.4
129,7759.9
245,7760.3
305,7760.3
293,7760.9
270,7761.0
216,7761.1
161,8139.4
339,8140.0
159,8140.3
100,8140.3
58,8140.4
341,8140.6
10,8140.6
21,8140.8
60,8140.8
203,8140.9
106,8141.0
6,8141.3
319,8141.4
204,8141.7
268,8141.7
108,8141.9
299,8141.9
35,8141.9
99,8141.9
158,8142.0
154,8142.0
205,8142.1
152,8142.3
211,8142.3
17,8142.5
87,8142.7
290,8142.8
223,8143.0
264,8143.1
198,8143.2
297,8143.3
208,8144.2
250,8144.2
314,8144.3
323,8144.5
305,8144.9
372,8145.0
147,8145.5
129,8145.8
216,8146.1
161,8218.5
159,8219.2
339,8219.4
341,8219.6
60,8219.6
100,8219.8
21,8219.9
203,8219.9
58,8219.9
10,8220.0
6,8220.5
319,8220.6
106,8220.9
268,8221.2
145,8221.2
35,8221.4
205,8221.4
17,8221.5
248,8221.5
146,8221.6
299,8221.6
99,8221.6
204,8221.6
154,8221.7
158,8221.8
308,8221.8
8,8221.8
249,8222.0
57,8222.0
152,8222.0
290,8222.0
345,8222.0
108,8222.0
361,8222.1
87,8222.3
97,8222.3
15,8222.3
48,8222.4
253,8222.5
383,8222.5
211,8222.6
223,8222.6
151,8222.6
242,8222.7
133,8222.8
264,8223.1
118,8223.2
297,8223.4
323,8223.9
245,8224.2
208,8224.2
250,8224.2
305,8224.3
372,8224.4
293,8224.4
147,8225.3
129,8225.4
270,8225.4
216,8225.5
161,8298.6
159,8299.4
339,8299.8
341,8299.9
60,8299.9
21,8300.0
100,8300.1
58,8300.2
203,8300.2
10,8300.2
6,8300.7
319,8300.8
106,8301.5
35,8301.7
17,8301.8
268,8301.8
99,8301.9
299,8302.0
205,8302.1
204,8302.1
158,8302.2
152,8302.4
154,8302.4
145,8302.5
290,8302.5
87,8302.7
108,8302.7
223,8303.0
198,8303.0
314,8303.1
249,8303.6
211,8303.7
264,8303.8
323,8304.3
305,8304.7
208,8304.8
245,8304.9
372,8304.9
293,8305.5
129,8305.8
216,8305.9
161,8378.8
159,8379.6
60,8380.1
341,8380.1
21,8380.2
339,8380.2
100,8380.3
203,8380.4
58,8380.4
10,8380.4
6,8380.9
319,8381.0
35,8381.9
106,8382.0
17,8382.2
99,8382.3
299,8382.4
268,8382.4
146,8382.5
158,8382.5
124,8382.6
205,8382.7
204,8382.7
308,8382.7
152,8382.9
345,8382.9
290,8383.0
87,8383.0
154,8383.2
383,8383.2
297,8383.2
223,8383.3
281,8383.4
108,8383.8
323,8384.1
264,8384.5
372,8384.7
305,8385.1
147,8385.1
245,8385.3
129,8385.6
208,8385.7
270,8385.7
293,8385.9
216,8385.9
203,8764.6
34,8764.8
113,8764.9
161,8765.3
124,8765.4
158,8765.5
6,8765.6
341,8765.7
100,8765.7
372,8765.7
247,8765.8
152,8765.8
10,8765.8
108,8765.8
58,8765.8
275,8765.9
339,8766.0
12,8766.3
94,8766.4
261,8766.5
63,8766.6
129,8766.9
74,8767.0
64,8767.0
35,8767.1
159,8767.3
21,8767.3
99,8767.4
299,8767.6
106,8767.6
87,8768.0
204,8768.0
145,8768.2
223,8768.2
205,8768.4
290,8768.4
154,8769.0
297,8769.2
323,8769.5
203,8843.6
34,8844.3
161,8844.6
113,8844.7
124,8844.7
341,8844.7
372,8844.8
6,8844.8
158,8845.0
100,8845.1
152,8845.2
10,8845.2
339,8845.2
58,8845.3
108,8845.4
275,8845.6
247,8845.7
358,8845.7
261,8845.9
129,8846.0
12,8846.2
159,8846.3
94,8846.3
8,8846.5
248,8846.5
21,8846.5
35,8846.5
64,8846.5
63,8846.7
146,8846.7
308,8846.7
60,8846.9
99,8847.0
249,8847.1
361,8847.1
299,8847.2
145,8847.3
106,8847.3
97,8847.3
74,8847.3
48,8847.3
205,8847.4
345,8847.4
314,8847.4
290,8847.4
253,8847.5
383,8847.5
87,8847.5
204,8847.7
57,8847.7
133,8847.8
223,8847.8
15,8847.8
151,8847.9
211,8848.0
198,8848.1
154,8848.4
323,8849.0
297,8849.1
203,8923.8
34,8924.6
161,8924.7
341,8924.9
124,8924.9
6,8925.0
372,8925.0
113,8925.2
158,8925.2
10,8925.4
100,8925.4
152,8925.4
58,8925.5
339,8925.6
108,8925.7
275,8926.1
129,8926.3
247,8926.4
159,8926.5
12,8926.7
21,8926.7
261,8926.8
35,8926.8
94,8926.8
99,8927.3
299,8927.6
106,8927.7
63,8927.7
87,8927.8
290,8928.0
223,8928.1
205,8928.2
60,8928.2
204,8928.3
249,8928.8
383,8929.1
323,8929.3
154,8929.4
203,9003.9
161,9004.9
34,9005.0
341,9005.1
6,9005.2
124,9005.2
372,9005.3
158,9005.4
100,9005.5
152,9005.6
113,9005.6
10,9005.6
58,9005.7
339,9005.8
108,9005.9
275,9006.6
129,9006.6
159,9006.7
247,9006.9
21,9006.9
35,9007.0
64,9007.1
145,9007.2
12,9007.3
94,9007.3
8,9007.4
74,9007.5
146,9007.6
261,9007.6
99,9007.6
308,9007.7
299,9007.9
87,9008.1
106,9008.1
314,9008.2
281,9008.3
223,9008.4
290,9008.5
297,9008.7
204,9008.8
60,9008.8
205,9008.8
323,9009.1
154,9010.2
203,9389.7
161,9390.2
6,9390.5
369,9390.5
158,9390.7
341,9390.7
100,9390.8
152,9390.9
10,9390.9
113,9391.0
58,9391.0
139,9391.3
108,9391.3
339,9391.4
35,9392.1
159,9392.1
275,9392.3
247,9392.4
12,9392.5
99,9392.6
237,9392.7
94,9392.8
299,9392.9
372,9392.9
87,9393.1
106,9393.2
34,9393.2
223,9393.3
204,9393.6
60,9393.8
290,9393.8
205,9394.1
383,9394.3
203,9468.7
161,9469.5
341,9469.7
6,9469.8
158,9470.1
369,9470.2
100,9470.2
10,9470.3
152,9470.4
58,9470.4
339,9470.5
113,9470.7
108,9470.7
139,9471.0
159,9471.1
145,9471.2
248,9471.5
374,9471.5
35,9471.6
64,9471.7
8,9471.7
275,9471.7
63,9471.7
146,9471.7
247,9472.1
249,9472.1
99,9472.1
345,9472.1
74,9472.1
48,9472.2
372,9472.3
242,9472.3
12,9472.3
201,9472.3
97,9472.3
299,9472.4
94,9472.5
314,9472.5
253,9472.5
237,9472.5
60,9472.6
87,9472.6
154,9472.6
124,9472.6
290,9472.6
297,9472.7
205,9472.8
133,9472.8
106,9472.8
151,9472.9
223,9472.9
211,9473.0
34,9473.0
15,9473.1
204,9473.2
198,9473.4
203,9548.9
161,9549.7
341,9550.0
6,9550.0
158,9550.3
10,9550.4
100,9550.4
152,9550.6
58,9550.6
369,9550.7
339,9550.8
113,9551.0
108,9551.0
159,9551.4
139,9551.6
35,9551.8
275,9552.2
99,9552.4
145,9552.5
372,9552.6
185,9552.7
247,9552.8
299,9552.8
12,9552.8
87,9552.9
94,9552.9
237,9553.0
290,9553.1
383,9553.1
106,9553.1
223,9553.2
60,9553.3
249,9553.6
205,9553.6
204,9553.7
154,9554.4
203,9629.0
161,9629.8
341,9630.1
6,9630.2
158,9630.5
10,9630.6
100,9630.6
152,9630.8
58,9630.8
339,9631.1
108,9631.2
369,9631.3
113,9631.3
159,9631.6
35,9632.0
34,9632.6
146,9632.6
139,9632.6
275,9632.7
99,9632.7
8,9632.7
63,9632.7
372,9632.8
299,9633.1
124,9633.1
314,9633.2
87,9633.2
297,9633.3
94,9633.4
12,9633.4
223,9633.5
106,9633.5
290,9633.6
237,9633.6
185,9633.9
205,9634.1
204,9634.2
154,9635.0
