40,101.7
56,105.7
35,107.0
13,110.4
57,114.4
8,122.9
10,127.8
40,183.2
56,193.3
19,194.3
13,196.7
40,266.6
13,269.5
57,270.0
8,271.1
56,271.4
19,272.4
40,644.6
56,646.7
35,647.9
13,650.1
57,653.0
7,653.5
40,653.9
8,655.5
31,657.3
10,659.2
19,660.5
13,668.8
40,728.1
56,730.2
13,735.7
57,736.2
8,736.8
19,740.6
35,750.5
40,806.8
56,809.7
13,813.3
57,813.3
35,813.8
8,814.5
19,827.8
40,884.8
56,887.5
35,889.2
13,890.9
57,891.4
8,891.8
19,895.0
31,895.1
7,895.3
29,898.0
40,898.0
56,898.1
10,898.6
51,901.7
54,904.4
33,907.1
8,910.3
13,910.8
40,1267.2
56,1269.0
35,1269.1
13,1271.0
7,1272.6
40,1273.7
57,1273.7
31,1274.9
8,1275.8
56,1276.8
13,1278.5
59,1278.9
35,1278.9
10,1279.2
54,1279.6
19,1282.3
57,1283.6
40,1293.7
55,1301.1
40,1350.6
56,1353.4
13,1356.6
35,1357.1
8,1357.2
57,1359.9
7,1362.3
29,1366.6
19,1368.4
31,1372.2
40,1428.8
56,1431.6
35,1433.3
13,1435.3
8,1436.4
57,1436.6
40,1438.0
31,1438.8
7,1438.9
10,1441.0
56,1441.7
19,1442.4
51,1450.4
13,1452.6
54,1452.8
59,1454.3
40,1509.1
35,1511.8
56,1512.0
31,1514.6
7,1515.0
57,1515.6
8,1515.7
13,1515.9
40,1520.1
29,1520.9
56,1521.8
59,1522.1
10,1522.5
19,1524.0
55,1525.0
8,1525.2
39,1527.3
30,1527.4
50,1530.6
33,1531.7
40,1892.1
56,1893.8
35,1893.9
7,1894.8
13,1895.5
31,1895.8
40,1897.9
57,1898.2
59,1898.3
10,1899.5
54,1899.9
8,1900.7
56,1900.8
35,1901.5
13,1903.4
55,1903.7
57,1906.9
7,1907.4
31,1907.8
19,1907.8
29,1908.3
40,1909.3
8,1920.5
40,1975.2
56,1977.8
35,1979.0
13,1980.9
7,1982.7
31,1983.8
8,1984.1
57,1984.9
40,1987.5
10,1987.5
19,1989.4
54,1999.0
40,2054.6
56,2056.2
35,2057.0
7,2059.4
13,2059.7
31,2060.0
59,2060.6
57,2061.4
8,2062.2
10,2062.9
56,2065.7
40,2065.8
19,2067.2
29,2067.8
13,2068.3
51,2070.6
55,2071.8
30,2072.2
54,2073.0
40,2134.5
35,2136.2
56,2137.0
7,2137.8
31,2138.5
57,2140.6
59,2140.7
8,2141.0
13,2141.4
10,2141.9
55,2145.4
40,2146.4
29,2146.4
56,2146.6
19,2147.8
54,2148.3
12,2148.9
50,2150.3
39,2150.8
8,2151.2
33,2151.7
35,2151.8
30,2166.3
17,2168.8
40,2517.2
35,2518.8
56,2518.9
7,2519.3
31,2520.4
13,2520.5
54,2522.1
59,2522.3
10,2522.4
40,2523.0
57,2523.4
55,2525.0
8,2525.8
56,2525.9
35,2526.6
13,2527.9
7,2530.5
29,2530.7
19,2531.3
31,2531.5
57,2532.3
30,2532.4
10,2533.3
40,2535.7
51,2536.1
12,2540.0
59,2541.7
54,2544.5
8,2546.3
40,2600.3
56,2603.4
35,2604.4
7,2605.3
13,2606.6
31,2607.9
8,2609.2
57,2611.0
40,2611.4
10,2611.6
29,2613.8
19,2618.0
40,2679.6
56,2681.4
35,2682.0
7,2683.3
31,2684.5
13,2685.3
59,2685.3
57,2686.5
8,2687.2
55,2687.7
54,2688.0
10,2688.8
56,2690.9
19,2692.1
40,2693.0
30,2694.4
51,2696.0
29,2698.2
50,2700.5
13,2701.1
40,2759.6
35,2761.1
56,2762.0
7,2762.2
31,2763.2
10,2765.1
59,2765.2
57,2765.5
8,2765.9
13,2765.9
55,2766.8
54,2767.5
40,2771.0
56,2771.2
29,2771.4
33,2772.3
35,2772.6
19,2772.9
30,2775.0
39,2775.4
8,2776.3
12,2778.1
50,2783.7
40,3139.9
35,3140.9
56,3141.1
7,3141.3
31,3142.0
13,3142.2
10,3142.7
54,3143.0
59,3143.5
40,3143.8
55,3144.1
8,3145.0
57,3145.1
35,3145.3
56,3145.4
30,3146.0
7,3146.6
13,3146.9
31,3147.3
29,3147.9
40,3148.1
51,3148.7
59,3148.8
10,3148.9
55,3149.2
54,3149.3
12,3149.5
50,3149.7
57,3150.2
56,3150.4
35,3150.5
19,3151.1
8,3151.2
7,3151.9
31,3152.6
30,3152.6
13,3153.5
40,3154.4
29,3154.4
33,3155.6
48,3157.1
44,3157.3
51,3161.9
49,3163.7
40,3221.9
7,3223.4
35,3226.2
56,3226.3
40,3227.5
8,3228.7
31,3229.0
13,3230.2
7,3233.2
29,3237.5
10,3241.6
57,3242.0
40,3301.1
35,3302.4
56,3302.7
7,3303.0
31,3304.0
13,3304.6
54,3304.7
10,3305.2
59,3305.3
40,3305.7
55,3306.3
8,3307.6
57,3308.4
56,3308.6
35,3308.8
30,3310.6
7,3310.7
31,3310.9
13,3312.1
29,3312.1
59,3312.9
40,3313.2
50,3313.3
51,3313.8
55,3313.8
10,3314.2
19,3315.2
8,3316.1
54,3317.5
40,3381.7
35,3383.0
7,3383.0
56,3383.6
31,3384.9
13,3385.5
10,3387.1
40,3387.3
54,3387.6
59,3388.0
57,3389.0
8,3389.4
55,3389.9
35,3390.2
56,3391.0
29,3391.8
7,3392.1
13,3393.4
31,3393.4
30,3393.9
50,3398.2
8,3399.9
19,3401.9
40,3764.9
35,3765.3
56,3766.1
31,3767.0
13,3767.2
10,3767.7
54,3768.0
59,3768.5
40,3768.9
30,3768.9
7,3769.0
55,3769.1
35,3769.4
12,3770.1
57,3770.1
56,3770.3
51,3771.5
13,3772.0
31,3772.3
40,3773.2
29,3773.5
59,3773.8
10,3773.9
55,3774.1
35,3774.2
54,3774.4
7,3774.6
30,3774.8
56,3775.2
57,3775.5
8,3775.6
33,3775.7
19,3776.0
12,3776.9
31,3777.4
13,3777.9
51,3778.5
6,3779.3
9,3779.5
40,3780.4
29,3780.6
48,3781.5
44,3783.1
7,3783.2
38,3783.3
59,3784.6
8,3784.8
49,3785.1
24,3785.3
28,3788.0
3,3789.8
40,3847.4
35,3848.6
56,3852.0
31,3853.4
13,3853.6
40,3853.9
10,3857.4
7,3858.7
54,3861.1
8,3869.8
40,3926.2
35,3926.2
56,3927.7
31,3928.8
13,3929.2
10,3929.8
59,3930.6
30,3930.7
54,3930.7
40,3930.9
55,3931.2
35,3931.4
57,3932.0
12,3932.3
7,3932.4
56,3933.4
51,3935.1
13,3935.4
29,3935.6
31,3935.7
55,3937.6
59,3937.8
19,3938.6
10,3938.7
8,3938.9
30,3939.2
40,3939.2
57,3939.4
35,3939.9
33,3940.1
7,3940.6
40,4006.8
35,4007.2
56,4008.6
31,4009.7
13,4010.0
54,4010.8
10,4011.6
40,4012.2
59,4013.0
35,4013.7
7,4014.4
55,4014.5
12,4014.6
30,4014.8
57,4014.8
56,4015.2
29,4017.3
13,4017.5
31,4017.8
8,4017.9
51,4019.3
40,4389.9
35,4390.3
56,4391.1
13,4392.3
54,4393.0
10,4393.5
30,4393.5
31,4393.7
40,4393.9
35,4394.4
12,4395.1
56,4395.3
59,4396.1
51,4396.4
7,4396.5
13,4397.0
55,4397.2
40,4398.4
30,4399.2
35,4399.3
54,4399.4
31,4399.5
57,4399.5
10,4399.9
56,4400.2
33,4400.8
19,4401.4
12,4401.6
59,4402.5
13,4402.9
7,4403.1
51,4403.9
9,4404.2
55,4404.6
29,4405.1
40,4405.9
48,4407.5
49,4409.0
1,4410.5
5,4411.4
4,4411.6
31,4412.0
6,4412.5
28,4413.0
3,4416.0
24,4419.2
40,4471.4
35,4472.7
56,4474.9
40,4476.3
13,4479.7
35,4481.5
10,4483.8
40,4488.4
19,4493.6
35,4551.9
40,4552.0
56,4553.1
13,4554.6
54,4554.6
30,4555.6
31,4556.2
10,4556.7
40,4557.9
35,4558.1
12,4558.4
56,4559.4
7,4559.8
51,4560.2
59,4561.5
13,4561.7
30,4564.2
54,4565.1
55,4566.9
31,4569.2
57,4571.0
33,4573.9
40,4631.4
35,4631.9
56,4633.2
13,4634.9
54,4636.2
40,4636.3
10,4636.4
30,4637.7
35,4637.7
12,4638.3
31,4638.3
56,4639.4
51,4641.3
59,4641.8
13,4642.1
7,4642.6
55,4645.8
19,4646.7
48,4651.6
8,4652.3
40,5016.1
35,5016.6
13,5017.3
56,5017.7
12,5018.2
10,5018.5
7,5019.2
55,5019.8
40,5020.5
30,5021.1
59,5021.3
35,5021.4
13,5022.2
56,5022.6
6,5023.9
54,5024.0
12,5024.1
9,5024.6
55,5025.5
57,5025.6
31,5025.6
40,5025.6
7,5025.6
10,5025.7
5,5026.1
51,5027.0
19,5027.1
29,5027.3
33,5027.9
35,5028.0
48,5028.1
27,5028.1
13,5028.9
30,5028.9
59,5029.8
56,5030.5
11,5032.2
3,5033.1
49,5033.1
12,5034.7
1,5035.1
31,5035.4
7,5035.9
28,5036.7
24,5036.9
48,5038.3
8,5038.8
5,5039.3
29,5040.3
44,5040.6
4,5042.9
40,5098.5
35,5100.2
13,5102.2
56,5104.7
10,5104.9
40,5107.4
40,5177.8
35,5177.9
13,5179.2
12,5179.7
56,5179.7
10,5180.5
7,5181.0
55,5181.6
59,5183.6
40,5184.0
35,5184.5
30,5184.8
13,5186.0
6,5187.0
56,5187.3
54,5187.6
12,5188.0
19,5190.6
57,5191.4
33,5191.4
55,5191.4
7,5191.5
9,5191.9
31,5192.4
27,5194.1
51,5194.4
5,5194.6
11,5195.1
48,5195.5
29,5205.3
40,5258.0
35,5258.2
13,5259.7
10,5260.2
56,5260.4
12,5261.7
7,5264.1
40,5264.7
35,5265.1
55,5265.9
30,5266.5
13,5266.9
59,5267.0
56,5268.9
54,5271.6
33,5273.4
8,5278.5
19,5279.0
13,5642.3
56,5642.7
40,5643.0
35,5643.1
12,5643.2
10,5643.5
7,5644.2
55,5644.7
30,5646.1
13,5647.0
31,5647.3
56,5647.6
54,5648.6
6,5648.6
40,5648.6
19,5649.1
12,5649.1
9,5649.2
35,5649.2
55,5650.4
10,5650.5
7,5650.7
5,5651.7
51,5651.7
29,5652.0
48,5653.0
27,5653.6
33,5653.8
30,5653.9
59,5654.2
31,5654.8
13,5654.8
56,5655.1
19,5656.6
12,5656.8
3,5656.8
11,5657.9
41,5660.4
40,5660.4
49,5660.9
1,5661.2
24,5661.3
28,5662.8
7,5664.7
48,5665.0
5,5665.0
4,5665.1
44,5666.6
3,5669.2
13,5726.1
35,5727.4
10,5727.9
56,5728.9
40,5730.0
13,5804.2
56,5804.7
12,5804.8
35,5804.9
40,5805.2
10,5805.5
7,5806.3
55,5806.5
30,5810.3
31,5810.8
13,5811.1
56,5812.6
12,5813.2
6,5813.2
54,5813.4
19,5814.0
35,5816.8
40,5818.5
9,5819.6
7,5823.9
55,5824.4
33,5826.1
51,5826.8
11,5827.8
29,5827.8
13,5884.3
56,5884.8
10,5885.1
40,5885.6
35,5885.7
12,5885.7
55,5888.8
7,5891.0
13,5891.2
31,5891.4
30,5891.4
56,5892.5
12,5893.5
48,5894.7
54,5894.7
19,5895.6
35,5898.5
5,5900.8
59,5901.7
10,5903.7
8,5903.8
55,6267.7
35,6267.8
7,6269.2
12,6269.3
40,6269.8
13,6270.5
56,6270.6
30,6271.1
54,6272.8
55,6273.2
35,6273.6
58,6273.6
19,6273.8
31,6274.0
6,6274.3
9,6275.0
40,6276.7
10,6276.8
12,6277.1
51,6277.8
29,6277.8
7,6278.5
13,6278.8
5,6279.3
56,6279.5
30,6279.6
48,6280.0
55,6280.8
33,6281.4
31,6282.1
19,6282.5
11,6283.6
41,6284.9
27,6285.1
39,6286.1
12,6286.6
3,6287.0
24,6287.2
35,6287.3
1,6289.9
49,6290.1
5,6291.4
50,6292.3
4,6293.2
44,6293.7
28,6296.3
35,6351.3
55,6351.8
40,6353.6
7,6354.1
13,6355.3
56,6356.3
54,6362.3
55,6429.6
35,6429.7
12,6431.5
7,6432.5
40,6432.6
56,6433.8
13,6433.9
30,6434.6
19,6437.3
35,6440.1
31,6440.2
55,6440.7
58,6441.9
6,6443.1
10,6450.5
11,6450.6
12,6453.7
55,6510.3
35,6510.3
7,6512.0
40,6512.5
13,6513.3
56,6513.4
12,6515.2
30,6515.3
54,6516.2
19,6519.5
9,6520.0
8,6521.8
48,6522.1
31,6522.3
35,6522.9
29,6523.6
55,6523.8
34,6529.0
11,6529.7
51,6531.5
5,6538.9
58,6893.7
55,6893.7
7,6894.2
12,6894.3
9,6894.7
6,6894.8
40,6894.8
10,6895.1
31,6895.6
30,6896.0
48,6896.8
29,6897.4
54,6897.5
35,6898.2
13,6898.2
19,6899.3
27,6900.5
55,6900.7
56,6901.4
12,6901.5
40,6902.4
11,6902.8
5,6903.1
7,6903.3
58,6903.4
9,6903.7
30,6904.6
59,6904.6
10,6904.6
6,6904.9
29,6905.1
33,6905.2
31,6905.8
3,6906.1
19,6906.4
48,6906.9
8,6907.7
41,6907.7
27,6907.9
13,6908.5
39,6908.8
24,6909.1
12,6909.6
35,6909.8
57,6909.9
51,6909.9
1,6910.1
18,6910.2
11,6911.1
50,6912.0
49,6912.6
60,6914.0
5,6914.2
34,6914.6
44,6914.6
16,6915.6
3,6916.2
42,6922.5
21,6923.6
55,6977.6
58,6977.6
40,6978.4
7,6979.6
10,6980.3
54,6983.0
9,6984.5
6,6986.2
30,6988.3
12,6990.5
55,7055.6
58,7057.0
7,7057.1
40,7057.5
10,7057.7
31,7057.7
9,7058.3
12,7059.0
48,7059.3
6,7060.0
30,7060.3
35,7061.3
29,7061.4
13,7062.5
54,7062.8
19,7062.8
11,7065.1
27,7066.4
56,7067.6
8,7068.5
33,7073.2
55,7135.4
58,7136.7
7,7136.8
10,7137.1
40,7137.4
9,7137.5
12,7137.6
31,7138.7
30,7139.1
6,7139.1
48,7140.6
54,7142.5
13,7142.6
29,7142.7
35,7143.1
11,7143.3
19,7144.4
8,7145.6
5,7146.5
27,7147.6
12,7150.3
59,7152.0
14,7156.9
33,7159.9
7,7519.1
12,7519.3
6,7519.7
58,7520.1
10,7520.1
9,7520.6
31,7520.6
30,7520.9
48,7521.7
29,7522.3
35,7522.7
55,7524.1
19,7524.5
27,7526.4
12,7527.3
5,7528.5
7,7528.7
40,7529.5
10,7529.6
11,7529.7
30,7529.8
6,7530.6
33,7530.8
29,7531.1
59,7531.2
9,7531.8
3,7531.9
31,7532.0
19,7533.1
48,7533.6
44,7534.7
58,7535.4
28,7535.9
24,7536.8
27,7536.8
39,7537.1
41,7538.8
1,7539.4
18,7539.5
11,7542.2
3,7543.3
60,7546.1
40,7546.3
62,7546.6
18,7552.3
7,7605.7
12,7606.1
10,7612.1
30,7612.7
6,7613.3
12,7682.7
7,7683.0
58,7684.1
9,7684.2
48,7684.3
6,7684.4
31,7684.5
10,7684.6
30,7685.4
35,7686.0
29,7687.9
19,7690.4
8,7694.9
27,7699.3
11,7701.9
33,7710.7
12,7762.1
7,7762.6
6,7763.4
10,7763.6
30,7764.5
48,7765.2
9,7766.1
31,7766.6
35,7768.1
58,7768.6
5,7770.9
29,7773.4
8,7776.0
11,7777.1
19,7786.7
58,8142.4
35,8143.9
12,8144.3
55,8144.5
6,8144.8
7,8145.0
10,8145.2
29,8146.9
59,8147.1
9,8147.9
19,8149.3
58,8150.9
27,8151.7
40,8152.3
33,8152.7
5,8152.8
55,8152.8
35,8153.3
12,8153.4
11,8154.5
29,8154.6
31,8155.3
6,8155.4
10,8157.7
30,8157.9
3,8158.2
48,8158.6
60,8158.8
7,8158.9
19,8159.6
39,8159.7
27,8160.1
44,8161.0
24,8162.3
41,8162.5
18,8162.9
57,8162.9
11,8163.0
1,8163.6
40,8165.2
5,8166.6
28,8167.2
33,8168.5
3,8169.7
60,8169.7
8,8171.0
49,8173.7
62,8176.0
58,8224.5
35,8227.9
12,8229.3
6,8229.7
55,8231.9
10,8233.0
7,8235.8
58,8304.7
35,8306.6
12,8307.7
55,8308.5
6,8308.7
10,8309.5
59,8310.0
29,8312.4
9,8313.7
7,8314.0
19,8314.5
27,8325.3
11,8331.7
58,8384.4
35,8386.4
12,8387.4
6,8387.9
55,8388.0
10,8388.6
7,8392.9
29,8393.4
5,8394.4
59,8395.1
19,8397.1
8,8397.8
33,8401.1
12,8767.4
58,8767.4
55,8769.4
60,8771.2
59,8771.8
6,8772.5
10,8772.8
9,8772.9
11,8773.4
12,8774.5
19,8774.6
58,8777.1
27,8777.6
55,8779.1
40,8779.7
7,8780.0
33,8780.5
11,8780.7
51,8780.9
28,8782.0
29,8783.0
35,8783.9
13,8784.3
19,8785.4
12,8785.8
27,8787.0
3,8787.3
31,8787.3
39,8791.9
60,8792.4
41,8793.4
48,8795.2
57,8795.7
5,8798.8
58,8850.1
12,8852.0
55,8859.7
6,8862.0
10,8863.3
12,8929.1
58,8929.7
55,8933.3
59,8933.7
60,8935.0
11,8935.2
9,8937.5
6,8939.7
10,8939.8
19,8943.3
27,8948.8
12,9008.7
58,9009.4
55,9012.7
11,9015.4
59,9016.0
60,9017.0
13,9017.8
10,9018.0
35,9018.7
6,9019.5
19,9027.3
9,9027.9
33,9027.9
57,9031.5
30,9035.8
58,9392.4
12,9394.1
55,9394.4
6,9394.7
10,9394.8
60,9396.2
59,9396.8
9,9398.1
11,9398.5
29,9398.7
28,9399.2
58,9401.0
27,9401.9
3,9402.0
5,9402.8
6,9403.1
55,9403.2
7,9403.3
10,9404.2
33,9404.3
12,9404.8
11,9406.0
51,9406.4
29,9407.1
31,9408.9
3,9411.1
26,9411.2
35,9411.5
13,9411.5
53,9413.5
60,9414.1
44,9414.2
27,9414.5
41,9416.2
48,9417.3
5,9419.2
18,9419.5
24,9422.1
19,9422.9
58,9474.2
10,9478.2
6,9478.5
12,9478.6
55,9479.5
59,9482.9
11,9485.8
58,9554.3
10,9557.2
12,9557.3
6,9557.7
55,9558.0
60,9559.0
29,9562.0
11,9562.5
9,9563.5
28,9565.5
59,9566.8
3,9567.3
27,9589.0
58,9634.3
10,9636.8
12,9637.0
6,9637.3
55,9637.5
11,9641.1
60,9642.9
29,9643.6
3,9646.2
33,9647.1
59,9649.3
35,9650.4
