6,89.4
1,89.8
3,90.5
5,90.6
4,92.0
2,100.9
7,102.1
5,102.9
1,103.1
6,103.2
4,105.6
5,113.3
2,113.7
1,114.8
3,116.5
6,169.1
1,169.5
5,170.2
3,170.2
4,171.5
2,180.1
7,181.5
5,182.0
1,182.5
0,182.6
6,182.7
4,183.7
5,190.4
3,191.5
1,192.4
4,194.4
2,196.1
6,199.3
5,201.7
6,249.0
1,249.3
5,249.9
3,250.0
4,251.2
2,260.2
7,261.8
5,262.4
6,262.6
1,262.6
0,264.2
4,265.0
3,268.2
5,272.6
1,272.8
6,275.2
6,634.2
1,634.5
3,635.1
5,635.2
4,636.5
2,646.3
7,647.3
1,647.6
6,648.0
5,648.0
0,650.4
4,650.5
3,654.6
1,657.4
5,658.6
2,666.1
6,714.0
1,714.3
3,714.8
5,714.9
4,716.0
2,725.2
7,726.8
5,727.0
1,727.0
6,727.2
0,727.8
4,728.7
3,732.4
5,735.4
1,735.6
6,737.0
4,739.3
2,741.7
5,746.6
1,748.4
6,793.8
1,794.0
5,794.7
3,794.7
4,795.8
2,799.1
7,807.0
1,807.3
6,807.4
5,807.5
0,808.6
4,810.2
2,810.3
3,811.3
5,818.0
1,818.1
6,820.0
6,873.8
1,874.0
3,874.6
5,874.6
4,875.7
2,878.6
6,887.2
7,887.3
1,887.4
5,887.6
4,889.3
2,890.6
3,891.4
5,896.6
1,898.0
6,899.4
4,901.5
5,909.4
6,1258.9
1,1259.2
3,1259.8
5,1259.9
4,1261.0
2,1265.2
1,1271.9
7,1272.4
6,1272.5
5,1273.0
2,1275.1
0,1275.2
4,1275.4
3,1277.0
1,1282.1
5,1283.2
6,1285.1
6,1338.8
1,1339.0
3,1339.4
5,1339.6
4,1340.5
2,1342.9
6,1351.7
1,1351.9
0,1352.0
7,1352.1
5,1352.2
4,1353.7
2,1354.4
3,1355.6
1,1360.2
5,1360.5
6,1361.2
4,1364.1
5,1371.2
1,1371.4
6,1418.6
1,1418.8
3,1419.4
5,1419.4
4,1420.5
2,1422.7
6,1430.5
1,1432.0
7,1432.3
5,1432.6
4,1435.1
3,1435.5
2,1435.6
0,1438.6
6,1441.4
1,1442.9
5,1443.1
6,1498.6
1,1498.8
3,1499.3
5,1499.4
4,1500.4
2,1502.5
6,1510.4
1,1510.9
7,1512.5
5,1512.9
0,1513.4
4,1515.1
3,1515.4
2,1516.2
1,1521.3
5,1524.1
6,1883.8
1,1884.0
3,1884.5
5,1884.6
4,1885.7
2,1888.1
6,1896.0
1,1896.5
7,1897.2
5,1897.8
2,1899.0
0,1899.1
4,1900.1
3,1900.5
1,1906.5
6,1907.3
5,1907.7
6,1963.6
1,1963.9
3,1964.3
5,1964.4
4,1965.3
2,1967.2
6,1975.3
1,1976.5
5,1977.1
7,1977.2
0,1977.2
4,1978.5
3,1980.0
2,1980.4
6,1984.1
1,1984.5
5,1985.4
4,1988.8
1,1994.6
5,1996.3
6,1996.9
6,2043.5
1,2043.7
3,2044.2
5,2044.2
4,2045.2
2,2047.0
6,2055.0
1,2055.5
7,2057.3
5,2057.5
0,2058.9
3,2059.8
2,2059.9
4,2059.9
6,2065.3
1,2065.5
5,2068.3
6,2123.5
1,2123.7
3,2124.1
5,2124.2
4,2125.2
2,2126.7
0,2133.2
6,2135.0
1,2135.6
7,2137.5
5,2137.7
4,2139.1
3,2139.8
2,2140.0
1,2145.1
5,2147.6
0,2149.8
6,2508.7
1,2508.9
3,2509.3
5,2509.4
4,2510.4
2,2512.4
6,2520.6
1,2521.1
7,2522.0
5,2522.7
0,2523.2
2,2524.5
3,2524.8
4,2524.9
1,2530.7
6,2531.7
5,2532.7
6,2588.5
1,2588.7
3,2589.2
5,2589.2
4,2590.2
2,2591.6
0,2597.9
6,2599.8
1,2600.3
5,2602.1
7,2602.2
4,2603.4
3,2604.4
2,2604.5
1,2608.0
6,2609.2
0,2610.2
5,2610.3
4,2613.5
1,2616.9
5,2621.0
6,2668.4
1,2668.6
5,2669.1
3,2669.1
4,2670.1
2,2671.3
0,2676.2
6,2679.5
1,2680.1
7,2682.4
5,2682.4
3,2684.2
2,2684.3
4,2684.6
6,2688.3
1,2690.0
5,2692.8
6,2701.0
6,2748.4
1,2748.6
3,2749.0
5,2749.1
4,2750.0
2,2751.3
0,2755.8
6,2759.4
1,2760.1
7,2762.5
5,2762.7
3,2764.2
4,2764.6
2,2764.9
1,2770.4
5,2773.6
6,3132.8
1,3133.0
5,3133.3
3,3133.3
4,3134.1
2,3134.4
0,3135.2
6,3140.4
1,3140.9
3,3141.8
5,3143.1
4,3146.8
2,3148.0
6,3148.0
1,3148.6
7,3148.7
0,3151.2
5,3151.4
3,3152.9
4,3158.3
1,3158.9
6,3159.4
5,3164.3
6,3212.7
1,3212.9
3,3213.2
5,3213.2
4,3214.0
2,3214.3
0,3215.1
6,3220.2
1,3220.8
3,3221.5
5,3222.6
4,3225.8
6,3227.7
1,3228.0
2,3228.3
7,3229.6
5,3230.0
0,3230.4
3,3233.1
4,3235.1
1,3236.5
6,3238.3
5,3238.6
6,3292.6
1,3292.8
3,3293.1
5,3293.1
4,3293.9
2,3294.1
0,3295.1
6,3300.2
1,3300.6
3,3301.4
5,3302.3
4,3305.8
6,3307.5
2,3308.0
1,3308.1
5,3310.5
7,3312.0
3,3312.4
0,3314.1
6,3316.7
4,3317.9
1,3318.1
5,3323.1
6,3372.6
1,3372.8
5,3373.1
3,3373.1
4,3373.9
2,3374.2
0,3375.1
6,3380.1
1,3380.6
3,3381.5
5,3382.4
4,3385.9
6,3387.6
1,3388.2
2,3388.4
5,3390.7
0,3390.9
3,3392.7
4,3397.3
1,3398.2
6,3400.9
5,3403.8
6,3757.8
1,3758.0
5,3758.3
3,3759.0
4,3759.1
0,3759.2
2,3759.4
6,3765.4
1,3765.9
5,3768.1
3,3769.9
0,3770.7
4,3771.3
6,3772.9
2,3773.1
1,3773.6
5,3776.1
4,3781.8
6,3783.0
1,3784.0
5,3787.7
6,3837.7
1,3837.9
5,3838.2
3,3838.8
0,3838.9
4,3839.0
2,3839.2
6,3845.2
1,3845.8
5,3847.5
3,3849.7
0,3850.1
4,3850.4
6,3852.5
1,3852.9
2,3853.3
5,3855.2
4,3858.7
1,3861.0
6,3861.3
0,3862.8
5,3864.6
4,3870.5
6,3917.6
1,3917.8
5,3918.1
3,3918.7
0,3918.9
4,3918.9
2,3919.1
6,3925.1
1,3925.6
5,3927.3
3,3929.6
0,3930.4
4,3930.5
6,3932.4
2,3932.9
1,3933.2
5,3935.2
4,3941.0
6,3941.3
1,3943.9
5,3946.3
6,3997.6
1,3997.8
5,3998.1
3,3998.7
0,3998.9
4,3998.9
2,3999.2
6,4005.1
1,4005.6
5,4007.3
3,4009.7
0,4010.3
4,4010.6
6,4012.4
1,4013.2
2,4013.4
5,4014.9
4,4020.2
6,4023.9
1,4024.2
5,4024.8
6,4382.8
1,4383.0
5,4383.3
3,4384.0
4,4384.1
0,4384.2
2,4384.4
6,4390.4
1,4391.0
5,4393.0
3,4394.9
0,4395.8
4,4395.8
2,4397.8
6,4398.1
1,4398.2
5,4400.5
4,4404.0
1,4406.6
6,4409.2
5,4409.5
4,4415.5
6,4462.7
1,4462.9
5,4463.2
3,4463.8
0,4463.9
4,4464.0
2,4464.3
6,4470.2
1,4470.7
5,4472.3
3,4474.8
4,4475.1
0,4475.2
6,4477.2
1,4477.7
2,4478.2
5,4479.8
4,4482.6
1,4484.6
0,4484.8
6,4484.9
5,4488.5
4,4490.7
1,4494.0
6,4497.5
6,4542.7
1,4542.8
5,4543.1
3,4543.7
0,4543.9
4,4543.9
2,4544.1
6,4550.2
1,4550.5
5,4552.2
3,4554.6
4,4555.2
0,4555.3
6,4557.6
1,4557.7
2,4558.1
5,4559.7
4,4564.8
1,4566.5
6,4567.4
0,4567.6
5,4568.9
6,4622.6
1,4622.8
5,4623.1
3,4623.7
4,4623.9
0,4624.0
2,4624.1
6,4630.1
1,4630.6
5,4632.2
3,4634.7
4,4635.3
0,4635.5
6,4637.4
1,4637.8
2,4638.2
5,4639.7
4,4644.2
1,4646.5
0,4647.6
5,4648.4
6,4649.5
6,5007.8
1,5008.0
5,5008.4
3,5009.0
0,5009.1
4,5009.1
2,5009.4
6,5015.4
1,5016.0
5,5018.0
3,5020.1
4,5020.9
0,5020.9
6,5022.6
2,5023.0
1,5023.3
5,5026.0
6,5030.7
4,5030.9
1,5032.7
5,5037.5
6,5087.7
1,5087.9
5,5088.2
3,5088.8
0,5088.9
4,5089.0
2,5089.3
6,5095.2
1,5095.7
5,5097.4
3,5099.8
4,5100.0
0,5100.2
6,5102.2
1,5102.9
2,5103.7
5,5105.0
4,5108.7
6,5109.8
1,5111.7
5,5114.6
6,5122.2
6,5167.6
1,5167.8
5,5168.1
3,5168.7
4,5168.9
0,5169.0
2,5169.1
6,5175.1
1,5175.6
5,5177.2
3,5179.6
4,5180.1
0,5180.6
6,5182.1
1,5182.6
2,5183.3
5,5185.1
6,5189.9
4,5190.7
1,5191.1
5,5196.2
6,5247.6
1,5247.8
5,5248.1
3,5248.7
4,5248.9
0,5249.0
2,5249.2
6,5255.1
1,5255.6
5,5257.2
3,5259.6
4,5260.1
0,5260.6
6,5262.3
1,5262.6
2,5263.3
5,5264.8
1,5271.7
4,5271.9
6,5272.0
5,5274.0
6,5632.7
1,5633.0
5,5633.0
2,5633.7
0,5633.7
3,5634.0
4,5634.6
7,5637.4
6,5639.9
1,5641.0
5,5641.0
0,5643.3
3,5645.1
2,5645.2
6,5646.4
1,5648.1
5,5648.3
4,5648.9
6,5653.0
0,5653.0
2,5655.9
1,5656.5
5,5657.3
6,5660.8
6,5712.6
5,5712.9
1,5712.9
0,5713.5
2,5713.5
3,5713.8
4,5714.4
7,5716.8
6,5719.7
5,5720.6
1,5720.7
0,5722.5
2,5724.4
3,5724.7
6,5726.1
5,5727.4
1,5727.6
4,5728.0
6,5732.5
0,5733.3
5,5734.5
1,5735.2
2,5735.4
6,5739.5
4,5741.3
5,5744.5
1,5748.4
6,5750.6
6,5792.5
1,5792.8
5,5792.8
2,5793.4
0,5793.5
3,5793.7
4,5794.4
7,5796.8
6,5799.6
1,5800.5
5,5800.5
0,5802.7
2,5804.4
3,5804.5
6,5806.0
1,5807.4
5,5807.5
4,5808.9
0,5811.9
6,5812.6
1,5814.9
5,5815.3
2,5815.7
6,5820.8
1,5827.2
5,5828.4
6,5872.5
5,5872.8
1,5872.8
2,5873.4
0,5873.5
3,5873.7
4,5874.4
7,5877.0
6,5879.6
5,5880.5
1,5880.5
0,5882.5
2,5884.4
3,5884.5
6,5886.1
1,5887.4
5,5887.5
4,5889.1
6,5893.0
0,5893.4
5,5895.2
2,5895.3
1,5895.3
6,5902.4
5,5908.0
1,6258.0
6,6258.0
5,6258.4
0,6258.7
4,6259.6
3,6260.3
2,6260.4
7,6262.5
1,6266.0
6,6266.3
5,6266.8
0,6268.2
4,6272.7
1,6273.3
6,6273.4
5,6274.1
2,6275.0
0,6277.2
3,6278.0
6,6281.7
5,6282.1
1,6282.3
4,6291.2
6,6337.9
1,6337.9
5,6338.2
0,6338.5
4,6339.5
2,6340.0
3,6340.0
7,6341.7
1,6345.7
6,6345.8
5,6346.2
0,6347.4
4,6352.5
1,6352.8
6,6353.0
5,6353.1
2,6355.4
0,6357.8
5,6360.5
6,6361.3
1,6361.3
4,6363.8
5,6371.9
1,6417.8
6,6417.9
5,6418.1
0,6418.5
4,6419.3
3,6420.0
2,6420.1
7,6421.7
1,6425.5
6,6425.8
5,6426.2
0,6427.5
1,6432.7
4,6432.8
5,6433.3
6,6433.4
2,6435.5
0,6436.1
5,6440.9
1,6441.1
6,6442.7
5,6453.9
1,6497.8
6,6497.9
5,6498.1
0,6498.5
4,6499.3
3,6500.0
2,6500.0
7,6501.8
1,6505.5
6,6505.8
5,6506.1
0,6507.4
1,6512.7
4,6513.0
5,6513.2
6,6513.3
2,6515.7
0,6517.7
5,6521.1
1,6521.7
6,6522.8
6,6883.0
1,6883.0
5,6883.4
0,6884.3
2,6884.5
4,6884.7
7,6885.1
3,6885.2
1,6891.0
6,6891.3
5,6891.8
2,6897.8
1,6898.2
4,6898.6
6,6898.9
5,6899.1
0,6900.0
7,6901.3
3,6903.0
5,6907.3
1,6907.3
6,6908.7
2,6909.9
6,6962.9
1,6962.9
5,6963.2
0,6964.0
2,6964.2
4,6964.5
7,6964.8
3,6965.0
1,6970.7
6,6970.8
5,6971.2
2,6977.5
1,6977.7
4,6977.9
5,6978.1
6,6978.2
0,6978.7
7,6981.4
3,6981.7
5,6985.4
1,6985.7
6,6987.2
4,6990.9
5,6996.7
1,7042.8
6,7042.9
5,7043.1
0,7044.0
2,7044.2
4,7044.3
7,7044.8
3,7045.0
1,7050.5
6,7050.8
5,7051.2
2,7057.5
1,7057.7
4,7058.4
5,7058.4
6,7058.7
0,7060.3
7,7061.7
1,7066.3
5,7066.3
6,7069.1
5,7079.2
1,7122.8
6,7122.9
5,7123.1
0,7124.0
2,7124.3
4,7124.3
7,7124.8
3,7125.0
1,7130.6
6,7130.8
5,7131.2
2,7137.8
1,7137.8
5,7138.2
4,7138.5
6,7138.7
0,7139.3
7,7141.4
5,7145.6
1,7147.0
6,7149.9
5,7157.2
6,7508.0
1,7508.0
5,7508.4
0,7509.3
2,7509.5
4,7509.6
7,7510.1
1,7516.0
6,7516.3
5,7516.8
2,7522.8
1,7523.2
4,7523.7
6,7523.9
5,7524.7
0,7525.6
7,7526.7
1,7532.5
6,7535.1
5,7536.3
1,7587.9
6,7587.9
5,7588.2
0,7589.0
2,7589.2
4,7589.4
7,7589.8
1,7595.6
6,7595.8
5,7596.2
2,7601.8
1,7602.6
6,7603.0
5,7603.4
4,7603.4
0,7603.6
7,7604.6
1,7610.6
6,7611.3
5,7612.0
1,7667.8
6,7667.9
5,7668.1
0,7669.0
2,7669.2
4,7669.3
7,7669.8
1,7675.5
6,7675.8
5,7676.2
2,7682.2
1,7682.5
6,7683.2
5,7683.6
4,7684.1
7,7684.7
0,7685.4
1,7690.5
5,7692.3
6,7692.9
1,7747.8
6,7747.9
5,7748.1
0,7749.1
2,7749.3
4,7749.4
7,7749.8
1,7755.5
6,7755.8
5,7756.2
2,7762.4
1,7762.6
6,7763.4
5,7764.0
4,7764.3
0,7764.4
7,7765.0
1,7770.9
6,7772.5
5,7775.6
6,8133.0
1,8133.3
2,8133.9
5,8134.2
0,8134.3
4,8134.6
7,8135.1
3,8136.3
6,8141.3
1,8144.2
2,8145.3
5,8146.6
6,8149.0
0,8149.8
4,8150.3
7,8150.7
1,8154.3
2,8156.6
5,8159.7
6,8160.1
6,8212.9
1,8213.2
2,8213.6
5,8213.9
0,8214.0
4,8214.5
7,8214.7
3,8215.6
6,8220.9
1,8223.8
2,8224.0
5,8225.3
0,8228.3
6,8228.7
4,8229.1
7,8230.3
1,8232.7
2,8235.1
5,8237.2
6,8239.9
6,8292.9
1,8293.1
2,8293.6
5,8293.9
0,8294.0
4,8294.3
7,8294.8
3,8295.6
6,8300.8
1,8303.6
2,8304.1
5,8305.5
6,8308.3
0,8309.2
4,8309.9
7,8310.6
1,8312.3
2,8315.3
5,8317.1
6,8317.9
6,8372.9
1,8373.1
2,8373.6
5,8373.9
0,8374.0
4,8374.3
7,8374.8
3,8375.6
6,8380.8
1,8383.7
2,8384.2
5,8385.5
6,8388.6
0,8389.6
4,8390.1
7,8391.9
1,8394.0
2,8395.7
6,8400.9
6,8758.5
5,8758.6
2,8758.8
0,8759.3
1,8759.7
4,8759.8
7,8760.1
3,8761.1
5,8769.0
6,8770.2
2,8770.3
1,8771.9
0,8774.1
4,8774.9
7,8776.3
3,8777.1
5,8777.6
6,8780.3
2,8781.9
1,8783.2
0,8793.0
6,8838.3
5,8838.4
2,8838.6
0,8839.0
1,8839.5
4,8839.5
7,8839.8
3,8840.7
5,8847.9
2,8849.1
6,8849.7
1,8852.3
0,8852.7
4,8854.0
7,8855.6
5,8856.2
3,8859.2
6,8859.6
2,8860.5
1,8864.0
5,8868.1
6,8918.3
5,8918.4
2,8918.6
0,8919.0
1,8919.4
4,8919.5
7,8919.8
3,8920.8
5,8928.0
2,8929.3
6,8929.6
1,8932.5
0,8934.0
4,8934.6
7,8935.9
5,8936.3
3,8939.6
2,8941.7
6,8942.3
5,8947.6
6,8998.3
5,8998.4
2,8998.6
0,8999.0
1,8999.5
4,8999.6
7,8999.8
3,9000.7
5,9008.0
2,9009.2
6,9009.6
1,9012.5
0,9013.5
7,9015.6
4,9016.8
5,9019.2
3,9019.6
6,9020.8
2,9021.1
1,9025.5
5,9383.6
2,9383.8
0,9384.3
4,9384.9
7,9385.1
6,9385.6
3,9386.2
5,9394.0
2,9395.3
1,9396.2
7,9400.2
0,9400.2
4,9400.5
6,9402.0
5,9402.0
3,9402.3
2,9408.4
5,9414.3
5,9463.4
2,9463.6
0,9464.0
4,9464.5
7,9464.8
6,9465.3
3,9465.7
5,9472.8
2,9474.3
1,9475.7
0,9477.7
6,9479.4
4,9479.4
7,9479.5
5,9480.3
3,9484.9
5,9488.5
5,9543.4
2,9543.6
0,9544.0
4,9544.5
7,9544.8
6,9545.2
3,9545.7
5,9552.9
2,9554.4
1,9556.0
0,9559.5
7,9560.0
6,9560.2
4,9561.1
5,9562.0
3,9564.8
5,9623.4
2,9623.6
0,9624.1
4,9624.5
7,9624.7
6,9625.2
3,9625.8
5,9632.9
2,9634.5
1,9636.5
0,9639.0
4,9639.8
6,9640.6
7,9641.3
5,9643.2
3,9645.2
