2,108.6
6,111.2
3,112.0
2,192.2
2,648.7
6,649.9
3,651.2
5,654.0
4,656.8
1,658.7
2,681.4
6,698.1
2,809.8
6,810.9
5,812.2
3,815.1
2,889.3
6,890.4
5,893.2
1,896.1
2,1271.4
6,1271.7
3,1273.3
5,1274.8
1,1276.5
4,1277.3
2,1305.6
6,1323.7
2,1354.3
3,1355.4
5,1357.9
6,1359.6
1,1360.9
2,1433.8
6,1434.8
3,1436.3
5,1437.8
2,1512.6
6,1513.9
3,1514.6
5,1516.1
1,1518.5
2,1895.6
6,1895.8
3,1897.3
5,1897.9
1,1899.8
4,1900.8
2,1927.3
5,1935.3
6,1946.3
2,1969.3
3,1979.4
6,1984.3
2,1984.9
5,1986.5
2,2058.8
6,2059.2
3,2059.7
5,2061.9
1,2063.5
2,2137.5
6,2138.1
3,2138.7
5,2140.4
1,2143.4
2,2520.4
6,2520.6
3,2521.9
5,2522.3
1,2523.9
4,2525.9
1,2531.5
5,2532.3
2,2555.5
5,2586.8
2,2599.1
3,2602.0
6,2602.1
2,2682.2
6,2682.3
3,2682.7
5,2684.8
1,2687.6
2,2762.1
6,2762.9
3,2763.4
5,2764.8
1,2767.8
2,3142.9
6,3143.1
3,3144.0
5,3144.3
1,3145.4
4,3146.2
7,3149.7
3,3151.9
0,3152.8
5,3153.9
1,3155.2
2,3156.7
6,3158.6
5,3180.0
2,3193.2
1,3195.9
3,3203.5
5,3215.0
6,3224.2
2,3224.4
3,3225.4
4,3230.8
5,3230.8
1,3231.1
6,3234.7
2,3292.0
6,3304.6
3,3305.0
2,3305.9
5,3306.4
1,3308.0
4,3311.0
5,3313.0
6,3313.4
2,3313.4
2,3378.3
6,3384.3
3,3384.5
5,3385.9
2,3386.9
1,3387.0
4,3390.9
6,3393.9
2,3394.2
2,3464.1
2,3767.5
6,3767.7
3,3768.5
5,3769.6
1,3770.4
2,3772.6
4,3772.6
6,3772.8
7,3772.8
3,3774.2
0,3778.6
6,3779.0
2,3779.0
5,3779.3
3,3779.4
1,3779.7
2,3809.3
5,3817.9
1,3832.1
3,3834.7
6,3840.2
2,3845.5
3,3853.7
5,3854.9
6,3856.1
2,3856.3
4,3859.3
2,3929.0
6,3929.4
3,3929.7
5,3932.0
1,3932.5
7,3938.6
2,3986.0
6,4009.1
2,4009.5
3,4009.7
5,4011.9
1,4012.5
7,4018.9
4,4019.9
2,4025.3
6,4025.8
3,4028.7
2,4392.6
6,4392.9
3,4393.3
5,4395.1
1,4396.5
4,4397.6
7,4397.7
6,4397.9
2,4398.1
3,4399.0
1,4402.5
5,4402.9
0,4403.4
2,4403.9
6,4404.3
3,4404.4
2,4432.5
5,4442.5
1,4449.7
3,4463.0
6,4466.5
2,4468.5
5,4480.9
6,4482.0
3,4482.0
2,4482.1
1,4486.5
2,4554.2
6,4554.4
3,4554.7
5,4557.2
1,4561.8
7,4563.8
6,4633.8
2,4634.1
3,4634.3
5,4636.5
1,4638.6
4,4641.2
5,4641.6
2,4642.6
7,4642.7
3,4644.5
6,4645.8
2,4696.9
2,5017.5
6,5017.9
3,5018.4
5,5020.9
1,5022.2
7,5022.7
2,5024.8
4,5026.2
3,5029.8
6,5030.1
0,5033.1
5,5056.0
2,5057.5
3,5077.7
2,5098.6
6,5100.1
3,5101.2
1,5103.4
5,5103.5
2,5179.1
6,5179.3
3,5179.6
1,5183.7
5,5183.9
7,5187.0
6,5191.3
6,5259.5
2,5259.6
3,5259.8
1,5264.0
5,5264.0
7,5267.6
2,5273.3
2,5324.1
2,5642.7
6,5643.4
3,5643.8
5,5647.3
1,5647.3
7,5648.6
2,5649.3
6,5649.7
3,5651.0
4,5654.7
0,5657.2
1,5663.3
2,5680.6
6,5701.5
2,5724.9
3,5725.8
6,5726.1
5,5728.6
1,5728.6
7,5733.1
2,5804.5
3,5804.7
6,5804.8
1,5809.1
5,5809.2
7,5815.8
6,5884.4
2,5884.4
3,5884.7
1,5889.1
5,5889.2
7,5897.6
2,5897.7
2,5948.5
2,6268.2
6,6269.1
3,6269.8
1,6272.1
5,6272.2
2,6274.2
7,6275.9
4,6279.9
0,6282.6
3,6284.3
6,6285.9
2,6285.9
1,6289.9
2,6342.3
6,6350.2
3,6350.7
5,6353.6
1,6353.7
2,6353.8
6,6430.7
2,6430.8
3,6431.2
1,6434.0
5,6434.3
2,6441.2
2,6509.8
6,6510.5
3,6511.1
1,6514.3
5,6514.6
6,6894.2
2,6894.3
3,6894.4
5,6898.2
1,6898.6
6,6903.9
7,6904.3
3,6904.3
2,6904.6
4,6910.2
2,6951.1
6,6974.2
3,6974.3
2,6976.8
1,6979.8
5,6980.6
2,6990.2
6,7055.3
2,7055.8
3,7055.9
1,7060.8
5,7063.3
2,7063.6
6,7063.6
3,7063.9
6,7135.1
2,7135.2
3,7136.4
1,7142.2
2,7520.3
6,7520.7
3,7520.9
1,7522.8
5,7522.8
6,7526.2
2,7528.2
4,7531.9
0,7532.5
2,7567.2
6,7576.3
2,7601.7
3,7602.0
1,7604.8
6,7606.0
5,7606.4
2,7681.2
6,7681.5
3,7684.7
1,7686.1
5,7686.5
6,7760.8
2,7761.4
3,7764.2
1,7766.2
5,7766.4
2,8145.5
6,8147.0
3,8147.7
1,8148.1
5,8148.3
2,8152.8
4,8154.2
0,8157.8
7,8162.4
2,8204.2
2,8228.5
6,8228.5
1,8232.2
5,8232.2
3,8235.1
2,8307.5
3,8309.3
6,8309.5
1,8311.8
5,8312.0
2,8387.5
6,8392.1
1,8392.1
5,8392.4
3,8393.1
2,8772.4
1,8774.4
5,8774.5
6,8775.0
3,8775.3
4,8779.0
0,8781.4
2,8853.6
6,8854.9
3,8855.0
1,8855.6
5,8858.4
2,8934.8
6,8938.7
2,9015.8
3,9018.9
1,9019.1
5,9019.6
2,9400.4
6,9401.8
3,9402.2
5,9404.3
1,9405.6
2,9484.7
3,9485.7
6,9487.9
2,9644.0
3,9644.5
6,9645.9
