124,94.2
233,94.3
266,94.3
372,94.5
140,94.7
274,94.8
222,94.9
311,95.0
229,95.2
34,95.2
367,95.6
187,95.7
341,96.0
133,96.1
181,96.2
208,96.2
174,96.5
271,96.9
162,96.9
363,97.1
33,97.2
283,97.3
210,97.3
117,97.4
72,97.4
20,97.5
178,97.6
116,97.7
324,97.7
204,97.8
29,97.8
301,97.8
236,97.9
247,98.0
287,98.0
82,98.0
17,98.1
177,98.1
160,98.1
338,98.2
23,98.3
144,98.3
337,98.5
330,98.6
253,98.7
5,98.8
200,98.8
159,98.8
79,99.0
353,99.2
3,99.2
153,99.3
336,99.4
343,99.4
308,99.4
68,99.5
264,100.1
297,100.1
202,100.4
114,100.4
266,173.5
233,173.6
124,173.6
372,173.6
140,173.9
274,174.1
222,174.2
311,174.3
34,174.4
229,174.6
341,174.9
367,175.1
187,175.1
208,175.4
181,175.7
133,175.7
174,176.0
162,176.4
271,176.4
33,176.7
363,176.7
283,176.8
72,176.9
210,177.0
134,177.0
20,177.1
76,177.1
117,177.2
204,177.3
116,177.3
178,177.4
317,177.4
301,177.4
29,177.5
326,177.5
247,177.6
324,177.6
17,177.6
338,177.7
160,177.7
287,177.7
236,177.8
177,177.8
82,177.8
23,177.9
144,177.9
232,177.9
337,178.0
115,178.0
258,178.0
234,178.2
173,178.3
330,178.3
200,178.4
159,178.4
253,178.4
5,178.4
79,178.9
3,178.9
336,179.0
343,179.0
153,179.2
353,179.2
0,179.2
68,179.2
291,179.7
266,253.7
372,253.8
233,253.8
124,253.8
140,254.1
274,254.3
222,254.5
311,254.5
34,254.7
229,254.9
341,255.1
367,255.4
187,255.5
208,255.8
133,256.0
181,256.1
174,256.4
271,256.7
162,256.7
363,257.1
33,257.1
72,257.2
283,257.2
210,257.4
20,257.5
204,257.7
301,257.7
116,257.7
117,257.8
338,258.0
17,258.0
247,258.0
160,258.1
324,258.2
29,258.2
144,258.2
178,258.2
23,258.3
337,258.3
308,258.3
236,258.4
177,258.4
82,258.6
5,258.7
253,258.8
159,258.8
297,258.9
200,258.9
330,259.0
264,259.3
3,259.4
343,259.4
114,259.5
202,259.5
336,259.5
68,259.9
124,639.4
233,639.5
266,639.6
372,639.8
274,639.9
140,639.9
222,640.1
311,640.2
229,640.4
34,640.5
367,640.8
187,640.9
341,641.4
181,641.4
133,641.4
208,641.6
174,641.7
271,642.1
162,642.2
363,642.4
33,642.4
283,642.5
210,642.6
72,642.6
117,642.8
20,642.8
116,643.0
287,643.0
204,643.2
324,643.2
178,643.2
301,643.2
29,643.3
247,643.3
160,643.4
17,643.4
236,643.4
76,643.5
82,643.5
23,643.6
338,643.6
177,643.7
144,643.7
337,643.8
200,644.1
159,644.1
253,644.1
258,644.1
330,644.1
79,644.1
5,644.2
353,644.3
153,644.3
3,644.7
336,644.8
343,644.8
264,645.0
68,645.1
297,645.2
0,645.6
114,645.6
124,718.8
372,718.8
266,718.8
233,718.8
140,719.2
274,719.3
222,719.4
311,719.5
34,719.7
229,719.8
367,720.3
341,720.3
187,720.4
208,720.8
133,720.9
181,721.0
174,721.3
271,721.7
162,721.7
134,721.8
33,722.0
283,722.1
317,722.1
363,722.1
326,722.2
72,722.2
210,722.4
20,722.5
232,722.5
117,722.5
115,722.6
116,722.6
301,722.7
204,722.7
178,722.9
308,722.9
287,722.9
247,722.9
234,722.9
324,723.0
328,723.0
173,723.0
12,723.0
17,723.0
160,723.0
338,723.0
29,723.1
144,723.2
23,723.2
226,723.2
82,723.3
236,723.3
337,723.3
177,723.4
253,723.7
159,723.7
5,723.7
200,723.8
330,723.9
202,724.0
79,724.1
265,724.2
61,724.2
343,724.3
153,724.3
3,724.4
353,724.4
336,724.4
291,724.5
266,798.9
124,799.0
372,799.1
233,799.1
140,799.4
274,799.5
222,799.7
311,799.7
34,800.0
229,800.1
341,800.5
367,800.6
187,800.7
208,801.2
133,801.3
181,801.4
174,801.6
162,802.0
271,802.0
363,802.4
33,802.4
72,802.5
283,802.5
76,802.5
20,802.8
210,802.8
301,803.0
204,803.0
116,803.0
338,803.3
247,803.3
117,803.3
17,803.3
160,803.4
23,803.5
258,803.5
144,803.5
337,803.6
68,803.8
177,804.0
297,804.1
5,804.1
253,804.1
159,804.1
200,804.2
330,804.5
114,804.7
0,804.7
343,804.8
336,804.8
3,805.0
124,879.1
266,879.1
372,879.2
233,879.2
140,879.6
274,879.7
222,879.8
311,879.9
34,880.2
229,880.2
367,880.8
341,880.9
187,880.9
208,881.5
133,881.5
181,881.6
174,881.9
271,882.2
162,882.3
178,882.5
287,882.5
134,882.6
324,882.7
33,882.7
29,882.7
363,882.8
72,882.8
82,882.8
236,882.9
283,882.9
317,883.0
20,883.2
301,883.3
204,883.3
210,883.3
116,883.4
17,883.6
338,883.6
308,883.6
247,883.7
160,883.7
79,883.7
23,883.8
144,883.8
337,884.0
153,884.1
353,884.2
5,884.4
264,884.5
253,884.5
159,884.5
200,884.6
343,885.3
336,885.4
124,1264.7
233,1264.8
266,1264.9
372,1265.1
140,1265.2
274,1265.2
222,1265.4
311,1265.4
229,1265.7
34,1265.8
367,1266.1
187,1266.2
133,1266.7
341,1266.7
181,1266.8
208,1267.0
174,1267.1
271,1267.4
162,1267.5
363,1267.8
33,1267.8
283,1267.9
72,1268.0
210,1268.1
117,1268.1
20,1268.2
178,1268.4
204,1268.5
116,1268.5
301,1268.6
29,1268.6
247,1268.6
324,1268.6
236,1268.8
160,1268.8
17,1268.8
177,1268.9
338,1268.9
82,1268.9
23,1269.0
144,1269.0
337,1269.2
330,1269.4
200,1269.5
253,1269.5
5,1269.6
159,1269.6
258,1269.7
353,1269.8
68,1269.9
153,1270.0
3,1270.1
336,1270.2
202,1270.2
343,1270.2
266,1344.0
124,1344.0
233,1344.1
372,1344.1
140,1344.4
274,1344.5
222,1344.7
311,1344.8
34,1345.0
229,1345.1
341,1345.6
367,1345.6
187,1345.7
208,1346.2
133,1346.2
181,1346.3
174,1346.6
287,1346.7
271,1346.9
162,1347.0
76,1347.0
134,1347.1
326,1347.2
232,1347.4
33,1347.4
363,1347.4
283,1347.5
72,1347.5
317,1347.5
115,1347.6
117,1347.8
234,1347.8
210,1347.8
20,1347.8
173,1347.9
79,1347.9
301,1348.0
116,1348.0
308,1348.0
204,1348.0
328,1348.2
12,1348.2
29,1348.3
226,1348.3
178,1348.3
338,1348.3
160,1348.3
17,1348.3
247,1348.3
324,1348.4
297,1348.4
23,1348.5
144,1348.5
236,1348.5
177,1348.6
337,1348.6
253,1349.0
5,1349.0
200,1349.1
330,1349.1
159,1349.1
114,1349.2
0,1349.3
265,1349.4
3,1349.7
343,1349.7
336,1349.7
68,1349.7
353,1349.7
266,1424.1
124,1424.2
372,1424.3
233,1424.3
140,1424.6
274,1424.7
222,1424.9
311,1424.9
34,1425.2
229,1425.3
341,1425.8
367,1425.8
187,1426.0
133,1426.5
208,1426.5
181,1426.6
174,1426.9
271,1427.2
162,1427.3
82,1427.5
33,1427.7
283,1427.8
363,1427.8
72,1427.8
20,1428.1
204,1428.2
210,1428.3
116,1428.3
301,1428.3
117,1428.4
17,1428.5
338,1428.5
247,1428.6
160,1428.6
153,1428.8
258,1428.8
144,1428.8
23,1428.8
337,1428.9
5,1429.3
253,1429.4
159,1429.4
200,1429.5
343,1430.2
336,1430.3
3,1430.3
266,1504.3
124,1504.3
233,1504.4
372,1504.4
140,1504.7
274,1504.8
222,1505.0
311,1505.1
229,1505.4
34,1505.4
367,1506.0
187,1506.1
341,1506.1
133,1506.7
181,1506.8
208,1506.8
174,1507.1
271,1507.4
287,1507.4
162,1507.6
178,1507.8
324,1507.8
29,1507.9
76,1507.9
33,1508.0
363,1508.1
72,1508.1
236,1508.1
177,1508.1
283,1508.2
204,1508.5
79,1508.5
330,1508.6
116,1508.6
301,1508.6
20,1508.6
308,1508.7
210,1508.8
234,1508.8
338,1508.8
17,1508.8
160,1508.9
23,1509.0
247,1509.0
144,1509.1
337,1509.3
68,1509.3
297,1509.4
202,1509.6
5,1509.6
253,1509.7
159,1509.8
114,1509.9
200,1510.0
0,1510.0
343,1510.7
336,1510.8
124,1889.8
233,1889.9
266,1890.0
140,1890.2
372,1890.2
274,1890.3
311,1890.5
222,1890.5
229,1890.8
34,1890.9
367,1891.2
187,1891.3
133,1891.8
341,1891.9
181,1891.9
208,1892.1
174,1892.2
271,1892.5
162,1892.7
33,1892.9
363,1892.9
283,1893.1
72,1893.1
117,1893.2
210,1893.3
20,1893.4
204,1893.6
82,1893.6
178,1893.6
116,1893.6
301,1893.7
29,1893.8
247,1893.8
17,1893.9
338,1894.0
160,1894.0
177,1894.1
23,1894.1
144,1894.2
337,1894.4
330,1894.5
264,1894.5
253,1894.6
353,1894.6
5,1894.7
159,1894.7
200,1894.7
153,1894.8
3,1895.1
68,1895.3
343,1895.4
336,1895.4
266,1969.0
124,1969.1
233,1969.1
372,1969.2
140,1969.5
274,1969.6
222,1969.7
311,1969.8
34,1970.1
229,1970.1
187,1970.7
367,1970.7
341,1970.8
208,1971.3
133,1971.3
181,1971.4
287,1971.6
174,1971.7
134,1971.8
324,1971.9
236,1972.0
271,1972.0
162,1972.1
326,1972.1
76,1972.3
317,1972.3
115,1972.5
232,1972.5
363,1972.5
33,1972.5
72,1972.6
283,1972.6
79,1972.8
173,1972.8
20,1972.9
210,1972.9
308,1973.0
204,1973.0
117,1973.0
301,1973.1
116,1973.1
328,1973.2
258,1973.3
12,1973.3
178,1973.3
234,1973.3
17,1973.3
338,1973.4
160,1973.4
82,1973.4
247,1973.4
226,1973.5
297,1973.6
144,1973.6
23,1973.6
29,1973.6
337,1973.7
177,1973.7
291,1974.0
202,1974.0
5,1974.1
61,1974.1
253,1974.1
200,1974.2
159,1974.2
330,1974.2
114,1974.2
0,1974.4
265,1974.5
353,1974.6
264,1974.6
3,1974.7
343,1974.8
336,1974.9
266,2049.2
124,2049.2
233,2049.3
372,2049.3
140,2049.6
274,2049.8
222,2050.0
311,2050.0
34,2050.3
229,2050.4
367,2050.9
341,2050.9
187,2051.0
208,2051.5
133,2051.6
181,2051.7
174,2052.0
162,2052.3
271,2052.3
33,2052.8
72,2052.9
363,2052.9
283,2053.0
20,2053.2
204,2053.3
116,2053.4
210,2053.4
287,2053.4
324,2053.4
301,2053.4
338,2053.6
17,2053.6
117,2053.6
236,2053.7
247,2053.7
153,2053.7
160,2053.7
23,2053.8
68,2053.9
144,2053.9
337,2054.0
5,2054.4
159,2054.5
253,2054.5
200,2054.8
3,2055.3
343,2055.3
336,2055.4
266,2129.3
124,2129.3
233,2129.4
372,2129.4
140,2129.8
274,2129.9
222,2130.0
311,2130.1
34,2130.4
229,2130.4
367,2131.1
187,2131.1
341,2131.2
133,2131.8
208,2131.8
181,2131.9
174,2132.2
271,2132.5
162,2132.6
178,2132.8
82,2132.8
29,2132.9
76,2133.1
33,2133.1
363,2133.2
72,2133.2
177,2133.2
283,2133.3
79,2133.4
204,2133.5
116,2133.7
301,2133.7
330,2133.7
20,2133.7
308,2133.8
258,2133.8
17,2133.9
210,2133.9
338,2133.9
160,2134.0
144,2134.1
23,2134.1
247,2134.1
297,2134.2
337,2134.4
5,2134.7
159,2134.8
253,2134.8
114,2134.9
200,2135.1
0,2135.2
343,2135.8
336,2136.0
124,2514.8
233,2514.9
266,2515.0
372,2515.2
274,2515.3
140,2515.3
311,2515.5
222,2515.5
229,2515.8
34,2516.0
367,2516.3
187,2516.3
133,2516.9
341,2516.9
181,2516.9
174,2517.2
208,2517.2
271,2517.6
162,2517.7
363,2518.0
33,2518.0
72,2518.1
283,2518.1
117,2518.3
210,2518.3
324,2518.4
20,2518.5
116,2518.6
178,2518.6
236,2518.7
29,2518.7
204,2518.7
247,2518.8
301,2518.8
17,2518.9
160,2519.0
23,2519.1
177,2519.1
338,2519.1
144,2519.2
337,2519.4
353,2519.5
330,2519.6
200,2519.7
153,2519.7
5,2519.7
253,2519.7
159,2519.8
264,2520.0
68,2520.2
3,2520.2
202,2520.3
336,2520.5
343,2520.5
124,2594.1
266,2594.1
233,2594.1
372,2594.2
140,2594.5
274,2594.6
311,2594.8
222,2594.8
34,2595.1
229,2595.2
367,2595.7
187,2595.8
341,2595.8
208,2596.3
133,2596.3
181,2596.4
287,2596.6
174,2596.7
134,2596.8
82,2596.9
162,2597.1
271,2597.1
317,2597.1
326,2597.1
76,2597.4
115,2597.5
33,2597.5
232,2597.5
363,2597.5
283,2597.6
72,2597.6
79,2597.7
173,2597.8
117,2597.9
20,2598.0
308,2598.0
210,2598.0
324,2598.1
116,2598.1
234,2598.1
301,2598.1
204,2598.1
178,2598.3
258,2598.3
236,2598.3
328,2598.3
17,2598.4
29,2598.4
247,2598.4
338,2598.4
160,2598.5
144,2598.6
23,2598.6
297,2598.7
177,2598.8
337,2598.8
330,2599.2
253,2599.2
5,2599.2
291,2599.2
159,2599.2
200,2599.3
114,2599.3
0,2599.5
353,2599.5
265,2599.7
3,2599.8
343,2599.9
336,2600.0
266,2674.2
124,2674.3
372,2674.3
233,2674.3
140,2674.7
274,2674.8
311,2675.0
222,2675.0
34,2675.3
229,2675.4
367,2675.9
341,2676.0
187,2676.0
208,2676.6
133,2676.6
181,2676.7
174,2677.0
271,2677.3
162,2677.4
33,2677.8
72,2677.9
363,2677.9
283,2678.0
204,2678.3
20,2678.3
301,2678.4
116,2678.4
210,2678.5
82,2678.5
338,2678.6
17,2678.6
117,2678.6
160,2678.7
153,2678.8
247,2678.8
68,2678.8
144,2678.9
23,2678.9
337,2679.0
79,2679.4
159,2679.5
253,2679.5
202,2679.5
5,2679.5
200,2679.7
3,2680.3
343,2680.4
336,2680.4
124,2754.3
266,2754.3
233,2754.4
372,2754.5
140,2754.8
274,2754.9
222,2755.1
311,2755.2
229,2755.5
34,2755.5
367,2756.1
341,2756.2
187,2756.2
208,2756.8
133,2756.9
181,2756.9
287,2757.2
174,2757.2
271,2757.5
162,2757.6
324,2757.7
178,2757.8
317,2758.0
29,2758.0
236,2758.1
33,2758.1
363,2758.2
72,2758.2
177,2758.2
283,2758.3
204,2758.6
330,2758.7
116,2758.7
301,2758.7
20,2758.7
338,2758.9
17,2758.9
210,2759.0
308,2759.0
160,2759.0
258,2759.1
247,2759.1
23,2759.1
144,2759.2
337,2759.4
353,2759.4
297,2759.4
5,2759.7
253,2759.8
159,2759.9
114,2759.9
200,2760.2
336,2760.9
343,2760.9
124,3139.8
233,3139.9
266,3140.0
372,3140.2
140,3140.3
274,3140.3
222,3140.5
311,3140.5
229,3140.8
34,3141.0
367,3141.3
187,3141.4
341,3141.9
133,3141.9
181,3141.9
208,3142.2
174,3142.3
271,3142.6
162,3142.7
363,3143.0
33,3143.0
72,3143.1
283,3143.2
210,3143.3
117,3143.3
20,3143.5
82,3143.6
178,3143.6
204,3143.7
324,3143.7
116,3143.7
29,3143.7
301,3143.8
247,3143.8
236,3143.8
17,3144.0
160,3144.0
338,3144.1
23,3144.1
177,3144.2
144,3144.2
337,3144.4
79,3144.5
330,3144.7
253,3144.7
153,3144.7
5,3144.8
200,3144.8
159,3144.8
264,3144.9
353,3144.9
68,3145.0
3,3145.2
343,3145.4
336,3145.5
266,3219.1
124,3219.1
233,3219.2
372,3219.2
140,3219.5
274,3219.6
222,3219.8
311,3219.9
34,3220.1
229,3220.2
367,3220.7
341,3220.8
187,3220.8
133,3221.4
208,3221.4
181,3221.4
287,3221.6
134,3221.7
174,3221.7
76,3222.0
326,3222.1
162,3222.1
271,3222.1
317,3222.5
363,3222.5
232,3222.5
33,3222.5
115,3222.5
72,3222.6
70,3222.7
283,3222.7
173,3222.8
117,3222.9
12,3222.9
234,3222.9
20,3223.0
210,3223.0
226,3223.1
116,3223.1
301,3223.1
308,3223.1
204,3223.1
258,3223.3
247,3223.4
338,3223.4
17,3223.4
29,3223.4
178,3223.4
82,3223.4
160,3223.5
328,3223.5
23,3223.6
236,3223.6
144,3223.6
297,3223.7
177,3223.8
337,3223.8
202,3224.0
0,3224.1
61,3224.1
253,3224.2
330,3224.2
5,3224.2
159,3224.2
200,3224.3
114,3224.3
68,3224.8
3,3224.8
264,3224.8
336,3224.9
343,3224.9
266,3299.2
124,3299.3
233,3299.3
372,3299.4
140,3299.7
274,3299.8
311,3300.0
222,3300.0
34,3300.3
229,3300.4
367,3300.9
341,3301.0
187,3301.1
208,3301.6
133,3301.6
181,3301.7
174,3302.0
271,3302.3
162,3302.4
324,3302.6
33,3302.8
363,3302.9
72,3302.9
283,3303.0
20,3303.3
79,3303.3
204,3303.3
116,3303.4
301,3303.4
210,3303.5
247,3303.7
338,3303.7
153,3303.7
17,3303.7
117,3303.7
160,3303.8
144,3303.9
23,3303.9
337,3304.0
353,3304.0
5,3304.5
291,3304.5
253,3304.5
159,3304.6
200,3304.7
336,3305.4
343,3305.4
3,3305.4
124,3379.3
266,3379.3
233,3379.4
372,3379.5
140,3379.8
274,3379.9
222,3380.1
311,3380.2
34,3380.5
229,3380.5
367,3381.1
341,3381.2
187,3381.2
208,3381.8
181,3381.9
133,3381.9
174,3382.2
287,3382.2
271,3382.5
134,3382.6
162,3382.7
178,3382.9
76,3382.9
82,3382.9
29,3382.9
236,3383.0
33,3383.1
72,3383.2
177,3383.2
363,3383.3
283,3383.3
204,3383.6
330,3383.7
116,3383.7
301,3383.8
20,3383.8
17,3383.9
338,3383.9
258,3384.0
210,3384.0
160,3384.0
23,3384.1
247,3384.1
144,3384.2
68,3384.3
337,3384.4
5,3384.7
253,3384.9
114,3385.0
0,3385.0
159,3385.0
200,3385.2
343,3385.9
336,3386.0
124,3764.8
266,3765.0
274,3765.3
174,3765.4
311,3765.5
226,3765.6
134,3765.6
210,3766.0
34,3766.0
269,3766.0
160,3766.3
126,3766.3
367,3766.3
233,3766.3
26,3766.4
353,3766.7
354,3766.9
315,3766.9
341,3766.9
181,3766.9
133,3766.9
24,3767.1
208,3767.2
222,3767.4
372,3767.5
140,3767.6
162,3767.7
363,3768.0
287,3768.3
324,3768.3
117,3768.3
20,3768.4
204,3768.7
116,3768.7
29,3768.7
82,3768.8
247,3768.8
178,3768.8
301,3768.8
236,3768.9
17,3769.0
177,3769.1
346,3769.1
23,3769.1
338,3769.1
144,3769.2
337,3769.4
308,3769.4
153,3769.6
253,3769.7
5,3769.8
159,3769.8
200,3769.8
297,3770.1
3,3770.2
343,3770.4
336,3770.5
124,3844.1
266,3844.1
274,3844.6
174,3844.6
311,3844.9
134,3845.0
34,3845.1
226,3845.1
160,3845.4
210,3845.4
367,3845.7
233,3845.7
269,3845.8
341,3845.8
353,3846.0
126,3846.1
26,3846.2
208,3846.4
133,3846.4
181,3846.4
372,3846.6
222,3846.8
354,3846.8
24,3846.9
315,3846.9
140,3847.0
162,3847.1
326,3847.1
76,3847.3
187,3847.4
317,3847.4
232,3847.4
115,3847.5
363,3847.5
229,3847.6
117,3847.9
20,3848.0
324,3848.1
287,3848.1
301,3848.1
116,3848.1
12,3848.1
204,3848.1
258,3848.3
247,3848.4
338,3848.4
68,3848.4
17,3848.4
29,3848.4
236,3848.5
178,3848.5
23,3848.6
144,3848.6
177,3848.7
202,3848.8
337,3848.8
253,3849.2
159,3849.2
265,3849.2
5,3849.2
200,3849.3
114,3849.3
0,3849.4
291,3849.5
3,3849.8
336,3849.9
343,3849.9
266,3924.2
124,3924.2
274,3924.8
174,3924.8
311,3925.0
34,3925.3
134,3925.4
226,3925.4
160,3925.5
210,3925.6
367,3925.9
233,3925.9
341,3926.0
353,3926.3
269,3926.3
126,3926.6
208,3926.6
133,3926.6
181,3926.7
26,3926.7
372,3926.8
222,3927.1
140,3927.3
162,3927.4
24,3927.4
82,3927.5
354,3927.5
315,3927.5
363,3927.9
20,3928.3
204,3928.3
301,3928.4
116,3928.4
308,3928.4
338,3928.6
17,3928.7
153,3928.7
117,3928.7
247,3928.7
297,3928.9
23,3928.9
144,3928.9
337,3929.0
346,3929.0
5,3929.5
253,3929.5
159,3929.6
200,3929.7
68,3930.0
343,3930.4
336,3930.4
3,3930.4
124,4004.3
266,4004.3
274,4004.9
174,4004.9
311,4005.2
34,4005.5
134,4005.6
226,4005.7
160,4005.8
210,4005.8
367,4006.1
233,4006.1
341,4006.3
353,4006.7
269,4006.8
208,4006.8
181,4006.9
133,4006.9
126,4007.1
372,4007.1
26,4007.2
222,4007.3
287,4007.6
140,4007.6
324,4007.7
162,4007.7
29,4007.9
24,4007.9
178,4007.9
187,4007.9
76,4008.0
354,4008.0
236,4008.0
229,4008.0
177,4008.1
315,4008.1
317,4008.2
363,4008.2
204,4008.6
116,4008.7
20,4008.8
301,4008.8
338,4008.9
17,4009.0
247,4009.1
23,4009.1
258,4009.2
144,4009.2
337,4009.4
5,4009.7
253,4009.9
0,4010.1
159,4010.1
114,4010.1
200,4010.2
343,4011.0
124,4389.8
174,4390.4
324,4390.6
134,4391.1
210,4391.1
24,4391.2
367,4391.3
160,4391.4
341,4391.9
133,4391.9
353,4392.1
208,4392.2
269,4392.2
238,4392.2
222,4392.3
140,4392.4
126,4392.5
26,4392.7
162,4392.7
232,4392.7
266,4393.0
363,4393.0
117,4393.3
354,4393.3
20,4393.4
315,4393.4
226,4393.6
116,4393.7
204,4393.7
247,4393.8
301,4393.8
229,4393.9
34,4394.0
23,4394.1
338,4394.1
274,4394.2
144,4394.2
177,4394.3
264,4394.4
337,4394.4
257,4394.5
153,4394.6
253,4394.7
200,4394.8
159,4394.8
5,4394.8
202,4395.1
68,4395.1
336,4395.2
3,4395.2
343,4395.4
124,4469.1
174,4469.7
324,4470.0
24,4470.5
160,4470.5
134,4470.5
210,4470.5
367,4470.7
341,4470.8
353,4471.4
208,4471.4
133,4471.4
287,4471.7
222,4471.7
269,4471.9
140,4471.9
326,4472.1
162,4472.1
126,4472.2
238,4472.2
266,4472.4
26,4472.4
232,4472.4
233,4472.5
363,4472.5
317,4472.6
117,4472.9
20,4473.0
354,4473.1
116,4473.1
204,4473.1
12,4473.2
315,4473.2
226,4473.2
301,4473.2
181,4473.2
258,4473.3
297,4473.4
34,4473.4
338,4473.4
247,4473.4
311,4473.4
229,4473.6
144,4473.6
23,4473.6
177,4473.7
274,4473.7
337,4473.8
5,4474.2
253,4474.2
159,4474.2
200,4474.3
114,4474.3
265,4474.3
291,4474.5
0,4474.5
372,4474.5
264,4474.6
336,4474.7
3,4474.8
343,4474.9
68,4475.0
124,4549.2
174,4549.9
324,4550.2
210,4550.7
160,4550.7
24,4550.8
134,4550.8
367,4550.9
341,4551.0
208,4551.6
133,4551.7
353,4551.7
222,4552.1
140,4552.2
269,4552.2
162,4552.4
126,4552.6
266,4552.6
26,4552.8
363,4552.9
232,4553.0
20,4553.3
204,4553.3
116,4553.4
301,4553.4
226,4553.6
338,4553.7
247,4553.7
34,4553.7
153,4553.7
354,4553.8
117,4553.8
315,4553.9
23,4553.9
144,4553.9
337,4554.0
202,4554.4
5,4554.5
253,4554.6
159,4554.6
200,4554.7
336,4555.3
343,4555.4
3,4555.4
124,4629.3
174,4629.9
324,4630.4
134,4630.9
210,4630.9
160,4630.9
24,4631.0
367,4631.1
341,4631.2
208,4631.8
133,4631.9
353,4631.9
222,4632.2
287,4632.3
140,4632.4
238,4632.5
269,4632.5
162,4632.6
266,4632.8
126,4632.9
233,4633.0
274,4633.0
229,4633.0
26,4633.1
177,4633.2
363,4633.2
204,4633.6
301,4633.7
116,4633.7
226,4633.8
232,4633.8
20,4633.8
338,4633.9
34,4634.0
258,4634.0
247,4634.1
23,4634.1
297,4634.2
144,4634.2
68,4634.3
354,4634.3
337,4634.4
315,4634.5
5,4634.7
253,4634.8
159,4634.9
372,4635.0
114,4635.1
200,4635.2
336,4635.7
343,4636.0
134,5014.8
266,5014.9
23,5015.3
174,5015.5
68,5015.6
171,5015.6
343,5015.9
256,5015.9
367,5016.2
210,5016.2
338,5016.3
124,5016.3
184,5016.3
40,5016.3
16,5016.4
160,5016.5
349,5016.5
202,5016.5
366,5016.6
22,5016.6
24,5016.6
339,5016.6
15,5016.9
119,5016.9
133,5016.9
341,5016.9
253,5017.0
31,5017.0
208,5017.2
353,5017.2
140,5017.4
269,5017.6
162,5017.7
363,5018.0
26,5018.2
20,5018.5
12,5018.6
204,5018.7
229,5018.7
247,5018.8
232,5018.8
226,5018.9
34,5018.9
354,5019.1
144,5019.2
177,5019.2
337,5019.4
200,5019.8
5,5019.8
159,5019.8
3,5020.2
336,5020.4
266,5094.1
134,5094.1
23,5094.3
174,5094.7
68,5094.8
343,5094.9
338,5095.3
210,5095.5
160,5095.5
367,5095.6
171,5095.6
124,5095.7
256,5095.8
341,5095.8
202,5095.9
24,5095.9
253,5096.2
16,5096.3
184,5096.3
349,5096.4
22,5096.4
173,5096.4
208,5096.4
133,5096.4
339,5096.5
40,5096.5
353,5096.5
287,5096.6
366,5096.7
233,5096.8
140,5096.9
31,5097.0
119,5097.0
162,5097.1
269,5097.2
15,5097.2
238,5097.3
181,5097.4
311,5097.4
363,5097.5
26,5097.8
20,5098.0
204,5098.1
258,5098.3
34,5098.3
226,5098.4
229,5098.4
247,5098.4
232,5098.5
297,5098.6
144,5098.6
177,5098.7
337,5098.8
354,5098.8
61,5099.0
346,5099.2
0,5099.2
5,5099.2
159,5099.3
114,5099.3
200,5099.3
265,5099.5
3,5099.8
336,5099.9
266,5174.2
134,5174.2
23,5174.4
174,5174.8
68,5175.0
343,5175.1
338,5175.5
160,5175.7
210,5175.7
367,5175.8
124,5175.9
341,5176.0
24,5176.1
202,5176.2
171,5176.3
256,5176.3
253,5176.4
208,5176.6
133,5176.6
16,5176.8
353,5176.8
184,5176.8
22,5176.9
349,5177.0
339,5177.1
140,5177.1
40,5177.2
366,5177.4
162,5177.4
269,5177.5
12,5177.7
119,5177.7
31,5177.7
363,5177.8
26,5178.1
287,5178.2
233,5178.3
20,5178.3
204,5178.3
34,5178.6
226,5178.7
247,5178.7
144,5178.9
337,5179.0
354,5179.3
5,5179.4
159,5179.6
200,5179.7
3,5180.4
336,5180.4
266,5254.3
134,5254.4
23,5254.6
174,5255.0
68,5255.2
343,5255.4
338,5255.7
160,5255.9
210,5255.9
124,5256.0
367,5256.0
341,5256.2
24,5256.3
202,5256.5
253,5256.6
208,5256.8
171,5256.9
256,5256.9
133,5256.9
353,5257.0
15,5257.2
184,5257.4
22,5257.4
16,5257.4
140,5257.4
162,5257.6
349,5257.6
339,5257.7
269,5257.8
311,5257.9
181,5258.0
232,5258.0
229,5258.0
40,5258.2
177,5258.2
363,5258.2
366,5258.3
26,5258.4
119,5258.5
31,5258.6
204,5258.6
20,5258.8
34,5258.9
258,5259.0
226,5259.0
247,5259.1
144,5259.2
297,5259.3
337,5259.4
5,5259.7
0,5259.9
159,5259.9
114,5260.0
200,5260.2
336,5261.0
134,5639.9
74,5640.0
266,5640.0
164,5640.0
23,5640.1
223,5640.3
174,5640.5
165,5640.7
257,5640.7
68,5640.8
76,5640.9
337,5640.9
343,5641.0
222,5641.1
210,5641.2
367,5641.2
124,5641.2
198,5641.3
160,5641.5
37,5641.6
10,5641.6
126,5641.6
346,5641.7
249,5641.7
24,5641.7
58,5641.8
133,5641.9
253,5642.1
202,5642.1
256,5642.3
353,5642.3
140,5642.3
171,5642.4
162,5642.7
184,5642.8
269,5642.8
22,5642.9
55,5642.9
363,5643.0
339,5643.1
349,5643.2
26,5643.3
233,5643.4
20,5643.5
229,5643.7
34,5643.8
232,5643.9
366,5643.9
354,5643.9
226,5644.0
119,5644.1
31,5644.1
177,5644.2
167,5644.2
5,5644.7
200,5644.8
338,5645.1
291,5645.4
341,5645.4
336,5645.5
266,5719.1
134,5719.2
23,5719.2
174,5719.7
164,5719.8
337,5720.0
343,5720.1
68,5720.1
74,5720.1
223,5720.2
165,5720.3
257,5720.4
160,5720.5
210,5720.5
124,5720.6
367,5720.6
76,5720.7
222,5720.7
24,5721.0
126,5721.3
346,5721.3
253,5721.3
198,5721.4
202,5721.4
133,5721.4
37,5721.4
10,5721.5
287,5721.6
353,5721.6
249,5721.6
140,5721.9
256,5722.0
162,5722.1
15,5722.1
58,5722.1
40,5722.1
311,5722.1
171,5722.3
269,5722.3
238,5722.3
12,5722.4
181,5722.4
363,5722.5
22,5722.5
184,5722.6
192,5722.8
339,5722.9
349,5722.9
26,5722.9
20,5723.0
55,5723.0
233,5723.1
34,5723.3
229,5723.4
226,5723.5
354,5723.6
232,5723.6
297,5723.7
177,5723.8
31,5724.0
5,5724.1
167,5724.2
114,5724.3
200,5724.3
0,5724.4
338,5724.5
265,5724.6
341,5724.7
336,5725.0
266,5799.3
23,5799.3
134,5799.4
174,5799.9
337,5800.2
68,5800.2
164,5800.2
343,5800.3
74,5800.6
223,5800.7
165,5800.8
257,5800.8
367,5800.8
124,5800.8
210,5800.8
160,5800.8
222,5801.1
24,5801.2
76,5801.3
253,5801.5
126,5801.6
202,5801.6
133,5801.7
346,5801.7
37,5801.8
353,5801.9
198,5802.0
140,5802.1
10,5802.1
249,5802.1
162,5802.4
269,5802.6
256,5802.6
366,5802.8
171,5802.9
363,5802.9
22,5802.9
287,5803.0
184,5803.1
119,5803.2
26,5803.3
20,5803.3
339,5803.3
349,5803.5
34,5803.6
55,5803.6
226,5803.8
354,5804.3
5,5804.4
200,5804.7
341,5805.0
336,5805.4
266,5879.4
134,5879.5
23,5879.6
174,5880.0
337,5880.4
68,5880.4
343,5880.5
164,5880.6
210,5880.9
160,5880.9
367,5881.0
124,5881.0
223,5881.2
257,5881.2
74,5881.2
165,5881.3
24,5881.4
222,5881.4
76,5881.7
253,5881.7
202,5881.9
133,5881.9
126,5882.0
353,5882.1
346,5882.1
37,5882.3
140,5882.4
233,5882.6
162,5882.6
249,5882.6
10,5882.8
311,5882.8
269,5882.9
198,5883.0
40,5883.0
229,5883.0
238,5883.1
12,5883.1
181,5883.1
256,5883.2
232,5883.3
22,5883.4
177,5883.4
363,5883.4
26,5883.5
171,5883.6
31,5883.7
184,5883.7
338,5883.8
339,5883.8
20,5883.8
34,5883.9
55,5884.1
226,5884.1
297,5884.3
349,5884.3
5,5884.7
0,5885.1
200,5885.2
341,5885.3
336,5885.9
40,6264.9
266,6265.0
37,6265.1
23,6265.1
232,6265.3
269,6265.5
174,6265.5
280,6265.8
68,6265.9
130,6266.0
337,6266.0
343,6266.1
366,6266.1
164,6266.1
367,6266.2
210,6266.2
160,6266.4
233,6266.5
222,6266.6
223,6266.6
24,6266.7
74,6266.8
133,6266.9
257,6266.9
253,6267.1
165,6267.1
76,6267.1
324,6267.1
126,6267.2
202,6267.3
353,6267.3
346,6267.6
162,6267.7
286,6267.7
273,6267.8
134,6267.9
363,6268.0
256,6268.0
249,6268.1
10,6268.3
26,6268.4
22,6268.4
171,6268.4
20,6268.5
198,6268.5
184,6268.5
229,6268.6
339,6268.8
34,6268.8
311,6268.9
354,6269.0
226,6269.0
349,6269.0
55,6269.3
119,6269.3
5,6269.7
200,6269.7
338,6269.7
341,6270.2
336,6270.5
114,6270.7
266,6344.1
40,6344.3
23,6344.3
37,6344.4
232,6344.6
174,6344.7
269,6344.7
343,6345.1
337,6345.1
68,6345.1
210,6345.5
160,6345.5
280,6345.6
366,6345.6
367,6345.6
164,6345.8
24,6346.0
233,6346.0
130,6346.1
222,6346.2
223,6346.3
253,6346.3
257,6346.4
133,6346.4
165,6346.5
353,6346.6
74,6346.6
202,6346.6
76,6346.8
126,6346.8
58,6346.8
324,6346.9
173,6346.9
346,6347.0
15,6347.0
162,6347.1
181,6347.3
134,6347.4
363,6347.5
12,6347.6
256,6347.7
31,6347.8
273,6347.9
26,6347.9
249,6347.9
22,6348.0
20,6348.0
286,6348.1
171,6348.1
10,6348.1
34,6348.2
184,6348.2
229,6348.4
339,6348.4
226,6348.5
354,6348.6
349,6348.7
297,6348.7
338,6349.1
5,6349.1
61,6349.2
55,6349.3
291,6349.3
200,6349.3
0,6349.5
265,6349.5
341,6349.6
336,6349.9
266,6424.3
23,6424.4
40,6424.5
37,6424.6
232,6424.8
269,6424.9
174,6424.9
68,6425.2
343,6425.3
337,6425.3
367,6425.8
210,6425.8
160,6425.8
366,6425.9
280,6426.1
164,6426.1
24,6426.2
233,6426.3
222,6426.5
253,6426.5
257,6426.6
130,6426.7
133,6426.7
223,6426.7
202,6426.8
165,6426.9
353,6426.9
74,6427.1
126,6427.1
324,6427.3
346,6427.3
76,6427.3
162,6427.4
198,6427.5
134,6427.7
311,6427.8
363,6427.9
256,6428.1
20,6428.3
26,6428.3
119,6428.3
22,6428.3
249,6428.5
34,6428.6
10,6428.6
171,6428.7
184,6428.8
226,6428.8
273,6428.9
339,6428.9
354,6429.3
5,6429.4
200,6429.6
338,6429.6
114,6429.8
341,6429.9
336,6430.4
266,6504.4
23,6504.6
40,6504.8
37,6504.8
174,6505.0
232,6505.0
269,6505.0
337,6505.5
68,6505.5
343,6505.5
210,6505.9
160,6505.9
367,6506.0
366,6506.1
24,6506.4
164,6506.4
280,6506.5
233,6506.6
253,6506.7
222,6506.8
133,6506.9
257,6506.9
223,6507.0
353,6507.1
202,6507.1
165,6507.3
130,6507.4
126,6507.4
346,6507.6
162,6507.6
76,6507.7
324,6507.7
74,6507.8
229,6507.9
134,6507.9
181,6508.0
349,6508.1
286,6508.3
363,6508.3
12,6508.5
31,6508.5
26,6508.6
20,6508.8
22,6508.8
34,6508.8
226,6509.1
184,6509.2
249,6509.2
339,6509.4
297,6509.4
5,6509.7
200,6510.2
341,6510.2
336,6510.9
23,6889.2
266,6890.0
40,6890.3
37,6890.4
232,6890.4
174,6890.5
269,6890.5
253,6890.9
210,6891.2
367,6891.2
160,6891.5
343,6891.5
366,6891.5
164,6891.6
24,6891.7
222,6891.8
233,6891.8
133,6891.9
280,6892.0
223,6892.1
60,6892.1
353,6892.3
126,6892.4
202,6892.4
165,6892.6
76,6892.7
68,6892.7
74,6892.7
162,6892.7
134,6892.8
256,6892.8
324,6893.0
363,6893.0
130,6893.1
171,6893.4
149,6893.4
26,6893.4
337,6893.5
20,6893.5
229,6893.6
22,6893.6
58,6893.7
34,6893.8
249,6893.8
184,6893.9
226,6894.0
349,6894.0
354,6894.0
339,6894.1
119,6894.3
55,6894.4
167,6894.5
200,6894.7
23,6968.2
266,6969.1
174,6969.7
40,6969.7
37,6969.8
232,6969.8
269,6969.8
253,6969.9
343,6970.3
210,6970.5
160,6970.5
367,6970.6
366,6971.0
164,6971.1
24,6971.1
233,6971.3
133,6971.4
222,6971.4
60,6971.6
353,6971.6
202,6971.6
223,6971.7
280,6971.7
165,6972.0
68,6972.0
311,6972.0
126,6972.0
15,6972.0
198,6972.1
162,6972.1
134,6972.3
181,6972.3
74,6972.3
76,6972.3
363,6972.5
256,6972.5
324,6972.7
12,6972.7
31,6972.7
337,6972.9
20,6973.0
26,6973.0
273,6973.0
286,6973.1
130,6973.1
34,6973.2
171,6973.2
177,6973.2
22,6973.2
184,6973.4
229,6973.4
226,6973.5
249,6973.6
339,6973.6
58,6973.6
349,6973.6
354,6973.6
200,6974.2
291,6974.2
61,6974.2
114,6974.2
55,6974.3
265,6974.6
23,7048.3
266,7049.3
40,7049.8
37,7049.9
174,7049.9
269,7050.0
232,7050.0
253,7050.1
343,7050.6
210,7050.8
367,7050.8
160,7050.8
24,7051.2
366,7051.2
164,7051.4
233,7051.5
133,7051.7
222,7051.7
202,7051.9
353,7051.9
280,7052.0
223,7052.1
68,7052.1
126,7052.2
165,7052.3
162,7052.4
134,7052.6
149,7052.6
60,7052.7
76,7052.7
74,7052.8
363,7052.9
324,7053.0
337,7053.1
256,7053.2
26,7053.3
119,7053.3
20,7053.3
22,7053.5
34,7053.6
226,7053.8
171,7053.8
184,7053.9
249,7054.1
339,7054.1
354,7054.2
200,7054.6
23,7128.5
266,7129.4
174,7130.0
40,7130.0
269,7130.1
37,7130.1
232,7130.1
253,7130.2
343,7130.8
210,7130.9
160,7130.9
367,7131.0
366,7131.4
24,7131.4
164,7131.7
233,7131.8
133,7131.9
222,7131.9
202,7132.1
353,7132.1
280,7132.3
68,7132.4
223,7132.4
126,7132.5
162,7132.6
165,7132.6
130,7132.7
198,7132.7
134,7132.8
311,7132.8
229,7132.9
181,7133.0
76,7133.2
349,7133.2
363,7133.3
31,7133.4
324,7133.4
337,7133.4
12,7133.5
26,7133.6
273,7133.7
256,7133.7
34,7133.8
20,7133.8
22,7134.0
226,7134.1
55,7134.3
184,7134.4
339,7134.6
114,7134.9
200,7135.1
23,7514.3
171,7514.6
165,7514.7
112,7514.7
170,7514.9
26,7515.3
349,7515.3
115,7515.3
40,7515.4
79,7515.6
265,7515.6
269,7515.6
37,7515.6
168,7515.7
320,7515.8
130,7515.9
253,7516.0
345,7516.2
160,7516.5
272,7516.5
361,7516.5
343,7516.6
24,7516.7
366,7516.7
202,7517.4
280,7517.5
68,7517.6
162,7517.7
74,7517.7
315,7518.0
256,7518.1
337,7518.3
324,7518.4
20,7518.5
266,7518.6
174,7518.6
353,7518.6
22,7518.7
184,7518.8
249,7518.8
58,7518.9
226,7519.0
339,7519.1
119,7519.3
200,7519.7
55,7519.8
23,7593.3
165,7593.9
171,7593.9
26,7594.5
112,7594.5
170,7594.7
349,7594.7
40,7594.8
269,7594.8
37,7594.9
253,7594.9
265,7595.0
115,7595.1
343,7595.4
160,7595.5
130,7595.5
79,7595.6
345,7595.8
320,7595.8
29,7595.9
168,7595.9
24,7596.1
366,7596.1
202,7596.6
76,7596.6
272,7596.8
68,7596.9
15,7596.9
361,7596.9
60,7597.0
280,7597.0
162,7597.1
164,7597.1
198,7597.2
74,7597.3
367,7597.4
232,7597.6
31,7597.7
12,7597.8
256,7597.8
149,7597.8
337,7597.8
324,7597.9
266,7598.0
353,7598.0
20,7598.0
174,7598.0
177,7598.1
286,7598.1
22,7598.2
273,7598.3
226,7598.4
184,7598.4
315,7598.4
249,7598.5
339,7598.7
200,7599.2
114,7599.2
55,7599.6
23,7673.4
171,7673.5
165,7673.6
26,7674.0
112,7674.0
349,7674.2
170,7674.3
265,7674.6
115,7674.7
130,7674.8
40,7674.9
37,7675.0
269,7675.0
253,7675.1
79,7675.1
345,7675.3
320,7675.4
168,7675.4
343,7675.6
160,7675.7
24,7676.2
361,7676.2
366,7676.3
272,7676.8
76,7676.8
202,7676.9
68,7677.1
280,7677.3
164,7677.3
162,7677.4
353,7677.5
74,7677.9
337,7678.0
315,7678.1
324,7678.3
266,7678.3
119,7678.3
20,7678.3
256,7678.3
174,7678.3
22,7678.7
226,7678.8
184,7678.9
249,7679.0
339,7679.2
291,7679.4
200,7679.6
23,7753.5
171,7753.9
165,7753.9
26,7754.4
349,7754.6
112,7754.7
170,7754.9
37,7755.1
40,7755.1
265,7755.2
269,7755.2
253,7755.3
130,7755.3
115,7755.4
79,7755.9
343,7755.9
160,7755.9
345,7756.3
320,7756.3
24,7756.4
168,7756.4
366,7756.5
202,7757.1
68,7757.3
162,7757.6
280,7757.6
198,7757.8
367,7757.9
76,7757.9
353,7758.0
232,7758.1
337,7758.3
31,7758.4
174,7758.5
266,7758.5
324,7758.8
20,7758.8
226,7759.1
22,7759.1
184,7759.4
339,7759.7
114,7759.8
200,7760.1
349,8139.1
130,8139.4
11,8139.6
213,8139.8
171,8139.9
348,8140.3
26,8140.4
256,8140.4
40,8140.5
269,8140.6
37,8140.6
303,8140.8
23,8140.9
210,8141.0
112,8141.0
255,8141.0
58,8141.0
170,8141.2
100,8141.2
353,8141.4
215,8141.5
115,8141.6
24,8141.7
366,8141.8
165,8142.1
123,8142.3
79,8142.4
68,8142.5
280,8142.7
162,8142.7
74,8142.7
320,8142.9
55,8143.0
253,8143.2
337,8143.3
174,8143.4
324,8143.5
20,8143.5
22,8143.7
367,8143.8
160,8143.8
249,8143.8
184,8144.0
226,8144.0
232,8144.0
265,8144.0
339,8144.2
349,8218.2
130,8218.7
171,8219.2
11,8219.4
213,8219.6
26,8219.6
256,8219.8
40,8219.8
269,8219.9
23,8219.9
37,8219.9
348,8220.2
210,8220.5
58,8220.7
112,8220.7
353,8220.8
170,8220.8
100,8220.8
303,8220.9
24,8221.1
255,8221.2
366,8221.2
115,8221.3
76,8221.6
165,8221.6
168,8221.7
164,8221.9
15,8221.9
68,8221.9
60,8222.0
162,8222.1
272,8222.1
215,8222.2
280,8222.2
79,8222.2
253,8222.3
12,8222.3
198,8222.3
74,8222.3
361,8222.4
119,8222.6
257,8222.7
320,8222.7
337,8222.7
31,8222.7
123,8222.8
55,8222.8
174,8222.9
273,8223.0
324,8223.0
20,8223.0
286,8223.1
149,8223.1
177,8223.1
22,8223.2
160,8223.2
346,8223.2
315,8223.4
249,8223.5
226,8223.5
184,8223.5
232,8223.6
367,8223.6
265,8223.6
339,8223.7
349,8298.0
130,8298.3
171,8298.6
11,8298.9
26,8299.1
112,8299.9
37,8300.0
40,8300.0
269,8300.0
213,8300.0
256,8300.0
23,8300.1
170,8300.1
303,8300.3
353,8300.3
115,8300.6
348,8300.6
165,8300.7
210,8300.8
255,8300.9
58,8301.0
29,8301.0
24,8301.2
79,8301.3
366,8301.4
168,8301.5
100,8301.5
320,8301.7
76,8301.7
164,8302.1
68,8302.1
215,8302.1
162,8302.4
280,8302.4
265,8302.5
253,8302.6
74,8302.9
337,8302.9
174,8303.2
20,8303.3
324,8303.4
160,8303.4
22,8303.7
226,8303.8
184,8304.0
249,8304.0
339,8304.2
349,8378.3
130,8378.7
171,8379.1
26,8379.5
11,8379.7
40,8380.1
37,8380.1
269,8380.2
256,8380.2
23,8380.3
213,8380.4
112,8380.6
170,8380.8
353,8380.8
348,8381.1
210,8381.2
303,8381.3
115,8381.3
165,8381.4
24,8381.4
58,8381.4
366,8381.6
255,8382.2
79,8382.3
68,8382.4
55,8382.4
100,8382.4
272,8382.6
162,8382.7
280,8382.7
15,8382.9
367,8382.9
253,8382.9
320,8383.0
198,8383.0
232,8383.1
12,8383.1
337,8383.3
31,8383.4
119,8383.5
174,8383.5
265,8383.7
160,8383.7
324,8383.8
273,8383.8
20,8383.9
226,8384.1
22,8384.1
184,8384.5
339,8384.7
256,8764.4
130,8764.6
343,8764.7
255,8764.9
349,8764.9
126,8764.9
171,8765.0
361,8765.0
29,8765.4
157,8765.4
26,8765.5
40,8765.5
269,8765.6
218,8765.6
346,8765.6
23,8765.7
16,8765.9
213,8765.9
345,8766.0
11,8766.0
210,8766.4
298,8766.4
353,8766.5
112,8766.6
348,8766.6
58,8766.7
170,8766.7
154,8767.1
165,8767.1
115,8767.2
113,8767.4
280,8767.7
74,8767.8
303,8767.9
79,8768.4
55,8768.4
174,8768.4
324,8768.5
37,8768.7
232,8768.8
184,8769.0
339,8769.2
256,8843.8
343,8843.9
130,8843.9
349,8844.2
171,8844.3
255,8844.4
126,8844.4
361,8844.6
26,8844.7
40,8844.8
269,8844.8
23,8844.8
346,8845.2
29,8845.2
157,8845.4
218,8845.5
213,8845.5
11,8845.6
345,8845.7
210,8845.8
353,8845.8
16,8845.9
170,8846.2
112,8846.2
348,8846.3
58,8846.3
100,8846.4
76,8846.4
165,8846.5
298,8846.5
164,8846.6
115,8846.7
367,8846.8
168,8846.9
60,8846.9
320,8847.0
280,8847.2
123,8847.2
15,8847.3
74,8847.4
272,8847.6
119,8847.6
31,8847.7
303,8847.8
257,8847.8
174,8847.8
366,8847.9
79,8848.0
286,8848.1
37,8848.1
324,8848.1
315,8848.2
273,8848.3
184,8848.5
232,8848.5
339,8848.7
130,8923.4
171,8923.7
349,8923.7
256,8923.9
343,8924.1
26,8924.1
255,8924.1
361,8924.1
126,8924.6
29,8924.6
11,8924.9
345,8925.0
40,8925.0
269,8925.0
23,8925.0
112,8925.2
353,8925.3
170,8925.4
346,8925.5
165,8925.6
115,8925.8
213,8925.8
157,8926.0
218,8926.0
210,8926.1
76,8926.5
58,8926.5
16,8926.5
215,8926.6
79,8926.7
348,8926.7
303,8926.7
168,8926.7
164,8926.8
320,8926.8
154,8926.8
113,8926.9
55,8927.2
298,8927.4
280,8927.5
100,8927.8
74,8927.9
174,8928.1
367,8928.3
37,8928.4
324,8928.4
184,8929.0
339,8929.2
130,9003.8
256,9004.0
171,9004.1
349,9004.1
343,9004.3
255,9004.5
26,9004.6
361,9004.7
126,9004.9
40,9005.1
269,9005.2
23,9005.2
29,9005.3
11,9005.5
345,9005.7
346,9005.8
353,9005.8
112,9005.9
170,9006.0
213,9006.1
165,9006.2
210,9006.3
218,9006.5
115,9006.5
157,9006.6
58,9006.8
348,9007.1
16,9007.3
76,9007.7
280,9007.7
79,9007.8
303,9007.9
232,9008.0
320,9008.1
119,9008.3
174,9008.4
31,9008.4
37,9008.9
324,9008.9
184,9009.6
339,9009.7
126,9389.1
213,9389.5
40,9389.6
130,9389.6
154,9389.7
349,9389.9
171,9390.0
113,9390.0
343,9390.1
366,9390.3
255,9390.3
76,9390.4
89,9390.6
23,9390.7
361,9390.7
184,9390.7
360,9390.8
167,9390.8
185,9390.8
78,9391.1
367,9391.3
346,9391.3
29,9391.4
353,9391.5
11,9391.5
125,9391.6
24,9391.7
345,9391.8
112,9391.8
170,9391.9
58,9391.9
165,9392.0
157,9392.1
348,9392.2
256,9392.2
379,9392.3
223,9392.4
16,9392.7
74,9392.8
280,9392.8
26,9393.0
43,9393.1
55,9393.1
298,9393.1
37,9393.4
324,9393.5
232,9393.8
339,9394.2
269,9394.7
126,9468.3
40,9468.8
130,9468.9
213,9468.9
154,9469.2
349,9469.2
343,9469.2
113,9469.3
171,9469.3
366,9469.7
255,9469.8
23,9469.8
76,9469.8
184,9470.1
361,9470.1
89,9470.5
185,9470.7
360,9470.7
167,9470.7
367,9470.8
346,9470.8
353,9470.8
78,9471.0
29,9471.0
11,9471.1
24,9471.2
112,9471.3
345,9471.4
58,9471.4
170,9471.4
165,9471.5
100,9471.5
125,9471.5
164,9471.6
256,9471.7
348,9471.8
157,9471.9
320,9472.0
168,9472.0
303,9472.1
266,9472.2
280,9472.2
74,9472.3
272,9472.3
123,9472.4
26,9472.4
228,9472.5
16,9472.5
31,9472.7
119,9472.7
257,9472.9
37,9472.9
55,9473.0
324,9473.1
286,9473.1
273,9473.1
315,9473.3
232,9473.5
339,9473.7
269,9474.2
130,9548.4
126,9548.5
171,9548.7
349,9548.7
40,9548.9
213,9549.0
76,9549.4
255,9549.4
343,9549.4
154,9549.5
361,9549.6
113,9549.6
23,9549.9
366,9549.9
11,9550.2
184,9550.3
112,9550.3
29,9550.3
353,9550.3
170,9550.5
165,9550.6
345,9550.6
78,9550.8
346,9551.0
89,9551.0
367,9551.1
360,9551.2
185,9551.3
167,9551.3
24,9551.5
26,9551.6
58,9551.7
215,9551.7
168,9551.8
303,9551.8
320,9551.8
164,9551.8
256,9551.9
223,9551.9
348,9552.0
379,9552.0
125,9552.1
298,9552.2
157,9552.5
280,9552.5
74,9552.8
43,9552.9
100,9553.0
37,9553.3
324,9553.4
339,9554.2
269,9554.6
126,9628.6
130,9628.8
40,9629.0
349,9629.1
213,9629.2
171,9629.2
343,9629.6
255,9629.8
154,9629.8
76,9629.9
113,9629.9
361,9630.0
23,9630.1
366,9630.2
184,9630.5
353,9630.8
11,9630.8
29,9630.9
112,9631.0
165,9631.2
170,9631.2
346,9631.3
345,9631.3
367,9631.4
89,9631.6
78,9631.7
24,9631.8
185,9631.8
360,9631.8
167,9631.9
58,9631.9
16,9632.1
256,9632.2
26,9632.2
348,9632.4
55,9632.6
125,9632.6
272,9632.7
280,9632.8
303,9633.0
157,9633.1
232,9633.2
320,9633.2
31,9633.4
119,9633.5
37,9633.7
273,9633.8
324,9633.9
339,9634.7
269,9635.0
