6,100.2
28,100.6
27,102.1
13,103.4
57,103.6
46,103.6
58,103.7
50,104.5
17,105.4
55,105.4
26,105.5
11,106.1
51,106.1
3,106.7
38,106.7
1,106.9
30,107.6
43,108.0
6,108.6
59,108.7
10,109.3
29,110.3
42,111.3
62,112.4
27,112.5
28,113.4
5,113.6
58,116.8
46,120.0
12,124.5
8,143.4
6,183.0
27,185.3
51,186.0
28,186.5
46,186.7
50,186.8
57,187.3
58,188.9
10,189.3
13,189.9
25,193.9
1,197.0
30,206.4
3,208.9
6,261.6
27,263.2
28,263.7
46,264.8
50,264.8
51,265.5
30,265.8
10,265.8
58,267.0
3,268.3
57,268.4
13,268.6
26,269.1
29,269.1
43,269.2
32,269.8
25,271.3
5,273.0
7,273.6
1,274.1
27,274.1
12,274.2
48,275.1
18,275.5
38,279.2
51,280.4
33,280.9
49,285.1
6,643.2
28,643.6
27,644.1
57,645.6
46,645.8
13,645.8
30,646.0
58,646.1
50,646.4
3,646.5
26,646.8
38,647.5
51,647.5
1,648.3
11,648.5
55,648.7
43,649.0
29,649.0
17,649.5
6,649.6
10,650.2
59,650.5
27,650.8
32,651.2
28,651.3
25,652.2
46,652.3
49,652.3
48,652.6
5,653.2
58,653.5
62,654.8
12,654.8
42,655.3
57,656.0
30,656.1
51,656.8
8,657.1
7,657.2
3,657.3
50,657.5
18,657.9
53,658.3
6,726.2
27,727.9
28,728.6
30,729.6
46,729.7
51,730.5
13,730.5
57,730.7
58,731.2
50,731.4
10,732.9
26,733.1
3,733.5
1,733.7
38,735.9
43,736.0
27,739.8
5,741.3
12,743.2
25,745.0
6,803.7
28,806.0
27,806.1
30,806.2
46,807.1
50,808.0
51,808.8
3,809.1
48,809.1
58,809.2
57,809.3
13,809.7
10,809.7
26,809.8
6,810.8
29,811.8
27,812.8
32,813.3
1,813.5
46,813.9
30,814.0
38,814.8
43,815.2
7,815.3
12,816.1
59,816.6
18,817.6
25,817.9
28,818.2
49,819.0
51,819.6
11,819.6
62,821.3
6,884.0
30,885.6
28,885.8
27,886.0
50,887.0
57,887.2
13,887.4
58,887.9
46,888.0
26,888.3
3,888.4
51,888.9
10,888.9
48,889.7
38,890.4
6,890.9
1,891.9
5,892.3
27,892.4
30,892.5
55,893.4
43,893.4
59,893.8
25,893.9
29,893.9
32,894.0
12,894.0
33,894.3
11,894.7
54,896.5
51,896.9
28,897.2
46,897.3
17,897.9
7,898.9
50,899.4
58,899.9
62,901.4
19,907.3
6,1266.2
28,1266.6
27,1267.1
57,1268.0
46,1268.3
58,1268.5
13,1268.5
30,1268.9
50,1268.9
26,1269.2
3,1269.6
38,1269.8
51,1270.1
1,1270.3
11,1270.3
43,1271.1
29,1271.5
6,1271.7
59,1271.8
17,1271.8
28,1272.0
55,1272.1
27,1272.9
10,1273.2
25,1273.8
5,1273.9
46,1274.0
32,1274.1
48,1274.4
12,1274.6
62,1274.7
57,1274.9
58,1275.1
30,1275.6
49,1275.8
50,1275.9
3,1276.4
51,1277.0
26,1277.0
7,1277.3
13,1278.4
6,1278.4
38,1279.5
42,1279.6
27,1280.4
18,1280.7
1,1281.0
8,1281.5
28,1281.8
5,1287.3
59,1287.5
57,1351.2
6,1351.3
30,1351.6
28,1352.9
27,1354.1
58,1354.3
13,1354.3
46,1355.1
51,1355.4
50,1355.7
26,1355.9
38,1356.7
1,1357.2
3,1358.2
43,1358.4
12,1358.5
11,1359.6
62,1360.3
5,1361.9
17,1363.6
10,1364.7
30,1365.3
6,1427.5
28,1428.3
27,1428.6
57,1430.1
46,1430.3
50,1430.8
13,1430.9
30,1431.0
58,1431.0
26,1431.6
3,1432.3
51,1432.5
6,1433.1
38,1433.7
10,1433.9
59,1434.0
43,1434.1
11,1434.3
27,1434.4
29,1434.5
28,1435.3
1,1435.4
12,1436.2
48,1436.2
25,1436.6
32,1437.0
46,1437.0
55,1437.8
58,1438.4
57,1438.7
7,1439.1
50,1439.5
5,1440.0
62,1440.1
33,1440.5
51,1440.7
30,1440.8
54,1442.9
19,1444.2
18,1446.7
6,1507.8
28,1508.8
27,1509.5
57,1510.0
13,1510.3
26,1510.7
30,1511.0
50,1511.2
46,1511.3
3,1511.9
58,1512.5
38,1512.6
59,1513.0
51,1513.3
1,1513.5
10,1513.6
11,1513.7
43,1513.7
6,1513.8
17,1514.6
27,1515.0
29,1516.0
28,1516.2
12,1516.4
5,1517.0
46,1517.2
25,1517.5
57,1517.6
62,1517.7
48,1518.4
55,1518.6
30,1520.4
7,1520.7
18,1521.1
32,1521.3
50,1521.5
51,1521.5
1,1522.0
19,1524.4
3,1524.5
54,1525.0
13,1526.5
9,1528.8
6,1890.8
28,1890.9
27,1891.6
57,1892.0
58,1892.5
13,1892.5
46,1892.6
26,1893.0
50,1893.0
30,1893.4
3,1893.6
38,1893.8
1,1893.9
11,1893.9
51,1894.3
43,1894.7
59,1894.7
17,1895.3
29,1895.4
55,1895.5
6,1895.8
28,1896.0
27,1897.0
10,1897.1
5,1897.1
62,1897.3
12,1897.9
32,1898.0
57,1898.0
46,1898.3
25,1898.4
58,1898.8
48,1899.0
26,1899.3
50,1899.3
13,1899.8
3,1899.9
30,1900.0
7,1900.8
38,1900.9
51,1901.2
6,1901.8
49,1902.3
28,1902.6
59,1902.8
1,1903.0
18,1903.3
27,1904.0
42,1904.1
43,1905.1
11,1905.2
5,1905.4
19,1906.8
12,1908.0
62,1908.2
57,1909.2
6,1974.5
28,1975.1
57,1975.3
13,1975.7
30,1976.0
27,1976.8
26,1976.9
58,1977.0
50,1977.9
1,1978.4
38,1978.8
46,1978.8
51,1979.2
3,1979.8
59,1980.3
11,1981.2
10,1983.2
6,1983.2
5,1983.7
17,1984.0
12,1984.2
43,1984.4
55,1985.3
28,1986.7
62,1987.0
30,1987.1
27,1987.6
57,1988.2
58,1989.6
33,1994.6
6,2052.3
28,2053.3
27,2054.1
46,2054.4
50,2054.6
26,2054.6
13,2054.7
57,2054.9
3,2056.0
30,2056.3
58,2056.7
1,2056.9
51,2057.4
29,2057.7
38,2057.7
6,2057.8
43,2057.9
59,2057.9
10,2058.6
11,2059.6
27,2059.8
28,2060.3
46,2060.4
25,2060.8
48,2061.3
5,2062.0
12,2062.1
50,2062.1
62,2062.2
32,2062.5
7,2062.5
17,2062.7
57,2064.0
26,2064.3
51,2064.8
55,2065.0
3,2065.3
1,2066.1
18,2067.3
19,2076.0
54,2079.5
6,2132.5
28,2133.5
13,2134.0
27,2134.5
57,2134.7
26,2135.3
30,2135.4
50,2135.5
58,2135.8
46,2136.3
38,2136.8
59,2136.8
3,2137.6
11,2138.0
51,2138.1
6,2138.2
10,2138.3
43,2138.6
29,2139.0
1,2139.6
17,2139.7
27,2140.3
62,2140.4
28,2140.6
55,2140.8
12,2141.4
5,2141.4
57,2142.0
46,2142.3
50,2142.7
25,2142.9
13,2143.1
7,2144.2
30,2144.3
18,2144.4
48,2145.5
51,2146.3
32,2146.3
33,2146.9
58,2147.1
54,2152.9
1,2155.2
19,2163.7
6,2515.6
28,2515.8
27,2516.4
57,2516.8
13,2517.0
58,2517.2
26,2517.5
46,2517.5
50,2517.7
1,2518.2
11,2518.3
38,2518.3
30,2518.3
3,2518.4
59,2518.8
51,2519.0
55,2519.0
43,2519.1
17,2519.2
29,2519.7
28,2520.6
6,2520.7
62,2521.1
5,2521.4
10,2521.6
27,2521.9
12,2522.3
32,2522.3
57,2523.0
46,2523.0
25,2523.1
48,2523.2
58,2523.4
26,2523.5
13,2523.6
50,2523.7
3,2524.5
30,2524.9
7,2525.0
38,2525.2
51,2525.7
59,2526.0
6,2526.3
1,2526.5
28,2526.8
18,2527.0
43,2527.5
11,2528.0
19,2528.3
55,2528.6
5,2529.0
27,2529.1
62,2529.9
12,2530.3
42,2530.4
17,2530.8
29,2531.0
49,2531.4
57,2532.6
54,2535.5
6,2598.9
57,2599.9
26,2600.9
28,2601.0
13,2601.7
50,2602.2
1,2602.3
30,2602.7
27,2603.1
59,2603.1
46,2603.7
58,2604.2
3,2604.3
38,2605.2
51,2605.6
6,2606.7
62,2606.9
43,2607.1
5,2607.5
57,2609.1
10,2609.7
17,2610.4
18,2613.5
12,2615.7
26,2615.8
1,2626.7
6,2677.1
28,2677.3
27,2677.8
13,2678.4
50,2679.3
46,2679.3
58,2679.4
57,2679.6
30,2680.1
26,2680.1
11,2680.3
3,2680.8
38,2681.2
59,2681.6
43,2681.7
51,2681.8
29,2682.1
55,2682.5
6,2682.7
10,2683.0
28,2683.3
1,2683.4
27,2683.7
17,2684.7
62,2685.1
46,2685.3
32,2685.5
25,2685.7
58,2685.8
48,2685.8
12,2685.9
5,2686.0
50,2686.4
7,2686.7
57,2688.0
30,2688.8
51,2689.3
19,2689.4
3,2690.0
33,2690.0
13,2690.3
26,2692.2
54,2692.7
18,2697.3
6,2757.4
28,2758.0
27,2758.9
57,2759.5
13,2759.8
50,2760.2
26,2760.5
46,2760.6
38,2760.8
58,2761.0
1,2761.2
30,2761.2
43,2761.3
59,2761.3
3,2762.0
11,2762.0
6,2763.1
10,2763.3
51,2763.4
55,2763.7
29,2764.1
17,2764.1
62,2764.3
28,2764.5
27,2764.7
5,2765.1
46,2766.1
12,2766.3
57,2766.9
25,2766.9
50,2768.0
7,2768.2
19,2769.3
18,2769.6
1,2769.6
48,2769.8
58,2770.1
51,2772.5
32,2772.9
6,3138.8
28,3138.9
27,3139.3
13,3139.6
26,3139.7
57,3139.8
50,3139.9
46,3139.9
58,3140.0
3,3140.2
11,3140.4
1,3140.4
59,3140.4
38,3140.5
30,3140.5
29,3140.8
43,3140.9
55,3141.1
51,3141.2
17,3141.2
6,3141.9
62,3141.9
5,3142.3
28,3142.3
10,3142.4
32,3142.6
27,3142.8
48,3142.9
12,3143.1
13,3143.5
7,3143.6
26,3143.7
25,3143.7
50,3143.9
46,3144.1
57,3144.1
58,3144.4
3,3144.7
1,3145.0
38,3145.0
30,3145.1
11,3145.1
59,3145.3
43,3145.3
6,3145.6
28,3145.7
29,3146.0
17,3146.1
55,3146.2
51,3146.3
27,3146.5
49,3146.9
62,3147.0
42,3147.0
5,3147.2
10,3147.4
18,3147.7
32,3147.9
26,3147.9
46,3148.1
13,3148.2
19,3148.2
57,3148.5
50,3148.9
58,3148.9
12,3149.0
54,3149.1
3,3149.2
33,3149.3
30,3149.5
8,3149.6
59,3149.7
28,3149.9
6,3149.9
38,3150.6
43,3150.7
27,3151.5
1,3151.8
25,3152.0
5,3153.0
51,3153.3
26,3153.5
7,3153.8
11,3154.5
57,3154.7
62,3154.7
29,3157.5
18,3159.2
30,3162.8
3,3163.7
6,3164.7
6,3220.6
28,3221.2
26,3221.6
27,3222.3
50,3222.3
57,3222.4
13,3222.7
1,3223.8
30,3224.4
11,3225.6
59,3225.9
3,3226.0
6,3226.3
5,3226.9
58,3227.0
38,3227.2
28,3227.7
46,3227.9
26,3228.1
43,3228.9
51,3229.6
62,3230.0
50,3230.1
57,3230.3
27,3230.4
30,3232.3
3,3234.9
5,3236.7
6,3299.8
28,3300.2
13,3300.7
27,3300.8
26,3300.9
57,3301.2
50,3301.5
1,3301.6
59,3301.8
46,3301.9
58,3302.0
11,3302.1
38,3302.3
17,3302.5
30,3302.6
29,3302.6
43,3302.7
3,3302.8
55,3303.2
6,3304.1
51,3304.3
62,3304.7
28,3305.1
48,3305.6
5,3305.8
26,3305.8
27,3305.9
10,3306.2
50,3306.6
12,3306.7
57,3306.7
13,3306.8
46,3307.0
32,3307.2
59,3307.4
3,3307.7
58,3307.7
30,3308.1
1,3308.5
6,3308.7
7,3309.0
43,3309.1
38,3309.3
11,3309.5
25,3309.8
29,3309.9
28,3310.1
51,3310.3
55,3311.1
19,3311.6
27,3311.7
42,3311.7
26,3311.8
18,3311.8
17,3312.0
5,3312.8
62,3313.1
57,3314.2
12,3314.5
54,3316.1
6,3380.3
28,3381.0
13,3381.2
26,3381.5
57,3381.5
27,3381.9
50,3382.1
59,3382.2
1,3382.2
30,3383.0
38,3383.1
3,3383.3
11,3383.3
46,3383.4
58,3383.4
17,3383.8
43,3383.9
29,3384.9
6,3385.1
62,3385.5
55,3385.5
5,3386.0
28,3386.5
51,3386.6
26,3386.9
57,3387.2
50,3387.5
27,3387.9
10,3387.9
59,3388.2
13,3388.4
3,3388.4
30,3388.6
46,3389.3
12,3389.3
58,3390.0
48,3390.6
1,3390.8
6,3390.9
18,3392.7
38,3393.1
5,3393.1
43,3393.4
19,3394.0
28,3395.7
26,3396.1
51,3397.3
57,3397.6
62,3398.2
6,3763.8
28,3764.0
27,3764.3
38,3764.5
26,3764.8
46,3764.9
50,3764.9
57,3765.1
59,3765.1
3,3765.3
1,3765.5
11,3765.5
30,3765.6
29,3765.8
43,3765.9
55,3765.9
51,3766.3
13,3767.0
6,3767.1
58,3767.3
17,3767.3
5,3767.4
10,3767.4
28,3767.4
12,3767.6
32,3767.6
48,3767.9
27,3768.0
38,3768.4
7,3768.6
25,3768.7
26,3768.7
18,3769.0
46,3769.1
50,3769.1
57,3769.4
59,3769.8
3,3769.8
11,3770.0
1,3770.2
43,3770.2
30,3770.3
28,3770.8
6,3770.8
55,3770.9
29,3771.0
51,3771.5
49,3771.8
27,3771.9
42,3772.1
62,3772.2
58,3772.3
5,3772.4
13,3772.5
10,3772.5
38,3772.7
17,3772.8
26,3773.0
19,3773.1
32,3773.1
46,3773.2
57,3773.7
12,3773.8
18,3773.8
59,3774.0
54,3774.0
50,3774.2
3,3774.5
33,3774.6
30,3774.9
8,3775.2
6,3775.2
28,3775.4
43,3775.8
9,3775.9
25,3777.2
27,3777.3
1,3777.8
5,3778.4
51,3778.4
11,3778.6
7,3778.8
26,3778.8
29,3780.3
62,3780.9
57,3782.0
6,3845.5
28,3846.3
26,3846.8
27,3847.6
50,3847.6
38,3848.0
1,3848.4
57,3848.5
30,3848.6
3,3849.4
59,3850.5
6,3850.8
5,3851.4
46,3852.5
43,3852.6
26,3852.9
28,3853.8
50,3855.0
11,3855.2
3,3855.8
57,3856.0
27,3856.1
6,3857.9
30,3858.4
5,3859.0
6,3925.0
28,3925.1
38,3925.4
27,3925.8
26,3926.0
59,3926.3
57,3926.4
1,3926.6
50,3926.6
46,3926.9
11,3927.2
55,3927.3
3,3927.4
30,3927.4
43,3927.7
29,3928.1
51,3928.7
13,3929.1
17,3929.1
6,3929.5
28,3929.9
38,3930.3
12,3930.4
58,3930.4
5,3930.7
18,3930.9
27,3930.9
26,3930.9
48,3931.0
10,3931.6
50,3931.7
59,3931.8
57,3931.8
46,3931.9
3,3932.3
30,3932.8
32,3933.0
1,3933.5
43,3934.2
51,3934.3
62,3934.3
6,3934.6
28,3934.7
7,3934.7
55,3934.9
11,3935.0
25,3935.1
19,3935.5
12,3936.2
42,3936.2
27,3936.7
29,3936.8
58,3937.1
26,3937.5
5,3937.7
18,3938.3
57,3939.2
38,3939.6
54,3940.7
6,4005.8
28,4006.5
38,4006.7
26,4006.7
59,4007.2
1,4007.2
57,4007.2
27,4007.7
50,4007.8
30,4007.8
11,4008.3
3,4009.0
43,4009.3
46,4009.9
55,4010.0
17,4010.7
5,4011.0
6,4011.2
13,4012.0
51,4012.2
26,4012.2
28,4012.5
59,4012.9
57,4013.0
29,4013.2
30,4013.4
38,4013.6
10,4013.8
27,4013.9
50,4014.0
12,4014.1
18,4014.7
3,4014.8
58,4015.8
1,4015.9
62,4016.7
46,4017.1
5,4018.0
6,4019.7
43,4023.5
27,4389.3
50,4389.4
26,4389.7
3,4389.7
46,4389.9
6,4390.1
28,4390.1
57,4390.1
1,4390.5
29,4390.8
43,4390.9
38,4390.9
51,4391.3
32,4391.7
55,4391.9
7,4392.0
17,4392.3
10,4392.4
58,4392.4
5,4392.4
12,4392.6
27,4393.0
50,4393.2
49,4393.5
26,4393.6
59,4393.6
11,4393.6
3,4393.8
18,4394.0
28,4394.1
46,4394.1
8,4394.2
57,4394.4
6,4394.5
30,4394.7
1,4395.0
43,4395.3
38,4395.8
29,4396.1
51,4396.4
32,4396.8
27,4396.9
55,4397.0
62,4397.3
42,4397.5
58,4397.6
5,4397.6
50,4397.6
10,4397.7
3,4397.7
26,4397.8
17,4398.0
13,4398.1
46,4398.2
7,4398.3
28,4398.4
19,4398.5
57,4398.6
59,4398.8
6,4398.9
12,4399.0
18,4399.1
30,4399.7
54,4399.7
33,4400.0
49,4400.1
43,4400.8
8,4400.9
9,4401.1
25,4401.7
37,4401.7
51,4401.8
27,4402.2
1,4402.7
11,4402.8
29,4403.0
38,4403.1
3,4403.1
50,4403.5
26,4403.6
5,4403.7
34,4404.1
57,4404.5
62,4404.9
58,4406.0
28,4407.1
12,4411.0
6,4412.6
50,4472.1
26,4472.2
57,4472.8
27,4472.9
3,4473.2
1,4473.4
28,4475.9
6,4476.3
38,4476.3
5,4476.6
26,4478.4
50,4478.4
46,4478.7
57,4478.8
43,4479.0
3,4479.1
27,4481.4
18,4483.1
51,4484.0
30,4484.8
5,4485.1
50,4550.8
27,4550.9
26,4551.1
57,4551.3
3,4551.4
1,4551.6
46,4552.1
6,4552.2
28,4552.3
38,4552.5
43,4552.8
29,4553.1
17,4553.7
55,4554.1
51,4554.5
32,4555.2
50,4555.7
5,4555.8
26,4556.0
12,4556.0
59,4556.1
58,4556.2
3,4556.3
7,4556.3
27,4556.4
57,4556.5
10,4556.9
18,4557.0
46,4557.3
6,4557.4
28,4557.7
11,4558.2
30,4558.4
1,4558.8
38,4559.3
62,4559.4
49,4559.6
43,4559.7
8,4559.8
29,4560.7
19,4560.8
51,4561.2
55,4561.5
12,4561.9
50,4562.1
42,4562.2
3,4562.2
26,4562.3
57,4562.3
5,4562.9
59,4563.2
27,4563.2
58,4564.9
9,4570.5
50,4631.1
27,4631.1
26,4631.5
57,4631.8
3,4631.9
1,4632.2
28,4632.3
6,4632.4
46,4632.8
38,4633.3
43,4633.6
29,4634.1
17,4634.9
51,4635.0
32,4635.6
55,4635.9
50,4636.1
5,4636.1
26,4636.6
27,4636.7
3,4636.8
10,4637.0
7,4637.0
57,4637.4
58,4637.7
6,4637.7
18,4637.8
12,4638.0
28,4638.0
30,4638.2
46,4638.5
59,4638.6
11,4638.8
8,4640.9
62,4640.9
38,4641.5
1,4641.5
49,4642.4
51,4642.5
50,4642.7
43,4643.0
5,4643.0
3,4643.7
27,4644.2
26,4644.4
29,4644.4
57,4644.5
19,4645.1
33,4648.0
54,4648.3
12,4648.5
50,5013.9
27,5014.3
3,5014.8
26,5014.8
46,5014.9
28,5015.1
1,5015.5
32,5015.7
29,5015.8
43,5015.9
38,5015.9
55,5016.9
7,5017.1
6,5017.2
57,5017.2
50,5017.3
17,5017.3
10,5017.4
5,5017.4
51,5017.6
27,5018.0
19,5018.5
49,5018.5
58,5018.6
26,5018.8
3,5018.8
12,5018.8
18,5018.9
46,5019.0
28,5019.1
8,5019.2
34,5019.9
54,5020.0
1,5020.3
43,5020.3
32,5020.3
37,5020.5
38,5020.7
29,5020.9
50,5021.1
27,5021.8
55,5022.0
6,5022.3
62,5022.3
57,5022.4
42,5022.6
3,5022.7
5,5022.8
10,5022.9
46,5023.1
17,5023.1
13,5023.2
26,5023.2
7,5023.5
28,5023.6
51,5023.8
19,5023.9
58,5024.0
18,5024.3
33,5025.0
30,5025.2
49,5025.5
50,5025.5
12,5025.6
43,5025.9
34,5026.7
27,5026.8
11,5026.9
32,5027.4
54,5027.7
8,5027.8
25,5027.9
59,5028.0
3,5028.2
62,5028.8
38,5028.8
5,5029.1
26,5029.4
29,5029.8
37,5030.1
1,5030.4
57,5030.4
28,5035.7
50,5095.4
26,5096.8
27,5097.1
3,5098.2
1,5098.6
38,5100.0
28,5100.1
50,5100.2
5,5101.8
46,5101.9
57,5102.0
43,5102.3
17,5103.0
26,5103.2
19,5103.5
27,5103.9
3,5104.1
18,5104.6
6,5104.6
55,5104.7
50,5106.0
29,5106.9
10,5109.3
5,5111.1
32,5111.3
28,5111.4
62,5113.6
50,5175.1
27,5175.6
26,5176.0
3,5176.4
1,5176.6
46,5176.9
38,5177.3
28,5177.4
43,5177.6
32,5177.8
29,5178.4
17,5179.1
55,5179.3
57,5179.3
50,5179.6
51,5179.8
27,5180.5
6,5180.7
5,5180.8
19,5180.8
7,5180.8
26,5181.1
3,5181.2
58,5181.2
12,5181.3
18,5181.8
10,5181.9
46,5182.2
34,5182.2
54,5182.5
28,5183.0
1,5183.8
49,5183.8
38,5184.1
43,5184.1
37,5184.3
50,5184.4
8,5184.8
27,5185.6
32,5185.8
62,5186.1
29,5186.2
3,5186.7
55,5187.3
42,5187.3
26,5187.3
57,5188.0
5,5188.1
12,5188.7
51,5188.9
33,5190.7
19,5191.7
30,5192.3
50,5255.4
27,5256.5
26,5256.7
1,5257.2
3,5257.4
28,5258.1
38,5258.3
46,5258.7
43,5258.9
32,5259.5
17,5260.1
50,5260.2
57,5260.6
29,5261.1
5,5261.1
55,5261.1
27,5261.7
26,5262.0
3,5262.3
6,5262.4
18,5262.8
19,5263.1
10,5263.2
58,5263.7
34,5263.8
28,5264.4
54,5264.5
7,5264.5
51,5265.1
46,5265.4
50,5265.7
12,5265.8
1,5266.6
62,5267.0
5,5268.1
38,5268.2
27,5268.7
43,5270.6
3,5270.7
26,5273.2
50,5638.9
27,5639.3
26,5639.8
3,5639.8
46,5639.9
28,5640.1
1,5640.5
32,5640.7
29,5640.8
43,5640.9
19,5641.6
18,5641.8
7,5642.1
6,5642.2
50,5642.3
10,5642.4
5,5642.4
55,5642.4
51,5642.6
37,5642.8
27,5643.0
49,5643.5
58,5643.5
57,5643.7
26,5643.8
12,5643.8
46,5644.0
3,5644.0
28,5644.1
8,5644.2
38,5644.7
34,5644.9
54,5644.9
1,5645.0
32,5645.3
43,5645.3
17,5645.5
29,5645.9
50,5646.1
19,5646.6
18,5646.6
20,5646.9
27,5646.9
6,5647.2
55,5647.3
62,5647.5
42,5647.7
5,5647.7
3,5647.9
46,5648.0
39,5648.0
10,5648.0
26,5648.3
37,5648.5
7,5648.5
28,5648.6
51,5648.7
57,5648.8
58,5649.2
30,5650.4
49,5650.5
33,5650.5
50,5650.7
11,5650.7
43,5650.7
12,5651.0
25,5651.4
54,5651.8
27,5652.0
34,5652.2
32,5652.3
38,5652.4
8,5652.4
59,5652.6
18,5652.7
19,5653.0
36,5653.5
3,5653.6
1,5653.8
5,5654.0
29,5654.0
62,5654.4
26,5654.4
17,5656.2
28,5658.9
50,5720.5
26,5722.0
27,5722.6
3,5723.1
1,5723.5
50,5725.7
28,5725.8
19,5726.6
5,5726.7
18,5727.3
46,5727.4
43,5728.0
26,5728.3
3,5728.9
27,5729.9
57,5731.0
6,5731.3
55,5732.0
50,5732.3
5,5736.0
10,5736.8
29,5737.0
50,5800.1
27,5800.7
26,5801.1
3,5801.4
1,5801.6
28,5801.9
46,5802.0
32,5802.2
43,5802.7
19,5803.2
29,5803.6
18,5803.6
37,5804.3
50,5804.6
51,5804.8
55,5804.9
27,5805.5
5,5805.8
6,5805.9
12,5805.9
7,5806.1
26,5806.1
3,5806.2
57,5806.2
58,5806.6
10,5807.2
46,5807.2
28,5807.3
34,5807.3
38,5807.4
54,5807.4
1,5808.8
17,5808.8
49,5809.2
43,5809.3
32,5809.3
20,5809.5
50,5809.6
19,5809.6
62,5809.7
18,5810.1
8,5810.3
39,5810.3
27,5810.6
29,5811.8
3,5812.0
37,5812.0
55,5812.2
42,5812.9
26,5813.1
5,5813.2
12,5813.9
57,5814.0
33,5815.5
51,5817.2
30,5820.4
50,5880.5
27,5881.5
26,5881.7
1,5882.1
3,5882.4
28,5882.9
46,5883.8
43,5884.0
32,5884.2
19,5884.3
18,5884.8
50,5885.3
5,5886.1
29,5886.4
55,5886.5
27,5886.9
26,5887.0
3,5887.5
6,5887.6
57,5888.1
37,5888.2
10,5888.4
28,5889.1
34,5889.1
54,5889.3
58,5889.7
7,5890.0
38,5890.1
51,5890.2
12,5890.3
46,5890.6
50,5891.0
1,5891.7
62,5892.4
5,5893.5
19,5893.7
18,5893.9
39,5896.6
17,5896.6
43,5896.8
27,5896.8
55,5898.7
3,5900.2
27,6264.3
46,6264.3
3,6264.8
26,6265.0
50,6265.4
7,6265.5
43,6265.9
28,6266.6
19,6266.6
18,6266.8
5,6267.4
55,6267.4
10,6267.5
32,6268.0
27,6268.0
46,6268.1
29,6268.1
58,6268.6
57,6268.7
12,6268.8
3,6269.0
26,6269.1
37,6269.6
38,6269.7
34,6269.9
50,6269.9
54,6270.0
4,6270.1
43,6270.4
7,6270.4
17,6270.6
49,6270.6
28,6271.1
19,6271.6
18,6271.7
46,6271.8
6,6271.9
27,6271.9
20,6272.0
55,6272.2
62,6272.6
5,6272.9
3,6273.0
39,6273.0
1,6273.3
10,6273.3
26,6273.6
8,6274.1
57,6274.2
58,6274.5
32,6274.6
50,6274.6
2,6275.4
33,6275.5
12,6275.8
30,6275.9
43,6276.0
37,6276.1
28,6276.3
29,6276.3
7,6276.5
27,6276.7
38,6276.7
25,6276.8
54,6277.0
34,6277.3
18,6277.4
59,6277.5
19,6277.8
46,6277.8
36,6279.0
17,6279.3
3,6279.3
62,6279.4
5,6279.5
55,6279.6
26,6280.2
26,6347.1
27,6347.3
3,6347.7
50,6348.6
46,6349.0
19,6350.8
18,6351.4
43,6351.5
5,6351.7
7,6352.6
26,6353.6
27,6355.0
3,6355.2
57,6355.3
55,6355.7
50,6356.7
28,6358.1
34,6362.1
5,6363.4
46,6425.5
27,6425.5
26,6426.2
3,6426.3
50,6427.1
7,6427.2
43,6427.3
19,6428.3
18,6428.8
28,6429.5
46,6430.0
27,6430.1
55,6430.4
10,6430.4
5,6430.6
32,6431.0
3,6431.1
26,6431.1
29,6431.2
58,6431.2
12,6431.2
57,6431.6
54,6432.3
50,6432.3
37,6432.3
38,6432.8
43,6433.3
7,6433.4
17,6433.6
4,6434.0
34,6434.4
62,6434.7
19,6434.9
27,6434.9
6,6435.4
46,6435.5
28,6435.6
18,6435.6
20,6435.7
49,6437.0
3,6437.4
39,6437.5
10,6437.6
1,6437.9
26,6438.3
55,6438.3
5,6439.4
33,6439.9
12,6440.9
30,6441.1
57,6441.9
27,6506.5
26,6507.1
46,6507.2
3,6507.4
50,6508.2
19,6508.7
43,6508.7
18,6509.3
7,6510.0
5,6510.8
55,6511.1
27,6511.7
28,6512.0
3,6512.4
26,6512.5
57,6512.6
54,6513.2
46,6513.3
12,6513.7
58,6513.8
50,6513.8
37,6513.9
38,6514.0
34,6514.5
10,6514.8
17,6515.9
19,6516.0
29,6516.3
62,6516.4
18,6517.1
43,6517.8
7,6518.1
32,6518.2
5,6518.3
27,6520.0
20,6520.4
55,6520.5
39,6523.1
46,6889.3
27,6889.3
3,6889.8
26,6890.0
50,6890.4
7,6890.5
43,6890.9
28,6891.6
12,6892.0
5,6892.4
17,6892.6
10,6892.6
27,6893.0
46,6893.1
32,6893.1
29,6893.2
34,6893.9
3,6894.0
26,6894.1
15,6894.6
37,6894.7
50,6894.9
18,6895.0
4,6895.1
7,6895.4
43,6895.5
49,6895.7
28,6896.0
6,6896.8
27,6896.8
46,6896.8
20,6897.1
54,6897.6
5,6897.7
19,6897.7
17,6897.7
39,6897.8
10,6897.9
3,6897.9
12,6898.1
1,6898.2
26,6898.3
55,6898.6
32,6898.7
57,6898.8
8,6899.1
50,6899.7
34,6900.0
2,6900.2
30,6900.5
29,6900.8
38,6901.2
28,6901.2
7,6901.4
37,6901.5
27,6901.7
43,6901.9
18,6902.2
15,6902.3
25,6902.6
46,6902.7
33,6903.2
53,6903.7
3,6904.2
5,6904.4
26,6905.7
12,6906.6
57,6911.4
26,6972.4
27,6972.7
3,6973.2
50,6973.9
46,6974.6
17,6974.7
43,6976.9
5,6977.1
12,6978.2
26,6978.8
18,6979.6
3,6981.0
34,6981.5
27,6981.6
50,6982.1
20,6982.4
7,6982.8
17,6985.8
15,6993.6
27,7050.5
46,7050.5
3,7051.4
26,7051.4
50,7052.2
43,7052.4
7,7052.5
28,7054.1
12,7054.2
5,7054.9
27,7055.1
17,7055.1
46,7055.3
10,7055.9
29,7056.3
32,7056.4
26,7056.4
3,7056.4
37,7056.8
34,7057.1
50,7057.3
18,7058.6
43,7058.8
15,7059.1
7,7059.6
28,7059.7
27,7060.4
4,7060.8
12,7060.9
46,7061.0
19,7061.1
6,7061.2
5,7061.6
39,7062.1
54,7063.1
3,7063.2
49,7063.5
1,7064.0
26,7064.7
20,7064.8
55,7064.9
17,7066.2
30,7067.6
57,7069.6
10,7072.0
27,7131.7
26,7132.3
46,7132.4
3,7132.5
50,7133.4
43,7133.8
12,7134.7
17,7135.3
5,7135.4
7,7135.7
28,7136.9
27,7137.0
34,7137.1
37,7137.6
3,7137.7
18,7137.8
26,7137.8
46,7138.8
15,7138.8
50,7139.4
29,7141.0
10,7141.0
5,7142.5
12,7142.8
32,7143.2
43,7145.0
17,7145.6
19,7147.1
55,7147.4
33,7148.6
54,7149.2
20,7151.1
39,7151.2
57,7151.7
3,7514.8
26,7515.0
46,7515.3
50,7515.4
12,7515.5
17,7516.0
28,7516.6
37,7516.6
27,7516.7
18,7517.0
5,7517.4
10,7517.6
7,7517.9
19,7518.3
57,7518.8
34,7518.9
3,7519.0
26,7519.1
15,7519.6
46,7519.6
50,7519.8
12,7519.9
38,7520.0
58,7520.1
17,7520.3
28,7521.1
27,7521.3
37,7521.7
43,7521.9
6,7522.0
20,7522.2
18,7522.2
54,7522.6
39,7522.7
3,7523.0
5,7523.0
10,7523.1
26,7523.5
55,7523.7
46,7523.8
7,7524.0
8,7524.3
4,7524.3
40,7524.4
19,7524.5
57,7524.5
50,7524.7
34,7524.9
2,7525.0
12,7525.0
28,7525.7
25,7525.9
17,7526.0
27,7526.1
30,7526.6
15,7526.8
49,7527.0
33,7527.4
3,7528.4
53,7528.7
58,7529.1
32,7529.4
5,7530.4
26,7530.4
50,7538.5
26,7597.0
17,7598.2
3,7598.2
12,7598.4
18,7599.6
50,7600.3
5,7601.3
46,7602.5
37,7602.5
26,7603.6
19,7603.9
57,7603.9
3,7604.5
17,7605.9
12,7606.7
34,7607.7
28,7608.7
50,7609.2
27,7610.7
5,7613.3
3,7676.2
26,7676.4
46,7676.8
12,7677.0
17,7677.5
50,7677.5
37,7678.1
18,7678.3
28,7679.4
27,7679.4
10,7680.3
19,7680.5
7,7680.9
3,7681.0
5,7681.0
57,7681.2
15,7681.2
26,7681.4
46,7681.7
34,7682.3
12,7682.9
38,7682.9
50,7683.1
17,7683.5
58,7684.3
43,7684.4
27,7685.0
37,7685.2
20,7685.3
28,7685.4
6,7685.6
18,7686.3
54,7686.4
3,7686.7
39,7688.0
10,7688.5
26,7689.1
7,7689.8
5,7690.5
15,7691.5
55,7692.7
3,7756.6
26,7756.9
50,7757.3
12,7757.3
46,7757.6
17,7758.1
18,7759.7
27,7760.1
28,7760.2
37,7760.2
5,7761.3
19,7761.3
3,7761.4
57,7761.8
26,7762.1
34,7762.7
10,7762.7
50,7762.8
46,7763.3
12,7763.5
7,7763.6
15,7765.1
17,7765.2
27,7766.6
28,7766.8
3,7768.1
6,7768.9
58,7770.2
50,7771.1
5,7772.0
54,7772.8
8,7772.9
46,8140.1
3,8140.4
17,8141.0
37,8141.6
26,8141.9
18,8142.0
50,8142.4
6,8143.0
28,8143.0
19,8143.3
12,8143.3
57,8143.7
34,8144.0
46,8144.4
3,8144.6
15,8144.6
38,8144.6
58,8145.1
30,8145.3
45,8145.4
17,8145.4
25,8145.7
5,8146.1
32,8146.2
27,8146.2
37,8146.8
26,8146.8
43,8147.0
18,8147.0
20,8147.1
53,8147.5
39,8147.8
54,8147.9
50,8147.9
28,8148.0
6,8148.0
7,8148.1
55,8148.3
46,8148.6
10,8148.7
3,8149.1
2,8149.1
40,8149.3
57,8149.5
12,8149.5
19,8149.7
34,8150.2
51,8150.8
17,8151.0
30,8151.3
49,8151.3
15,8151.9
27,8152.7
58,8152.8
33,8153.1
47,8154.4
5,8154.6
32,8155.0
43,8155.1
37,8155.3
25,8156.2
26,8156.3
4,8156.6
18,8157.4
3,8222.3
46,8223.0
17,8224.1
26,8225.2
50,8226.1
12,8227.1
28,8227.1
34,8227.4
3,8227.6
18,8227.9
37,8228.2
6,8229.0
46,8229.1
30,8230.1
57,8232.3
5,8232.4
19,8234.9
17,8235.9
46,8302.0
3,8302.3
17,8302.7
37,8303.3
26,8303.8
18,8303.9
50,8304.6
12,8305.4
28,8305.7
19,8305.9
6,8306.1
15,8306.2
34,8306.6
57,8306.6
38,8306.7
46,8307.1
3,8307.5
58,8307.8
30,8308.8
17,8309.5
43,8309.6
45,8309.7
27,8309.8
54,8310.5
37,8310.6
20,8311.1
5,8311.2
25,8311.6
26,8311.7
55,8312.7
32,8312.7
2,8312.9
39,8313.9
18,8313.9
50,8314.0
7,8317.9
15,8318.7
33,8320.1
46,8382.0
3,8382.4
17,8382.8
37,8384.1
26,8384.2
18,8384.7
12,8385.1
50,8385.3
28,8385.4
6,8385.6
19,8385.7
34,8386.4
57,8386.4
46,8387.0
3,8387.7
30,8388.7
38,8388.7
58,8388.8
15,8388.9
17,8389.4
27,8390.5
45,8390.6
5,8391.3
43,8391.7
53,8392.9
37,8393.3
25,8393.4
26,8393.4
54,8393.4
32,8393.5
10,8394.0
28,8395.6
12,8396.3
6,8396.4
50,8397.6
55,8397.8
33,8404.7
17,8766.0
12,8766.3
57,8766.5
37,8766.6
18,8766.9
15,8767.1
3,8767.3
50,8767.5
28,8768.1
19,8768.3
46,8768.4
32,8768.8
55,8768.9
34,8769.0
53,8769.1
26,8769.7
38,8769.8
58,8770.0
17,8770.2
45,8770.7
12,8771.0
5,8771.0
57,8771.1
25,8771.3
52,8771.6
33,8771.7
37,8771.7
27,8771.9
43,8772.0
18,8772.0
20,8772.1
15,8772.6
4,8772.6
3,8772.7
39,8772.7
54,8772.9
50,8773.0
28,8773.4
7,8773.7
40,8774.6
19,8774.6
46,8774.8
55,8774.8
32,8775.2
34,8775.3
17,8775.9
51,8776.3
49,8777.2
53,8777.4
12,8777.5
26,8777.7
27,8778.4
57,8778.5
33,8778.5
58,8778.7
43,8779.8
25,8779.8
5,8779.9
37,8781.8
47,8782.2
28,8782.9
45,8786.4
3,8788.6
17,8849.6
57,8849.7
50,8849.7
18,8850.6
12,8850.7
3,8850.8
46,8852.7
15,8853.8
26,8855.4
19,8855.8
28,8855.9
5,8856.3
50,8859.9
7,8861.1
17,8927.0
12,8927.6
57,8927.8
37,8928.0
18,8928.4
15,8928.7
3,8929.8
50,8930.4
19,8930.5
34,8930.8
46,8931.0
28,8931.2
55,8931.8
32,8931.8
53,8931.9
17,8932.7
38,8933.0
58,8933.4
52,8933.6
45,8933.8
12,8934.2
43,8934.3
25,8934.6
37,8934.7
57,8934.9
26,8934.9
27,8935.1
5,8935.4
15,8935.6
20,8935.9
33,8936.4
18,8936.9
39,8938.2
54,8938.5
7,8940.0
28,8940.9
3,8942.9
50,8943.6
32,8944.0
46,8945.3
4,8945.6
17,9007.6
12,9008.1
57,9008.5
37,9009.6
18,9009.8
15,9010.1
3,9011.0
19,9011.2
34,9011.3
50,9011.6
55,9012.9
28,9012.9
53,9013.9
17,9014.3
46,9014.9
5,9015.2
26,9015.3
12,9015.5
52,9015.7
32,9016.0
43,9016.8
33,9016.9
58,9017.2
38,9018.1
45,9018.2
37,9018.3
57,9018.7
27,9019.2
15,9019.7
25,9021.3
54,9023.7
17,9390.9
55,9391.2
12,9391.2
57,9391.5
37,9391.6
18,9391.9
15,9392.1
4,9392.3
19,9393.2
52,9393.5
32,9393.6
7,9393.7
34,9393.9
53,9394.0
49,9394.0
50,9394.3
38,9394.7
58,9395.0
45,9395.0
17,9395.3
12,9395.8
57,9396.2
55,9396.2
24,9396.7
33,9396.8
37,9396.8
20,9397.1
18,9397.1
15,9397.4
39,9397.6
54,9397.9
47,9399.2
4,9399.5
40,9399.6
19,9399.8
3,9400.0
7,9400.2
34,9400.3
52,9400.5
32,9400.5
49,9401.0
51,9401.3
17,9401.5
50,9402.0
53,9402.7
57,9402.8
12,9403.6
55,9403.9
58,9404.0
33,9405.0
4,9475.2
17,9475.4
12,9475.5
57,9475.7
18,9477.2
7,9478.3
15,9478.6
49,9479.6
55,9479.9
52,9480.4
45,9480.4
50,9481.2
34,9483.2
24,9487.6
37,9488.4
17,9552.1
12,9552.6
57,9553.0
55,9553.3
37,9553.5
18,9553.6
15,9553.7
19,9554.5
4,9554.9
32,9556.1
53,9556.2
52,9556.2
34,9557.0
7,9557.1
49,9557.9
58,9558.1
17,9558.1
38,9558.3
12,9559.3
50,9559.6
55,9560.2
45,9560.5
37,9560.6
57,9560.8
15,9560.9
33,9561.1
54,9561.5
18,9562.7
20,9562.9
39,9564.1
32,9565.2
52,9568.5
17,9633.0
12,9633.3
57,9633.7
55,9634.5
4,9634.8
18,9635.0
15,9635.1
37,9635.6
19,9635.8
7,9636.8
49,9637.5
34,9637.5
53,9638.3
52,9638.8
50,9639.3
17,9640.4
32,9640.6
45,9640.8
58,9641.0
12,9641.4
24,9642.7
15,9643.4
33,9643.8
57,9644.1
55,9644.4
38,9644.5
37,9647.7
