12,87.3
21,87.5
5,87.7
22,87.7
11,87.8
26,87.9
10,88.3
9,88.3
20,88.4
16,88.6
28,88.7
24,88.7
29,88.7
19,88.9
27,88.9
17,89.0
2,89.0
25,89.1
1,89.1
18,89.2
0,89.2
12,93.8
11,94.3
5,94.4
22,94.6
21,94.7
26,94.7
10,95.5
9,95.9
29,96.8
16,96.8
24,96.9
27,97.4
19,98.0
0,98.1
28,98.1
25,98.4
2,98.7
12,98.8
18,98.8
20,99.0
17,99.0
11,99.4
30,100.0
5,100.1
26,100.5
22,100.8
1,101.0
21,101.4
4,101.4
10,101.7
8,102.3
9,102.8
6,103.2
13,103.4
12,103.5
11,104.1
7,104.7
5,105.7
26,106.3
16,107.1
29,107.7
12,107.9
10,108.2
22,108.5
11,108.8
24,110.0
0,110.1
5,111.6
12,112.3
26,112.6
9,112.9
11,113.5
21,114.4
12,116.8
5,118.4
11,118.6
10,119.4
12,121.7
11,124.2
26,124.9
12,126.9
11,130.5
12,132.6
12,139.2
11,143.8
12,167.2
21,167.3
5,167.5
22,167.5
26,167.6
11,167.7
20,168.1
10,168.1
9,168.2
28,168.5
24,168.5
16,168.5
29,168.6
19,168.7
17,168.7
27,168.7
2,168.8
0,169.0
18,169.0
25,169.0
1,169.0
12,173.6
11,174.1
5,174.2
22,174.3
21,174.4
26,174.4
10,175.0
9,175.6
29,176.4
16,176.5
24,176.7
27,176.7
19,177.4
0,177.5
20,177.7
28,178.0
25,178.0
2,178.3
12,178.5
17,178.6
18,178.7
11,179.1
30,179.6
5,179.7
26,180.0
22,180.4
21,180.9
1,180.9
4,180.9
10,181.0
8,181.5
31,181.8
23,182.3
6,182.4
9,182.4
13,183.1
12,183.3
15,183.7
11,183.8
3,184.8
5,185.1
26,185.7
16,186.6
10,187.3
22,187.3
29,187.6
12,187.7
11,188.4
0,188.7
24,190.1
27,190.3
5,190.6
21,191.2
26,191.6
9,191.8
12,192.0
11,193.0
10,195.3
12,196.4
5,196.5
11,197.8
26,198.9
12,201.0
11,203.1
5,203.6
12,205.9
11,208.8
12,211.2
11,215.5
12,217.0
12,223.8
12,247.1
21,247.3
5,247.5
22,247.5
11,247.6
26,247.6
20,248.1
10,248.1
9,248.2
16,248.5
28,248.5
24,248.5
29,248.6
19,248.7
17,248.7
27,248.7
2,248.8
25,249.0
1,249.0
0,249.0
18,249.0
12,253.5
11,254.1
5,254.2
22,254.3
21,254.4
26,254.4
10,255.0
9,255.3
16,256.4
29,256.4
27,256.7
24,256.7
0,256.9
19,257.5
2,257.6
20,257.6
28,257.8
25,258.1
12,258.5
18,258.6
17,258.6
11,259.0
5,259.7
26,260.1
30,260.2
22,260.4
1,260.8
10,261.0
21,261.0
4,261.6
9,261.9
12,263.2
8,263.5
31,263.5
11,263.7
13,264.7
5,265.0
29,265.6
26,265.7
16,266.1
0,266.3
10,267.2
22,267.5
12,267.6
24,268.1
11,268.3
27,269.4
9,270.4
5,270.5
26,271.6
21,271.7
12,271.9
11,272.9
10,275.6
12,276.2
5,276.3
11,277.8
26,278.7
12,280.8
5,283.1
11,283.1
12,285.7
11,288.8
12,291.0
11,295.7
12,296.8
12,303.5
12,632.3
21,632.5
22,632.6
5,632.7
11,632.8
26,632.8
20,633.3
10,633.3
9,633.3
24,633.6
16,633.6
29,633.7
28,633.7
19,633.8
27,633.9
2,633.9
17,633.9
0,634.1
25,634.1
1,634.1
18,634.2
12,638.8
11,639.3
5,639.4
21,639.6
26,639.6
22,639.6
10,640.3
9,640.9
29,641.6
16,641.6
24,641.8
27,642.4
19,642.8
0,643.1
28,643.2
25,643.5
12,643.7
20,643.9
2,643.9
18,644.2
11,644.3
17,644.5
5,645.1
26,645.4
30,645.4
22,645.8
1,645.9
10,646.4
21,646.5
4,646.8
8,647.7
9,647.8
12,648.5
31,648.9
11,649.0
13,649.4
5,650.7
26,651.2
16,651.5
29,652.3
10,652.8
12,652.9
11,653.6
22,653.9
24,654.4
0,655.2
5,656.6
12,657.2
26,657.7
11,658.3
9,658.4
21,659.7
12,661.6
10,663.2
5,663.2
11,663.3
12,666.2
11,668.8
26,670.9
12,671.2
11,674.8
12,676.6
12,682.6
11,683.7
12,690.6
12,712.1
21,712.3
22,712.5
5,712.5
11,712.6
26,712.6
20,713.1
10,713.1
9,713.2
16,713.5
24,713.5
28,713.5
29,713.6
17,713.7
27,713.7
19,713.7
2,713.8
18,714.0
0,714.0
25,714.0
1,714.0
12,718.5
11,719.1
5,719.2
22,719.3
26,719.4
21,719.4
10,720.0
9,720.6
29,721.5
16,721.5
27,721.8
24,721.8
0,722.6
19,722.6
20,722.7
28,723.0
25,723.2
2,723.4
12,723.5
18,723.7
17,723.8
11,724.0
5,724.7
26,725.0
30,725.2
22,725.4
1,726.0
10,726.0
21,726.0
8,726.2
4,726.4
31,727.2
9,727.4
6,727.9
23,728.4
11,728.7
13,729.2
5,730.1
26,730.7
16,731.6
10,732.3
22,732.5
29,732.8
11,733.2
0,733.8
24,735.2
5,735.5
26,736.6
12,736.9
9,736.9
21,737.0
11,737.8
10,740.4
12,741.1
5,741.4
11,742.5
26,743.7
12,745.5
11,747.6
5,748.4
12,750.2
11,753.2
12,755.3
11,759.4
12,760.8
12,767.0
11,770.4
12,776.8
12,792.3
21,792.3
22,792.5
5,792.5
11,792.6
26,792.6
10,793.1
20,793.1
9,793.2
28,793.4
16,793.5
24,793.5
29,793.6
17,793.7
19,793.7
27,793.7
2,793.8
18,794.0
25,794.0
1,794.0
0,794.0
12,798.8
11,799.0
5,799.2
22,799.3
26,799.4
21,799.4
10,800.0
9,800.3
29,801.5
16,801.5
24,801.6
27,801.8
0,801.9
19,802.5
28,802.7
20,802.7
2,802.7
25,803.2
18,803.6
17,803.7
12,803.7
11,804.0
5,804.7
26,805.0
22,805.4
1,805.9
21,806.0
10,806.0
9,806.8
4,807.0
30,807.7
31,807.9
12,808.4
11,808.7
13,809.2
5,810.0
29,810.5
26,810.7
16,811.1
0,811.7
10,812.2
24,812.5
22,812.7
12,812.8
11,813.2
27,814.8
5,815.5
9,815.5
26,816.6
21,816.9
12,817.1
11,817.7
10,820.7
5,821.3
12,821.4
11,822.5
26,823.9
12,826.0
11,827.7
5,828.3
12,830.9
11,833.3
12,836.2
11,839.7
12,842.0
12,848.7
11,854.1
12,872.1
21,872.3
22,872.4
5,872.5
26,872.6
11,872.7
10,873.1
20,873.1
9,873.2
28,873.4
24,873.5
29,873.5
16,873.5
19,873.6
17,873.7
27,873.7
2,873.8
18,874.0
25,874.0
1,874.0
0,874.0
12,878.5
5,879.1
11,879.2
22,879.3
26,879.4
21,879.4
10,879.9
9,880.3
29,881.3
16,881.5
24,881.6
0,881.9
27,881.9
19,882.4
20,882.7
28,882.7
2,882.8
12,883.4
25,883.4
18,883.6
17,883.7
11,884.1
5,884.7
26,885.0
22,885.4
1,886.0
21,886.0
10,886.0
9,886.8
4,887.4
8,888.7
11,888.8
31,889.1
30,889.4
5,890.0
16,890.4
26,890.7
0,891.0
29,891.3
10,892.2
22,892.7
11,893.3
24,894.2
5,895.5
9,895.7
26,896.6
21,896.7
12,896.8
11,897.8
10,900.9
12,901.1
5,901.3
11,902.6
26,903.7
12,905.5
11,907.8
5,908.0
12,910.3
11,913.4
12,915.4
11,919.7
12,921.1
12,927.3
11,933.5
12,939.2
12,1257.3
21,1257.5
22,1257.6
5,1257.7
11,1257.8
26,1257.8
9,1258.3
20,1258.3
10,1258.3
24,1258.6
16,1258.6
28,1258.7
29,1258.7
19,1258.8
2,1258.9
27,1258.9
17,1259.0
1,1259.1
25,1259.1
0,1259.1
18,1259.2
12,1263.8
11,1264.2
5,1264.4
22,1264.6
26,1264.6
21,1264.6
10,1265.3
9,1265.9
16,1266.6
29,1266.7
24,1266.8
27,1267.5
19,1267.8
28,1268.2
0,1268.2
25,1268.7
12,1268.7
20,1268.9
2,1269.0
18,1269.2
11,1269.2
17,1269.6
5,1270.1
26,1270.4
30,1270.8
22,1270.9
1,1270.9
10,1271.3
21,1271.5
4,1272.4
9,1272.7
8,1273.2
12,1273.4
11,1273.9
13,1274.5
5,1275.7
26,1276.2
16,1277.6
12,1277.8
10,1277.8
29,1278.0
11,1278.5
22,1279.2
24,1279.4
0,1280.3
5,1281.4
12,1282.1
26,1282.5
11,1283.0
9,1283.1
21,1284.5
12,1286.5
5,1287.8
11,1287.9
10,1287.9
12,1291.2
11,1293.2
26,1294.6
12,1296.3
11,1299.0
5,1301.6
12,1301.9
11,1306.2
12,1308.2
12,1337.1
21,1337.3
5,1337.5
22,1337.5
11,1337.6
26,1337.6
20,1338.1
10,1338.1
9,1338.2
24,1338.5
16,1338.5
28,1338.6
29,1338.6
17,1338.7
19,1338.7
27,1338.7
2,1338.8
18,1339.0
0,1339.0
1,1339.0
25,1339.0
12,1343.6
11,1344.1
5,1344.2
22,1344.3
21,1344.4
26,1344.4
10,1345.0
9,1345.6
29,1346.5
16,1346.6
24,1346.8
27,1346.9
19,1347.6
0,1347.6
20,1347.9
28,1348.0
2,1348.4
25,1348.4
12,1348.5
18,1348.7
17,1348.9
11,1349.0
5,1349.7
26,1350.0
22,1350.4
30,1350.5
1,1351.0
10,1351.0
21,1351.1
8,1351.5
4,1351.5
31,1351.9
9,1352.3
23,1352.7
6,1353.4
11,1353.6
13,1354.0
5,1355.0
26,1355.6
10,1357.2
29,1357.4
16,1357.4
22,1357.7
11,1358.1
0,1358.9
24,1359.3
5,1360.4
26,1361.5
9,1361.6
21,1362.5
11,1362.6
10,1365.3
12,1366.1
5,1366.2
11,1367.3
26,1368.4
12,1370.5
11,1372.3
5,1372.9
12,1375.1
11,1377.8
12,1380.0
11,1383.8
12,1385.5
12,1391.4
11,1392.6
12,1398.8
12,1417.1
21,1417.3
22,1417.5
5,1417.5
26,1417.6
11,1417.6
9,1418.1
20,1418.1
10,1418.1
28,1418.4
24,1418.5
16,1418.5
29,1418.6
19,1418.7
27,1418.7
17,1418.7
2,1418.8
25,1419.0
1,1419.0
0,1419.0
18,1419.0
12,1423.5
11,1424.0
5,1424.2
22,1424.3
26,1424.3
21,1424.4
10,1424.9
9,1425.3
29,1426.5
16,1426.5
24,1426.6
27,1426.9
0,1427.0
19,1427.6
28,1427.7
20,1427.7
2,1427.8
25,1428.4
12,1428.4
18,1428.6
17,1428.8
11,1428.9
5,1429.7
26,1430.0
22,1430.5
21,1430.9
1,1430.9
10,1430.9
9,1431.8
4,1432.4
11,1433.6
30,1433.8
8,1434.4
31,1434.5
5,1434.9
26,1435.6
16,1435.9
29,1436.2
0,1436.8
10,1437.2
22,1437.7
24,1438.0
11,1438.1
27,1439.8
5,1440.4
9,1440.5
21,1441.3
26,1441.5
12,1441.8
11,1442.6
10,1445.6
12,1446.0
5,1446.1
11,1447.3
26,1448.5
12,1450.5
11,1452.3
5,1452.6
12,1455.2
11,1457.8
12,1460.3
11,1463.9
12,1465.9
12,1472.2
11,1473.7
12,1483.9
21,1497.3
12,1497.4
5,1497.4
22,1497.4
11,1497.5
26,1497.6
10,1498.1
20,1498.1
9,1498.2
29,1498.5
24,1498.5
28,1498.5
16,1498.5
19,1498.6
27,1498.7
17,1498.7
2,1498.8
25,1499.0
0,1499.0
1,1499.0
18,1499.0
12,1503.8
11,1504.0
5,1504.1
22,1504.3
26,1504.3
21,1504.4
10,1504.9
9,1505.3
29,1506.4
16,1506.5
24,1506.6
27,1506.9
0,1507.0
19,1507.4
2,1507.8
28,1507.8
20,1507.8
25,1508.5
17,1508.7
12,1508.7
18,1508.7
11,1508.9
5,1509.6
26,1510.0
22,1510.5
21,1511.0
10,1511.0
1,1511.1
9,1511.8
4,1512.7
30,1513.3
11,1513.5
31,1513.7
23,1514.2
5,1514.9
29,1515.4
26,1515.6
13,1515.6
16,1515.8
0,1516.4
10,1517.2
22,1517.7
11,1518.0
24,1518.6
5,1520.2
27,1520.6
9,1520.8
26,1521.5
21,1521.9
12,1522.1
11,1522.5
5,1525.9
10,1525.9
12,1526.3
11,1527.1
26,1528.2
12,1530.7
11,1532.1
5,1532.4
12,1535.4
11,1537.6
12,1540.5
11,1543.6
12,1546.1
12,1552.2
11,1552.5
12,1561.8
12,1882.3
21,1882.5
22,1882.6
11,1882.7
5,1882.7
26,1882.8
9,1883.3
10,1883.3
20,1883.3
16,1883.6
24,1883.6
28,1883.7
29,1883.7
19,1883.8
27,1883.9
17,1884.0
2,1884.0
1,1884.1
0,1884.1
25,1884.1
18,1884.2
12,1888.7
11,1889.2
5,1889.4
21,1889.6
26,1889.6
22,1889.6
10,1890.2
9,1890.9
16,1891.6
29,1891.7
24,1891.8
27,1892.6
19,1892.8
0,1893.2
28,1893.2
25,1893.7
12,1893.7
20,1893.9
2,1894.0
11,1894.2
18,1894.2
17,1894.7
5,1895.1
26,1895.3
22,1895.9
1,1895.9
30,1896.0
10,1896.3
21,1896.5
4,1897.5
9,1897.6
8,1898.3
11,1898.9
6,1899.1
31,1899.9
13,1900.0
16,1900.6
5,1900.6
29,1900.7
26,1901.1
10,1902.7
11,1903.3
22,1904.2
24,1905.4
0,1906.2
5,1906.2
12,1907.1
26,1907.3
11,1907.8
9,1908.1
21,1909.5
12,1911.3
5,1912.4
11,1912.5
10,1912.7
12,1915.7
11,1917.5
26,1917.7
12,1920.5
5,1922.6
11,1923.1
12,1925.7
11,1929.4
12,1931.5
12,1938.3
11,1943.6
12,1962.1
21,1962.4
22,1962.5
5,1962.5
26,1962.6
11,1962.8
10,1963.1
20,1963.1
9,1963.2
24,1963.5
16,1963.5
29,1963.6
28,1963.6
19,1963.7
27,1963.7
17,1963.7
2,1963.8
25,1964.0
0,1964.0
18,1964.0
1,1964.0
12,1968.5
5,1969.2
11,1969.2
22,1969.3
26,1969.3
21,1969.4
10,1970.0
9,1970.6
16,1971.5
29,1971.5
24,1971.8
27,1971.9
19,1972.6
0,1972.7
20,1972.8
28,1973.1
2,1973.4
25,1973.4
12,1973.5
18,1973.7
17,1973.9
11,1974.1
5,1974.6
26,1975.0
22,1975.5
30,1975.6
1,1975.9
10,1976.0
21,1976.1
8,1976.6
4,1976.8
31,1977.3
9,1977.3
23,1977.7
13,1978.6
6,1978.6
11,1978.8
3,1979.9
5,1979.9
26,1980.6
29,1981.3
16,1981.8
10,1982.2
22,1982.8
11,1983.2
0,1984.3
24,1985.0
5,1985.3
26,1986.4
9,1986.5
21,1987.3
11,1987.6
10,1990.1
5,1991.0
12,1991.1
11,1992.2
26,1993.1
12,1995.2
11,1997.1
5,1997.3
12,1999.7
11,2002.5
12,2004.4
11,2008.4
12,2009.7
5,2011.2
12,2015.3
11,2015.7
12,2021.8
12,2042.1
21,2042.3
22,2042.5
5,2042.5
11,2042.6
26,2042.6
20,2043.1
10,2043.1
9,2043.2
24,2043.5
16,2043.5
28,2043.5
29,2043.6
27,2043.7
19,2043.7
17,2043.7
2,2043.8
18,2044.0
1,2044.0
25,2044.0
0,2044.0
12,2048.5
11,2049.0
5,2049.1
22,2049.3
26,2049.3
21,2049.4
10,2049.9
9,2050.3
16,2051.5
29,2051.5
24,2051.6
0,2051.9
27,2051.9
19,2052.6
20,2052.8
28,2052.8
2,2052.8
25,2053.3
12,2053.4
18,2053.7
17,2053.8
11,2053.9
5,2054.6
26,2055.0
22,2055.5
10,2055.9
1,2055.9
21,2056.0
9,2056.8
4,2057.2
11,2058.5
30,2059.0
31,2059.6
5,2059.8
16,2060.5
26,2060.6
29,2060.8
0,2061.0
10,2062.2
22,2062.7
24,2062.8
11,2063.0
27,2064.8
5,2065.2
9,2065.6
26,2066.4
21,2066.8
11,2067.4
10,2070.4
5,2070.8
12,2070.9
11,2072.0
26,2073.1
12,2075.2
11,2076.9
5,2077.2
12,2079.8
11,2082.3
12,2084.6
11,2088.2
12,2090.0
5,2090.1
11,2095.6
12,2095.8
12,2102.8
12,2122.0
21,2122.3
22,2122.4
5,2122.4
11,2122.5
26,2122.6
10,2123.1
20,2123.1
9,2123.1
16,2123.5
29,2123.5
24,2123.5
28,2123.5
19,2123.6
27,2123.7
17,2123.7
2,2123.8
0,2124.0
18,2124.0
1,2124.0
25,2124.0
12,2128.4
11,2128.9
5,2129.1
26,2129.3
22,2129.3
21,2129.4
10,2129.9
9,2130.3
29,2131.4
16,2131.5
24,2131.6
0,2131.9
27,2131.9
19,2132.4
28,2132.8
2,2132.8
20,2132.8
12,2133.3
25,2133.5
18,2133.6
17,2133.9
11,2133.9
5,2134.6
26,2135.0
22,2135.5
10,2135.9
21,2135.9
1,2136.0
9,2136.8
4,2138.1
11,2138.5
31,2138.5
30,2138.6
23,2139.0
8,2139.1
5,2139.8
29,2140.3
13,2140.4
26,2140.5
16,2141.4
0,2141.8
10,2142.2
22,2142.8
11,2143.0
24,2143.7
5,2145.1
27,2145.5
9,2145.9
26,2146.3
21,2146.6
11,2147.4
5,2150.7
10,2150.7
11,2151.9
26,2152.8
12,2155.0
11,2156.8
5,2156.9
12,2159.4
11,2162.1
12,2164.1
5,2167.8
11,2168.0
12,2169.3
12,2174.9
11,2175.2
12,2181.2
12,2193.1
12,2507.2
21,2507.5
5,2507.6
22,2507.6
11,2507.7
26,2507.8
9,2508.3
20,2508.3
10,2508.3
16,2508.6
24,2508.6
28,2508.7
29,2508.7
19,2508.8
27,2508.9
17,2509.0
2,2509.0
1,2509.1
0,2509.1
25,2509.1
18,2509.2
12,2513.7
11,2514.2
5,2514.4
22,2514.6
21,2514.6
26,2514.6
10,2515.2
9,2515.8
16,2516.6
29,2516.7
24,2516.8
27,2517.6
19,2517.8
28,2518.2
0,2518.2
12,2518.6
25,2518.7
20,2518.9
2,2519.0
11,2519.1
18,2519.2
17,2519.7
5,2520.0
26,2520.3
1,2520.9
22,2520.9
30,2521.1
10,2521.3
21,2521.5
9,2522.6
4,2522.6
8,2523.5
11,2523.8
13,2524.6
31,2524.8
5,2525.4
26,2526.0
16,2526.5
29,2526.8
10,2527.7
11,2528.2
22,2529.3
24,2529.6
0,2530.3
5,2530.9
12,2532.0
26,2532.2
11,2532.6
9,2532.9
21,2534.5
12,2536.2
5,2536.9
11,2537.2
10,2537.3
12,2540.6
26,2541.2
11,2542.2
5,2544.6
12,2545.3
11,2547.6
12,2550.6
11,2553.7
12,2556.3
12,2563.3
11,2564.5
12,2587.1
21,2587.3
5,2587.5
22,2587.5
11,2587.6
26,2587.6
10,2588.1
20,2588.1
9,2588.1
24,2588.5
16,2588.5
29,2588.6
28,2588.6
27,2588.7
19,2588.7
17,2588.7
2,2588.8
0,2589.0
18,2589.0
25,2589.0
1,2589.0
12,2593.5
11,2594.0
5,2594.1
22,2594.3
26,2594.3
21,2594.4
10,2595.0
9,2595.6
29,2596.5
16,2596.6
24,2596.8
27,2596.9
19,2597.6
0,2597.7
20,2597.8
28,2598.1
12,2598.4
25,2598.4
2,2598.4
18,2598.8
17,2598.9
11,2598.9
5,2599.6
26,2600.0
22,2600.5
30,2600.6
1,2601.0
10,2601.0
21,2601.1
4,2601.5
8,2601.6
31,2602.2
9,2602.3
23,2602.8
11,2603.6
6,2603.7
13,2604.4
5,2604.8
26,2605.5
16,2606.6
29,2606.6
10,2607.1
22,2607.8
11,2608.0
0,2608.9
5,2610.1
24,2610.2
26,2611.3
9,2611.4
21,2612.3
11,2612.4
10,2614.9
5,2615.8
11,2616.8
26,2617.8
12,2620.1
11,2621.6
5,2622.0
12,2624.4
11,2626.8
12,2629.0
11,2632.4
12,2633.9
5,2634.1
11,2638.9
12,2639.4
12,2645.3
12,2653.1
12,2667.3
21,2667.3
5,2667.4
22,2667.5
26,2667.6
11,2667.6
20,2668.1
9,2668.1
10,2668.1
28,2668.5
24,2668.5
16,2668.5
29,2668.6
27,2668.7
19,2668.7
17,2668.7
2,2668.8
0,2669.0
1,2669.0
18,2669.0
25,2669.0
12,2673.6
11,2674.0
5,2674.1
26,2674.3
22,2674.3
21,2674.4
10,2674.9
9,2675.3
16,2676.5
29,2676.5
24,2676.6
27,2676.9
0,2676.9
19,2677.6
20,2677.7
2,2677.8
28,2677.8
25,2678.3
12,2678.6
18,2678.7
17,2678.8
11,2678.9
5,2679.5
26,2680.0
22,2680.5
21,2680.9
10,2680.9
1,2681.0
9,2681.8
4,2682.5
11,2683.5
30,2684.0
5,2684.7
8,2684.8
31,2685.0
13,2685.2
26,2685.5
16,2685.8
29,2685.9
0,2686.6
10,2687.1
24,2687.5
22,2687.8
11,2687.9
5,2690.0
27,2690.0
9,2690.5
21,2691.2
26,2691.3
11,2692.3
10,2695.2
5,2695.5
12,2696.1
11,2696.8
26,2697.8
12,2700.4
11,2701.6
5,2701.7
12,2704.9
11,2706.9
12,2709.8
5,2711.1
11,2712.6
12,2715.2
11,2719.3
12,2721.1
12,2728.4
12,2747.1
21,2747.3
22,2747.4
5,2747.4
11,2747.5
26,2747.6
10,2748.1
20,2748.1
9,2748.2
28,2748.5
16,2748.5
29,2748.5
24,2748.5
19,2748.6
27,2748.7
17,2748.7
2,2748.8
18,2749.0
25,2749.0
1,2749.0
0,2749.0
12,2753.4
11,2753.9
5,2754.0
26,2754.3
22,2754.3
21,2754.4
10,2754.9
9,2755.3
29,2756.4
16,2756.5
24,2756.7
27,2756.9
0,2757.0
19,2757.4
2,2757.8
28,2757.8
20,2757.9
12,2758.4
25,2758.5
18,2758.7
17,2758.8
11,2758.8
5,2759.5
26,2760.0
22,2760.5
10,2760.9
21,2761.0
1,2761.1
9,2761.8
4,2762.7
11,2763.5
30,2763.8
31,2764.0
8,2764.3
5,2764.6
13,2764.8
29,2765.4
26,2765.5
16,2765.8
0,2766.3
10,2767.2
22,2767.8
11,2767.9
24,2769.5
5,2769.7
9,2770.9
26,2771.2
21,2771.7
11,2772.3
5,2775.2
10,2775.4
11,2776.7
26,2777.6
12,2780.1
5,2781.1
11,2781.5
12,2784.3
11,2786.7
12,2788.8
5,2788.8
26,2791.4
11,2792.3
12,2793.7
11,2798.9
12,2799.0
12,2804.9
12,2811.9
12,3132.2
21,3132.5
5,3132.6
22,3132.6
11,3132.7
26,3132.8
20,3133.3
9,3133.3
10,3133.3
24,3133.6
16,3133.6
28,3133.7
29,3133.7
19,3133.8
27,3133.9
2,3134.0
17,3134.0
1,3134.1
25,3134.1
0,3134.1
18,3134.2
12,3138.7
11,3139.1
5,3139.3
26,3139.6
21,3139.6
22,3139.6
10,3140.2
9,3140.8
16,3141.7
29,3141.7
24,3141.9
27,3142.6
19,3142.8
28,3143.2
0,3143.2
12,3143.6
25,3143.8
20,3143.9
2,3144.0
11,3144.1
18,3144.2
17,3144.7
5,3144.9
26,3145.3
22,3145.9
1,3146.0
30,3146.1
10,3146.3
21,3146.5
4,3147.5
9,3147.6
8,3148.5
11,3148.7
13,3149.6
31,3149.8
5,3150.2
26,3151.0
16,3151.5
29,3151.8
10,3152.6
11,3153.2
22,3154.3
24,3154.7
0,3155.3
5,3155.7
26,3157.0
11,3157.5
9,3157.9
21,3159.4
12,3161.1
5,3161.5
11,3162.0
10,3162.1
26,3165.2
12,3165.4
11,3166.8
5,3168.3
12,3170.0
11,3172.1
12,3175.0
11,3178.0
12,3180.6
11,3185.8
12,3186.9
12,3201.1
21,3212.3
12,3212.5
5,3212.5
22,3212.5
11,3212.6
26,3212.6
10,3213.1
20,3213.1
9,3213.2
16,3213.5
24,3213.5
28,3213.6
29,3213.6
27,3213.7
17,3213.7
19,3213.7
2,3213.8
25,3214.0
0,3214.0
18,3214.0
1,3214.0
12,3218.8
11,3219.0
5,3219.1
26,3219.3
22,3219.3
21,3219.4
10,3220.0
9,3220.6
29,3221.5
16,3221.6
24,3221.8
27,3221.9
19,3222.6
0,3222.7
20,3222.9
28,3223.1
25,3223.4
2,3223.4
18,3223.8
12,3223.8
17,3223.9
11,3223.9
5,3224.5
26,3224.9
22,3225.5
30,3225.7
10,3225.9
1,3226.0
21,3226.1
4,3226.6
8,3226.6
31,3227.2
9,3227.3
23,3227.7
11,3228.6
6,3228.8
13,3229.2
5,3229.7
26,3230.4
16,3231.6
29,3231.7
10,3232.1
22,3232.8
11,3233.0
0,3234.1
24,3234.7
5,3234.9
26,3236.1
9,3236.4
21,3237.3
11,3237.3
10,3239.7
5,3240.5
11,3241.7
26,3242.5
12,3245.5
11,3246.3
5,3246.6
12,3249.9
11,3251.3
12,3254.6
26,3255.4
5,3255.5
11,3256.8
12,3259.7
11,3262.9
12,3265.3
12,3271.5
11,3272.8
12,3282.2
21,3292.3
5,3292.4
12,3292.4
22,3292.5
26,3292.6
11,3292.6
10,3293.1
9,3293.1
20,3293.1
24,3293.5
16,3293.5
28,3293.5
29,3293.6
19,3293.7
27,3293.7
17,3293.7
2,3293.8
25,3294.0
18,3294.0
1,3294.0
0,3294.0
12,3298.7
11,3299.0
5,3299.1
26,3299.3
22,3299.3
21,3299.4
10,3299.9
9,3300.3
29,3301.5
16,3301.5
24,3301.6
27,3301.9
0,3302.0
19,3302.5
20,3302.7
28,3302.8
2,3302.8
25,3303.4
12,3303.6
18,3303.7
11,3303.9
17,3303.9
5,3304.5
26,3304.9
22,3305.5
10,3305.9
1,3306.0
21,3306.0
9,3306.8
4,3307.4
11,3308.6
30,3308.9
31,3309.6
5,3309.6
16,3310.1
26,3310.4
29,3310.7
0,3311.7
10,3312.1
22,3312.8
11,3313.0
24,3313.2
5,3314.8
27,3315.1
9,3315.5
26,3316.2
21,3316.9
11,3317.3
10,3320.0
5,3320.3
12,3321.3
11,3321.7
26,3322.6
12,3325.3
5,3326.3
11,3326.4
12,3329.7
11,3331.4
12,3334.5
5,3334.7
26,3336.1
11,3337.0
12,3339.6
11,3343.3
12,3345.3
12,3351.6
11,3356.3
12,3365.0
21,3372.3
12,3372.4
5,3372.4
22,3372.4
26,3372.6
11,3372.7
9,3373.1
10,3373.1
20,3373.1
16,3373.5
24,3373.5
29,3373.5
28,3373.5
19,3373.6
27,3373.7
17,3373.7
2,3373.8
18,3374.0
0,3374.0
1,3374.0
25,3374.0
12,3378.3
5,3379.0
11,3379.1
26,3379.3
22,3379.3
21,3379.4
10,3379.9
9,3380.3
29,3381.4
16,3381.5
24,3381.6
27,3381.9
0,3382.0
19,3382.4
28,3382.8
2,3382.8
20,3382.9
12,3383.3
25,3383.6
18,3383.7
17,3383.8
11,3384.0
5,3384.4
26,3384.9
22,3385.5
21,3385.9
10,3385.9
1,3386.1
9,3386.8
4,3388.3
30,3388.6
11,3388.7
31,3389.5
5,3389.5
29,3390.3
26,3390.4
13,3390.5
0,3390.8
16,3390.8
3,3391.2
10,3392.1
22,3392.7
11,3393.1
24,3393.8
5,3394.7
9,3395.9
26,3396.1
19,3396.5
21,3396.6
11,3397.4
5,3400.2
10,3400.3
11,3401.9
26,3402.4
12,3404.8
5,3406.1
11,3406.6
12,3409.0
11,3411.8
12,3413.5
5,3414.0
26,3414.2
11,3417.5
12,3418.4
12,3423.8
11,3424.1
12,3429.8
12,3437.4
12,3757.5
22,3757.6
5,3757.6
21,3757.8
26,3757.8
11,3757.9
20,3758.1
9,3758.3
10,3758.3
16,3758.6
24,3758.6
29,3758.7
19,3758.8
27,3758.9
17,3759.0
2,3759.0
25,3759.1
1,3759.1
0,3759.1
18,3759.2
15,3759.5
6,3759.5
28,3759.7
12,3764.1
5,3764.3
11,3764.4
26,3764.6
22,3764.6
10,3765.2
20,3765.7
9,3765.9
29,3766.6
16,3766.6
24,3766.9
27,3767.6
21,3767.6
19,3767.8
0,3768.3
25,3769.0
18,3769.2
2,3769.2
11,3769.5
12,3769.5
5,3769.9
17,3770.2
26,3770.3
15,3770.8
22,3770.9
1,3771.0
10,3771.3
6,3771.8
20,3772.2
4,3772.6
9,3772.6
30,3773.1
28,3773.3
14,3773.7
11,3774.3
12,3774.4
5,3775.0
26,3776.0
29,3776.0
16,3776.3
10,3777.5
11,3778.9
22,3779.1
20,3779.2
12,3779.4
5,3780.2
24,3780.3
0,3781.4
26,3782.1
9,3782.2
15,3783.2
11,3783.5
12,3784.7
5,3785.7
10,3785.8
11,3788.4
12,3790.5
26,3790.9
5,3791.8
11,3793.7
12,3797.2
11,3799.6
5,3801.4
11,3807.2
12,3837.3
22,3837.5
5,3837.5
26,3837.6
21,3837.7
11,3837.8
20,3837.9
9,3838.1
10,3838.1
16,3838.5
24,3838.5
29,3838.6
19,3838.7
17,3838.7
27,3838.7
2,3838.8
1,3839.0
18,3839.0
25,3839.0
0,3839.0
15,3839.3
6,3839.3
28,3839.5
12,3844.0
5,3844.1
22,3844.3
11,3844.3
26,3844.3
10,3845.0
20,3845.4
9,3845.6
16,3846.5
29,3846.5
24,3846.8
27,3847.0
21,3847.2
19,3847.7
0,3847.8
2,3848.6
18,3848.7
25,3848.7
11,3849.2
12,3849.2
17,3849.4
5,3849.5
15,3849.9
26,3850.0
22,3850.4
6,3850.8
30,3850.8
10,3850.9
7,3851.0
1,3851.3
20,3851.6
4,3852.2
9,3852.2
8,3852.4
28,3852.4
31,3853.7
11,3853.9
23,3854.0
12,3854.0
5,3854.5
26,3855.5
16,3856.4
29,3856.6
10,3856.9
22,3857.5
20,3858.1
11,3858.5
12,3858.9
5,3859.6
0,3859.9
24,3860.2
9,3860.3
26,3861.3
15,3861.8
11,3863.0
12,3863.9
10,3864.0
5,3865.1
11,3867.7
20,3867.9
26,3867.9
12,3869.3
5,3870.9
11,3872.7
12,3875.3
5,3878.1
11,3878.3
12,3883.2
11,3884.6
11,3898.9
12,3917.3
5,3917.4
22,3917.5
26,3917.6
21,3917.6
11,3917.9
20,3917.9
9,3918.1
10,3918.1
16,3918.5
24,3918.5
29,3918.6
17,3918.7
27,3918.7
19,3918.7
2,3918.9
1,3919.0
0,3919.0
25,3919.0
18,3919.0
6,3919.3
15,3919.3
28,3919.5
12,3924.0
5,3924.1
26,3924.3
22,3924.3
11,3924.4
10,3924.9
9,3925.3
20,3925.3
16,3926.5
29,3926.5
24,3926.7
21,3926.9
0,3927.1
27,3927.1
19,3927.6
2,3928.0
18,3928.6
25,3928.7
12,3929.2
17,3929.3
11,3929.4
5,3929.4
26,3930.0
15,3930.2
22,3930.4
10,3930.9
1,3931.2
6,3931.4
20,3931.6
9,3931.7
4,3932.7
28,3932.9
12,3934.0
11,3934.1
5,3934.5
16,3935.1
26,3935.5
29,3936.0
0,3936.5
10,3936.9
22,3937.5
20,3938.1
24,3938.5
11,3938.6
12,3938.9
5,3939.6
9,3939.8
26,3941.3
15,3942.2
11,3943.2
12,3944.1
10,3944.1
5,3945.0
11,3948.0
26,3948.0
20,3948.7
12,3949.6
5,3950.8
11,3953.2
12,3955.8
5,3957.9
11,3958.9
11,3965.5
12,3967.6
12,3997.3
22,3997.4
5,3997.4
26,3997.6
21,3997.6
11,3997.8
20,3997.9
10,3998.1
9,3998.1
29,3998.5
24,3998.5
16,3998.5
19,3998.6
27,3998.7
17,3998.7
2,3998.8
18,3999.0
1,3999.0
0,3999.0
25,3999.0
6,3999.3
15,3999.3
28,3999.5
12,4003.9
5,4004.0
11,4004.2
26,4004.3
22,4004.3
10,4004.9
9,4005.3
20,4005.3
29,4006.3
16,4006.5
24,4006.7
21,4007.0
27,4007.0
0,4007.1
19,4007.5
2,4008.0
18,4008.6
25,4008.8
12,4009.1
17,4009.2
11,4009.2
5,4009.4
26,4010.0
15,4010.3
22,4010.4
10,4010.9
1,4011.3
6,4011.5
20,4011.7
9,4011.8
28,4013.0
4,4013.3
12,4014.0
11,4014.0
5,4014.4
26,4015.5
29,4015.6
16,4015.6
10,4016.9
0,4017.3
22,4017.4
20,4018.5
11,4018.5
12,4018.8
5,4019.5
24,4019.6
9,4020.5
26,4021.3
15,4022.5
11,4023.1
12,4023.9
10,4024.2
5,4024.9
26,4027.8
11,4027.9
12,4029.4
5,4030.7
20,4031.0
11,4033.1
12,4035.4
5,4037.6
11,4038.9
12,4044.6
11,4045.6
12,4382.5
22,4382.6
5,4382.6
9,4382.8
24,4382.8
4,4382.9
21,4382.9
26,4383.0
20,4383.1
11,4383.1
28,4383.4
16,4383.6
29,4383.7
10,4383.7
19,4383.8
2,4384.0
17,4384.0
1,4384.1
0,4384.1
25,4384.1
18,4384.2
6,4384.4
15,4384.4
12,4389.1
5,4389.3
22,4389.6
24,4389.7
11,4390.1
26,4390.2
9,4390.4
20,4390.7
16,4391.6
29,4391.7
10,4391.7
4,4392.3
19,4392.8
21,4392.8
0,4393.4
28,4393.7
25,4394.0
2,4394.2
18,4394.2
12,4394.5
17,4394.9
5,4394.9
27,4395.1
11,4395.9
22,4396.0
1,4396.1
24,4396.2
8,4396.4
15,4396.5
3,4396.7
6,4396.7
26,4397.0
13,4397.1
20,4397.3
9,4397.3
12,4399.4
10,4399.6
5,4400.1
31,4400.3
11,4401.8
16,4402.0
29,4402.2
12,4404.4
22,4404.6
20,4404.6
24,4405.1
5,4405.4
0,4405.9
28,4406.1
26,4406.9
11,4408.2
9,4408.4
12,4409.7
15,4409.7
5,4411.1
12,4415.4
5,4417.5
11,4420.9
12,4422.2
12,4462.3
5,4462.5
22,4462.5
21,4462.6
9,4462.7
24,4462.7
26,4462.8
4,4462.8
20,4462.9
11,4463.0
28,4463.3
16,4463.5
29,4463.6
10,4463.6
19,4463.7
17,4463.7
2,4463.9
25,4464.0
18,4464.0
1,4464.0
0,4464.0
15,4464.3
6,4464.3
12,4469.0
5,4469.1
22,4469.4
24,4469.6
26,4469.9
11,4469.9
9,4470.2
20,4470.4
10,4471.3
16,4471.5
29,4471.6
4,4471.9
21,4472.1
19,4472.5
0,4472.9
28,4473.2
25,4473.7
2,4473.7
18,4473.8
17,4474.2
12,4474.2
5,4474.5
27,4474.8
15,4475.1
22,4475.6
24,4475.7
11,4475.8
6,4475.8
3,4475.8
1,4476.5
26,4476.6
30,4476.7
20,4476.7
9,4476.9
8,4476.9
10,4478.8
31,4478.9
12,4479.0
5,4479.6
11,4481.5
16,4482.1
29,4482.2
24,4482.8
22,4483.2
20,4483.5
12,4483.8
5,4484.8
0,4484.8
26,4485.5
28,4485.6
9,4485.7
15,4487.2
11,4487.5
12,4488.9
5,4490.3
12,4494.4
11,4495.6
5,4496.3
20,4496.5
12,4500.6
5,4504.7
12,4512.2
12,4542.3
5,4542.4
22,4542.5
21,4542.6
9,4542.7
24,4542.7
4,4542.8
26,4542.8
20,4542.9
11,4543.0
28,4543.3
16,4543.5
10,4543.6
29,4543.6
19,4543.7
17,4543.7
2,4543.8
18,4544.0
1,4544.0
25,4544.0
0,4544.0
15,4544.3
6,4544.3
12,4549.0
5,4549.1
22,4549.3
24,4549.6
11,4549.8
26,4549.9
9,4550.0
20,4550.3
10,4551.0
29,4551.5
16,4551.5
4,4551.8
21,4552.0
0,4552.1
19,4552.4
2,4553.0
28,4553.2
18,4553.6
25,4553.7
17,4554.1
12,4554.2
5,4554.5
15,4555.3
22,4555.6
11,4555.6
24,4555.8
27,4556.0
6,4556.2
1,4556.3
26,4556.6
9,4556.7
3,4556.7
20,4556.7
10,4558.4
12,4559.1
5,4559.5
11,4561.3
16,4562.0
29,4562.3
0,4562.5
24,4563.1
22,4563.2
20,4563.6
12,4564.0
5,4564.7
28,4565.2
26,4565.4
9,4566.3
11,4567.4
15,4567.5
12,4569.3
5,4570.2
12,4574.9
5,4576.1
11,4576.5
20,4577.4
12,4581.4
5,4584.0
12,4622.3
5,4622.4
22,4622.4
21,4622.6
24,4622.7
9,4622.7
26,4622.8
4,4622.8
20,4622.9
11,4623.0
28,4623.3
29,4623.5
16,4623.5
10,4623.6
19,4623.6
17,4623.7
2,4623.8
25,4624.0
18,4624.0
0,4624.0
1,4624.0
6,4624.2
15,4624.3
12,4628.9
5,4629.0
22,4629.3
24,4629.6
11,4629.8
26,4629.9
9,4630.0
20,4630.4
10,4631.0
29,4631.4
16,4631.5
4,4631.8
21,4632.0
0,4632.1
19,4632.4
2,4633.0
28,4633.2
18,4633.6
25,4633.8
12,4634.1
17,4634.3
5,4634.4
15,4635.4
22,4635.5
11,4635.6
24,4635.8
1,4636.3
6,4636.4
26,4636.5
9,4636.6
20,4636.7
27,4636.9
3,4637.3
10,4638.4
12,4639.0
30,4639.5
5,4639.5
29,4641.0
11,4641.3
0,4641.8
16,4642.2
24,4643.0
22,4643.2
20,4643.5
12,4644.0
5,4644.6
26,4645.3
28,4645.6
9,4646.2
11,4647.5
15,4647.8
12,4649.2
5,4650.1
12,4654.8
5,4656.1
20,4656.8
11,4657.4
12,4661.3
5,4664.1
12,5007.5
24,5007.8
9,5007.8
21,5007.8
4,5007.9
18,5008.0
26,5008.0
11,5008.1
20,5008.1
5,5008.2
28,5008.4
16,5008.6
29,5008.7
10,5008.7
22,5008.7
19,5008.8
17,5009.0
2,5009.0
1,5009.1
30,5009.1
0,5009.1
25,5009.1
6,5009.4
15,5009.4
12,5014.1
24,5014.7
11,5015.1
18,5015.1
26,5015.2
5,5015.3
9,5015.4
20,5015.7
16,5016.7
10,5016.7
29,5016.7
22,5016.9
4,5017.2
19,5017.6
21,5017.6
0,5018.2
28,5018.4
2,5019.0
25,5019.0
12,5019.4
30,5019.4
17,5019.5
27,5019.7
11,5020.9
15,5021.0
24,5021.0
1,5021.1
5,5021.5
26,5021.7
18,5021.7
31,5021.8
9,5022.0
14,5022.1
20,5022.3
6,5022.4
13,5022.4
8,5023.1
12,5024.3
10,5024.8
11,5026.7
16,5026.7
5,5028.1
29,5028.1
12,5029.2
24,5029.3
20,5029.8
26,5029.9
22,5030.2
28,5030.2
9,5030.6
0,5031.2
11,5032.7
18,5033.3
15,5033.5
12,5034.4
12,5040.0
11,5040.6
5,5040.8
12,5046.3
12,5087.3
21,5087.6
9,5087.7
24,5087.7
4,5087.8
26,5087.8
18,5087.8
20,5087.9
11,5088.0
5,5088.1
28,5088.3
16,5088.5
22,5088.6
10,5088.6
29,5088.6
17,5088.7
19,5088.7
2,5088.8
30,5088.8
25,5089.0
1,5089.0
0,5089.0
6,5089.3
15,5089.3
12,5094.0
24,5094.6
18,5094.8
26,5094.9
11,5094.9
5,5095.0
9,5095.2
20,5095.4
10,5096.3
29,5096.5
16,5096.5
4,5096.7
22,5096.9
21,5097.0
19,5097.2
0,5097.8
28,5097.9
2,5098.5
17,5098.7
25,5098.7
30,5098.8
12,5099.1
27,5099.7
15,5100.0
11,5100.7
24,5100.8
5,5101.0
18,5101.1
26,5101.3
6,5101.4
9,5101.5
1,5101.5
20,5101.8
14,5102.0
13,5102.2
12,5103.9
10,5104.0
3,5104.7
11,5106.2
29,5106.4
16,5106.7
5,5107.6
24,5108.4
20,5108.6
12,5108.7
9,5108.8
26,5108.9
0,5109.0
28,5109.6
18,5110.0
11,5112.0
15,5112.0
12,5113.6
11,5118.4
12,5118.9
5,5119.6
20,5121.5
12,5124.7
12,5131.8
11,5131.8
12,5167.3
21,5167.6
9,5167.7
24,5167.7
4,5167.8
26,5167.8
18,5167.8
20,5167.9
11,5168.0
5,5168.1
28,5168.3
16,5168.5
10,5168.6
22,5168.6
29,5168.6
19,5168.7
17,5168.7
2,5168.8
30,5168.8
1,5169.0
25,5169.0
0,5169.0
6,5169.3
15,5169.3
12,5174.0
24,5174.6
18,5174.8
11,5174.8
5,5174.9
26,5174.9
9,5175.0
20,5175.3
10,5176.0
16,5176.4
29,5176.5
4,5176.7
22,5176.8
21,5176.9
0,5177.1
19,5177.2
2,5177.9
28,5178.0
25,5178.7
17,5178.8
30,5178.8
12,5179.1
15,5180.2
11,5180.5
24,5180.8
27,5180.9
5,5181.0
26,5181.3
1,5181.3
18,5181.3
9,5181.5
20,5181.8
6,5181.9
10,5183.5
12,5184.0
11,5186.0
16,5186.2
0,5186.5
29,5187.0
5,5187.4
24,5188.3
20,5188.7
12,5188.8
26,5189.2
28,5189.6
9,5189.8
22,5190.5
4,5190.8
18,5191.1
11,5191.8
15,5192.2
12,5193.9
11,5198.2
5,5198.5
12,5199.3
20,5201.6
12,5205.4
11,5212.3
12,5214.2
12,5247.3
21,5247.6
9,5247.7
24,5247.7
4,5247.8
26,5247.8
18,5247.8
20,5247.9
5,5248.0
11,5248.0
28,5248.3
22,5248.4
16,5248.5
29,5248.5
10,5248.6
19,5248.6
17,5248.7
30,5248.8
2,5248.8
0,5249.0
1,5249.0
25,5249.0
6,5249.3
15,5249.3
12,5253.9
24,5254.6
11,5254.8
18,5254.8
5,5254.9
26,5254.9
9,5255.0
20,5255.3
10,5256.0
29,5256.4
16,5256.4
22,5256.6
4,5256.7
21,5256.9
0,5257.1
19,5257.2
28,5257.9
2,5257.9
17,5258.8
25,5258.9
30,5259.0
12,5259.1
15,5260.3
11,5260.5
24,5260.8
5,5261.0
18,5261.3
1,5261.3
26,5261.4
9,5261.5
20,5261.7
6,5262.0
27,5262.4
10,5263.6
12,5263.9
13,5265.1
11,5266.2
16,5266.4
29,5266.5
0,5267.0
5,5267.6
24,5268.4
20,5268.5
12,5268.8
28,5269.5
22,5269.5
26,5269.7
9,5270.1
18,5271.7
11,5272.1
15,5272.5
12,5273.8
11,5279.2
12,5279.3
5,5280.4
20,5281.3
12,5285.4
12,5294.8
24,5632.3
9,5632.3
18,5632.5
26,5632.6
12,5632.7
19,5632.9
4,5632.9
21,5632.9
16,5633.0
20,5633.1
8,5633.3
28,5633.4
11,5633.5
14,5633.5
10,5633.7
30,5633.9
5,5634.0
17,5634.0
2,5634.0
0,5634.1
25,5634.1
1,5634.1
15,5634.4
6,5634.4
24,5638.9
9,5639.1
18,5639.2
26,5639.4
12,5639.9
16,5640.1
20,5640.7
10,5641.7
11,5641.8
19,5642.2
4,5642.2
21,5642.8
5,5642.9
0,5642.9
28,5643.4
27,5643.5
2,5643.6
8,5643.8
25,5643.8
30,5643.8
14,5644.5
24,5644.5
9,5644.7
17,5644.8
18,5644.9
26,5645.2
31,5645.2
29,5645.5
1,5645.7
15,5645.8
12,5646.0
6,5647.0
16,5647.0
20,5647.4
11,5649.3
10,5649.8
9,5650.0
23,5650.0
24,5650.2
18,5650.8
26,5651.0
12,5652.6
0,5654.3
20,5654.8
28,5655.4
9,5655.5
5,5656.0
24,5656.2
26,5657.3
18,5657.8
15,5658.1
16,5659.3
11,5660.5
9,5661.4
24,5663.8
12,5664.7
26,5667.2
9,5669.0
24,5712.2
9,5712.2
26,5712.4
18,5712.4
12,5712.5
21,5712.6
4,5712.8
19,5712.8
16,5712.9
20,5712.9
8,5713.2
28,5713.3
14,5713.4
11,5713.4
10,5713.6
17,5713.7
2,5713.8
30,5713.8
5,5713.9
0,5714.0
1,5714.0
25,5714.0
15,5714.3
6,5714.3
24,5718.8
9,5719.0
18,5719.1
26,5719.2
12,5719.6
16,5720.0
20,5720.4
11,5721.4
10,5721.4
19,5721.7
4,5721.8
5,5721.8
21,5721.9
0,5722.5
28,5722.9
27,5723.1
2,5723.1
8,5723.4
30,5723.4
25,5723.7
17,5724.1
24,5724.2
14,5724.2
9,5724.5
15,5724.7
18,5724.8
26,5724.9
31,5725.5
12,5725.7
1,5726.0
6,5726.2
16,5726.5
20,5726.9
11,5728.7
10,5729.4
24,5729.5
9,5729.7
29,5730.2
26,5730.5
18,5730.6
12,5732.1
0,5732.5
5,5733.4
20,5734.2
28,5734.7
24,5735.1
16,5735.2
9,5735.2
15,5736.2
26,5736.3
18,5737.3
11,5739.1
9,5740.9
24,5741.1
12,5741.8
26,5743.0
9,5747.6
24,5748.9
24,5792.1
9,5792.1
18,5792.3
26,5792.4
12,5792.5
21,5792.6
19,5792.7
4,5792.8
16,5792.8
20,5792.9
8,5793.1
14,5793.2
28,5793.3
11,5793.4
10,5793.6
17,5793.7
2,5793.8
30,5793.8
5,5793.8
1,5794.0
0,5794.0
25,5794.0
15,5794.3
6,5794.3
24,5798.7
9,5798.9
18,5799.0
26,5799.2
12,5799.5
16,5799.8
20,5800.4
11,5800.8
10,5801.1
19,5801.6
4,5801.7
21,5801.9
0,5801.9
5,5801.9
2,5802.6
28,5802.9
8,5803.3
30,5803.4
27,5803.5
25,5803.7
24,5804.1
17,5804.1
14,5804.1
9,5804.4
18,5804.7
26,5804.9
15,5805.1
12,5805.6
1,5805.9
16,5806.3
6,5806.6
20,5806.8
11,5807.7
10,5808.8
24,5809.5
9,5809.6
26,5810.4
18,5810.5
0,5811.8
12,5812.2
5,5813.9
20,5814.0
28,5814.6
24,5815.0
9,5815.1
16,5815.8
26,5816.3
11,5817.0
15,5817.0
18,5817.0
24,5820.8
9,5820.9
26,5823.1
12,5823.8
9,5827.6
24,5828.0
18,5831.2
9,5872.1
24,5872.1
18,5872.3
26,5872.4
12,5872.5
19,5872.7
21,5872.7
4,5872.8
16,5872.8
20,5872.9
8,5873.1
28,5873.3
14,5873.3
11,5873.4
10,5873.6
17,5873.7
5,5873.8
30,5873.8
2,5873.8
0,5874.0
1,5874.0
25,5874.0
15,5874.3
6,5874.3
24,5878.7
9,5878.9
18,5879.0
26,5879.2
12,5879.5
16,5879.8
20,5880.4
11,5880.9
10,5881.1
19,5881.6
4,5881.8
0,5881.9
5,5881.9
21,5882.1
2,5882.7
28,5883.0
8,5883.4
30,5883.6
25,5883.8
27,5884.0
24,5884.1
17,5884.1
14,5884.3
9,5884.4
18,5884.7
26,5884.9
15,5885.2
12,5885.6
1,5886.0
16,5886.4
6,5886.7
20,5886.9
11,5887.8
10,5888.8
24,5889.4
9,5889.7
26,5890.4
18,5890.5
0,5890.8
12,5892.2
5,5893.7
20,5894.0
28,5894.7
24,5894.9
9,5895.1
26,5896.3
16,5896.6
18,5897.0
11,5897.1
15,5897.3
24,5900.8
9,5901.0
26,5902.9
12,5903.9
24,5907.9
9,5907.9
18,5911.0
9,6257.3
24,6257.3
18,6257.5
26,6257.6
16,6257.7
12,6257.7
21,6257.8
4,6257.9
19,6257.9
0,6258.0
20,6258.1
8,6258.3
14,6258.5
11,6258.5
28,6258.5
10,6258.7
2,6259.0
17,6259.0
30,6259.0
1,6259.1
25,6259.1
15,6259.4
6,6259.4
24,6263.9
9,6264.1
18,6264.2
26,6264.4
16,6264.5
12,6264.9
0,6265.3
20,6265.7
10,6266.7
11,6266.9
4,6267.2
19,6267.2
21,6267.6
25,6268.5
28,6268.6
2,6268.7
30,6268.9
8,6268.9
27,6268.9
24,6269.5
14,6269.5
9,6269.7
18,6269.9
17,6270.0
13,6270.0
26,6270.2
16,6270.4
1,6270.5
15,6271.0
12,6271.1
0,6271.6
31,6271.8
6,6272.0
20,6272.3
23,6273.2
11,6274.3
24,6275.1
9,6275.1
10,6275.5
26,6275.8
18,6275.8
16,6276.6
12,6277.7
0,6278.5
20,6279.5
9,6280.9
28,6280.9
24,6281.1
26,6282.0
18,6282.6
15,6283.4
16,6285.4
11,6285.8
9,6287.2
24,6288.4
12,6290.1
26,6290.8
9,6301.2
24,6337.2
9,6337.2
18,6337.4
26,6337.4
12,6337.5
16,6337.6
21,6337.6
4,6337.8
19,6337.8
20,6337.9
0,6337.9
8,6338.2
28,6338.3
14,6338.3
11,6338.4
10,6338.6
17,6338.7
2,6338.8
30,6338.8
25,6339.0
1,6339.0
15,6339.3
6,6339.3
24,6343.8
9,6344.0
18,6344.1
26,6344.2
16,6344.3
12,6344.6
0,6345.1
20,6345.4
11,6346.4
10,6346.4
4,6346.7
19,6346.8
21,6346.9
28,6347.9
2,6348.1
30,6348.2
8,6348.4
25,6348.4
27,6349.0
14,6349.1
24,6349.2
17,6349.3
9,6349.5
18,6349.7
15,6349.8
26,6349.9
16,6350.2
1,6350.7
12,6350.7
6,6351.2
0,6351.3
20,6351.8
31,6352.0
23,6353.1
11,6353.7
24,6354.6
10,6354.9
9,6354.9
29,6355.1
26,6355.4
18,6355.5
16,6356.2
12,6357.1
0,6357.8
20,6358.8
28,6359.8
24,6360.1
9,6360.5
26,6361.2
15,6361.5
18,6361.8
16,6363.3
11,6364.8
24,6366.1
9,6366.5
12,6367.0
26,6367.9
0,6368.4
20,6372.6
18,6372.8
24,6373.7
9,6374.9
9,6417.1
24,6417.1
18,6417.3
26,6417.4
16,6417.5
12,6417.5
21,6417.6
19,6417.7
4,6417.8
0,6417.8
20,6417.9
8,6418.1
14,6418.2
28,6418.3
11,6418.4
10,6418.6
17,6418.7
30,6418.8
2,6418.8
1,6419.0
25,6419.0
6,6419.3
15,6419.3
24,6423.7
9,6423.9
18,6424.0
16,6424.2
26,6424.2
12,6424.5
0,6424.9
20,6425.3
11,6425.9
10,6426.1
19,6426.6
4,6426.7
21,6426.8
2,6427.7
28,6428.0
30,6428.3
8,6428.3
25,6428.5
14,6429.1
24,6429.1
17,6429.3
9,6429.4
27,6429.6
18,6429.7
26,6429.8
16,6430.0
15,6430.1
12,6430.6
1,6430.8
0,6431.0
6,6431.5
20,6431.8
11,6432.8
10,6434.2
24,6434.4
9,6434.8
26,6435.3
18,6435.4
16,6436.0
12,6437.2
0,6437.6
20,6438.6
28,6439.7
24,6439.9
9,6440.4
26,6441.1
18,6441.7
15,6441.7
11,6442.4
16,6442.9
24,6445.7
9,6446.5
26,6447.7
0,6448.9
12,6448.9
20,6451.4
18,6451.9
24,6452.6
9,6455.6
24,6497.1
9,6497.1
18,6497.3
26,6497.4
12,6497.5
16,6497.5
21,6497.6
19,6497.7
4,6497.8
0,6497.8
20,6497.9
8,6498.1
14,6498.2
28,6498.3
11,6498.4
10,6498.6
17,6498.7
30,6498.8
2,6498.9
1,6499.0
25,6499.0
6,6499.3
15,6499.3
24,6503.7
9,6503.9
18,6504.0
26,6504.2
16,6504.2
12,6504.5
0,6504.9
20,6505.3
11,6505.9
10,6506.1
19,6506.7
4,6506.8
21,6506.9
2,6507.7
28,6508.0
8,6508.4
30,6508.6
25,6508.7
24,6509.1
14,6509.2
9,6509.4
17,6509.4
18,6509.7
26,6509.8
16,6510.0
27,6510.1
15,6510.2
12,6510.6
1,6510.9
0,6511.0
6,6511.5
20,6511.8
11,6512.8
23,6513.7
10,6514.2
24,6514.4
9,6514.8
26,6515.4
18,6515.4
16,6516.0
12,6517.2
0,6517.7
20,6518.7
28,6519.8
24,6519.9
9,6520.4
26,6521.2
18,6521.7
15,6522.2
11,6522.2
16,6522.9
24,6525.7
9,6526.6
26,6527.8
12,6529.3
0,6530.6
20,6532.1
18,6532.2
24,6532.6
9,6535.9
9,6882.3
16,6882.3
24,6882.3
18,6882.4
26,6882.7
4,6882.9
19,6882.9
2,6882.9
1,6883.0
0,6883.0
12,6883.1
17,6883.1
3,6883.2
20,6883.3
8,6883.3
28,6883.4
11,6883.5
14,6883.5
10,6883.7
29,6884.0
30,6884.0
25,6884.1
6,6884.4
15,6884.4
24,6888.9
16,6888.9
18,6888.9
9,6889.1
26,6889.7
12,6890.3
1,6890.3
0,6890.3
2,6890.6
17,6890.7
20,6891.5
10,6891.7
11,6891.9
4,6892.2
19,6892.3
3,6892.7
28,6893.5
8,6893.8
16,6893.9
18,6893.9
27,6894.0
25,6894.0
14,6894.1
30,6894.3
24,6894.4
9,6894.7
7,6895.1
13,6895.4
15,6895.5
26,6895.7
5,6896.1
6,6896.5
12,6896.6
0,6896.6
31,6897.0
23,6897.3
21,6898.0
1,6898.0
2,6898.2
20,6898.6
18,6898.7
16,6898.7
11,6899.4
24,6899.8
17,6900.0
29,6900.0
9,6900.1
10,6900.4
26,6902.2
12,6903.4
0,6903.4
16,6903.5
18,6903.6
28,6905.3
24,6905.5
9,6905.7
15,6907.0
20,6907.5
16,6908.6
18,6908.7
11,6911.0
24,6911.6
9,6911.9
26,6913.2
16,6914.0
18,6914.2
0,6916.2
16,6919.9
18,6920.4
24,6922.0
9,6922.5
16,6927.3
18,6932.0
16,6962.2
18,6962.2
9,6962.2
24,6962.2
26,6962.5
2,6962.7
19,6962.8
4,6962.8
1,6962.9
0,6962.9
17,6962.9
12,6962.9
3,6963.0
8,6963.2
20,6963.2
28,6963.3
14,6963.3
11,6963.4
10,6963.6
29,6963.7
30,6963.8
25,6964.0
15,6964.3
6,6964.3
16,6968.7
18,6968.7
24,6968.8
9,6969.0
26,6969.5
12,6970.0
1,6970.1
0,6970.1
2,6970.3
17,6970.4
20,6971.1
10,6971.4
11,6971.5
4,6971.7
19,6971.9
3,6972.2
28,6972.9
27,6973.3
8,6973.4
16,6973.6
30,6973.6
18,6973.7
14,6973.7
25,6973.8
24,6974.1
9,6974.5
15,6974.6
7,6975.2
29,6975.3
26,6975.4
6,6975.7
5,6975.9
12,6976.2
0,6976.3
31,6977.0
21,6977.0
2,6977.5
1,6977.7
23,6977.8
20,6978.0
16,6978.3
18,6978.4
11,6978.8
24,6979.2
17,6979.4
10,6979.8
9,6979.8
26,6981.7
16,6982.9
12,6982.9
0,6983.0
18,6983.2
28,6984.5
24,6984.6
9,6985.3
15,6985.9
20,6986.7
16,6987.7
18,6988.1
11,6989.2
2,6989.8
26,6990.3
24,6990.3
9,6991.2
16,6992.8
18,6993.5
0,6994.3
12,6995.2
24,6996.6
16,6998.2
9,6998.4
18,6999.3
16,7004.1
18,7006.4
24,7009.8
16,7011.5
9,7042.1
16,7042.1
24,7042.1
18,7042.2
26,7042.5
19,7042.7
2,7042.7
4,7042.8
0,7042.8
12,7042.9
17,7042.9
1,7042.9
3,7043.0
8,7043.1
20,7043.2
14,7043.3
28,7043.3
11,7043.4
10,7043.6
29,7043.7
30,7043.8
25,7044.0
6,7044.2
15,7044.3
16,7048.6
24,7048.7
18,7048.7
9,7048.9
26,7049.4
12,7049.8
0,7049.9
2,7050.0
1,7050.1
17,7050.4
11,7050.9
20,7051.1
10,7051.1
19,7051.6
4,7051.8
3,7052.2
28,7052.9
8,7053.3
16,7053.5
30,7053.6
18,7053.7
14,7053.7
27,7053.7
25,7053.9
24,7054.0
9,7054.4
15,7055.0
26,7055.4
29,7055.6
0,7056.0
12,7056.0
7,7056.1
6,7056.2
2,7057.1
5,7057.2
1,7057.4
11,7057.8
20,7057.9
16,7058.2
18,7058.4
17,7058.6
10,7059.1
24,7059.3
9,7059.8
26,7061.7
0,7062.5
12,7062.7
16,7062.8
18,7063.2
28,7064.2
24,7064.6
9,7065.3
20,7066.2
15,7066.3
11,7067.0
16,7067.6
18,7068.1
2,7069.2
26,7070.3
24,7070.3
9,7071.3
0,7072.4
16,7072.6
18,7073.5
12,7075.6
24,7076.6
16,7077.9
9,7079.2
18,7079.3
16,7083.7
18,7086.2
24,7088.9
16,7090.5
24,7122.1
9,7122.1
16,7122.1
18,7122.2
26,7122.5
2,7122.7
19,7122.7
0,7122.8
4,7122.8
17,7122.9
1,7122.9
12,7122.9
3,7123.0
8,7123.1
14,7123.2
20,7123.2
28,7123.3
11,7123.4
10,7123.6
29,7123.7
30,7123.8
25,7124.0
15,7124.3
6,7124.3
16,7128.6
18,7128.7
24,7128.7
9,7128.9
26,7129.4
12,7129.8
0,7129.9
2,7130.0
1,7130.1
17,7130.4
11,7130.9
20,7131.1
10,7131.1
19,7131.6
4,7131.8
3,7132.3
28,7133.0
8,7133.4
16,7133.5
18,7133.7
14,7133.8
30,7133.9
25,7134.0
27,7134.1
24,7134.1
9,7134.4
15,7135.1
26,7135.4
29,7135.8
12,7136.0
0,7136.0
6,7136.3
2,7137.0
7,7137.1
1,7137.3
11,7137.8
20,7137.9
5,7138.0
16,7138.2
18,7138.4
17,7138.8
10,7139.1
24,7139.3
9,7139.8
26,7141.7
0,7142.5
12,7142.7
16,7142.9
18,7143.2
28,7144.4
24,7144.7
9,7145.4
20,7145.9
15,7146.6
11,7147.2
16,7147.7
18,7148.3
2,7149.0
26,7150.4
24,7150.4
9,7151.4
16,7152.9
0,7153.2
18,7153.7
12,7155.7
24,7156.8
16,7158.4
18,7159.6
9,7159.6
16,7164.4
18,7167.4
24,7170.8
16,7172.3
18,7507.3
9,7507.3
24,7507.3
16,7507.3
26,7507.7
2,7507.8
4,7507.9
19,7507.9
20,7507.9
0,7508.0
12,7508.0
1,7508.0
6,7508.1
3,7508.1
8,7508.3
30,7508.3
28,7508.4
14,7508.5
11,7508.5
21,7508.6
17,7508.6
10,7508.7
31,7508.7
22,7508.8
29,7508.9
25,7509.1
15,7509.4
16,7513.8
24,7513.9
18,7514.1
9,7514.1
26,7514.6
20,7514.8
0,7515.2
12,7515.2
1,7515.3
2,7515.5
30,7516.0
6,7516.3
10,7516.7
11,7516.9
4,7517.2
19,7517.3
3,7517.6
21,7518.0
31,7518.7
28,7518.8
16,7518.9
8,7518.9
27,7519.1
25,7519.2
14,7519.2
24,7519.4
9,7519.7
18,7519.7
22,7520.3
20,7520.5
7,7520.6
26,7520.7
15,7521.2
12,7521.4
0,7521.6
5,7521.9
1,7522.7
2,7522.8
6,7523.6
16,7523.8
11,7524.4
24,7524.9
10,7524.9
9,7525.1
29,7525.3
30,7525.4
18,7525.5
20,7526.2
26,7527.2
12,7528.0
0,7528.2
16,7528.8
24,7530.6
9,7530.7
28,7531.3
18,7532.0
20,7532.3
16,7534.0
15,7534.1
6,7534.9
11,7535.7
2,7535.7
9,7537.0
24,7537.0
26,7539.2
16,7539.5
20,7540.0
12,7540.2
0,7540.8
16,7545.7
9,7548.7
24,7549.2
16,7555.2
16,7587.2
18,7587.2
9,7587.2
24,7587.2
26,7587.5
2,7587.7
20,7587.8
4,7587.8
19,7587.8
1,7587.9
0,7587.9
12,7587.9
6,7587.9
3,7588.0
30,7588.1
8,7588.2
28,7588.3
11,7588.4
21,7588.4
14,7588.4
31,7588.5
17,7588.5
22,7588.6
10,7588.6
29,7588.7
25,7589.0
15,7589.3
16,7593.7
24,7593.8
9,7594.0
18,7594.0
26,7594.5
20,7594.6
12,7595.0
0,7595.1
1,7595.2
2,7595.3
30,7595.7
6,7595.9
10,7596.4
11,7596.5
19,7596.8
4,7596.8
3,7597.4
21,7597.7
31,7598.0
28,7598.1
27,7598.4
16,7598.6
8,7598.7
14,7599.0
25,7599.1
24,7599.1
9,7599.5
18,7599.6
15,7599.9
22,7600.1
20,7600.2
26,7600.5
7,7600.8
29,7601.0
12,7601.2
0,7601.3
23,7601.6
5,7602.0
2,7602.5
1,7602.5
6,7603.1
16,7603.3
11,7603.8
24,7604.2
10,7604.5
30,7604.8
9,7604.9
18,7605.4
20,7605.6
26,7606.8
12,7607.6
0,7607.8
16,7608.1
24,7609.6
28,7610.2
9,7610.4
20,7611.2
18,7611.6
15,7612.2
16,7612.9
6,7614.0
11,7614.2
2,7614.6
24,7615.3
9,7616.4
26,7616.4
20,7617.1
12,7617.4
0,7618.1
16,7618.1
24,7621.5
18,7622.5
16,7623.7
9,7624.4
20,7624.4
16,7629.9
24,7633.0
16,7640.3
24,7667.1
16,7667.1
9,7667.1
18,7667.2
26,7667.5
19,7667.7
2,7667.7
20,7667.8
0,7667.8
4,7667.8
1,7667.9
6,7667.9
12,7667.9
3,7668.0
30,7668.1
8,7668.1
14,7668.3
28,7668.3
21,7668.4
11,7668.4
31,7668.5
17,7668.5
22,7668.6
10,7668.6
29,7668.7
25,7669.0
15,7669.3
16,7673.6
24,7673.7
9,7673.9
18,7674.0
26,7674.4
20,7674.6
12,7674.8
0,7674.9
2,7675.0
1,7675.1
30,7675.7
6,7675.9
11,7675.9
10,7676.1
19,7676.6
4,7676.9
3,7677.4
21,7677.6
31,7678.1
28,7678.1
8,7678.5
16,7678.6
27,7678.9
14,7678.9
24,7679.0
25,7679.1
9,7679.4
18,7679.5
20,7680.2
22,7680.2
15,7680.2
26,7680.4
12,7680.9
0,7681.0
29,7681.2
7,7681.9
2,7682.0
1,7682.5
11,7682.8
5,7682.9
6,7683.1
16,7683.3
10,7683.7
24,7684.2
9,7684.8
30,7684.9
18,7685.2
20,7685.7
26,7686.8
12,7687.4
0,7687.5
16,7688.1
24,7689.6
28,7689.7
9,7690.4
18,7691.2
20,7691.3
11,7691.8
15,7692.6
16,7693.0
2,7693.5
6,7694.1
24,7695.2
26,7696.2
9,7696.4
20,7697.4
0,7697.9
12,7698.0
16,7698.2
18,7699.8
24,7701.4
16,7703.9
9,7705.0
20,7705.8
16,7710.2
24,7711.3
16,7722.5
16,7747.1
24,7747.1
9,7747.1
18,7747.2
26,7747.5
19,7747.7
2,7747.7
20,7747.7
0,7747.8
4,7747.8
12,7747.9
6,7747.9
1,7747.9
3,7748.0
8,7748.1
30,7748.1
14,7748.3
28,7748.3
21,7748.4
11,7748.4
17,7748.5
31,7748.5
22,7748.6
10,7748.6
29,7748.7
25,7749.0
15,7749.3
16,7753.6
24,7753.7
9,7753.9
18,7754.0
26,7754.4
20,7754.6
12,7754.8
0,7754.9
2,7755.0
1,7755.1
30,7755.7
11,7755.9
6,7755.9
10,7756.1
19,7756.6
4,7756.9
3,7757.4
21,7757.6
28,7758.1
31,7758.2
16,7758.5
8,7758.6
14,7759.0
24,7759.0
25,7759.2
27,7759.2
9,7759.4
18,7759.5
20,7760.2
22,7760.3
15,7760.3
26,7760.5
12,7760.9
0,7761.0
2,7762.0
1,7762.3
11,7762.8
6,7762.9
16,7763.4
10,7763.7
7,7764.0
24,7764.3
23,7764.3
29,7764.8
9,7764.8
30,7765.1
18,7765.2
20,7765.8
26,7766.8
12,7767.3
0,7767.6
16,7768.2
24,7769.6
28,7770.0
19,7770.2
9,7770.4
18,7771.3
20,7771.5
11,7771.6
15,7772.9
16,7773.1
6,7773.2
2,7773.6
24,7775.3
9,7776.4
26,7776.6
12,7777.3
20,7777.7
16,7778.5
0,7779.1
18,7780.0
24,7781.6
16,7784.2
9,7785.2
20,7787.7
16,7790.8
24,7793.3
18,8132.3
24,8132.3
9,8132.3
16,8132.3
20,8132.6
26,8132.7
12,8132.9
4,8132.9
19,8132.9
6,8133.0
1,8133.0
3,8133.1
2,8133.1
0,8133.2
8,8133.3
30,8133.3
27,8133.4
28,8133.4
21,8133.5
14,8133.5
17,8133.6
31,8133.6
22,8133.7
29,8133.9
25,8134.1
15,8134.4
10,8134.4
11,8134.9
16,8138.8
24,8138.9
18,8139.1
20,8139.3
9,8139.3
26,8139.6
12,8140.0
1,8140.3
30,8140.9
6,8141.2
0,8141.8
4,8142.2
19,8142.3
3,8142.4
27,8142.4
21,8142.6
2,8142.8
28,8143.6
31,8143.8
10,8143.8
16,8143.9
8,8144.0
14,8144.1
25,8144.2
20,8144.3
22,8144.3
24,8144.4
18,8144.7
15,8144.8
5,8145.2
9,8145.5
26,8145.7
7,8146.2
12,8146.5
29,8146.6
13,8147.2
23,8147.5
1,8147.7
11,8148.0
6,8148.2
16,8148.8
20,8149.2
24,8149.9
30,8150.2
18,8150.6
26,8152.2
9,8152.9
16,8153.7
20,8153.9
15,8155.2
12,8155.3
28,8155.4
24,8155.7
18,8157.2
6,8158.4
20,8158.7
16,8158.8
24,8162.2
26,8163.5
20,8163.7
16,8164.3
20,8169.2
16,8170.2
20,8175.1
24,8176.2
16,8177.7
20,8182.5
16,8212.1
18,8212.2
24,8212.2
9,8212.2
26,8212.5
20,8212.5
12,8212.8
19,8212.8
4,8212.8
1,8212.9
6,8212.9
3,8213.0
2,8213.0
0,8213.1
30,8213.1
8,8213.2
28,8213.3
27,8213.3
14,8213.3
21,8213.4
31,8213.5
17,8213.5
22,8213.6
29,8213.7
25,8214.0
10,8214.1
15,8214.3
11,8214.7
16,8218.7
24,8218.8
18,8219.0
9,8219.1
20,8219.1
26,8219.5
12,8219.8
1,8220.2
30,8220.7
6,8220.9
0,8221.5
4,8221.7
19,8221.8
27,8221.9
3,8222.2
21,8222.2
2,8222.2
28,8223.0
31,8223.2
10,8223.4
16,8223.6
14,8223.6
8,8223.7
20,8224.0
24,8224.0
22,8224.1
15,8224.3
25,8224.4
18,8224.6
5,8224.9
9,8225.3
26,8225.5
7,8225.7
29,8226.0
12,8226.1
11,8227.0
23,8227.1
1,8227.2
6,8228.1
16,8228.4
20,8228.8
30,8229.0
24,8229.2
18,8230.4
26,8231.8
9,8232.3
16,8233.1
20,8233.4
12,8233.5
28,8234.5
24,8234.6
15,8234.9
18,8236.6
16,8237.9
20,8238.0
6,8239.1
24,8240.2
26,8241.3
20,8242.7
16,8243.1
24,8246.4
20,8247.8
18,8248.2
16,8248.7
20,8253.2
16,8254.7
24,8256.1
20,8259.2
16,8263.1
20,8266.3
16,8292.1
9,8292.1
24,8292.1
18,8292.2
26,8292.5
20,8292.5
19,8292.7
12,8292.8
4,8292.8
6,8292.9
1,8292.9
0,8293.0
2,8293.0
3,8293.0
30,8293.1
8,8293.1
14,8293.2
27,8293.3
28,8293.3
21,8293.4
17,8293.5
31,8293.5
22,8293.6
29,8293.7
25,8294.0
10,8294.1
15,8294.3
11,8294.7
16,8298.6
24,8298.7
18,8299.0
9,8299.1
20,8299.1
26,8299.4
12,8299.8
1,8300.1
30,8300.7
6,8300.9
0,8301.4
19,8301.6
4,8301.7
27,8301.9
3,8302.2
21,8302.2
2,8302.4
28,8302.9
31,8303.2
10,8303.4
14,8303.5
8,8303.6
16,8303.6
24,8304.0
20,8304.0
25,8304.3
22,8304.3
18,8304.5
15,8304.8
9,8305.2
26,8305.4
5,8305.6
12,8306.2
29,8306.7
1,8307.4
11,8307.6
6,8307.9
7,8308.2
16,8308.3
20,8308.8
24,8309.2
30,8309.6
18,8310.2
26,8311.7
9,8312.4
16,8313.1
20,8313.4
28,8313.9
0,8314.6
24,8314.6
12,8314.7
15,8315.7
18,8316.3
16,8317.9
20,8318.1
6,8318.4
24,8320.2
26,8321.0
20,8322.9
16,8323.1
18,8325.3
24,8326.5
20,8328.0
16,8328.7
20,8333.6
16,8334.8
24,8337.1
20,8339.7
16,8343.4
20,8348.5
16,8372.1
24,8372.1
9,8372.1
18,8372.2
26,8372.5
20,8372.5
12,8372.7
19,8372.7
4,8372.8
1,8372.9
6,8372.9
3,8373.0
2,8373.0
0,8373.0
30,8373.1
8,8373.1
14,8373.2
27,8373.2
28,8373.3
21,8373.4
17,8373.5
31,8373.5
22,8373.6
29,8373.7
25,8374.0
10,8374.1
15,8374.3
11,8374.7
16,8378.6
24,8378.7
18,8379.0
9,8379.1
20,8379.1
26,8379.4
12,8379.7
1,8380.1
30,8380.7
6,8380.9
0,8381.4
19,8381.6
4,8381.8
27,8381.9
21,8382.3
3,8382.3
2,8382.5
28,8383.0
31,8383.3
10,8383.4
16,8383.6
8,8383.6
14,8383.7
20,8384.0
24,8384.1
25,8384.4
22,8384.5
18,8384.5
15,8384.9
9,8385.3
26,8385.5
12,8386.0
5,8386.3
29,8387.3
1,8387.5
6,8388.0
11,8388.1
16,8388.4
20,8388.8
24,8389.3
30,8389.6
18,8390.2
26,8391.8
9,8392.7
16,8393.1
20,8393.5
28,8394.2
12,8394.4
24,8394.7
0,8394.7
15,8396.1
18,8396.4
16,8398.0
20,8398.1
6,8399.4
24,8400.4
26,8401.2
20,8402.9
16,8403.3
18,8405.8
24,8406.8
20,8408.1
16,8409.0
20,8413.7
16,8415.2
20,8419.9
24,8420.0
16,8426.6
20,8429.9
18,8757.3
16,8757.3
9,8757.3
24,8757.4
20,8757.5
26,8757.7
3,8757.8
4,8757.9
19,8757.9
2,8757.9
12,8757.9
6,8758.0
0,8758.2
30,8758.3
8,8758.3
1,8758.4
27,8758.4
28,8758.5
21,8758.5
14,8758.5
17,8758.6
31,8758.6
22,8758.7
29,8758.9
13,8759.0
10,8759.4
15,8759.4
11,8759.9
20,8764.0
18,8764.1
16,8764.2
9,8764.3
24,8764.5
26,8764.6
12,8765.0
3,8765.2
2,8765.4
19,8765.7
30,8765.9
6,8766.2
0,8766.9
27,8767.3
4,8767.3
21,8767.7
13,8767.9
1,8768.6
28,8768.6
10,8768.8
31,8768.8
20,8768.9
8,8768.9
14,8769.4
22,8769.5
18,8769.8
16,8770.0
23,8770.1
15,8770.3
9,8770.5
26,8770.6
24,8770.8
29,8771.0
5,8771.3
12,8771.3
7,8771.3
3,8771.9
2,8772.0
11,8772.8
19,8773.0
6,8773.2
20,8773.8
30,8774.9
18,8775.7
16,8776.0
26,8777.1
9,8777.7
12,8779.6
24,8779.7
2,8780.1
28,8780.6
13,8780.9
3,8781.1
15,8781.3
18,8782.8
16,8782.9
6,8783.0
19,8786.4
20,8786.7
26,8788.3
20,8791.0
20,8795.5
20,8800.3
20,8805.7
20,8811.5
20,8818.4
18,8837.2
16,8837.2
9,8837.2
24,8837.3
20,8837.4
26,8837.5
19,8837.7
3,8837.7
2,8837.8
12,8837.8
4,8837.8
6,8837.9
0,8838.1
30,8838.1
8,8838.2
14,8838.3
27,8838.3
1,8838.3
28,8838.3
21,8838.4
17,8838.5
31,8838.5
22,8838.6
29,8838.7
13,8838.9
10,8839.1
15,8839.3
11,8839.7
20,8843.8
16,8844.0
18,8844.0
9,8844.1
24,8844.3
26,8844.5
3,8844.7
12,8844.8
2,8844.9
19,8845.2
30,8845.7
6,8845.9
0,8846.6
13,8846.8
27,8846.8
4,8846.8
21,8847.4
28,8847.8
31,8848.2
10,8848.3
1,8848.4
8,8848.5
20,8848.6
14,8848.9
22,8849.1
15,8849.3
16,8849.7
18,8849.7
23,8849.8
29,8849.9
9,8850.3
26,8850.4
24,8850.6
5,8850.9
12,8851.0
7,8851.1
3,8851.3
2,8851.4
11,8851.6
19,8852.2
6,8852.9
30,8853.7
18,8855.5
16,8855.5
26,8856.7
9,8857.2
13,8858.1
12,8858.1
24,8858.5
28,8858.8
2,8859.2
3,8859.8
15,8859.9
27,8860.6
16,8861.8
18,8862.2
6,8862.6
19,8864.2
26,8865.5
20,8866.4
20,8870.7
16,8871.0
20,8875.1
20,8879.9
20,8885.1
20,8890.7
20,8896.9
20,8907.2
9,8917.1
16,8917.2
18,8917.2
24,8917.2
26,8917.5
19,8917.6
3,8917.6
2,8917.7
20,8917.7
4,8917.8
12,8917.8
6,8917.9
0,8918.0
30,8918.1
8,8918.1
14,8918.2
27,8918.3
28,8918.3
1,8918.3
21,8918.4
22,8918.5
31,8918.5
17,8918.5
29,8918.7
13,8918.8
10,8919.1
15,8919.3
11,8919.7
16,8924.0
18,8924.0
20,8924.1
9,8924.1
24,8924.2
26,8924.4
3,8924.7
12,8924.8
2,8924.9
19,8925.1
30,8925.6
6,8925.8
0,8926.4
27,8926.8
13,8926.8
4,8926.8
21,8927.4
28,8927.7
31,8928.0
10,8928.4
1,8928.4
8,8928.5
14,8928.7
20,8928.9
22,8929.1
18,8929.6
15,8929.7
16,8929.7
9,8930.1
29,8930.2
26,8930.4
24,8930.5
23,8930.9
12,8931.2
3,8931.3
2,8931.4
5,8931.5
19,8932.2
11,8932.8
6,8932.9
7,8933.1
20,8933.7
30,8933.9
18,8935.4
16,8935.5
26,8936.7
9,8936.9
13,8938.3
28,8938.5
24,8938.7
2,8939.2
12,8939.4
0,8939.6
3,8939.8
15,8940.5
16,8941.8
18,8941.8
20,8942.5
6,8943.4
19,8944.5
26,8945.5
20,8946.7
20,8951.0
16,8951.4
20,8955.6
18,8955.7
20,8960.5
20,8965.8
20,8971.5
20,8978.1
9,8997.1
18,8997.2
16,8997.2
24,8997.2
20,8997.3
26,8997.5
19,8997.6
3,8997.6
2,8997.7
12,8997.7
4,8997.8
6,8997.9
0,8998.0
8,8998.1
30,8998.1
27,8998.2
14,8998.3
28,8998.3
1,8998.3
21,8998.4
17,8998.5
31,8998.5
22,8998.6
29,8998.7
13,8998.8
10,8999.1
15,8999.3
11,8999.7
20,9003.7
18,9004.0
16,9004.0
9,9004.1
24,9004.2
26,9004.4
12,9004.7
3,9004.8
2,9004.9
19,9005.2
30,9005.7
6,9005.9
0,9006.4
4,9006.8
27,9006.8
13,9006.9
21,9007.4
28,9007.8
31,9008.2
10,9008.4
8,9008.5
1,9008.5
20,9008.6
14,9008.8
22,9009.4
18,9009.6
16,9009.7
15,9009.9
9,9010.1
26,9010.4
24,9010.6
29,9010.7
12,9010.9
3,9011.3
2,9011.4
23,9011.4
19,9012.1
7,9012.2
5,9012.2
11,9012.3
6,9013.0
30,9014.0
18,9015.4
16,9015.5
26,9016.7
9,9017.0
12,9018.4
13,9018.6
28,9018.8
2,9018.9
24,9019.3
0,9019.3
3,9020.0
15,9021.0
18,9021.8
16,9021.9
6,9023.5
19,9023.8
26,9026.0
20,9026.4
20,9030.6
16,9032.7
20,9035.0
18,9035.4
20,9039.7
20,9044.8
20,9050.4
20,9056.6
20,9066.3
16,9382.3
9,9382.3
18,9382.3
24,9382.4
20,9382.5
12,9382.6
6,9382.7
26,9382.7
3,9382.8
2,9382.9
4,9382.9
19,9382.9
28,9382.9
31,9383.1
21,9383.1
27,9383.2
0,9383.2
30,9383.3
8,9383.3
1,9383.4
14,9383.5
17,9383.6
22,9383.7
11,9383.8
29,9383.9
13,9384.0
15,9384.4
20,9389.0
18,9389.1
16,9389.2
12,9389.3
9,9389.3
24,9389.5
6,9389.5
28,9389.9
31,9390.1
21,9390.1
27,9390.2
3,9390.2
26,9390.3
2,9390.4
19,9390.7
30,9390.9
0,9391.9
11,9392.0
4,9392.3
13,9393.0
1,9393.6
20,9393.9
8,9394.0
14,9394.4
12,9394.7
18,9394.8
16,9394.9
22,9394.9
6,9395.3
9,9395.5
15,9395.6
17,9395.6
23,9395.7
28,9395.8
24,9395.9
7,9396.0
5,9396.3
31,9396.5
27,9396.6
21,9396.6
3,9396.8
2,9397.1
29,9397.2
19,9398.2
26,9399.2
12,9400.1
30,9400.2
11,9400.2
18,9400.7
16,9400.9
6,9401.2
28,9402.1
9,9403.0
27,9404.6
24,9405.6
2,9405.6
31,9405.6
3,9405.7
12,9405.8
13,9406.2
21,9406.5
15,9407.2
16,9407.7
6,9407.7
18,9407.8
28,9411.2
12,9412.0
20,9415.9
6,9419.2
20,9420.2
12,9422.6
20,9424.8
20,9429.6
20,9434.9
20,9440.7
20,9447.3
18,9462.2
9,9462.2
16,9462.2
24,9462.3
20,9462.4
12,9462.5
6,9462.6
26,9462.6
3,9462.7
19,9462.7
4,9462.8
2,9462.8
28,9462.8
21,9463.0
31,9463.0
27,9463.0
0,9463.1
30,9463.1
8,9463.2
1,9463.3
14,9463.4
17,9463.5
11,9463.6
22,9463.6
29,9463.7
13,9463.9
15,9464.3
20,9468.8
16,9469.0
18,9469.0
9,9469.1
12,9469.2
24,9469.3
6,9469.4
28,9469.7
3,9469.7
2,9469.9
31,9470.0
21,9470.0
27,9470.0
19,9470.2
26,9470.2
30,9470.7
0,9471.6
11,9471.7
4,9471.8
13,9471.8
1,9473.3
20,9473.6
8,9473.7
14,9473.9
22,9474.4
12,9474.5
15,9474.6
18,9474.6
16,9474.7
6,9475.0
23,9475.2
9,9475.3
28,9475.4
7,9475.5
29,9475.5
17,9475.5
24,9475.7
5,9475.9
27,9476.2
3,9476.2
31,9476.3
2,9476.5
21,9476.5
19,9477.3
30,9479.0
26,9479.1
12,9479.7
11,9479.8
16,9480.5
6,9480.5
18,9480.5
28,9481.4
9,9482.4
27,9483.2
13,9483.3
31,9483.9
24,9484.2
2,9484.6
3,9484.8
12,9485.1
15,9485.6
21,9486.0
6,9486.2
16,9486.7
18,9487.1
28,9488.0
19,9489.5
12,9490.8
6,9492.4
16,9495.5
20,9495.6
12,9497.4
20,9499.9
6,9503.5
20,9504.4
20,9509.2
20,9514.4
20,9519.9
20,9526.0
20,9534.1
9,9542.1
18,9542.2
24,9542.2
16,9542.2
26,9542.5
12,9542.5
6,9542.6
3,9542.6
19,9542.6
20,9542.6
2,9542.7
28,9542.8
4,9542.8
31,9542.9
21,9542.9
27,9543.0
0,9543.0
30,9543.1
8,9543.1
14,9543.2
1,9543.3
17,9543.5
22,9543.6
11,9543.6
29,9543.7
13,9543.8
15,9544.3
20,9548.8
16,9549.0
18,9549.0
12,9549.1
9,9549.1
24,9549.2
6,9549.3
28,9549.6
3,9549.7
21,9549.9
2,9549.9
31,9549.9
27,9550.0
26,9550.1
19,9550.1
30,9550.6
0,9551.4
11,9551.6
13,9551.8
4,9551.8
1,9553.3
8,9553.6
20,9553.7
14,9553.7
22,9554.4
12,9554.4
18,9554.6
16,9554.7
6,9554.9
15,9554.9
9,9555.2
28,9555.5
24,9555.6
17,9555.7
29,9555.9
23,9556.0
27,9556.1
31,9556.2
3,9556.3
21,9556.3
7,9556.5
2,9556.5
5,9556.6
19,9557.1
26,9558.8
30,9559.5
12,9559.7
11,9559.7
18,9560.4
16,9560.5
6,9560.5
28,9561.5
9,9562.3
13,9563.2
27,9563.3
31,9564.2
2,9564.4
24,9564.4
0,9564.9
12,9565.1
3,9565.2
21,9565.3
15,9566.1
6,9566.3
18,9566.8
16,9566.8
28,9568.6
19,9569.5
12,9571.0
6,9572.8
20,9575.7
16,9577.0
12,9577.8
20,9580.0
20,9584.5
6,9587.0
20,9589.3
20,9594.4
20,9600.0
20,9606.2
20,9614.8
9,9622.1
18,9622.2
16,9622.2
24,9622.2
12,9622.4
26,9622.5
20,9622.6
3,9622.6
6,9622.6
19,9622.6
2,9622.7
4,9622.8
28,9622.8
21,9622.9
31,9622.9
27,9623.0
0,9623.0
30,9623.1
8,9623.1
14,9623.2
1,9623.3
17,9623.5
22,9623.6
11,9623.6
29,9623.7
13,9623.8
15,9624.3
20,9628.7
18,9629.0
16,9629.0
9,9629.1
12,9629.1
24,9629.2
6,9629.3
28,9629.6
3,9629.8
31,9629.9
27,9629.9
21,9629.9
2,9630.0
19,9630.1
26,9630.1
30,9630.7
0,9631.5
11,9631.7
13,9631.9
4,9631.9
1,9633.4
20,9633.6
8,9633.6
14,9633.7
12,9634.4
22,9634.5
18,9634.6
16,9634.7
15,9635.0
6,9635.0
9,9635.2
28,9635.5
24,9635.6
17,9636.0
31,9636.2
27,9636.2
3,9636.3
21,9636.3
2,9636.5
5,9637.0
23,9637.1
19,9637.4
29,9637.5
7,9637.5
26,9638.5
30,9639.1
12,9639.7
11,9639.8
18,9640.4
6,9640.6
16,9640.6
28,9641.5
9,9642.2
13,9643.6
27,9643.9
31,9644.2
2,9644.4
24,9644.5
3,9644.6
0,9645.1
12,9645.2
21,9645.4
15,9646.4
6,9646.4
18,9646.9
16,9647.2
28,9648.7
19,9650.8
12,9651.1
6,9652.9
12,9658.1
20,9659.7
16,9660.0
20,9664.1
20,9668.7
20,9673.6
20,9679.0
20,9684.8
20,9691.4
