4,99.1
45,100.1
9,100.4
3,101.7
27,101.9
30,102.5
47,102.7
48,102.8
31,103.6
54,103.7
13,104.5
14,105.2
5,106.3
4,106.7
21,109.0
3,110.0
23,110.7
45,110.9
11,111.3
17,111.7
42,112.6
25,113.9
53,115.0
50,116.2
0,116.9
27,117.8
4,180.9
9,182.6
45,183.1
47,185.6
27,186.0
3,186.4
5,187.9
13,188.2
48,188.9
4,191.0
31,191.8
11,193.0
4,260.6
45,262.5
9,262.6
27,263.7
3,264.9
30,265.6
47,266.1
48,266.5
31,267.1
5,268.5
14,269.5
4,270.4
13,273.4
11,273.7
25,275.9
32,277.7
54,279.7
23,280.2
56,283.1
4,641.8
9,643.9
45,643.9
3,644.3
27,644.8
48,645.2
30,645.6
47,645.6
54,645.8
31,645.9
13,646.4
4,647.5
14,647.7
5,648.1
23,650.7
3,651.0
11,651.8
45,651.9
27,652.2
21,652.2
25,652.3
9,653.1
17,653.3
53,653.9
32,654.4
56,654.5
47,655.2
4,655.5
42,655.6
48,656.5
50,657.6
5,658.7
0,660.3
31,666.0
4,724.2
27,727.9
9,728.9
45,729.4
13,729.4
3,730.0
30,731.2
4,731.5
54,732.4
47,732.9
31,733.8
14,734.4
48,734.4
11,734.6
5,735.2
4,803.3
27,806.3
45,806.4
9,806.7
3,807.0
31,808.2
48,808.8
47,809.1
13,809.6
4,810.7
5,811.6
30,812.1
14,812.4
54,813.2
25,813.9
3,815.2
23,815.2
11,816.4
56,818.4
32,821.2
7,824.4
27,831.1
21,839.6
4,882.5
45,884.6
27,885.0
9,885.1
3,885.6
31,886.4
48,886.4
47,886.6
13,888.0
4,889.2
30,889.2
5,889.3
14,889.7
54,889.7
3,893.2
11,893.6
27,893.9
25,894.3
23,894.6
48,895.6
56,896.2
47,898.7
4,900.2
32,902.2
7,902.8
5,903.0
52,903.9
4,1265.5
3,1267.1
27,1267.1
45,1267.2
9,1267.5
48,1267.8
31,1268.2
47,1268.2
30,1268.7
54,1268.9
13,1269.2
14,1270.1
4,1270.1
5,1270.2
27,1272.2
3,1272.7
23,1272.8
21,1273.0
45,1273.3
11,1273.8
9,1273.9
48,1274.0
31,1274.2
25,1274.5
56,1274.9
32,1275.0
47,1275.0
7,1275.1
4,1275.8
13,1276.8
5,1277.8
17,1278.5
30,1278.7
54,1280.3
3,1281.1
27,1281.4
14,1282.5
4,1347.0
27,1349.5
45,1350.1
9,1350.4
3,1350.5
31,1351.8
48,1351.8
47,1352.0
4,1352.8
13,1352.9
5,1354.5
54,1354.9
14,1355.3
30,1356.9
11,1358.0
3,1358.9
27,1359.1
25,1361.5
4,1361.9
23,1363.0
21,1366.6
4,1427.9
27,1428.7
9,1429.3
45,1430.2
31,1430.6
3,1430.7
47,1430.8
48,1430.8
13,1432.2
54,1433.1
30,1433.3
14,1433.9
5,1434.2
4,1435.1
27,1435.7
11,1437.3
7,1438.1
56,1439.0
3,1440.7
48,1440.9
47,1442.7
32,1445.0
31,1446.7
4,1507.2
27,1508.5
9,1508.7
45,1509.6
3,1509.9
31,1510.8
13,1511.3
48,1511.5
30,1511.5
47,1511.7
54,1511.7
14,1512.3
5,1513.0
4,1513.6
27,1515.4
11,1517.4
3,1518.1
56,1518.2
25,1518.6
23,1518.7
7,1520.0
21,1522.4
5,1523.1
9,1524.5
31,1527.2
13,1528.8
4,1890.3
3,1891.3
9,1891.5
27,1891.5
45,1891.7
48,1892.2
47,1892.3
31,1892.6
30,1893.2
54,1893.4
13,1893.5
5,1894.1
14,1894.3
4,1894.7
3,1896.4
27,1896.4
23,1896.6
21,1896.6
9,1897.0
45,1897.3
11,1897.5
25,1897.7
48,1898.2
31,1898.2
47,1898.3
56,1899.1
7,1899.3
13,1899.9
32,1900.1
4,1900.4
5,1901.2
30,1901.2
54,1901.8
3,1902.7
14,1902.8
27,1904.1
17,1908.6
4,1971.6
27,1973.5
9,1973.5
3,1973.8
45,1974.0
47,1974.9
48,1975.2
31,1975.6
13,1976.4
4,1977.3
5,1977.5
54,1977.9
14,1978.5
30,1979.0
27,1980.9
3,1981.2
21,1981.8
11,1982.2
23,1982.4
25,1984.1
47,1984.4
9,1985.2
4,1985.5
48,1985.6
45,1987.3
5,1988.9
13,1998.9
56,1999.4
4,2052.6
9,2053.3
27,2053.4
3,2054.7
31,2054.8
45,2055.3
47,2055.7
48,2056.0
30,2056.1
54,2056.3
13,2056.9
14,2057.0
4,2059.5
27,2060.5
5,2060.6
11,2061.6
3,2063.2
7,2063.7
56,2065.3
31,2065.8
48,2069.5
9,2069.6
32,2073.4
25,2075.6
4,2131.8
45,2132.5
9,2132.6
27,2133.0
3,2133.2
47,2133.3
48,2134.7
31,2134.8
30,2135.0
54,2135.5
13,2135.6
14,2136.1
5,2136.9
4,2137.9
21,2138.7
27,2139.0
23,2139.1
3,2141.1
45,2141.1
9,2141.2
7,2141.2
11,2141.4
47,2141.8
25,2141.9
56,2142.6
31,2143.2
48,2143.6
5,2144.2
13,2145.2
14,2156.1
4,2515.3
9,2515.8
45,2516.0
3,2516.3
27,2516.5
47,2516.8
48,2517.1
31,2517.5
30,2517.7
54,2518.0
13,2518.4
14,2518.6
5,2518.8
4,2519.7
23,2520.6
9,2520.8
21,2521.0
45,2521.2
3,2521.2
25,2521.4
27,2521.4
11,2522.0
47,2522.3
56,2522.8
31,2523.0
48,2523.1
7,2523.5
32,2524.4
13,2524.5
30,2524.8
4,2525.2
5,2525.5
14,2525.5
54,2525.5
3,2528.1
27,2528.8
9,2530.7
4,2596.6
9,2599.3
27,2600.4
3,2600.5
45,2601.0
13,2601.0
54,2601.6
14,2601.9
30,2602.0
47,2602.2
4,2602.6
31,2603.6
21,2605.4
23,2606.0
48,2606.5
3,2609.3
4,2610.2
56,2611.9
13,2613.2
9,2677.1
4,2677.7
27,2677.9
45,2678.8
47,2678.9
31,2679.8
48,2679.9
30,2680.1
3,2680.1
54,2680.5
14,2680.9
13,2681.5
5,2682.5
27,2684.5
9,2684.9
4,2685.1
11,2685.2
7,2687.5
56,2688.2
47,2688.4
25,2689.0
48,2689.3
31,2689.7
3,2691.3
5,2691.6
23,2695.9
4,2757.1
9,2757.3
45,2758.0
27,2758.1
30,2759.3
3,2759.6
47,2759.7
54,2759.9
31,2760.2
14,2760.3
13,2760.4
48,2760.5
5,2763.9
4,2764.2
27,2764.6
9,2765.3
21,2765.6
11,2765.8
56,2766.8
3,2767.4
7,2768.1
25,2768.6
23,2769.1
45,2769.5
13,2769.9
31,2771.5
47,2772.0
48,2772.8
14,2772.8
52,2777.1
32,2778.7
4,3138.7
9,3138.7
45,3139.1
3,3139.2
27,3139.2
47,3139.3
48,3139.6
31,3139.7
30,3139.7
54,3140.1
14,3140.5
13,3140.5
5,3141.1
23,3141.8
9,3141.9
4,3142.0
25,3142.2
21,3142.5
45,3142.6
27,3142.6
3,3142.6
47,3142.9
56,3143.1
32,3143.3
11,3143.3
48,3143.4
31,3143.6
30,3143.7
7,3143.7
54,3143.9
13,3144.2
14,3144.8
9,3145.2
4,3145.2
5,3145.5
27,3146.0
45,3146.1
3,3146.5
47,3147.0
17,3147.6
23,3147.7
21,3147.9
13,3148.1
48,3148.1
31,3148.1
11,3148.4
56,3148.4
25,3148.7
54,3148.8
4,3149.2
15,3149.6
9,3149.7
30,3149.9
14,3150.4
2,3150.4
27,3150.6
5,3151.5
52,3152.7
7,3153.0
0,3153.0
3,3153.4
4,3155.5
40,3156.5
4,3220.4
9,3220.6
27,3221.4
3,3222.5
48,3222.9
47,3223.0
13,3223.5
45,3223.7
31,3223.8
54,3223.8
14,3224.1
4,3224.9
30,3225.9
9,3226.0
27,3226.6
5,3227.4
4,3230.3
3,3230.3
13,3230.7
9,3299.6
4,3299.9
27,3300.3
47,3300.6
45,3300.7
48,3300.8
31,3300.9
3,3300.9
30,3300.9
54,3301.2
14,3301.8
13,3302.2
9,3303.7
5,3303.7
4,3303.9
27,3304.4
23,3304.8
21,3305.1
47,3305.6
45,3305.7
31,3305.9
3,3306.5
48,3306.5
56,3306.5
54,3306.6
11,3306.8
13,3306.9
14,3307.0
30,3307.1
7,3307.2
25,3308.6
9,3308.9
4,3309.0
27,3310.0
32,3310.8
5,3311.1
17,3314.7
4,3379.8
9,3379.9
27,3380.7
3,3380.7
45,3380.9
47,3381.0
30,3381.1
48,3381.2
54,3381.5
31,3381.5
14,3382.2
13,3382.4
4,3383.7
23,3384.2
9,3384.2
5,3384.8
21,3384.8
27,3385.1
3,3385.9
45,3386.5
47,3386.6
31,3387.0
13,3387.4
48,3387.7
14,3387.7
56,3387.7
54,3387.8
30,3388.1
11,3388.9
4,3388.9
7,3389.7
25,3390.6
9,3390.9
27,3391.5
5,3393.4
3,3393.4
9,3763.7
4,3763.8
3,3763.8
45,3764.1
27,3764.2
47,3764.3
31,3764.7
30,3764.8
54,3765.1
14,3765.5
48,3765.6
13,3765.6
21,3766.1
5,3766.1
11,3766.5
23,3766.8
9,3766.9
4,3767.0
3,3767.0
25,3767.2
45,3767.5
27,3767.6
47,3767.9
56,3768.1
31,3768.6
30,3768.6
7,3768.7
54,3769.1
50,3769.2
13,3769.4
2,3769.6
14,3769.7
4,3770.2
9,3770.3
48,3770.3
3,3770.5
5,3770.5
21,3770.6
11,3771.0
45,3771.0
27,3771.0
1,3771.1
47,3771.9
24,3772.5
23,3772.8
31,3773.0
13,3773.3
56,3773.4
25,3774.1
54,3774.1
30,3774.4
4,3774.4
15,3774.5
14,3774.9
9,3775.1
27,3775.8
3,3776.0
52,3777.0
5,3777.3
2,3777.6
7,3778.8
0,3779.3
48,3780.5
4,3781.8
17,3794.6
4,3845.3
9,3845.8
3,3846.4
27,3846.6
13,3848.6
47,3848.6
54,3848.9
14,3849.0
31,3849.4
45,3849.4
4,3849.9
21,3850.8
30,3850.9
9,3851.6
27,3852.5
3,3852.9
5,3853.8
4,3855.7
13,3855.8
9,3924.6
4,3924.9
3,3925.0
27,3925.3
47,3925.6
45,3925.7
30,3925.9
31,3926.0
54,3926.1
14,3926.8
13,3927.1
48,3927.5
21,3928.3
11,3928.5
9,3928.6
5,3928.8
4,3928.9
27,3929.4
3,3929.5
23,3929.6
47,3930.8
45,3931.0
31,3931.2
56,3931.2
54,3931.4
14,3932.0
13,3932.0
30,3932.1
7,3932.6
4,3933.9
9,3934.1
2,3934.2
25,3934.4
27,3934.6
11,3935.2
50,3935.2
48,3935.4
3,3935.5
5,3936.1
13,3945.1
4,4004.8
9,4005.0
3,4005.2
27,4005.9
45,4006.1
30,4006.1
47,4006.1
54,4006.4
31,4006.7
14,4007.2
21,4007.7
13,4007.9
4,4008.7
23,4009.1
48,4009.2
9,4009.4
3,4009.7
27,4010.5
5,4010.6
11,4011.1
45,4012.0
47,4012.1
54,4012.2
31,4012.4
56,4012.4
14,4012.7
30,4013.1
13,4013.1
2,4013.4
4,4013.9
3,4015.7
1,4015.7
9,4016.6
21,4016.7
7,4017.4
27,4017.8
5,4019.5
3,4389.1
45,4389.1
27,4389.2
47,4389.3
30,4389.7
9,4389.8
4,4389.8
48,4390.1
31,4390.6
5,4391.1
21,4391.1
11,4391.4
23,4391.8
25,4392.2
54,4392.2
1,4392.3
3,4392.5
45,4392.5
27,4392.6
47,4392.9
14,4393.2
13,4393.3
30,4393.6
4,4393.8
9,4393.9
0,4394.0
48,4394.2
50,4394.2
2,4394.7
31,4395.2
5,4395.5
21,4395.6
27,4396.0
45,4396.1
11,4396.1
3,4396.4
22,4396.8
47,4396.9
23,4397.5
24,4397.7
13,4397.8
28,4398.0
25,4398.1
1,4398.1
4,4398.2
54,4398.3
9,4398.9
14,4399.2
56,4399.3
30,4399.3
15,4399.3
26,4399.3
48,4399.9
27,4401.0
0,4401.1
5,4401.4
31,4402.0
52,4402.1
2,4402.5
3,4403.5
50,4404.3
4,4404.7
11,4405.6
17,4405.9
47,4406.1
13,4407.0
21,4407.1
7,4407.4
38,4410.4
27,4471.3
3,4471.8
4,4472.3
9,4472.6
45,4473.0
47,4473.1
30,4473.2
48,4474.6
21,4475.9
27,4476.4
1,4477.3
5,4477.4
31,4478.4
3,4478.7
4,4479.0
23,4480.1
14,4481.0
13,4481.2
47,4488.4
5,4489.7
27,4550.2
3,4550.5
45,4550.6
30,4550.6
9,4550.7
47,4551.1
4,4551.5
48,4551.6
31,4552.5
11,4553.3
21,4553.4
54,4553.4
27,4554.2
5,4554.6
1,4555.1
45,4555.5
23,4555.6
3,4555.6
14,4555.9
13,4556.0
30,4556.3
9,4556.5
47,4556.6
4,4557.3
25,4557.8
48,4558.1
0,4558.7
2,4558.9
31,4559.3
27,4559.4
50,4559.6
11,4560.9
5,4562.0
3,4562.3
13,4563.9
21,4564.1
4,4564.2
30,4630.6
27,4630.7
9,4631.0
3,4631.2
45,4631.4
47,4631.4
4,4632.1
48,4632.7
31,4633.0
54,4633.3
21,4634.6
11,4635.0
14,4635.3
27,4635.3
1,4635.4
5,4636.0
13,4636.5
30,4636.6
23,4636.6
3,4637.1
9,4637.5
47,4637.8
45,4638.2
4,4638.7
48,4640.1
31,4640.6
2,4641.7
25,4641.9
27,4642.2
5,4642.5
0,4643.1
11,4644.9
50,4646.2
13,4650.9
47,5013.9
45,5014.6
31,5014.6
27,5014.6
4,5014.8
3,5014.8
30,5015.5
14,5016.0
21,5016.1
5,5016.1
9,5016.2
11,5016.4
48,5016.4
25,5017.2
54,5017.2
47,5017.2
27,5018.2
45,5018.3
13,5018.4
31,5018.5
1,5018.5
3,5018.6
4,5018.8
0,5019.0
2,5019.7
30,5020.2
10,5020.4
21,5020.6
5,5020.6
50,5020.6
14,5020.9
11,5020.9
47,5020.9
9,5021.4
27,5021.7
22,5021.8
48,5021.9
45,5022.1
13,5022.9
31,5022.9
24,5023.1
25,5023.1
4,5023.1
28,5023.2
3,5023.2
54,5023.5
26,5024.0
56,5024.7
1,5025.1
15,5025.4
0,5025.9
47,5025.9
52,5026.6
5,5027.4
11,5027.8
27,5027.9
2,5028.3
14,5028.7
4,5029.3
23,5029.4
30,5029.9
9,5030.9
13,5031.1
21,5032.3
17,5033.9
49,5034.1
38,5035.6
3,5038.2
47,5096.7
27,5096.9
4,5097.7
31,5098.2
14,5100.4
3,5100.6
45,5101.0
21,5101.9
27,5102.6
5,5103.3
30,5103.3
47,5103.8
4,5105.2
13,5114.5
48,5116.8
47,5175.2
31,5175.7
27,5175.9
4,5176.1
3,5176.1
45,5176.2
30,5177.2
14,5177.5
21,5177.6
9,5177.8
5,5178.2
54,5178.6
11,5179.0
47,5179.7
48,5179.9
1,5180.3
27,5180.3
31,5180.8
0,5181.3
4,5181.4
13,5181.5
45,5181.7
3,5181.7
25,5182.0
2,5182.4
10,5184.2
14,5184.3
21,5184.4
47,5185.4
11,5185.6
5,5185.7
27,5186.8
22,5186.8
4,5187.5
9,5188.8
30,5189.1
3,5189.1
13,5190.2
50,5190.4
31,5191.4
47,5255.8
4,5256.5
27,5256.7
31,5257.2
3,5257.3
45,5257.4
30,5257.7
14,5258.1
21,5258.2
54,5259.6
1,5261.1
5,5261.1
47,5261.3
9,5261.3
11,5261.4
27,5262.3
4,5262.4
48,5262.7
0,5262.8
13,5263.0
3,5263.7
2,5264.1
31,5264.5
25,5265.8
14,5266.0
21,5266.2
45,5267.0
4,5270.5
47,5271.2
31,5638.9
47,5638.9
27,5639.1
45,5639.6
30,5639.7
14,5640.9
21,5641.1
48,5641.1
9,5641.1
13,5641.3
4,5641.3
11,5641.4
3,5641.6
31,5642.3
47,5642.3
27,5642.5
54,5642.6
5,5642.9
45,5643.3
1,5643.6
30,5643.8
2,5644.8
10,5645.3
15,5645.6
4,5645.7
13,5645.7
21,5645.7
14,5645.8
50,5645.8
11,5646.0
27,5646.1
9,5646.1
47,5646.2
48,5646.3
31,5646.3
3,5646.8
0,5646.9
22,5647.1
52,5647.2
45,5647.5
24,5648.3
5,5648.3
55,5648.3
25,5648.4
28,5648.4
26,5649.1
30,5649.6
54,5649.8
1,5650.1
27,5650.9
13,5651.0
4,5651.1
47,5651.4
2,5652.0
21,5653.0
31,5653.1
56,5653.2
11,5653.4
14,5653.7
15,5653.7
6,5657.0
10,5657.2
52,5657.4
49,5659.6
9,5662.7
38,5664.6
27,5720.8
31,5721.3
47,5721.5
30,5723.0
45,5724.3
14,5725.2
4,5725.3
13,5725.4
27,5725.4
21,5725.4
47,5728.2
31,5728.9
3,5729.3
48,5730.9
5,5731.4
11,5733.8
27,5736.5
31,5800.0
47,5800.1
27,5800.4
30,5801.0
45,5801.1
21,5802.5
14,5802.6
4,5802.8
13,5803.0
9,5803.1
3,5803.6
48,5803.7
31,5804.6
47,5804.6
27,5804.8
54,5805.1
1,5805.2
11,5805.3
5,5805.9
45,5806.5
2,5807.4
30,5807.6
21,5808.9
13,5808.9
4,5809.1
14,5810.3
15,5810.4
31,5810.6
0,5810.6
47,5810.7
3,5811.2
27,5811.5
22,5811.6
52,5811.7
11,5813.8
10,5814.8
9,5817.7
31,5880.5
47,5880.7
27,5880.8
30,5881.0
45,5882.3
14,5883.1
21,5883.2
4,5883.5
13,5883.5
27,5885.6
54,5885.7
47,5885.9
3,5886.1
48,5886.1
31,5886.2
1,5886.4
9,5886.5
11,5887.2
30,5887.9
2,5890.4
21,5890.9
4,5891.0
14,5891.0
13,5891.0
52,5892.2
5,5892.5
45,5893.0
15,5894.2
47,6263.9
27,6264.1
45,6264.6
31,6264.8
48,6265.0
30,6265.8
14,6265.9
21,6266.1
4,6266.3
11,6266.4
3,6266.6
47,6267.3
27,6267.5
54,6267.6
5,6267.9
45,6268.3
1,6268.6
31,6268.9
28,6268.9
48,6269.0
6,6269.6
13,6269.6
2,6269.8
10,6270.3
32,6270.5
21,6270.7
30,6270.7
4,6270.7
14,6270.7
50,6270.9
11,6271.0
27,6271.1
47,6271.2
3,6271.6
0,6272.1
22,6272.3
52,6272.5
45,6272.6
17,6272.9
55,6273.0
5,6273.4
31,6273.5
25,6273.5
24,6273.6
48,6273.9
9,6274.3
53,6274.3
26,6274.4
54,6274.6
33,6274.7
13,6274.8
28,6274.9
1,6275.1
15,6275.5
4,6275.7
27,6275.8
47,6276.5
14,6276.9
2,6277.2
11,6277.3
10,6277.5
21,6277.6
17,6280.8
52,6280.8
8,6281.0
30,6281.8
0,6283.5
16,6284.4
38,6287.3
49,6292.4
27,6346.0
47,6346.9
31,6348.1
14,6349.0
30,6350.5
4,6350.6
48,6350.9
27,6350.9
21,6351.0
45,6351.2
47,6355.4
11,6355.6
13,6356.6
31,6360.4
3,6361.1
54,6365.7
27,6425.0
47,6425.1
45,6425.9
31,6426.1
48,6426.4
14,6427.3
30,6427.4
21,6427.6
4,6427.8
3,6428.7
11,6429.1
27,6429.2
5,6429.3
47,6429.4
1,6430.3
54,6430.4
45,6431.0
28,6431.4
31,6431.6
48,6432.5
13,6432.7
2,6432.8
10,6432.9
6,6433.7
14,6433.9
4,6433.9
21,6434.3
27,6434.4
11,6435.3
47,6435.4
52,6435.4
30,6435.7
3,6436.0
17,6437.3
22,6437.5
32,6437.7
5,6437.9
33,6438.3
55,6440.8
0,6441.3
31,6441.6
13,6443.6
47,6505.4
27,6505.4
45,6506.6
48,6507.0
31,6507.3
14,6508.0
30,6508.0
21,6508.2
4,6508.4
27,6509.7
3,6510.2
47,6510.2
11,6510.3
54,6511.1
1,6511.2
5,6512.9
45,6513.0
28,6513.5
31,6514.0
48,6514.1
4,6514.9
2,6515.3
10,6515.4
13,6515.4
21,6516.0
14,6516.1
27,6516.2
11,6516.8
52,6516.9
47,6518.9
31,6889.9
48,6890.0
27,6890.1
47,6890.3
30,6890.8
14,6891.0
11,6891.4
45,6891.4
54,6892.6
1,6893.6
27,6894.0
48,6894.0
31,6894.1
6,6894.6
13,6894.7
47,6894.8
3,6895.2
21,6895.4
10,6895.5
32,6895.6
14,6895.7
30,6895.8
50,6896.0
11,6896.1
45,6896.7
33,6896.7
28,6896.7
4,6897.0
0,6897.2
22,6897.3
52,6897.9
17,6898.0
55,6898.2
24,6898.5
27,6898.6
2,6898.8
25,6898.8
48,6899.0
31,6899.1
26,6899.2
53,6899.3
54,6899.8
13,6900.0
1,6900.1
9,6900.1
47,6900.5
56,6901.0
16,6901.1
15,6901.7
11,6902.2
14,6902.6
10,6903.5
33,6903.7
4,6903.9
3,6904.7
0,6904.8
21,6905.1
62,6905.9
40,6906.1
17,6907.3
43,6907.4
22,6907.7
28,6907.8
30,6908.0
2,6909.0
60,6910.4
27,6910.6
52,6911.2
31,6972.9
27,6973.5
14,6974.1
48,6974.9
30,6976.9
47,6976.9
1,6978.6
13,6982.7
11,6983.0
31,6984.5
48,7051.0
27,7051.0
31,7051.1
47,7051.5
30,7052.1
14,7052.3
45,7052.5
11,7053.6
54,7053.9
27,7056.2
1,7056.3
31,7056.5
48,7056.8
6,7057.4
13,7058.0
21,7058.0
10,7058.2
47,7058.4
14,7058.5
33,7058.9
11,7059.5
3,7059.6
30,7059.8
32,7060.1
52,7061.0
4,7061.1
45,7061.6
0,7062.9
28,7063.0
17,7063.2
50,7063.6
22,7064.6
27,7066.2
31,7066.4
24,7069.4
2,7071.7
55,7073.8
48,7131.6
27,7131.8
31,7132.0
47,7132.2
30,7132.8
14,7132.9
45,7134.5
11,7134.9
54,7135.1
1,7136.3
31,7138.2
27,7138.3
13,7138.7
48,7138.8
14,7140.2
21,7140.3
33,7140.7
47,7140.9
6,7141.0
11,7141.3
10,7141.9
52,7142.6
30,7144.1
3,7146.1
4,7146.1
48,7515.0
47,7515.3
30,7515.8
31,7516.0
54,7516.0
45,7516.4
14,7516.7
27,7516.7
11,7517.1
6,7517.8
53,7518.6
1,7518.7
28,7518.7
48,7519.0
47,7519.8
52,7520.1
3,7520.3
21,7520.4
10,7520.5
32,7520.6
30,7520.8
54,7520.9
50,7521.1
31,7521.6
45,7521.7
11,7522.2
27,7522.3
4,7522.3
14,7522.4
0,7522.4
22,7522.5
55,7523.3
2,7523.7
48,7523.8
25,7524.0
28,7524.2
6,7524.2
26,7524.4
9,7525.1
1,7525.1
53,7525.1
51,7525.4
47,7525.8
56,7525.8
16,7526.0
52,7526.0
33,7526.2
15,7526.7
13,7527.1
58,7527.6
21,7527.7
10,7528.0
30,7528.4
8,7528.6
54,7529.0
3,7529.1
4,7529.6
62,7529.9
31,7530.3
11,7530.6
17,7530.6
0,7530.8
40,7530.9
43,7530.9
38,7531.9
60,7533.0
14,7533.8
59,7535.0
49,7535.1
45,7535.3
27,7535.5
2,7537.6
18,7542.3
48,7598.2
47,7599.4
1,7603.2
27,7603.4
54,7603.9
14,7605.3
6,7607.7
48,7675.9
47,7676.3
30,7676.8
31,7677.2
45,7677.5
54,7677.6
27,7678.4
14,7678.8
11,7678.8
28,7680.3
6,7680.3
1,7681.3
53,7681.4
48,7681.5
52,7682.4
21,7683.0
47,7683.3
30,7683.6
3,7684.0
31,7684.2
10,7684.4
11,7684.8
32,7685.1
22,7685.8
45,7686.1
54,7686.3
4,7686.5
0,7687.4
33,7687.4
50,7687.5
14,7687.6
27,7688.0
28,7691.3
48,7692.2
52,7692.6
2,7694.9
62,7701.5
48,7756.7
47,7756.9
30,7757.8
54,7758.2
31,7758.3
45,7758.8
27,7759.2
14,7759.6
11,7760.0
6,7760.3
1,7761.4
28,7763.0
53,7763.1
48,7763.6
47,7765.4
21,7765.7
30,7765.9
52,7766.3
11,7766.8
10,7767.4
31,7767.6
3,7768.1
33,7769.4
4,7771.4
14,7771.4
58,7788.4
48,8140.1
11,8140.7
31,8141.0
30,8141.4
14,8141.7
54,8142.0
55,8142.5
52,8142.7
6,8142.8
27,8143.3
47,8143.5
1,8143.7
28,8143.7
9,8144.2
48,8144.2
45,8144.3
53,8144.7
3,8145.2
10,8145.4
11,8145.5
32,8145.5
21,8145.5
50,8145.6
31,8146.3
30,8146.8
14,8147.2
0,8147.3
22,8147.5
4,8147.5
54,8147.6
52,8147.8
17,8147.8
6,8149.0
25,8149.3
28,8149.4
27,8149.4
48,8149.5
29,8149.5
55,8149.7
58,8149.8
51,8150.0
1,8150.0
33,8150.1
56,8150.3
11,8150.7
16,8150.9
47,8151.1
9,8151.2
45,8151.8
15,8151.9
10,8152.2
21,8152.5
13,8152.5
32,8152.8
53,8153.4
62,8154.0
52,8154.3
38,8154.3
31,8154.4
49,8154.7
0,8154.8
3,8155.1
40,8155.3
43,8155.4
26,8155.5
50,8155.5
2,8155.7
4,8155.9
17,8156.4
22,8156.9
14,8157.1
59,8157.1
39,8157.7
37,8158.0
30,8158.1
60,8158.9
58,8159.8
18,8162.2
62,8163.6
15,8166.3
40,8167.5
48,8221.9
11,8225.9
1,8226.7
6,8227.7
14,8229.7
48,8231.4
27,8233.9
52,8234.5
31,8235.6
21,8236.7
48,8301.3
11,8302.3
30,8302.5
31,8303.2
54,8303.5
55,8303.9
14,8303.9
28,8305.2
6,8305.4
52,8305.6
1,8306.0
47,8306.1
27,8307.0
48,8307.7
11,8308.2
45,8308.3
53,8308.6
9,8309.1
3,8309.6
10,8309.6
30,8311.0
33,8311.2
0,8311.7
21,8312.0
22,8312.7
14,8313.1
4,8313.7
32,8314.0
17,8314.2
52,8314.3
50,8315.1
31,8315.6
56,8316.4
54,8318.9
28,8319.8
58,8321.7
13,8323.3
62,8330.6
48,8381.4
11,8383.1
30,8383.8
31,8384.0
55,8384.9
14,8384.9
6,8385.3
1,8385.6
54,8386.0
27,8387.0
52,8387.0
47,8387.8
28,8387.9
48,8388.2
11,8389.8
53,8390.5
3,8390.6
45,8391.1
21,8391.8
33,8392.4
10,8392.9
9,8393.4
0,8398.1
49,8398.7
17,8399.6
50,8400.7
52,8401.0
30,8764.8
31,8766.0
27,8766.2
14,8766.7
53,8766.7
54,8767.0
1,8767.0
3,8767.5
55,8767.5
52,8767.6
6,8767.9
48,8768.3
11,8768.5
47,8768.6
28,8768.7
30,8768.8
9,8769.1
10,8770.5
31,8771.2
27,8771.4
5,8771.5
53,8771.6
14,8772.2
4,8772.2
54,8772.6
17,8772.6
52,8772.7
1,8772.8
3,8773.9
58,8773.9
28,8774.0
25,8774.0
6,8774.0
11,8774.1
30,8774.2
2,8774.2
51,8774.4
48,8774.5
55,8774.5
34,8774.8
56,8774.8
50,8774.9
33,8775.4
16,8775.7
15,8775.8
9,8776.4
47,8776.7
27,8777.6
10,8778.0
13,8778.1
0,8778.8
62,8779.2
52,8779.8
45,8779.9
49,8780.3
38,8780.3
40,8780.7
22,8781.7
39,8782.0
1,8782.1
14,8782.7
4,8783.0
60,8783.5
59,8784.1
17,8785.1
16,8785.7
21,8789.1
18,8790.5
2,8791.8
5,8795.7
15,8796.8
62,8797.5
30,8848.2
27,8848.7
1,8849.8
3,8849.9
31,8850.6
6,8851.9
28,8853.7
48,8854.1
14,8854.9
53,8857.2
52,8859.5
30,8925.7
27,8927.2
31,8927.3
54,8928.6
53,8928.6
1,8928.7
55,8928.9
14,8929.0
3,8929.1
6,8929.7
11,8929.9
47,8930.1
28,8930.5
52,8930.6
48,8930.8
30,8931.3
9,8932.5
27,8934.8
10,8935.1
5,8935.3
31,8936.5
11,8936.5
33,8936.7
4,8936.8
25,8938.5
52,8938.8
53,8938.9
58,8939.1
1,8939.2
28,8939.5
56,8940.4
14,8940.6
3,8943.5
17,8943.5
30,8946.4
2,8947.9
30,9006.8
27,9008.0
31,9008.3
1,9009.3
54,9009.4
55,9009.9
6,9010.0
53,9010.1
14,9010.1
3,9010.4
48,9011.7
52,9012.1
47,9012.1
28,9012.5
11,9012.8
30,9015.2
9,9016.7
33,9018.5
27,9018.7
10,9018.9
49,9019.9
50,9021.0
4,9021.1
5,9021.1
59,9027.9
11,9028.1
13,9028.3
30,9389.2
27,9390.1
6,9391.6
11,9391.7
1,9392.0
53,9392.0
3,9392.2
31,9392.3
55,9392.3
30,9392.9
48,9393.1
28,9393.3
27,9394.3
52,9395.5
14,9395.6
11,9396.6
6,9396.6
5,9396.6
30,9397.1
53,9397.4
54,9397.5
17,9397.7
1,9397.8
62,9397.9
31,9398.1
8,9398.1
49,9398.4
51,9398.5
3,9398.6
28,9399.0
50,9399.1
58,9399.1
27,9399.1
32,9399.2
2,9399.2
21,9399.3
55,9399.3
48,9399.4
34,9399.8
16,9400.2
33,9400.6
56,9401.2
52,9401.9
37,9402.2
11,9402.4
62,9403.9
10,9404.9
38,9405.1
30,9405.5
0,9405.7
6,9405.8
14,9406.2
40,9406.6
1,9407.8
22,9408.3
5,9408.4
21,9408.6
45,9408.7
39,9409.9
60,9410.0
27,9411.0
17,9411.6
2,9411.6
15,9412.7
59,9413.3
58,9416.1
18,9417.3
30,9470.5
27,9471.9
55,9474.7
1,9474.8
6,9474.9
3,9475.0
31,9475.1
11,9475.2
53,9475.4
30,9475.6
28,9476.9
48,9478.5
27,9479.5
52,9481.2
62,9482.5
11,9483.1
30,9485.4
33,9486.9
14,9487.2
49,9488.0
30,9551.0
27,9551.4
6,9553.5
1,9553.7
3,9553.8
31,9555.0
53,9555.2
55,9555.4
11,9555.5
28,9555.7
30,9556.0
48,9556.3
27,9558.2
5,9561.3
21,9562.0
62,9562.6
8,9563.1
52,9563.1
11,9563.2
49,9564.9
6,9565.3
17,9567.0
3,9567.3
37,9569.3
30,9630.3
27,9631.2
1,9633.3
31,9633.7
53,9633.8
6,9633.8
55,9634.0
30,9634.4
3,9634.6
28,9634.6
11,9634.7
48,9635.7
27,9637.6
14,9638.0
30,9639.3
52,9640.2
11,9641.0
34,9641.6
54,9641.7
31,9641.8
28,9642.2
58,9642.7
49,9642.9
33,9643.0
62,9643.1
21,9643.2
1,9643.5
8,9644.4
2,9644.9
17,9646.5
3,9646.7
16,9649.9
6,9650.3
