68,94.5
55,94.6
20,94.7
58,95.1
195,95.3
217,95.6
250,95.6
349,95.7
226,95.7
233,95.8
136,95.9
356,95.9
79,96.0
149,96.1
257,96.2
218,96.2
374,96.3
152,96.4
366,96.6
309,96.7
126,96.8
361,96.9
32,97.1
311,97.2
236,97.4
141,97.4
118,97.4
185,97.5
171,97.5
234,97.6
39,97.6
163,97.6
131,97.6
331,97.7
281,97.8
325,97.9
172,97.9
338,98.0
157,98.0
177,98.0
243,98.1
170,98.3
254,98.3
293,98.5
353,99.3
67,99.5
221,99.7
315,99.8
268,100.0
66,100.1
308,100.5
68,173.6
55,173.7
20,173.9
58,174.2
195,174.5
356,174.7
349,174.8
217,175.1
250,175.1
218,175.2
226,175.3
79,175.4
233,175.4
136,175.5
257,175.6
149,175.7
309,175.7
152,175.8
374,176.0
126,176.0
366,176.3
361,176.3
311,176.6
184,176.7
171,176.7
118,176.7
230,176.8
32,176.8
163,176.9
19,176.9
234,177.0
13,177.0
157,177.2
236,177.2
141,177.2
61,177.3
39,177.4
177,177.4
256,177.5
185,177.5
131,177.6
331,177.6
293,177.6
281,177.7
254,177.7
338,177.7
325,177.8
243,177.9
172,178.0
170,178.3
353,178.5
67,178.9
315,179.3
221,179.4
66,179.7
308,180.0
68,253.9
55,254.0
20,254.1
58,254.4
195,254.8
356,255.0
349,255.1
250,255.4
217,255.4
226,255.6
218,255.6
233,255.7
79,255.7
136,255.8
257,255.9
149,256.0
152,256.1
309,256.1
374,256.4
126,256.4
366,256.6
361,256.6
311,256.9
118,257.1
171,257.1
32,257.3
234,257.3
163,257.3
141,257.8
177,257.8
236,257.8
157,258.0
39,258.1
254,258.1
331,258.2
338,258.4
293,258.5
243,258.6
268,258.7
353,259.0
67,259.3
66,260.2
308,260.6
296,261.9
55,639.8
68,639.8
20,640.0
58,640.5
195,640.6
250,640.9
217,641.0
226,641.0
349,641.0
233,641.1
136,641.2
149,641.3
79,641.3
356,641.5
218,641.6
257,641.6
374,641.6
152,641.7
366,641.9
309,642.0
126,642.1
361,642.2
311,642.4
32,642.5
185,642.7
163,642.8
171,642.8
234,642.8
118,642.9
281,642.9
131,642.9
141,643.0
230,643.0
325,643.0
236,643.0
177,643.1
184,643.1
172,643.2
331,643.2
39,643.3
170,643.4
254,643.4
338,643.5
243,643.6
157,643.8
221,644.6
353,644.6
315,644.7
67,644.8
66,645.5
308,645.8
68,718.9
55,719.0
20,719.2
58,719.5
195,719.8
356,720.1
349,720.2
217,720.4
250,720.4
226,720.6
218,720.7
233,720.7
79,720.7
136,720.8
257,720.9
149,721.0
152,721.1
309,721.2
374,721.3
126,721.4
366,721.5
19,721.6
361,721.7
293,721.8
103,721.9
13,721.9
311,721.9
359,722.0
196,722.0
61,722.0
212,722.1
118,722.1
32,722.2
256,722.2
171,722.2
163,722.3
234,722.3
141,722.6
185,722.6
131,722.7
177,722.7
236,722.8
281,722.8
325,722.9
39,723.0
157,723.0
331,723.0
254,723.1
184,723.2
172,723.2
338,723.3
268,723.3
243,723.4
170,723.4
353,723.9
67,724.2
221,724.5
315,724.5
66,725.1
308,725.4
68,799.1
55,799.2
20,799.4
58,799.8
195,800.1
356,800.5
349,800.5
250,800.7
217,800.7
226,800.9
233,801.0
79,801.0
218,801.0
136,801.1
257,801.2
149,801.3
309,801.5
152,801.5
374,801.6
126,801.7
366,801.9
361,802.0
311,802.2
231,802.2
230,802.3
171,802.5
118,802.5
163,802.6
234,802.7
32,802.8
177,803.1
141,803.3
293,803.3
254,803.5
353,804.4
67,804.7
66,805.5
308,806.0
296,806.9
68,879.3
55,879.5
20,879.6
58,880.0
195,880.4
349,880.8
356,880.8
250,880.9
217,880.9
226,881.1
233,881.2
79,881.3
136,881.3
218,881.4
257,881.5
149,881.6
309,881.9
152,881.9
374,881.9
126,882.1
185,882.2
366,882.2
361,882.3
236,882.3
311,882.5
131,882.5
325,882.5
281,882.5
39,882.6
331,882.6
172,882.6
157,882.7
19,882.8
171,882.8
163,882.9
338,882.9
234,883.0
243,883.0
170,883.1
118,883.2
32,883.3
177,883.4
268,883.9
254,883.9
221,884.2
315,884.3
353,884.8
67,885.1
296,885.7
66,886.1
308,886.5
55,1265.1
68,1265.1
20,1265.3
58,1265.8
195,1265.9
250,1266.2
217,1266.3
226,1266.4
349,1266.4
233,1266.5
136,1266.5
79,1266.7
149,1266.7
257,1266.9
356,1266.9
374,1267.0
218,1267.0
152,1267.2
366,1267.3
309,1267.4
361,1267.6
126,1267.6
311,1267.7
163,1268.1
32,1268.1
141,1268.2
234,1268.2
171,1268.3
236,1268.3
185,1268.4
331,1268.4
131,1268.5
177,1268.5
325,1268.6
39,1268.6
118,1268.6
338,1268.9
243,1268.9
254,1268.9
353,1270.1
67,1270.2
315,1270.4
66,1270.9
308,1271.3
55,1344.2
68,1344.2
20,1344.4
58,1344.8
195,1345.1
349,1345.5
356,1345.5
217,1345.7
250,1345.7
226,1345.9
79,1346.0
233,1346.0
218,1346.0
136,1346.0
257,1346.2
149,1346.2
152,1346.5
309,1346.5
374,1346.6
126,1346.7
281,1346.7
13,1346.8
293,1346.8
157,1346.8
172,1346.8
184,1346.8
230,1346.8
366,1346.9
256,1347.0
361,1347.0
322,1347.1
182,1347.1
61,1347.1
311,1347.2
19,1347.2
359,1347.2
196,1347.2
170,1347.2
171,1347.5
163,1347.6
118,1347.6
234,1347.6
32,1347.7
141,1347.9
236,1347.9
177,1348.0
39,1348.2
131,1348.2
268,1348.4
254,1348.4
221,1348.5
338,1348.5
243,1348.8
353,1349.4
67,1349.6
66,1350.4
308,1350.8
68,1424.3
55,1424.4
20,1424.6
58,1425.0
195,1425.3
356,1425.7
349,1425.8
217,1425.9
250,1425.9
226,1426.1
233,1426.2
79,1426.3
136,1426.3
218,1426.3
257,1426.5
149,1426.5
309,1426.8
152,1426.8
374,1426.9
126,1427.0
366,1427.1
185,1427.1
361,1427.2
331,1427.3
325,1427.4
311,1427.5
171,1427.8
234,1427.9
163,1427.9
118,1428.1
32,1428.2
157,1428.2
293,1428.3
177,1428.3
141,1428.5
254,1428.8
315,1429.0
353,1429.6
67,1430.0
66,1431.0
308,1431.4
68,1504.5
55,1504.6
20,1504.8
58,1505.2
195,1505.6
349,1506.0
217,1506.1
356,1506.1
250,1506.1
226,1506.3
233,1506.4
79,1506.5
136,1506.6
257,1506.7
218,1506.7
149,1506.8
309,1507.1
152,1507.2
281,1507.2
374,1507.2
126,1507.3
366,1507.4
236,1507.5
361,1507.5
172,1507.5
184,1507.5
230,1507.6
39,1507.7
311,1507.7
131,1507.8
170,1507.9
338,1508.0
171,1508.1
163,1508.2
243,1508.2
234,1508.3
177,1508.7
118,1508.7
268,1509.0
221,1509.1
254,1509.2
353,1510.0
67,1510.3
66,1511.4
308,1511.7
68,1890.2
55,1890.2
20,1890.4
58,1891.0
195,1891.1
250,1891.3
217,1891.4
226,1891.5
233,1891.6
349,1891.6
136,1891.6
79,1891.8
149,1891.8
218,1892.1
356,1892.1
374,1892.1
257,1892.1
152,1892.3
309,1892.5
366,1892.5
361,1892.7
126,1892.7
311,1892.9
32,1893.0
185,1893.1
163,1893.2
331,1893.2
141,1893.3
236,1893.3
234,1893.3
171,1893.4
325,1893.4
281,1893.5
177,1893.6
254,1894.0
243,1894.0
170,1894.0
118,1894.0
315,1895.1
353,1895.3
67,1895.3
66,1896.0
308,1896.4
68,1969.2
55,1969.3
20,1969.5
58,1969.9
195,1970.2
356,1970.6
349,1970.6
250,1970.7
217,1970.8
226,1971.0
218,1971.1
136,1971.1
233,1971.1
79,1971.1
149,1971.3
257,1971.3
152,1971.6
103,1971.6
309,1971.6
172,1971.7
131,1971.7
157,1971.7
374,1971.7
231,1971.8
293,1971.8
126,1971.8
39,1971.8
338,1971.9
13,1971.9
184,1971.9
230,1971.9
212,1972.0
256,1972.0
19,1972.0
61,1972.0
366,1972.0
361,1972.1
359,1972.3
311,1972.3
196,1972.4
32,1972.6
171,1972.6
234,1972.7
163,1972.7
118,1972.9
331,1973.0
141,1973.0
185,1973.0
236,1973.1
177,1973.1
325,1973.3
268,1973.4
221,1973.4
254,1973.5
243,1973.8
353,1974.4
67,1974.7
315,1974.9
66,1975.5
308,1975.9
68,2049.4
55,2049.5
20,2049.7
58,2050.1
195,2050.4
356,2050.8
250,2050.9
349,2050.9
217,2051.0
226,2051.2
79,2051.3
233,2051.3
218,2051.4
136,2051.4
257,2051.6
149,2051.6
309,2051.9
152,2051.9
374,2052.0
126,2052.1
281,2052.2
366,2052.2
361,2052.3
311,2052.5
170,2052.8
171,2052.9
163,2052.9
234,2053.0
157,2053.0
32,2053.1
39,2053.3
118,2053.3
293,2053.3
177,2053.4
338,2053.6
141,2053.6
254,2053.9
353,2054.7
67,2055.0
66,2056.1
308,2056.5
296,2056.8
68,2129.5
55,2129.7
20,2129.9
58,2130.3
195,2130.6
349,2131.1
250,2131.1
217,2131.2
356,2131.3
226,2131.4
233,2131.5
136,2131.6
79,2131.6
218,2131.8
257,2131.8
149,2131.9
309,2132.2
152,2132.2
374,2132.3
126,2132.4
172,2132.4
185,2132.5
366,2132.5
131,2132.5
331,2132.6
361,2132.6
236,2132.6
184,2132.7
311,2132.8
325,2132.8
171,2133.2
163,2133.2
243,2133.3
234,2133.3
32,2133.7
177,2133.8
118,2133.9
221,2134.1
268,2134.2
254,2134.4
315,2134.6
353,2135.0
67,2135.4
296,2136.0
66,2136.5
308,2136.9
68,2515.2
55,2515.2
20,2515.4
58,2516.0
195,2516.1
250,2516.3
217,2516.5
226,2516.5
349,2516.6
233,2516.6
136,2516.7
149,2516.8
79,2516.9
356,2517.1
257,2517.1
374,2517.2
218,2517.2
152,2517.4
366,2517.5
309,2517.6
126,2517.7
361,2517.7
311,2517.9
163,2518.3
141,2518.3
234,2518.3
32,2518.3
131,2518.3
236,2518.4
39,2518.4
281,2518.4
331,2518.5
171,2518.5
170,2518.7
177,2518.7
338,2518.8
118,2518.9
243,2519.0
254,2519.1
353,2520.3
67,2520.4
66,2521.1
308,2521.6
68,2594.3
55,2594.3
20,2594.6
58,2594.9
195,2595.2
356,2595.6
349,2595.7
217,2595.8
250,2595.8
226,2596.0
233,2596.1
136,2596.2
79,2596.2
218,2596.2
257,2596.3
149,2596.4
309,2596.6
152,2596.6
185,2596.6
157,2596.6
230,2596.6
172,2596.7
374,2596.7
293,2596.8
325,2596.8
19,2596.9
13,2596.9
126,2596.9
322,2597.0
366,2597.0
256,2597.0
361,2597.1
61,2597.1
184,2597.1
182,2597.2
311,2597.3
231,2597.3
196,2597.3
359,2597.5
171,2597.7
163,2597.7
118,2597.8
234,2597.8
32,2597.9
141,2598.0
39,2598.1
177,2598.2
131,2598.2
221,2598.2
236,2598.2
268,2598.4
315,2598.5
338,2598.5
254,2598.6
243,2598.8
170,2598.8
353,2599.4
67,2599.7
66,2600.6
308,2601.0
68,2674.4
55,2674.5
20,2674.7
58,2675.1
195,2675.4
356,2675.8
349,2675.9
217,2676.0
250,2676.0
226,2676.2
233,2676.3
218,2676.4
79,2676.4
136,2676.4
149,2676.6
257,2676.6
309,2676.9
152,2676.9
374,2677.0
281,2677.1
126,2677.1
366,2677.2
331,2677.3
361,2677.3
311,2677.6
157,2677.8
171,2677.9
163,2678.0
234,2678.0
293,2678.3
118,2678.3
32,2678.3
177,2678.5
254,2678.9
353,2679.7
67,2680.1
66,2681.1
308,2681.5
68,2754.6
55,2754.7
20,2754.9
58,2755.3
195,2755.7
349,2756.1
356,2756.2
250,2756.2
217,2756.2
226,2756.4
233,2756.5
79,2756.6
136,2756.6
257,2756.8
218,2756.8
149,2756.9
309,2757.2
185,2757.2
152,2757.3
374,2757.3
230,2757.4
325,2757.4
126,2757.5
141,2757.5
172,2757.5
366,2757.5
361,2757.6
236,2757.6
39,2757.6
184,2757.7
131,2757.8
338,2757.8
311,2757.9
171,2758.2
163,2758.3
243,2758.3
234,2758.4
177,2758.9
118,2758.9
221,2759.0
315,2759.2
268,2759.3
254,2759.4
353,2760.1
67,2760.4
66,2761.6
308,2761.9
68,3140.2
55,3140.2
20,3140.4
58,3141.0
195,3141.1
250,3141.3
217,3141.5
349,3141.6
226,3141.6
233,3141.6
136,3141.7
149,3141.9
79,3141.9
257,3142.1
356,3142.1
218,3142.2
374,3142.2
152,3142.4
366,3142.5
309,3142.6
361,3142.7
126,3142.7
311,3142.9
32,3143.1
185,3143.2
331,3143.2
163,3143.3
281,3143.3
141,3143.4
234,3143.4
236,3143.4
171,3143.5
325,3143.5
172,3143.6
39,3143.6
177,3143.7
170,3143.7
118,3144.0
243,3144.0
254,3144.1
353,3145.3
67,3145.4
66,3146.1
308,3146.6
55,3219.3
68,3219.3
20,3219.6
58,3219.9
195,3220.2
356,3220.6
349,3220.7
217,3220.8
250,3220.8
226,3221.0
233,3221.1
136,3221.2
79,3221.2
218,3221.2
257,3221.3
149,3221.4
103,3221.5
157,3221.6
152,3221.6
131,3221.7
309,3221.7
293,3221.8
374,3221.8
212,3221.9
126,3221.9
338,3221.9
13,3221.9
19,3221.9
230,3222.0
256,3222.0
366,3222.0
207,3222.0
184,3222.1
61,3222.1
361,3222.1
311,3222.3
196,3222.4
32,3222.6
359,3222.6
171,3222.7
163,3222.7
234,3222.8
118,3222.8
141,3223.0
331,3223.0
236,3223.1
185,3223.1
177,3223.2
221,3223.3
39,3223.3
268,3223.4
315,3223.5
254,3223.6
243,3223.9
353,3224.5
67,3224.7
66,3225.7
308,3226.0
68,3299.4
55,3299.5
20,3299.7
58,3300.1
195,3300.4
356,3300.9
349,3300.9
250,3301.0
217,3301.0
226,3301.2
233,3301.3
79,3301.4
136,3301.4
218,3301.4
257,3301.6
149,3301.6
152,3301.9
309,3301.9
126,3302.1
374,3302.1
281,3302.2
361,3302.3
366,3302.3
172,3302.3
325,3302.3
170,3302.6
311,3302.6
157,3302.8
171,3302.9
163,3303.0
32,3303.1
234,3303.1
293,3303.3
118,3303.3
131,3303.4
338,3303.4
177,3303.5
254,3303.9
353,3304.7
315,3305.0
67,3305.1
66,3306.2
308,3306.5
296,3306.6
68,3379.6
55,3379.7
20,3379.9
58,3380.3
195,3380.7
250,3381.2
349,3381.2
356,3381.2
217,3381.3
226,3381.4
79,3381.6
233,3381.6
136,3381.7
218,3381.8
257,3381.9
149,3381.9
309,3382.3
374,3382.3
152,3382.3
126,3382.4
366,3382.5
361,3382.6
141,3382.6
185,3382.6
331,3382.6
236,3382.6
39,3382.7
311,3382.8
184,3382.8
171,3383.2
243,3383.3
163,3383.3
234,3383.4
177,3383.8
221,3383.9
118,3383.9
268,3384.1
254,3384.5
353,3385.1
67,3385.4
296,3386.1
66,3386.5
308,3387.0
79,3764.8
322,3765.0
68,3765.2
20,3765.4
374,3765.5
366,3765.7
58,3766.0
264,3766.1
39,3766.3
250,3766.3
190,3766.4
217,3766.5
349,3766.6
226,3766.6
233,3766.6
55,3766.6
136,3766.7
149,3766.9
257,3767.1
376,3767.5
361,3767.7
126,3767.8
311,3767.9
32,3767.9
377,3767.9
270,3768.0
75,3768.0
379,3768.2
281,3768.3
195,3768.3
131,3768.3
163,3768.3
141,3768.4
325,3768.4
234,3768.4
331,3768.5
236,3768.5
171,3768.5
164,3768.6
338,3768.6
177,3768.7
170,3768.7
118,3768.9
243,3769.0
254,3769.1
356,3770.1
315,3770.1
67,3770.4
66,3771.1
308,3771.6
79,3843.9
68,3844.2
322,3844.3
20,3844.6
374,3844.8
58,3844.9
366,3845.0
39,3845.7
264,3845.7
349,3845.7
217,3845.8
250,3845.8
55,3846.0
226,3846.0
233,3846.1
190,3846.1
136,3846.2
257,3846.3
149,3846.4
185,3846.6
172,3846.6
230,3846.6
157,3846.6
19,3846.8
103,3846.9
231,3846.9
126,3846.9
256,3847.0
361,3847.1
184,3847.2
311,3847.3
363,3847.3
196,3847.3
182,3847.4
376,3847.4
32,3847.6
377,3847.7
171,3847.7
163,3847.7
75,3847.8
234,3847.8
195,3847.8
270,3847.9
118,3847.9
141,3848.0
236,3848.1
379,3848.2
177,3848.2
221,3848.2
164,3848.3
131,3848.3
325,3848.3
338,3848.4
268,3848.5
254,3848.6
307,3849.0
356,3849.3
67,3849.7
315,3850.0
66,3850.6
308,3851.0
79,3924.0
68,3924.4
322,3924.6
20,3924.7
374,3924.9
366,3925.1
58,3925.1
39,3925.9
349,3925.9
217,3926.0
250,3926.0
264,3926.1
55,3926.2
226,3926.2
233,3926.3
136,3926.4
190,3926.5
257,3926.6
149,3926.6
126,3927.1
281,3927.1
361,3927.3
331,3927.3
311,3927.6
170,3927.7
243,3927.8
157,3927.8
171,3927.9
163,3928.0
32,3928.1
234,3928.1
376,3928.1
377,3928.2
118,3928.3
195,3928.3
75,3928.3
270,3928.4
177,3928.5
254,3928.9
164,3928.9
356,3929.6
309,3929.7
67,3930.1
66,3931.1
308,3931.5
79,4004.2
68,4004.5
20,4004.9
322,4005.0
374,4005.1
366,4005.3
58,4005.3
39,4006.1
349,4006.1
250,4006.2
217,4006.3
55,4006.3
226,4006.4
233,4006.5
264,4006.6
136,4006.7
257,4006.8
149,4006.9
190,4007.0
185,4007.2
172,4007.3
126,4007.4
230,4007.4
236,4007.6
361,4007.6
141,4007.6
131,4007.7
311,4007.8
338,4007.8
184,4007.8
325,4007.9
163,4008.2
171,4008.2
379,4008.3
234,4008.4
195,4008.6
377,4008.7
32,4008.7
75,4008.8
177,4008.8
221,4008.9
118,4008.9
376,4009.1
270,4009.1
268,4009.2
254,4009.4
164,4009.5
315,4009.5
356,4009.8
67,4010.4
66,4011.6
308,4011.9
374,4389.4
79,4389.9
68,4390.2
182,4390.3
326,4390.3
20,4390.4
137,4390.8
366,4390.8
322,4390.9
184,4390.9
58,4391.0
376,4391.1
28,4391.1
42,4391.4
217,4391.5
39,4391.5
78,4391.5
380,4391.5
379,4391.6
233,4391.6
226,4391.6
136,4391.7
123,4391.8
318,4392.0
257,4392.1
239,4392.2
267,4392.3
264,4392.3
361,4392.7
190,4392.7
126,4392.8
311,4392.9
331,4393.2
185,4393.3
163,4393.3
32,4393.3
38,4393.3
141,4393.4
234,4393.4
236,4393.5
171,4393.5
243,4393.6
177,4393.7
170,4393.7
118,4393.9
254,4394.1
377,4394.3
75,4394.3
270,4394.5
356,4394.9
164,4394.9
67,4395.4
66,4396.1
308,4396.6
374,4468.6
79,4469.0
68,4469.2
20,4469.5
182,4469.7
58,4469.9
326,4470.0
366,4470.0
322,4470.1
184,4470.3
376,4470.5
137,4470.7
217,4470.8
28,4470.9
39,4470.9
226,4471.0
233,4471.1
379,4471.2
78,4471.2
136,4471.2
257,4471.3
380,4471.4
42,4471.4
281,4471.5
157,4471.5
172,4471.6
123,4471.6
131,4471.7
264,4471.7
325,4471.8
19,4471.8
126,4471.9
230,4472.0
361,4472.1
318,4472.1
190,4472.2
239,4472.3
311,4472.3
94,4472.5
267,4472.7
163,4472.7
171,4472.7
234,4472.8
118,4472.9
32,4472.9
141,4473.0
331,4473.0
363,4473.0
236,4473.1
177,4473.2
185,4473.2
221,4473.2
268,4473.5
243,4473.5
315,4473.6
38,4473.6
254,4473.6
309,4473.8
377,4473.9
75,4473.9
356,4474.1
270,4474.2
164,4474.5
67,4474.7
66,4475.6
308,4476.0
374,4548.7
79,4549.2
68,4549.5
20,4549.7
182,4550.0
58,4550.1
366,4550.2
322,4550.3
326,4550.4
184,4550.6
376,4550.8
39,4551.1
217,4551.1
137,4551.2
226,4551.3
233,4551.4
28,4551.4
136,4551.5
379,4551.5
257,4551.6
78,4551.7
380,4551.9
42,4552.0
264,4552.0
123,4552.2
126,4552.2
361,4552.4
190,4552.5
311,4552.6
170,4552.8
157,4552.8
318,4553.0
171,4553.0
163,4553.0
234,4553.1
239,4553.3
32,4553.5
118,4553.5
177,4553.6
254,4553.9
377,4554.3
75,4554.4
356,4554.5
164,4555.0
270,4555.0
67,4555.1
315,4555.1
66,4556.1
308,4556.5
374,4628.8
79,4629.2
68,4629.5
20,4629.9
58,4630.3
182,4630.3
366,4630.4
322,4630.5
326,4630.8
184,4630.8
376,4631.1
39,4631.3
217,4631.3
226,4631.4
233,4631.5
137,4631.6
136,4631.7
257,4631.8
379,4631.8
28,4631.9
281,4632.1
78,4632.1
264,4632.2
172,4632.3
126,4632.4
131,4632.4
325,4632.5
380,4632.5
141,4632.6
185,4632.6
331,4632.6
123,4632.6
42,4632.6
236,4632.6
361,4632.6
311,4632.8
190,4632.8
267,4632.8
230,4632.8
243,4633.1
163,4633.2
171,4633.2
234,4633.4
177,4633.8
118,4633.9
221,4633.9
268,4634.3
254,4634.4
309,4634.4
377,4634.7
356,4634.7
75,4635.0
67,4635.4
164,4635.5
66,4636.5
308,4636.9
374,5014.5
217,5014.7
79,5015.0
134,5015.2
182,5015.7
366,5015.8
20,5016.0
178,5016.2
40,5016.2
184,5016.3
61,5016.5
273,5016.5
268,5016.5
226,5016.6
326,5016.6
39,5016.6
376,5016.6
233,5016.6
250,5016.7
136,5016.7
130,5016.7
137,5017.0
364,5017.2
379,5017.3
28,5017.4
68,5017.5
78,5017.6
361,5017.7
264,5017.7
311,5017.9
42,5018.0
380,5018.0
123,5018.0
322,5018.1
32,5018.1
190,5018.2
163,5018.2
317,5018.3
131,5018.3
331,5018.4
234,5018.4
141,5018.4
236,5018.4
170,5018.6
177,5018.7
58,5018.7
318,5018.8
243,5019.0
254,5019.1
120,5019.2
275,5019.3
377,5019.8
75,5019.8
270,5020.0
374,5093.7
217,5093.8
79,5094.0
182,5095.0
134,5095.0
366,5095.1
20,5095.2
184,5095.6
268,5095.8
40,5095.8
376,5095.9
178,5095.9
39,5095.9
326,5096.0
226,5096.0
233,5096.1
250,5096.2
273,5096.2
136,5096.2
61,5096.2
130,5096.5
281,5096.5
185,5096.6
172,5096.6
379,5096.7
325,5096.8
231,5096.8
137,5096.8
68,5096.9
264,5097.0
28,5097.0
361,5097.1
230,5097.1
364,5097.1
78,5097.2
239,5097.3
322,5097.4
311,5097.4
190,5097.6
32,5097.6
267,5097.6
380,5097.7
123,5097.7
163,5097.7
234,5097.8
42,5097.9
141,5098.0
58,5098.1
236,5098.1
317,5098.2
177,5098.2
262,5098.4
257,5098.4
221,5098.4
38,5098.4
315,5098.5
254,5098.6
170,5098.6
309,5098.6
377,5099.3
75,5099.4
120,5099.4
270,5099.7
374,5173.8
217,5174.1
79,5174.3
366,5175.2
182,5175.2
20,5175.4
134,5175.5
184,5175.9
376,5176.1
39,5176.2
268,5176.2
226,5176.3
326,5176.3
40,5176.4
136,5176.5
233,5176.5
250,5176.5
178,5176.6
61,5176.7
273,5176.7
379,5177.0
68,5177.2
130,5177.2
137,5177.2
264,5177.2
361,5177.4
28,5177.5
331,5177.5
78,5177.6
243,5177.6
311,5177.6
322,5177.7
131,5177.7
190,5177.9
364,5177.9
163,5178.0
318,5178.0
123,5178.1
234,5178.1
32,5178.2
58,5178.3
380,5178.4
177,5178.6
42,5178.8
141,5178.8
317,5178.9
254,5179.0
377,5179.7
315,5179.9
75,5180.0
270,5180.3
374,5253.9
217,5254.2
79,5254.3
182,5255.4
366,5255.4
20,5255.6
134,5255.8
184,5256.1
376,5256.3
226,5256.4
39,5256.4
268,5256.4
233,5256.6
326,5256.6
136,5256.7
250,5256.8
40,5256.8
178,5257.0
61,5257.1
273,5257.1
379,5257.2
281,5257.2
68,5257.3
185,5257.3
325,5257.4
172,5257.4
264,5257.5
137,5257.5
361,5257.6
236,5257.6
130,5257.7
311,5257.8
28,5257.8
322,5257.9
78,5257.9
239,5258.1
190,5258.2
163,5258.2
170,5258.2
234,5258.4
364,5258.4
123,5258.5
58,5258.6
177,5258.9
221,5258.9
380,5259.0
309,5259.2
254,5259.4
120,5259.6
317,5259.7
377,5260.2
75,5260.5
374,5639.5
166,5640.1
97,5640.6
217,5640.8
20,5640.9
366,5640.9
182,5640.9
170,5640.9
76,5641.1
79,5641.3
134,5641.4
184,5641.4
226,5641.5
233,5641.6
163,5641.6
39,5641.7
136,5641.7
167,5641.8
294,5641.8
376,5641.8
293,5642.0
326,5642.0
250,5642.2
202,5642.2
64,5642.2
68,5642.2
157,5642.3
40,5642.4
379,5642.5
269,5642.5
137,5642.6
178,5642.6
61,5642.6
273,5642.7
28,5642.9
120,5642.9
32,5642.9
322,5643.0
130,5643.1
331,5643.1
131,5643.1
185,5643.2
190,5643.3
141,5643.4
42,5643.4
236,5643.4
380,5643.7
243,5643.7
364,5643.8
374,5718.7
166,5719.9
217,5720.0
366,5720.1
20,5720.2
182,5720.2
170,5720.4
97,5720.4
79,5720.5
184,5720.7
134,5720.9
163,5721.0
39,5721.0
226,5721.0
76,5721.0
233,5721.1
376,5721.1
136,5721.2
326,5721.3
281,5721.5
230,5721.6
250,5721.6
172,5721.6
325,5721.7
68,5721.7
195,5721.8
40,5721.8
379,5721.9
294,5721.9
293,5722.0
61,5722.1
178,5722.1
157,5722.1
318,5722.2
167,5722.2
273,5722.2
137,5722.2
257,5722.3
267,5722.4
322,5722.4
120,5722.5
28,5722.5
32,5722.5
239,5722.6
202,5722.6
190,5722.7
130,5722.8
131,5723.0
185,5723.0
141,5723.0
331,5723.0
236,5723.1
42,5723.3
380,5723.3
243,5723.4
38,5723.7
364,5723.7
374,5798.8
366,5800.2
217,5800.3
20,5800.4
182,5800.4
166,5800.5
170,5800.6
79,5800.7
184,5800.9
97,5800.9
226,5801.2
376,5801.2
134,5801.2
39,5801.2
233,5801.3
163,5801.3
136,5801.5
326,5801.6
76,5801.6
250,5801.9
68,5801.9
64,5802.0
379,5802.1
40,5802.2
178,5802.5
61,5802.5
137,5802.5
273,5802.6
322,5802.6
28,5802.8
157,5802.8
294,5802.9
190,5802.9
293,5802.9
120,5803.0
32,5803.1
281,5803.1
325,5803.3
130,5803.3
380,5803.9
364,5804.5
374,5878.9
366,5880.4
217,5880.4
182,5880.6
20,5880.6
79,5880.8
170,5880.8
166,5881.0
184,5881.1
376,5881.4
97,5881.4
39,5881.4
226,5881.4
233,5881.5
134,5881.5
163,5881.5
136,5881.7
326,5881.8
250,5882.1
68,5882.2
76,5882.2
379,5882.3
172,5882.3
167,5882.4
185,5882.5
40,5882.5
230,5882.5
141,5882.6
131,5882.6
331,5882.6
236,5882.6
42,5882.8
61,5882.8
322,5882.8
178,5882.8
273,5882.8
137,5882.8
257,5882.9
243,5883.0
318,5883.0
28,5883.2
190,5883.3
267,5883.4
120,5883.5
32,5883.6
130,5883.9
374,6264.5
366,6265.0
140,6265.2
373,6265.5
236,6265.6
276,6265.6
231,6265.6
217,6265.8
131,6266.0
182,6266.0
285,6266.0
79,6266.2
170,6266.2
184,6266.4
235,6266.4
226,6266.5
233,6266.6
324,6266.7
39,6266.7
136,6266.7
97,6266.8
134,6266.8
376,6266.8
166,6266.8
326,6267.1
379,6267.6
37,6267.6
137,6267.7
76,6267.7
40,6267.8
280,6267.8
61,6268.0
322,6268.0
28,6268.1
178,6268.1
273,6268.2
32,6268.3
141,6268.4
331,6268.4
190,6268.4
325,6268.4
42,6268.6
120,6268.7
380,6268.7
130,6268.7
234,6269.1
364,6269.3
374,6343.7
366,6344.1
140,6344.7
236,6344.9
217,6345.0
373,6345.1
276,6345.2
231,6345.2
182,6345.3
79,6345.4
131,6345.4
170,6345.6
285,6345.7
184,6345.8
226,6345.9
138,6346.0
39,6346.0
235,6346.0
376,6346.1
233,6346.1
134,6346.2
166,6346.2
136,6346.2
326,6346.4
185,6346.5
281,6346.5
97,6346.5
172,6346.6
324,6346.6
293,6346.8
294,6346.9
202,6346.9
379,6346.9
230,6347.0
37,6347.1
40,6347.2
239,6347.2
167,6347.2
318,6347.3
322,6347.3
137,6347.3
76,6347.4
280,6347.4
61,6347.4
178,6347.5
273,6347.6
28,6347.6
190,6347.7
237,6347.8
267,6347.8
32,6347.8
363,6348.0
141,6348.0
120,6348.2
130,6348.2
264,6348.3
325,6348.3
380,6348.3
42,6348.5
234,6348.6
38,6348.9
364,6349.1
250,6349.1
374,6423.8
366,6424.2
140,6425.1
236,6425.2
217,6425.3
182,6425.5
131,6425.7
79,6425.7
373,6425.7
231,6425.8
170,6425.8
276,6425.8
184,6426.0
39,6426.2
226,6426.3
285,6426.3
376,6426.3
233,6426.4
136,6426.5
235,6426.6
166,6426.6
134,6426.6
326,6426.7
97,6426.8
379,6427.2
324,6427.2
138,6427.4
331,6427.5
40,6427.6
322,6427.6
137,6427.7
61,6427.7
37,6427.8
178,6427.9
273,6427.9
76,6427.9
190,6428.0
28,6428.0
280,6428.1
293,6428.5
32,6428.5
120,6428.7
380,6428.8
130,6428.9
374,6503.9
366,6504.3
236,6505.4
217,6505.4
140,6505.5
182,6505.6
79,6505.8
131,6506.0
170,6506.1
231,6506.2
184,6506.2
373,6506.2
276,6506.3
39,6506.4
226,6506.4
376,6506.5
233,6506.6
136,6506.7
285,6506.7
134,6506.8
326,6506.9
166,6506.9
235,6507.0
97,6507.2
172,6507.3
281,6507.3
185,6507.4
379,6507.4
141,6507.7
324,6507.7
294,6507.7
40,6507.8
322,6507.8
138,6507.9
42,6507.9
137,6508.0
61,6508.0
178,6508.1
318,6508.1
273,6508.2
239,6508.2
190,6508.3
37,6508.4
28,6508.4
76,6508.4
234,6508.5
280,6508.7
364,6508.7
264,6509.0
120,6509.2
130,6509.5
230,6889.6
237,6889.7
366,6890.0
235,6890.3
35,6890.4
286,6890.7
37,6890.7
182,6891.0
79,6891.2
140,6891.3
131,6891.3
170,6891.3
184,6891.4
38,6891.5
374,6891.6
126,6891.6
39,6891.7
376,6891.8
228,6891.9
326,6892.2
166,6892.3
97,6892.3
271,6892.4
372,6892.5
285,6892.5
379,6892.6
137,6892.8
40,6893.0
32,6893.0
178,6893.2
61,6893.2
28,6893.2
324,6893.3
273,6893.3
141,6893.4
190,6893.4
380,6893.7
236,6893.7
130,6893.9
217,6893.9
120,6894.0
280,6894.5
234,6894.7
230,6969.0
237,6969.2
366,6969.2
235,6969.6
37,6970.1
35,6970.2
182,6970.3
79,6970.4
286,6970.4
131,6970.6
140,6970.6
170,6970.7
184,6970.8
374,6970.8
39,6971.0
376,6971.1
38,6971.1
126,6971.5
326,6971.5
166,6971.7
285,6971.8
379,6971.9
97,6971.9
281,6972.0
293,6972.0
202,6972.0
271,6972.2
228,6972.2
167,6972.2
137,6972.3
294,6972.3
40,6972.3
20,6972.4
267,6972.4
61,6972.5
372,6972.5
32,6972.5
318,6972.5
178,6972.6
239,6972.6
28,6972.7
273,6972.7
190,6972.7
324,6972.8
236,6972.9
141,6973.0
217,6973.2
380,6973.3
264,6973.3
250,6973.3
130,6973.4
120,6973.5
280,6974.0
234,6974.2
366,7049.2
230,7049.3
237,7049.6
235,7049.9
37,7050.4
182,7050.5
79,7050.6
35,7050.7
286,7050.8
170,7050.9
140,7050.9
131,7050.9
374,7051.0
184,7051.0
39,7051.2
376,7051.3
38,7051.4
326,7051.7
166,7052.0
379,7052.1
126,7052.2
285,7052.2
97,7052.2
40,7052.6
137,7052.7
61,7052.8
271,7052.8
178,7052.9
28,7053.0
190,7053.0
273,7053.0
32,7053.1
324,7053.2
236,7053.3
217,7053.6
141,7053.7
380,7053.8
130,7054.0
120,7054.0
280,7054.7
366,7129.4
230,7129.5
237,7129.9
235,7130.1
182,7130.6
37,7130.7
79,7130.8
170,7131.1
374,7131.1
184,7131.2
35,7131.2
140,7131.2
131,7131.2
286,7131.3
39,7131.4
376,7131.5
38,7131.8
326,7131.9
166,7132.2
379,7132.4
228,7132.5
285,7132.5
97,7132.6
293,7132.6
372,7132.7
40,7132.9
137,7133.0
20,7133.1
61,7133.1
178,7133.2
273,7133.2
318,7133.3
190,7133.3
28,7133.4
324,7133.6
271,7133.6
236,7133.6
32,7133.7
217,7133.9
234,7133.9
264,7134.0
250,7134.0
120,7134.5
130,7134.6
182,7514.6
35,7514.7
37,7514.8
79,7514.9
230,7515.0
366,7515.1
374,7515.3
28,7515.5
237,7515.6
235,7515.7
167,7515.7
372,7515.8
212,7516.0
378,7516.2
264,7516.2
170,7516.3
217,7516.4
184,7516.4
131,7516.5
273,7516.6
39,7516.7
140,7516.7
376,7516.9
286,7516.9
280,7517.2
326,7517.2
38,7517.3
166,7517.5
379,7517.6
137,7517.8
285,7518.0
40,7518.0
123,7518.0
126,7518.1
178,7518.3
141,7518.3
32,7518.3
190,7518.4
62,7518.5
380,7518.7
236,7518.7
324,7518.9
271,7519.0
120,7519.1
130,7519.1
182,7593.6
37,7593.8
35,7593.8
79,7593.9
366,7594.2
374,7594.3
28,7594.4
230,7594.4
235,7594.9
372,7594.9
167,7595.0
237,7595.0
264,7595.1
217,7595.3
212,7595.4
273,7595.5
131,7595.7
179,7595.7
170,7595.7
184,7595.8
140,7595.9
378,7596.0
39,7596.0
369,7596.0
280,7596.1
376,7596.1
286,7596.4
326,7596.5
281,7596.7
38,7596.7
166,7596.8
379,7596.9
228,7597.2
239,7597.2
285,7597.2
267,7597.3
40,7597.3
137,7597.4
318,7597.4
20,7597.4
123,7597.5
178,7597.6
190,7597.7
32,7597.8
126,7597.9
62,7597.9
234,7597.9
236,7598.0
141,7598.0
380,7598.3
134,7598.3
324,7598.3
120,7598.6
130,7598.6
271,7598.8
182,7673.8
37,7674.0
79,7674.1
35,7674.1
366,7674.3
374,7674.4
230,7674.7
28,7674.7
235,7675.1
372,7675.3
237,7675.3
167,7675.3
264,7675.4
217,7675.6
273,7675.8
212,7675.9
170,7675.9
184,7676.0
131,7676.0
39,7676.2
140,7676.3
376,7676.3
280,7676.5
286,7676.7
326,7676.7
38,7677.0
378,7677.0
166,7677.1
379,7677.1
179,7677.2
285,7677.5
137,7677.7
40,7677.7
190,7678.0
178,7678.0
236,7678.3
32,7678.4
324,7678.6
141,7678.8
380,7678.9
120,7679.1
130,7679.1
271,7679.4
182,7753.9
79,7754.2
37,7754.2
35,7754.3
366,7754.4
374,7754.6
230,7754.8
28,7754.9
235,7755.3
237,7755.5
372,7755.6
167,7755.7
264,7755.7
217,7755.8
273,7756.0
170,7756.1
184,7756.1
131,7756.2
39,7756.4
140,7756.4
212,7756.4
376,7756.5
280,7756.8
326,7756.9
286,7757.0
38,7757.2
166,7757.3
369,7757.4
379,7757.4
281,7757.5
126,7757.6
179,7757.6
285,7757.8
40,7757.9
137,7758.0
20,7758.1
178,7758.2
190,7758.3
318,7758.3
239,7758.3
234,7758.4
236,7758.6
324,7759.1
120,7759.6
130,7759.7
372,8139.6
182,8139.7
236,8140.1
37,8140.1
190,8140.2
267,8140.2
130,8140.2
283,8140.2
185,8140.2
24,8140.3
374,8140.3
76,8140.7
28,8140.7
95,8140.8
120,8140.9
235,8140.9
173,8140.9
180,8141.0
237,8141.0
167,8141.5
79,8141.5
117,8141.6
313,8141.7
273,8141.7
264,8141.7
227,8141.8
376,8141.9
377,8142.0
326,8142.2
230,8142.2
286,8142.3
212,8142.4
366,8142.4
379,8142.6
166,8142.6
38,8142.6
280,8142.7
137,8142.8
40,8143.0
32,8143.1
285,8143.2
141,8143.3
35,8143.3
380,8143.7
322,8144.0
179,8144.1
324,8144.1
271,8144.5
372,8218.6
182,8218.7
37,8219.0
374,8219.3
236,8219.3
130,8219.4
190,8219.4
28,8219.6
283,8219.7
24,8219.7
267,8219.7
185,8219.9
235,8220.1
120,8220.2
76,8220.3
237,8220.3
79,8220.4
167,8220.6
264,8220.6
273,8220.7
173,8220.7
180,8220.8
95,8220.9
376,8221.1
313,8221.4
280,8221.5
326,8221.5
366,8221.5
212,8221.5
227,8221.6
378,8221.6
230,8221.7
117,8221.7
286,8221.7
377,8221.7
38,8221.9
379,8221.9
166,8221.9
35,8222.0
228,8222.1
123,8222.2
75,8222.3
318,8222.4
20,8222.4
137,8222.4
285,8222.4
40,8222.4
184,8222.4
32,8222.6
234,8222.7
317,8222.7
62,8222.8
134,8223.0
141,8223.0
363,8223.1
179,8223.1
380,8223.3
324,8223.4
322,8223.9
271,8224.1
372,8298.8
182,8298.9
37,8299.2
236,8299.5
374,8299.5
190,8299.6
130,8299.6
28,8299.8
267,8300.0
283,8300.3
235,8300.3
24,8300.3
120,8300.4
185,8300.4
237,8300.5
79,8300.8
76,8300.8
264,8300.8
273,8300.9
167,8300.9
376,8301.3
173,8301.3
180,8301.5
95,8301.6
326,8301.7
366,8301.7
212,8301.9
280,8301.9
286,8302.0
230,8302.1
313,8302.1
38,8302.2
166,8302.2
379,8302.2
377,8302.2
227,8302.3
35,8302.5
285,8302.6
40,8302.7
117,8302.7
137,8302.8
32,8303.2
324,8303.8
179,8303.8
380,8303.8
372,8379.0
182,8379.0
37,8379.4
236,8379.6
374,8379.7
190,8379.7
130,8379.8
28,8380.0
267,8380.3
235,8380.5
120,8380.6
185,8380.7
237,8380.7
283,8380.7
79,8380.8
24,8380.9
264,8381.1
273,8381.1
76,8381.1
167,8381.2
376,8381.5
173,8381.9
366,8381.9
180,8382.0
326,8382.0
280,8382.1
212,8382.3
286,8382.3
230,8382.3
38,8382.4
166,8382.4
379,8382.4
141,8382.5
95,8382.5
313,8382.6
377,8382.7
227,8382.8
40,8382.9
285,8382.9
184,8383.0
137,8383.0
20,8383.1
35,8383.1
318,8383.3
234,8383.4
271,8383.7
322,8383.9
324,8384.3
179,8384.3
372,8764.9
37,8765.2
130,8765.3
190,8765.3
28,8765.8
120,8766.0
235,8766.0
185,8766.1
237,8766.1
294,8766.2
51,8766.4
76,8766.6
182,8766.6
283,8766.6
157,8766.9
376,8766.9
19,8767.2
326,8767.2
24,8767.2
230,8767.2
286,8767.5
38,8767.6
166,8767.6
173,8767.7
180,8767.8
280,8767.9
40,8768.0
293,8768.1
313,8768.1
95,8768.2
377,8768.2
285,8768.2
35,8768.5
374,8768.6
227,8768.6
184,8768.9
273,8769.2
236,8769.5
271,8769.7
234,8769.7
179,8770.2
140,8770.3
372,8843.8
37,8844.1
130,8844.5
190,8844.5
28,8844.7
235,8845.1
120,8845.3
237,8845.4
182,8845.4
185,8845.6
283,8845.9
294,8846.0
76,8846.1
376,8846.1
24,8846.3
326,8846.5
51,8846.5
117,8846.7
230,8846.7
280,8846.7
286,8846.8
378,8846.8
166,8846.9
38,8847.0
228,8847.0
173,8847.0
19,8847.0
35,8847.1
157,8847.1
180,8847.2
123,8847.3
40,8847.3
285,8847.4
374,8847.5
170,8847.7
313,8847.7
377,8847.7
227,8848.0
264,8848.0
75,8848.0
273,8848.1
317,8848.3
322,8848.3
184,8848.4
217,8848.5
236,8848.8
179,8848.9
271,8849.3
372,8924.0
37,8924.3
190,8924.7
130,8924.7
28,8924.9
235,8925.3
120,8925.5
237,8925.6
182,8925.6
185,8926.0
376,8926.3
283,8926.3
76,8926.4
294,8926.5
326,8926.7
24,8926.8
280,8927.0
95,8927.0
286,8927.1
230,8927.1
51,8927.1
38,8927.2
166,8927.2
173,8927.4
293,8927.4
180,8927.6
40,8927.6
35,8927.7
374,8927.7
285,8927.7
377,8928.1
157,8928.1
313,8928.2
62,8928.3
234,8928.3
227,8928.4
273,8928.5
140,8929.2
236,8929.3
179,8929.6
372,9004.1
37,9004.4
190,9004.8
130,9004.9
28,9005.0
235,9005.5
120,9005.7
182,9005.8
237,9005.8
185,9006.2
376,9006.5
283,9006.6
76,9006.7
326,9006.9
294,9007.0
280,9007.2
230,9007.3
286,9007.3
38,9007.4
166,9007.4
117,9007.5
24,9007.5
19,9007.6
173,9007.8
180,9007.9
285,9007.9
51,9007.9
40,9007.9
184,9008.0
374,9008.0
35,9008.2
377,9008.5
264,9008.6
273,9008.7
271,9008.8
313,9008.8
322,9008.9
227,9009.0
236,9009.7
372,9390.0
166,9390.2
227,9390.3
117,9390.4
130,9390.4
218,9390.6
86,9391.0
120,9391.1
291,9391.2
79,9391.3
276,9391.4
212,9391.4
87,9391.5
342,9391.5
182,9391.5
128,9391.6
8,9391.6
176,9391.8
105,9391.9
1,9391.9
77,9391.9
126,9391.9
76,9392.0
283,9392.1
82,9392.3
294,9392.5
326,9392.5
88,9392.5
38,9392.7
280,9392.9
37,9393.0
285,9393.2
173,9393.2
190,9393.3
180,9393.3
24,9393.3
374,9393.4
51,9393.5
35,9393.6
313,9393.7
377,9393.7
273,9394.1
235,9394.3
236,9394.5
271,9394.9
179,9395.3
372,9468.9
166,9469.4
227,9469.5
130,9469.6
117,9469.9
120,9470.3
79,9470.3
182,9470.3
218,9470.4
212,9470.5
87,9471.0
276,9471.0
86,9471.1
291,9471.1
283,9471.3
76,9471.3
176,9471.3
95,9471.5
342,9471.6
280,9471.7
326,9471.8
378,9471.8
77,9471.8
37,9471.8
126,9471.9
8,9471.9
38,9472.0
1,9472.1
24,9472.1
128,9472.1
105,9472.1
82,9472.1
157,9472.2
294,9472.2
35,9472.2
285,9472.4
374,9472.4
173,9472.5
123,9472.5
28,9472.6
19,9472.6
264,9472.6
190,9472.6
180,9472.6
88,9472.8
293,9472.8
20,9472.9
273,9473.0
237,9473.0
377,9473.1
313,9473.2
217,9473.2
322,9473.4
235,9473.5
51,9473.5
236,9473.6
179,9474.1
271,9474.4
372,9549.0
166,9549.6
227,9549.7
130,9549.8
117,9550.2
120,9550.5
182,9550.6
79,9550.7
212,9550.8
218,9550.9
276,9551.5
283,9551.6
76,9551.6
291,9551.7
86,9551.8
87,9551.8
326,9552.0
280,9552.0
37,9552.1
176,9552.1
38,9552.2
342,9552.3
77,9552.4
374,9552.6
285,9552.6
294,9552.6
82,9552.7
24,9552.7
126,9552.7
173,9552.8
190,9552.8
35,9552.8
180,9552.9
105,9553.0
1,9553.1
8,9553.2
273,9553.4
377,9553.4
235,9553.7
264,9553.7
313,9553.9
236,9554.1
237,9554.4
179,9554.8
372,9629.2
166,9629.8
130,9629.9
227,9629.9
117,9630.4
182,9630.7
120,9630.7
79,9630.9
212,9631.2
218,9631.4
283,9631.9
76,9631.9
276,9632.0
326,9632.2
95,9632.2
280,9632.3
37,9632.3
291,9632.3
128,9632.3
38,9632.4
87,9632.5
86,9632.7
176,9632.9
374,9632.9
88,9632.9
285,9632.9
77,9633.0
190,9633.0
157,9633.1
51,9633.1
173,9633.1
294,9633.2
180,9633.2
82,9633.3
342,9633.3
24,9633.3
28,9633.3
35,9633.3
273,9633.7
271,9633.8
377,9633.8
235,9634.0
322,9634.2
313,9634.3
236,9634.5
