10,87.3
25,87.3
5,87.3
6,87.5
12,87.5
17,87.5
13,87.6
29,87.6
14,87.7
2,87.7
19,87.8
27,87.9
30,88.0
23,88.0
31,88.1
20,88.2
0,88.2
7,88.2
8,88.3
24,88.3
11,88.4
26,88.4
1,88.4
16,88.6
22,89.1
15,89.2
5,93.8
25,94.0
10,94.1
17,94.3
6,94.6
14,94.7
12,94.7
2,94.8
30,94.9
29,94.9
31,95.2
23,95.2
27,95.2
20,95.4
19,95.7
26,96.3
11,96.8
13,97.3
8,98.6
22,98.7
5,98.7
24,98.8
0,99.0
25,99.2
3,99.3
7,99.6
10,99.6
17,100.1
18,100.6
14,100.8
30,101.0
1,101.1
12,101.2
6,101.3
2,101.3
15,102.0
31,102.1
29,102.2
23,102.3
16,102.4
20,102.4
21,102.9
27,102.9
5,103.4
25,104.2
10,105.2
19,105.7
17,105.9
26,107.8
14,107.9
5,108.2
30,108.6
25,109.3
2,109.3
10,111.1
17,112.4
12,113.0
5,113.1
6,113.9
25,114.7
20,114.8
31,114.9
5,118.5
10,118.5
25,120.5
5,124.3
25,127.7
5,131.5
5,167.1
25,167.1
10,167.1
6,167.2
12,167.3
17,167.3
13,167.3
29,167.5
19,167.6
2,167.6
14,167.6
27,167.8
23,167.8
30,167.9
31,167.9
7,168.0
20,168.0
8,168.1
0,168.1
1,168.2
24,168.2
26,168.2
11,168.3
16,168.3
15,168.9
22,168.9
5,173.6
25,173.8
10,173.8
17,174.2
6,174.3
12,174.4
14,174.5
2,174.6
29,174.7
30,174.7
31,175.0
23,175.0
27,175.1
20,175.2
19,175.3
26,175.9
11,176.4
13,176.6
0,178.2
24,178.2
8,178.2
5,178.4
22,178.6
25,178.9
3,179.1
7,179.1
10,179.2
17,179.9
16,180.3
15,180.3
14,180.5
1,180.7
6,180.7
12,180.8
30,180.9
2,180.9
18,181.1
9,181.6
23,181.7
31,181.8
29,181.9
20,182.0
27,182.5
5,183.1
21,183.2
25,183.8
19,184.4
10,184.6
17,185.5
26,187.1
14,187.2
5,187.7
30,187.9
2,188.0
11,188.5
25,188.6
6,189.9
10,190.2
12,191.0
17,191.5
20,192.4
5,192.5
13,193.4
25,193.4
31,193.5
23,193.9
10,195.8
19,196.4
5,197.5
25,198.4
17,199.0
14,200.6
10,201.3
5,203.0
25,203.4
10,207.1
25,208.6
5,209.1
10,213.9
25,214.3
5,217.8
25,220.7
25,234.8
10,247.0
5,247.1
17,247.2
6,247.2
12,247.3
13,247.3
29,247.4
25,247.5
19,247.5
2,247.5
14,247.6
27,247.7
23,247.8
31,247.9
0,247.9
30,247.9
20,248.0
8,248.0
24,248.0
7,248.0
1,248.2
26,248.2
16,248.3
11,248.3
22,248.9
15,248.9
5,253.6
10,253.8
25,254.1
17,254.1
6,254.3
12,254.4
14,254.5
2,254.6
29,254.6
30,254.7
27,255.0
23,255.0
31,255.0
19,255.2
20,255.2
26,256.0
11,256.4
13,256.5
8,257.9
0,257.9
24,258.0
22,258.4
5,258.4
7,259.0
10,259.1
25,259.3
3,259.3
17,259.8
16,260.4
14,260.6
1,260.7
15,260.8
2,260.9
6,260.9
30,260.9
12,261.0
18,261.1
29,261.6
23,261.8
31,261.8
20,262.0
27,262.3
5,263.1
19,264.2
25,264.2
10,264.4
17,265.4
26,267.0
14,267.4
5,267.7
30,268.1
11,268.3
2,268.3
25,268.9
13,269.0
10,269.5
17,271.4
6,271.6
12,272.1
5,272.4
20,273.1
19,273.4
25,273.6
31,273.9
10,274.4
23,275.2
29,275.5
5,277.5
25,278.3
17,279.2
10,279.5
5,283.0
25,283.2
10,284.9
25,288.4
5,289.0
10,290.8
25,294.1
5,297.4
10,298.2
25,300.7
5,632.3
10,632.3
25,632.3
12,632.4
6,632.4
17,632.5
13,632.6
29,632.6
14,632.7
19,632.7
2,632.7
27,632.9
23,633.0
30,633.0
20,633.1
31,633.1
7,633.2
8,633.2
0,633.2
24,633.3
26,633.4
1,633.4
11,633.4
16,633.5
22,634.1
15,634.1
5,638.8
10,639.0
25,639.0
17,639.3
12,639.6
14,639.6
6,639.6
2,639.8
30,639.8
29,639.9
31,640.2
27,640.2
23,640.2
20,640.4
19,640.6
26,641.3
11,641.7
13,642.3
8,643.3
5,643.6
22,643.8
24,643.8
0,644.0
25,644.1
10,644.5
7,644.7
3,644.9
17,645.0
14,645.7
30,645.9
6,646.2
18,646.2
2,646.2
12,646.3
1,646.4
15,646.9
31,647.0
23,647.1
20,647.2
29,647.2
16,647.7
27,647.7
5,648.4
21,649.1
25,649.1
10,650.1
19,650.3
17,650.9
14,652.6
5,653.1
30,653.3
26,653.9
2,654.1
25,654.1
11,654.7
10,656.1
17,657.5
5,658.1
6,658.2
20,658.2
31,659.0
12,659.3
25,659.4
5,663.4
10,663.5
25,665.1
5,669.2
25,671.8
5,676.3
25,712.1
5,712.1
10,712.1
17,712.2
6,712.2
13,712.3
12,712.3
29,712.4
19,712.5
2,712.5
14,712.6
27,712.7
23,712.8
30,712.9
31,712.9
8,713.0
0,713.0
7,713.0
20,713.0
24,713.1
1,713.2
26,713.2
11,713.3
16,713.3
22,713.9
15,713.9
5,718.5
25,718.7
10,718.8
17,719.1
6,719.3
12,719.4
14,719.5
2,719.6
29,719.6
30,719.7
27,720.0
23,720.0
31,720.0
19,720.2
20,720.2
26,721.0
11,721.5
13,721.5
8,723.0
0,723.1
24,723.1
5,723.4
22,723.6
25,723.8
7,724.1
10,724.2
3,724.7
17,724.8
14,725.5
15,725.6
1,725.7
30,725.8
6,725.8
2,725.9
12,726.0
29,726.6
20,726.8
31,726.8
23,726.8
16,726.9
27,727.3
9,727.7
5,728.1
25,728.6
19,729.3
10,729.5
17,730.4
14,732.1
26,732.3
5,732.7
30,733.0
2,733.1
25,733.4
11,733.8
10,735.1
20,736.3
6,736.5
17,736.5
12,737.3
5,737.4
25,738.4
31,738.5
13,739.0
23,740.3
29,740.5
10,740.6
19,741.7
5,742.4
25,743.4
17,744.5
14,745.0
10,745.9
5,747.9
25,748.5
10,751.6
25,753.8
5,754.0
10,757.7
25,759.5
5,762.7
25,766.1
10,767.4
10,792.0
25,792.0
5,792.1
17,792.2
13,792.2
6,792.2
12,792.3
29,792.4
19,792.5
2,792.5
14,792.6
27,792.7
23,792.8
30,792.9
0,792.9
31,792.9
24,793.0
8,793.0
20,793.0
7,793.0
26,793.2
1,793.2
11,793.3
16,793.3
15,793.9
22,794.0
5,798.5
10,798.7
25,798.7
17,799.1
6,799.4
12,799.4
14,799.5
2,799.6
29,799.6
30,799.7
27,800.0
31,800.0
23,800.0
19,800.2
20,800.2
26,801.0
13,801.4
11,801.4
8,802.9
24,803.0
0,803.0
5,803.4
22,803.6
25,803.7
10,804.0
7,804.1
17,804.7
3,804.7
14,805.6
16,805.7
1,805.7
2,805.9
6,805.9
30,805.9
15,805.9
12,806.1
29,806.6
23,806.7
31,806.8
20,807.1
27,807.3
5,808.0
25,808.5
19,809.3
10,809.3
17,810.4
14,812.3
26,812.4
5,812.6
2,813.0
30,813.1
25,813.1
11,813.7
13,813.8
10,814.3
6,816.4
17,816.5
5,817.3
25,817.8
20,818.2
12,818.3
31,819.1
19,819.1
10,819.2
23,819.4
5,822.4
25,822.4
10,824.3
17,824.5
25,827.2
5,827.8
10,829.7
25,832.4
5,833.8
10,835.6
25,837.9
5,841.9
10,843.0
25,844.2
25,855.3
5,872.1
10,872.1
6,872.2
12,872.2
17,872.2
13,872.3
25,872.3
29,872.4
2,872.5
14,872.5
19,872.5
27,872.7
30,872.8
23,872.8
31,872.9
7,873.0
8,873.0
0,873.0
20,873.0
24,873.0
1,873.2
26,873.2
11,873.3
16,873.3
22,873.9
15,873.9
5,878.5
10,878.8
25,878.9
17,879.1
6,879.3
12,879.3
14,879.5
2,879.6
29,879.6
30,879.6
31,880.0
27,880.0
23,880.0
19,880.2
20,880.2
26,881.0
11,881.5
13,881.5
8,882.9
24,883.0
0,883.2
5,883.4
22,883.5
25,884.0
10,884.1
7,884.2
17,884.7
3,885.6
14,885.6
30,885.7
1,885.8
12,886.0
16,886.0
2,886.0
15,886.1
6,886.1
29,886.7
31,886.7
23,886.9
20,887.2
27,887.3
5,888.0
25,888.8
19,889.3
10,889.5
17,890.4
14,892.3
26,892.3
5,892.6
30,892.8
2,893.4
25,893.6
11,893.9
10,895.0
17,896.5
5,897.4
12,897.9
6,898.1
31,898.2
25,898.6
20,898.8
23,900.8
10,901.0
5,902.5
25,904.0
17,905.0
5,908.0
10,909.0
25,909.9
5,914.2
25,916.9
5,924.0
5,1257.2
10,1257.3
25,1257.3
17,1257.4
12,1257.4
6,1257.4
29,1257.6
13,1257.6
14,1257.7
2,1257.7
19,1257.7
27,1257.9
23,1258.0
30,1258.0
20,1258.1
31,1258.1
0,1258.2
8,1258.2
7,1258.2
24,1258.3
26,1258.4
11,1258.4
1,1258.4
16,1258.5
22,1259.1
15,1259.1
5,1263.7
10,1264.0
25,1264.0
17,1264.3
6,1264.6
12,1264.6
14,1264.6
2,1264.8
30,1264.8
29,1264.9
31,1265.2
23,1265.2
27,1265.2
20,1265.4
19,1265.6
26,1266.4
11,1266.8
13,1267.4
8,1268.4
5,1268.6
24,1268.8
22,1268.9
25,1269.1
0,1269.1
10,1269.5
7,1269.8
17,1270.0
3,1270.4
14,1270.8
30,1271.0
2,1271.3
1,1271.4
12,1271.5
6,1271.5
18,1271.7
31,1271.9
29,1272.1
23,1272.2
20,1272.4
27,1272.7
15,1272.9
16,1273.1
5,1273.3
25,1274.0
21,1274.3
10,1275.1
19,1275.4
17,1275.9
14,1277.8
5,1278.0
30,1278.6
25,1279.0
26,1279.1
2,1279.7
11,1280.1
10,1281.0
17,1282.6
5,1282.9
31,1283.7
25,1284.2
20,1285.0
5,1288.1
10,1288.4
25,1289.9
5,1293.9
25,1296.3
5,1300.6
25,1337.1
10,1337.1
5,1337.1
6,1337.2
17,1337.2
13,1337.3
12,1337.3
29,1337.4
2,1337.5
19,1337.5
14,1337.6
27,1337.7
23,1337.8
31,1337.9
30,1337.9
20,1338.0
7,1338.0
8,1338.0
0,1338.0
24,1338.1
26,1338.2
1,1338.2
11,1338.3
16,1338.3
15,1338.9
22,1338.9
5,1343.5
25,1343.7
10,1343.8
17,1344.1
6,1344.3
12,1344.4
14,1344.5
2,1344.6
29,1344.7
30,1344.7
31,1345.0
23,1345.0
27,1345.0
20,1345.2
19,1345.2
26,1346.0
11,1346.6
13,1346.7
8,1348.1
24,1348.2
5,1348.3
0,1348.3
22,1348.7
25,1348.7
10,1349.1
7,1349.2
17,1349.7
3,1350.1
14,1350.5
1,1350.7
15,1350.7
2,1350.8
6,1350.8
30,1350.8
12,1351.1
29,1351.6
31,1351.7
23,1351.7
20,1351.9
9,1352.2
27,1352.3
16,1352.5
5,1353.0
25,1353.5
19,1354.3
10,1354.4
17,1355.3
14,1357.0
5,1357.6
26,1357.7
2,1357.9
30,1357.9
25,1358.3
11,1359.0
10,1360.0
6,1361.1
17,1361.3
20,1361.8
5,1362.2
12,1363.0
25,1363.2
31,1363.2
13,1364.3
23,1364.4
10,1365.4
29,1365.4
19,1366.9
5,1367.2
25,1368.2
14,1368.9
17,1369.1
10,1370.7
5,1372.6
25,1373.2
10,1376.2
25,1378.5
5,1378.5
10,1382.2
25,1384.1
5,1386.1
10,1389.9
25,1390.3
25,1401.4
10,1417.0
5,1417.1
6,1417.2
13,1417.2
17,1417.2
25,1417.3
12,1417.3
29,1417.4
2,1417.5
19,1417.5
14,1417.6
27,1417.7
23,1417.8
30,1417.9
31,1417.9
8,1418.0
7,1418.0
0,1418.0
20,1418.0
24,1418.1
1,1418.2
26,1418.2
16,1418.3
11,1418.3
15,1418.9
22,1418.9
5,1423.5
10,1423.7
25,1423.9
17,1424.1
6,1424.3
12,1424.4
14,1424.5
29,1424.6
2,1424.6
30,1424.7
27,1425.0
23,1425.0
31,1425.0
19,1425.2
20,1425.2
26,1426.0
13,1426.4
11,1426.5
8,1427.9
24,1428.0
0,1428.1
5,1428.3
22,1428.5
25,1428.9
10,1429.0
7,1429.1
17,1429.7
3,1430.1
14,1430.6
30,1430.8
1,1430.8
16,1430.8
2,1430.9
6,1431.0
15,1431.1
12,1431.2
29,1431.6
31,1431.8
23,1431.9
20,1432.1
27,1432.2
5,1433.0
25,1433.7
10,1434.2
19,1434.4
17,1435.4
14,1437.3
5,1437.5
26,1437.5
30,1438.0
25,1438.3
2,1438.4
11,1438.8
13,1438.8
10,1439.2
17,1441.4
5,1442.2
6,1442.9
25,1442.9
20,1443.5
31,1443.6
12,1443.7
10,1444.1
19,1444.1
29,1445.5
23,1445.7
5,1447.2
25,1447.5
10,1449.1
17,1449.3
25,1452.2
5,1452.6
10,1454.5
25,1457.3
5,1458.6
10,1460.3
25,1462.8
5,1466.2
10,1467.2
25,1468.8
25,1477.6
5,1497.0
10,1497.1
25,1497.1
6,1497.2
17,1497.2
12,1497.2
13,1497.3
29,1497.4
2,1497.5
19,1497.5
14,1497.5
27,1497.7
23,1497.8
30,1497.8
31,1497.9
7,1498.0
8,1498.0
0,1498.0
20,1498.0
24,1498.1
26,1498.2
1,1498.2
11,1498.3
16,1498.3
15,1498.9
22,1499.0
5,1503.5
25,1503.7
10,1503.8
17,1504.1
12,1504.3
6,1504.3
14,1504.5
29,1504.6
30,1504.6
2,1504.6
27,1505.0
31,1505.0
23,1505.0
20,1505.2
19,1505.2
26,1506.1
11,1506.5
13,1506.6
8,1507.9
24,1508.0
0,1508.3
5,1508.3
22,1508.7
25,1508.7
10,1509.1
7,1509.2
17,1509.7
14,1510.5
30,1510.7
3,1510.8
1,1510.8
2,1510.9
12,1511.0
6,1511.0
15,1511.2
31,1511.7
29,1511.7
23,1511.8
20,1511.9
27,1512.3
5,1513.0
25,1513.5
10,1514.4
19,1514.5
17,1515.4
16,1515.6
14,1517.0
26,1517.4
5,1517.5
30,1517.6
2,1518.0
25,1518.2
11,1519.0
10,1519.9
17,1521.4
20,1521.8
5,1522.2
6,1522.4
31,1522.9
25,1523.0
12,1523.2
23,1525.2
10,1525.8
5,1527.1
25,1528.2
17,1529.4
14,1529.8
5,1532.5
10,1533.2
25,1533.9
5,1538.4
25,1540.2
5,1545.9
25,1552.9
5,1882.2
25,1882.3
10,1882.3
12,1882.4
6,1882.4
17,1882.4
13,1882.5
29,1882.6
14,1882.7
19,1882.7
2,1882.7
27,1882.9
23,1883.0
30,1883.0
31,1883.1
20,1883.1
7,1883.2
8,1883.2
0,1883.2
24,1883.3
26,1883.4
11,1883.4
1,1883.4
16,1883.5
22,1884.1
15,1884.1
5,1888.7
25,1888.9
10,1889.0
17,1889.3
14,1889.6
12,1889.6
6,1889.6
2,1889.8
30,1889.8
29,1889.9
31,1890.2
23,1890.2
27,1890.2
20,1890.4
19,1890.6
26,1891.4
11,1891.8
13,1892.3
8,1893.4
5,1893.5
24,1893.8
22,1893.9
25,1894.0
0,1894.2
10,1894.4
7,1894.9
17,1895.0
3,1895.5
14,1895.8
30,1896.0
1,1896.4
2,1896.4
6,1896.5
12,1896.5
31,1896.9
18,1897.0
29,1897.1
20,1897.3
23,1897.3
27,1897.7
16,1898.0
5,1898.2
15,1898.2
25,1898.8
21,1899.3
10,1900.0
19,1900.4
17,1900.9
14,1902.7
5,1902.9
30,1903.6
25,1903.7
26,1904.1
2,1904.7
11,1905.0
10,1905.8
17,1907.5
5,1907.7
31,1908.4
25,1908.9
20,1909.8
6,1910.4
5,1912.8
10,1912.8
25,1914.5
5,1918.5
25,1920.7
5,1924.9
25,1932.1
25,1962.1
5,1962.1
10,1962.1
6,1962.2
17,1962.3
12,1962.3
13,1962.4
19,1962.5
29,1962.5
2,1962.6
14,1962.6
23,1962.8
27,1962.8
30,1962.9
31,1962.9
0,1963.0
8,1963.0
20,1963.0
7,1963.0
24,1963.1
26,1963.2
1,1963.2
11,1963.3
16,1963.3
15,1963.9
22,1963.9
5,1968.5
10,1968.7
25,1968.7
17,1969.1
6,1969.3
12,1969.4
14,1969.5
2,1969.6
30,1969.7
29,1969.7
23,1970.0
31,1970.0
27,1970.1
19,1970.2
20,1970.2
26,1971.0
11,1971.6
13,1971.9
8,1973.1
24,1973.3
5,1973.3
0,1973.3
25,1973.6
22,1973.8
10,1974.0
7,1974.3
17,1974.7
3,1975.3
14,1975.5
30,1975.8
6,1975.8
1,1975.8
15,1975.8
2,1975.9
12,1976.1
29,1976.6
31,1976.7
23,1976.7
20,1976.8
16,1977.1
9,1977.2
27,1977.5
5,1978.0
21,1978.1
25,1978.4
4,1979.0
19,1979.3
10,1979.3
17,1980.4
14,1982.0
26,1982.0
5,1982.5
30,1982.7
2,1983.0
25,1983.1
11,1984.0
10,1984.8
20,1985.8
6,1986.2
17,1986.4
5,1987.1
25,1988.0
12,1988.0
31,1988.0
13,1989.4
23,1989.5
29,1989.9
10,1990.1
19,1991.9
5,1992.0
25,1992.9
14,1994.1
17,1994.1
10,1995.4
5,1997.4
25,1997.8
10,2000.8
25,2002.9
5,2003.2
10,2006.7
25,2008.3
5,2010.1
10,2013.7
25,2014.3
25,2022.0
25,2042.0
10,2042.0
5,2042.0
6,2042.2
13,2042.2
17,2042.2
12,2042.3
29,2042.4
19,2042.5
2,2042.5
14,2042.6
27,2042.7
23,2042.8
31,2042.9
30,2042.9
20,2043.0
24,2043.0
8,2043.0
7,2043.0
0,2043.0
1,2043.2
26,2043.2
11,2043.3
16,2043.3
15,2043.9
22,2043.9
5,2048.5
25,2048.6
10,2048.7
17,2049.0
6,2049.3
12,2049.4
14,2049.5
2,2049.6
29,2049.6
30,2049.7
23,2050.0
27,2050.0
31,2050.0
19,2050.2
20,2050.2
26,2051.0
13,2051.4
11,2051.5
8,2052.9
24,2053.0
0,2053.1
5,2053.3
25,2053.5
22,2053.6
10,2053.9
7,2054.2
17,2054.7
3,2055.2
14,2055.6
16,2055.8
30,2055.8
1,2055.8
2,2055.9
6,2056.0
12,2056.2
15,2056.2
29,2056.5
31,2056.8
23,2056.9
20,2057.1
27,2057.2
5,2057.9
25,2058.2
10,2059.1
19,2059.4
17,2060.3
26,2062.2
14,2062.3
5,2062.4
25,2062.7
30,2062.9
2,2063.3
13,2063.7
11,2063.8
10,2064.1
17,2066.3
5,2067.0
25,2067.3
6,2068.0
20,2068.1
31,2068.6
12,2068.7
10,2068.9
19,2069.1
29,2070.3
23,2070.7
25,2071.9
5,2071.9
10,2073.8
17,2073.8
14,2076.2
25,2076.6
5,2077.2
10,2079.1
25,2081.5
5,2083.0
10,2084.8
25,2086.9
5,2089.9
10,2091.3
25,2092.8
25,2100.1
10,2122.0
5,2122.0
25,2122.0
17,2122.2
12,2122.2
6,2122.2
13,2122.3
29,2122.4
19,2122.5
14,2122.5
2,2122.5
27,2122.7
30,2122.8
23,2122.8
31,2122.9
8,2123.0
0,2123.0
20,2123.0
7,2123.0
24,2123.1
1,2123.2
26,2123.2
16,2123.3
11,2123.3
15,2123.9
22,2123.9
5,2128.5
25,2128.6
10,2128.7
17,2129.0
12,2129.3
6,2129.3
14,2129.4
30,2129.6
2,2129.6
29,2129.6
23,2130.0
27,2130.0
31,2130.0
19,2130.2
20,2130.2
26,2131.0
11,2131.5
13,2131.6
8,2133.0
24,2133.1
0,2133.2
5,2133.3
25,2133.5
22,2133.7
10,2134.0
7,2134.3
17,2134.7
14,2135.5
30,2135.6
1,2135.8
3,2135.8
12,2136.0
2,2136.0
6,2136.1
15,2136.4
29,2136.6
31,2136.7
20,2136.9
23,2136.9
27,2137.3
5,2137.9
25,2138.2
10,2139.2
19,2139.6
17,2140.3
14,2142.0
26,2142.1
5,2142.4
30,2142.5
25,2142.8
2,2143.4
10,2144.6
11,2145.2
17,2146.3
20,2146.7
5,2147.0
25,2147.6
31,2147.9
12,2148.3
6,2148.9
10,2150.4
5,2151.9
25,2152.6
17,2153.8
14,2154.7
10,2157.2
5,2157.2
25,2158.1
5,2162.9
25,2164.1
5,2169.8
25,2172.4
10,2507.2
5,2507.2
25,2507.3
17,2507.4
6,2507.4
12,2507.4
29,2507.6
13,2507.6
2,2507.7
14,2507.7
19,2507.7
27,2507.9
23,2508.0
30,2508.0
31,2508.1
20,2508.1
0,2508.2
8,2508.2
7,2508.2
24,2508.3
1,2508.4
26,2508.4
11,2508.4
16,2508.5
15,2509.1
22,2509.1
5,2513.6
25,2513.9
10,2514.0
17,2514.3
12,2514.6
6,2514.6
14,2514.6
30,2514.8
2,2514.8
29,2514.9
31,2515.2
27,2515.2
23,2515.2
20,2515.4
19,2515.6
26,2516.4
11,2516.8
13,2517.4
8,2518.4
5,2518.5
24,2518.9
22,2518.9
25,2518.9
0,2519.1
10,2519.3
7,2519.9
17,2520.0
3,2520.6
14,2520.7
30,2521.0
2,2521.3
1,2521.4
6,2521.5
12,2521.6
31,2521.9
18,2522.0
29,2522.1
23,2522.3
20,2522.4
27,2522.7
5,2523.1
15,2523.1
16,2523.2
25,2523.7
21,2524.4
10,2524.8
19,2525.4
17,2525.8
14,2527.6
5,2527.7
25,2528.5
30,2528.6
26,2529.1
2,2529.7
11,2530.0
10,2530.5
17,2532.3
5,2532.4
31,2533.4
25,2533.6
20,2534.6
10,2537.0
5,2537.5
25,2539.0
5,2543.0
25,2545.0
5,2549.2
25,2553.4
5,2560.5
10,2587.0
25,2587.0
5,2587.0
6,2587.2
13,2587.3
12,2587.3
17,2587.3
29,2587.5
19,2587.5
14,2587.6
2,2587.6
27,2587.8
23,2587.8
30,2587.9
31,2587.9
0,2588.0
20,2588.0
7,2588.0
8,2588.0
24,2588.1
1,2588.2
26,2588.2
16,2588.3
11,2588.3
15,2588.9
22,2589.0
5,2593.5
25,2593.6
10,2593.7
17,2594.1
6,2594.3
14,2594.5
12,2594.5
2,2594.6
30,2594.7
29,2594.7
23,2595.0
31,2595.0
27,2595.1
19,2595.2
20,2595.2
26,2596.0
11,2596.6
13,2596.7
8,2598.1
24,2598.2
5,2598.3
0,2598.4
25,2598.6
22,2598.8
10,2598.9
7,2599.4
17,2599.7
3,2600.3
14,2600.5
15,2600.7
1,2600.8
30,2600.8
6,2600.9
2,2600.9
12,2601.1
31,2601.7
29,2601.7
23,2601.8
20,2601.9
9,2602.3
27,2602.5
16,2602.6
5,2602.9
25,2603.3
10,2604.2
19,2604.2
21,2604.9
17,2605.3
14,2607.0
5,2607.4
26,2607.7
30,2607.8
25,2607.9
2,2608.1
11,2609.0
10,2609.6
17,2611.3
6,2611.4
20,2611.5
5,2611.9
12,2612.6
25,2612.7
31,2612.8
23,2614.5
13,2614.6
10,2614.8
5,2616.7
19,2617.0
25,2617.6
17,2618.8
14,2618.9
10,2620.2
5,2622.0
25,2622.4
10,2625.6
25,2627.3
5,2627.6
10,2631.5
25,2632.5
5,2634.1
25,2638.2
10,2638.5
25,2644.7
25,2667.0
10,2667.0
5,2667.0
6,2667.2
17,2667.2
13,2667.3
12,2667.3
29,2667.4
19,2667.5
2,2667.5
14,2667.6
27,2667.7
23,2667.8
31,2667.9
30,2667.9
20,2668.0
0,2668.0
8,2668.0
7,2668.0
24,2668.1
26,2668.2
1,2668.2
11,2668.3
16,2668.3
15,2668.9
22,2668.9
5,2673.4
10,2673.6
25,2673.6
17,2674.0
6,2674.3
12,2674.4
14,2674.5
2,2674.6
29,2674.6
30,2674.7
23,2675.0
27,2675.0
31,2675.0
20,2675.2
19,2675.2
26,2676.0
11,2676.5
13,2676.6
8,2677.9
0,2678.1
24,2678.1
5,2678.2
25,2678.5
22,2678.7
10,2678.8
7,2679.2
17,2679.6
3,2680.1
14,2680.6
1,2680.8
30,2680.8
2,2680.9
16,2680.9
15,2680.9
6,2681.0
12,2681.1
29,2681.6
31,2681.8
23,2681.9
20,2682.1
27,2682.3
5,2682.8
25,2683.1
10,2684.0
19,2684.4
17,2685.2
14,2687.2
5,2687.3
25,2687.6
26,2687.6
30,2688.0
2,2688.3
13,2688.8
11,2688.8
10,2688.9
17,2691.1
5,2691.9
25,2692.2
6,2693.1
20,2693.3
31,2693.6
12,2693.6
10,2693.7
19,2694.2
23,2695.7
5,2696.7
25,2696.7
17,2698.0
10,2698.5
14,2700.9
25,2701.4
5,2701.9
10,2703.7
25,2706.2
5,2707.5
10,2709.3
25,2711.5
5,2714.0
10,2715.5
25,2717.3
25,2724.0
10,2728.4
25,2747.0
5,2747.0
6,2747.2
12,2747.2
10,2747.2
17,2747.2
13,2747.3
29,2747.4
19,2747.5
2,2747.5
14,2747.5
27,2747.7
30,2747.8
23,2747.8
31,2747.9
0,2748.0
8,2748.0
7,2748.0
20,2748.0
24,2748.1
26,2748.2
1,2748.2
11,2748.3
16,2748.3
15,2748.9
22,2748.9
5,2753.4
25,2753.6
10,2753.9
17,2754.0
6,2754.3
12,2754.3
14,2754.4
29,2754.6
30,2754.6
2,2754.6
27,2755.0
23,2755.0
31,2755.0
20,2755.2
19,2755.2
26,2756.1
11,2756.5
13,2756.6
8,2757.9
24,2758.1
5,2758.2
0,2758.3
25,2758.5
22,2758.7
10,2759.1
7,2759.3
17,2759.6
14,2760.4
30,2760.7
1,2760.8
3,2760.9
2,2760.9
6,2761.0
12,2761.1
15,2761.2
29,2761.7
31,2761.7
23,2761.8
20,2761.9
27,2762.3
5,2762.8
25,2763.2
10,2764.3
19,2764.4
17,2765.2
14,2767.0
5,2767.3
26,2767.4
30,2767.6
25,2767.8
2,2768.0
11,2769.2
10,2769.7
17,2771.1
20,2771.7
5,2771.8
6,2772.1
25,2772.4
31,2772.9
12,2773.8
23,2775.2
10,2775.4
5,2776.6
25,2777.4
17,2777.9
14,2779.1
5,2781.8
10,2782.0
25,2782.8
5,2787.5
25,2788.6
5,2793.9
25,2795.9
5,3132.2
10,3132.2
25,3132.2
12,3132.4
6,3132.4
17,3132.4
13,3132.6
29,3132.6
14,3132.7
19,3132.7
2,3132.7
27,3132.9
23,3133.0
30,3133.0
20,3133.1
31,3133.1
8,3133.2
0,3133.2
7,3133.2
24,3133.3
11,3133.4
26,3133.4
1,3133.4
16,3133.5
22,3134.1
15,3134.1
5,3138.6
25,3138.8
10,3138.9
17,3139.3
12,3139.6
6,3139.6
14,3139.6
30,3139.8
2,3139.8
29,3139.9
27,3140.2
31,3140.2
23,3140.2
20,3140.4
19,3140.6
26,3141.4
11,3141.8
13,3142.4
5,3143.4
8,3143.4
25,3143.8
22,3143.9
24,3143.9
10,3144.2
0,3144.2
7,3144.9
17,3145.0
3,3145.6
14,3145.7
30,3146.0
2,3146.4
1,3146.4
6,3146.5
12,3146.5
31,3146.9
18,3147.0
29,3147.1
23,3147.3
20,3147.4
27,3147.7
15,3148.1
5,3148.1
16,3148.3
25,3148.6
21,3149.5
10,3149.6
19,3150.4
17,3150.8
14,3152.6
5,3152.6
25,3153.3
30,3153.6
26,3154.0
2,3154.7
11,3154.9
10,3155.3
17,3157.2
5,3157.3
25,3158.2
31,3158.4
20,3159.9
10,3161.5
5,3162.2
25,3163.6
5,3167.7
25,3169.4
17,3170.5
10,3172.5
5,3173.7
25,3176.4
5,3182.6
5,3212.0
10,3212.0
25,3212.0
6,3212.2
12,3212.3
17,3212.3
13,3212.3
19,3212.5
29,3212.5
2,3212.6
14,3212.6
23,3212.8
27,3212.8
30,3212.9
31,3212.9
8,3213.0
20,3213.0
7,3213.0
0,3213.0
24,3213.1
1,3213.2
26,3213.2
11,3213.3
16,3213.3
15,3213.9
22,3214.0
5,3218.5
25,3218.6
10,3218.7
17,3219.1
6,3219.3
12,3219.4
14,3219.5
2,3219.6
30,3219.7
29,3219.7
23,3220.0
31,3220.0
27,3220.1
19,3220.2
20,3220.2
26,3221.1
11,3221.6
13,3221.7
8,3223.1
5,3223.2
0,3223.3
24,3223.3
25,3223.5
22,3223.8
10,3223.8
7,3224.3
17,3224.7
3,3225.3
14,3225.5
15,3225.7
30,3225.8
6,3225.8
1,3225.8
2,3226.0
12,3226.1
29,3226.6
31,3226.7
23,3226.7
20,3226.8
9,3227.1
16,3227.2
27,3227.5
5,3227.8
25,3228.2
21,3228.2
10,3229.0
4,3229.3
19,3229.3
17,3230.3
26,3232.1
14,3232.1
5,3232.3
30,3232.7
25,3232.8
2,3233.2
11,3234.0
10,3234.3
17,3236.2
6,3236.3
20,3236.5
5,3236.8
25,3237.5
31,3237.7
12,3237.9
10,3239.6
23,3239.6
13,3239.7
29,3240.2
5,3241.5
19,3242.2
25,3242.3
17,3243.5
14,3244.8
10,3245.0
5,3246.7
25,3247.0
10,3250.6
25,3251.8
5,3252.3
10,3256.5
25,3256.9
5,3258.5
25,3262.4
10,3263.9
25,3268.6
5,3271.2
25,3278.7
10,3292.0
5,3292.1
6,3292.2
17,3292.2
13,3292.2
25,3292.3
12,3292.3
29,3292.4
2,3292.5
19,3292.5
14,3292.6
27,3292.7
23,3292.8
30,3292.9
31,3292.9
7,3293.0
20,3293.0
24,3293.0
8,3293.0
0,3293.0
26,3293.2
1,3293.2
11,3293.3
16,3293.3
22,3293.9
15,3293.9
5,3298.5
10,3298.6
25,3298.9
17,3299.0
6,3299.3
12,3299.4
14,3299.5
29,3299.6
2,3299.6
30,3299.7
31,3300.0
27,3300.0
23,3300.0
19,3300.2
20,3300.2
26,3301.0
13,3301.4
11,3301.5
8,3303.0
24,3303.0
0,3303.1
5,3303.3
22,3303.7
10,3303.8
25,3303.8
7,3304.1
17,3304.6
3,3305.1
14,3305.6
16,3305.8
1,3305.8
30,3305.8
2,3305.9
6,3306.1
15,3306.2
12,3306.2
29,3306.6
31,3306.8
23,3306.9
20,3307.1
27,3307.3
5,3307.9
25,3308.5
10,3308.9
19,3309.4
17,3310.2
14,3312.2
5,3312.3
26,3312.5
25,3312.9
30,3312.9
2,3313.4
13,3313.7
10,3313.8
11,3313.8
17,3316.0
5,3316.9
25,3317.5
6,3318.1
20,3318.4
10,3318.5
31,3318.6
12,3318.9
19,3319.1
29,3320.3
23,3320.7
5,3321.6
25,3322.0
17,3322.8
10,3323.4
14,3326.2
25,3326.6
5,3326.8
10,3328.5
25,3331.4
5,3332.4
10,3334.0
25,3336.7
5,3338.8
10,3340.1
25,3342.4
25,3349.2
10,3350.7
5,3353.0
25,3372.0
5,3372.1
10,3372.1
17,3372.2
6,3372.2
12,3372.2
13,3372.3
29,3372.4
2,3372.5
19,3372.5
14,3372.5
27,3372.7
23,3372.8
30,3372.8
31,3372.9
8,3373.0
7,3373.0
20,3373.0
0,3373.0
24,3373.1
26,3373.2
1,3373.2
11,3373.3
16,3373.3
15,3373.9
22,3374.0
5,3378.6
25,3378.6
10,3378.8
17,3379.0
12,3379.3
6,3379.3
14,3379.4
2,3379.6
30,3379.6
29,3379.6
31,3380.0
23,3380.0
27,3380.0
19,3380.2
20,3380.2
26,3381.1
11,3381.5
13,3381.6
8,3383.0
24,3383.1
0,3383.3
5,3383.3
25,3383.5
22,3383.8
10,3383.9
7,3384.3
17,3384.6
14,3385.4
30,3385.6
1,3385.8
3,3385.9
2,3386.0
12,3386.1
6,3386.2
15,3386.3
29,3386.6
31,3386.7
23,3386.9
20,3386.9
27,3387.3
5,3387.9
25,3388.1
16,3388.4
10,3389.1
19,3389.6
17,3390.2
14,3392.0
26,3392.4
5,3392.4
30,3392.6
25,3392.7
2,3393.4
10,3394.4
11,3395.3
17,3396.1
20,3396.7
5,3397.0
25,3397.4
31,3397.9
12,3398.3
6,3399.0
10,3400.1
5,3401.8
25,3402.3
17,3403.1
14,3404.2
10,3406.4
5,3407.0
25,3407.7
5,3412.7
25,3413.5
10,3419.0
5,3419.2
25,3420.6
5,3757.2
12,3757.4
10,3757.4
25,3757.4
6,3757.4
17,3757.5
13,3757.6
29,3757.6
14,3757.7
11,3757.7
2,3757.7
26,3757.8
27,3757.9
30,3758.0
23,3758.0
20,3758.1
9,3758.1
31,3758.1
19,3758.2
7,3758.2
1,3758.4
16,3758.5
15,3759.1
22,3759.1
5,3763.6
25,3764.3
17,3764.4
10,3764.4
6,3764.6
14,3764.6
12,3764.6
11,3764.7
26,3764.7
30,3764.8
2,3764.8
29,3764.9
27,3765.2
23,3765.2
31,3765.2
20,3765.4
13,3767.4
9,3767.7
5,3768.4
22,3768.9
7,3769.5
25,3770.0
17,3770.3
19,3770.4
10,3770.4
3,3770.5
14,3770.7
26,3770.9
30,3771.0
11,3771.1
2,3771.3
1,3771.4
12,3771.5
6,3771.5
0,3771.7
18,3772.0
31,3772.0
29,3772.2
20,3772.4
23,3772.5
27,3772.6
5,3773.1
15,3773.3
21,3774.6
24,3775.6
25,3775.6
17,3776.5
10,3777.4
14,3777.6
5,3777.6
30,3778.6
26,3778.8
2,3779.6
11,3779.7
25,3781.6
5,3782.3
31,3784.3
6,3784.8
20,3784.9
17,3785.5
5,3787.3
25,3789.0
5,3792.7
5,3798.7
5,3807.7
5,3837.0
25,3837.2
6,3837.2
10,3837.2
13,3837.3
12,3837.3
17,3837.4
29,3837.5
11,3837.6
14,3837.6
2,3837.6
26,3837.7
27,3837.8
23,3837.8
31,3837.9
30,3837.9
7,3838.0
19,3838.0
20,3838.0
9,3838.0
1,3838.2
16,3838.3
15,3838.9
22,3839.0
5,3843.5
25,3844.0
10,3844.1
17,3844.2
6,3844.3
12,3844.4
14,3844.5
2,3844.6
11,3844.6
26,3844.6
29,3844.7
30,3844.7
31,3845.0
23,3845.0
27,3845.1
20,3845.2
13,3846.7
9,3847.4
5,3848.2
22,3848.8
7,3849.0
19,3849.4
25,3849.5
10,3850.0
17,3850.1
3,3850.3
14,3850.5
26,3850.7
0,3850.7
6,3850.8
30,3850.8
1,3850.8
2,3850.9
11,3850.9
15,3851.0
12,3851.1
31,3851.7
29,3851.8
20,3851.9
23,3852.2
27,3852.5
5,3852.8
24,3854.1
16,3854.2
21,3854.9
25,3854.9
17,3856.0
10,3856.3
14,3856.9
5,3857.3
26,3857.8
30,3857.8
2,3858.0
11,3858.6
25,3860.4
6,3860.5
20,3861.6
5,3861.8
17,3863.2
12,3863.2
31,3863.3
10,3864.6
13,3864.8
25,3865.8
19,3866.4
5,3866.5
14,3867.9
25,3871.1
5,3871.7
10,3873.4
25,3876.6
5,3877.3
25,3882.5
5,3883.5
25,3889.8
5,3896.1
25,3917.1
5,3917.1
10,3917.2
13,3917.2
6,3917.2
17,3917.3
12,3917.3
29,3917.4
11,3917.5
2,3917.5
26,3917.6
14,3917.6
27,3917.7
23,3917.8
31,3917.9
9,3917.9
19,3917.9
30,3917.9
20,3918.0
7,3918.0
1,3918.2
16,3918.3
22,3918.9
15,3918.9
5,3923.5
25,3924.0
10,3924.0
17,3924.2
6,3924.3
12,3924.4
11,3924.5
14,3924.5
26,3924.5
2,3924.6
29,3924.6
30,3924.7
27,3925.0
23,3925.0
31,3925.0
20,3925.2
13,3926.4
9,3927.0
5,3928.3
22,3928.6
7,3929.0
19,3929.4
25,3929.5
10,3929.9
17,3930.0
3,3930.2
14,3930.5
26,3930.6
30,3930.8
11,3930.8
1,3930.8
2,3930.9
6,3930.9
12,3931.2
15,3931.3
24,3931.3
29,3931.6
0,3931.6
31,3931.8
20,3932.1
27,3932.1
23,3932.2
5,3932.9
25,3934.8
17,3936.0
10,3936.2
14,3937.2
5,3937.3
26,3937.8
30,3938.0
2,3938.3
11,3938.5
13,3938.7
25,3940.0
6,3941.7
5,3941.9
19,3942.0
10,3942.6
17,3943.2
20,3943.3
31,3943.7
12,3943.9
25,3944.9
5,3946.6
25,3950.0
10,3950.1
14,3950.3
5,3951.8
25,3955.5
5,3957.4
25,3961.5
5,3963.8
25,3969.5
5,3978.0
5,3997.1
10,3997.2
6,3997.2
12,3997.2
25,3997.2
17,3997.3
13,3997.3
29,3997.4
11,3997.5
2,3997.5
14,3997.5
26,3997.6
27,3997.7
30,3997.8
23,3997.8
9,3997.9
31,3997.9
7,3998.0
19,3998.0
20,3998.0
1,3998.2
16,3998.3
22,3998.9
15,3998.9
5,4003.6
25,4004.0
10,4004.1
17,4004.2
12,4004.3
6,4004.3
14,4004.4
26,4004.5
11,4004.5
30,4004.6
29,4004.6
2,4004.6
27,4005.0
23,4005.0
31,4005.0
20,4005.2
13,4006.6
9,4007.1
5,4008.3
22,4008.6
7,4009.0
25,4009.5
19,4009.7
17,4010.0
10,4010.0
14,4010.4
26,4010.6
30,4010.7
11,4010.7
6,4010.8
1,4010.8
2,4010.8
3,4010.9
12,4011.1
15,4011.4
31,4011.7
0,4011.8
29,4011.8
20,4011.9
27,4012.1
23,4012.2
5,4012.9
25,4014.9
17,4016.1
10,4016.4
14,4017.0
5,4017.4
26,4017.6
30,4017.7
2,4018.0
11,4018.2
25,4020.5
6,4020.8
20,4021.7
5,4022.0
31,4023.2
12,4023.4
17,4023.4
25,4026.5
5,4026.8
10,4027.8
14,4029.0
5,4032.0
25,4034.4
5,4037.7
5,4044.2
5,4382.2
12,4382.3
13,4382.3
6,4382.4
10,4382.4
17,4382.5
14,4382.5
25,4382.5
29,4382.6
31,4382.7
11,4382.7
26,4382.8
27,4382.9
30,4383.0
2,4383.0
23,4383.0
9,4383.1
19,4383.2
7,4383.2
1,4383.4
22,4383.4
20,4383.4
16,4383.5
15,4384.1
5,4388.6
12,4389.1
14,4389.1
31,4389.3
13,4389.3
10,4389.4
25,4389.6
6,4389.6
26,4389.7
11,4389.7
17,4389.8
30,4389.8
29,4389.9
23,4390.2
27,4390.2
22,4390.7
2,4392.2
9,4392.6
20,4393.2
5,4393.4
7,4394.4
14,4394.6
31,4394.7
12,4394.9
0,4395.3
10,4395.4
13,4395.8
26,4395.9
11,4396.0
30,4396.1
6,4396.1
25,4396.4
1,4396.5
3,4397.0
19,4397.4
29,4397.6
23,4397.7
17,4397.7
5,4398.0
15,4398.2
22,4398.3
27,4398.3
31,4400.0
14,4400.1
12,4400.9
10,4402.3
5,4402.5
30,4403.7
26,4403.9
11,4404.1
31,4405.5
14,4405.9
13,4406.4
6,4406.5
5,4407.2
25,4407.5
12,4408.4
31,4411.6
5,4412.1
14,4413.0
5,4417.5
31,4421.1
5,4423.5
5,4432.2
13,4462.1
5,4462.1
6,4462.2
10,4462.2
12,4462.2
25,4462.3
17,4462.4
14,4462.4
29,4462.5
31,4462.5
11,4462.6
26,4462.7
27,4462.8
23,4462.8
2,4462.9
30,4462.9
7,4463.0
19,4463.0
9,4463.0
1,4463.2
20,4463.3
16,4463.3
22,4463.3
15,4463.9
5,4468.5
12,4469.0
14,4469.1
10,4469.1
13,4469.1
31,4469.2
6,4469.3
25,4469.4
26,4469.6
11,4469.6
30,4469.7
17,4469.7
29,4469.7
23,4470.0
27,4470.1
22,4470.6
2,4471.7
9,4472.4
20,4472.9
5,4473.3
7,4473.8
14,4474.4
31,4474.5
12,4474.7
0,4474.9
10,4475.0
19,4475.1
13,4475.4
6,4475.6
26,4475.7
11,4475.8
30,4475.9
1,4475.9
25,4475.9
15,4476.0
29,4477.0
17,4477.3
23,4477.4
5,4477.9
3,4478.0
27,4478.1
22,4478.1
16,4478.4
31,4479.8
14,4479.9
12,4480.5
10,4481.4
5,4482.3
30,4483.0
26,4483.1
11,4483.2
13,4483.5
6,4484.2
31,4485.2
25,4485.4
14,4485.6
5,4486.8
12,4487.1
10,4489.6
13,4490.9
31,4491.2
5,4491.5
19,4491.8
14,4492.0
25,4493.0
5,4496.7
10,4498.5
31,4498.8
13,4501.2
5,4502.3
25,4503.1
5,4508.7
13,4542.0
5,4542.0
10,4542.2
12,4542.2
6,4542.2
25,4542.2
17,4542.3
14,4542.4
29,4542.4
31,4542.5
11,4542.5
26,4542.6
27,4542.7
2,4542.8
23,4542.8
19,4542.9
9,4542.9
30,4542.9
7,4543.0
22,4543.2
1,4543.2
20,4543.3
16,4543.3
15,4543.9
5,4548.4
12,4548.9
14,4549.0
10,4549.0
13,4549.0
31,4549.2
25,4549.3
6,4549.3
11,4549.5
26,4549.5
17,4549.6
29,4549.6
30,4549.7
23,4550.0
27,4550.0
22,4550.5
2,4551.5
9,4552.1
20,4552.8
5,4553.2
7,4553.8
31,4554.4
14,4554.4
12,4554.6
10,4554.9
19,4555.0
0,4555.3
13,4555.3
26,4555.6
25,4555.7
11,4555.7
6,4555.8
30,4555.9
1,4555.9
15,4556.3
16,4556.3
29,4556.8
17,4557.1
23,4557.3
27,4557.7
5,4557.8
22,4558.3
31,4559.7
14,4559.8
12,4560.4
10,4561.2
5,4562.2
13,4562.5
26,4562.8
25,4562.9
30,4563.2
11,4563.3
6,4565.1
31,4565.2
14,4565.6
19,4566.4
5,4566.8
12,4567.0
10,4567.6
31,4571.1
25,4571.2
13,4571.3
5,4571.5
14,4572.0
10,4574.9
5,4576.6
31,4578.7
5,4582.3
5,4588.7
5,4622.0
12,4622.1
13,4622.1
6,4622.2
10,4622.2
25,4622.3
17,4622.3
14,4622.3
29,4622.4
11,4622.5
31,4622.5
26,4622.6
27,4622.7
23,4622.8
2,4622.8
30,4622.8
9,4622.9
7,4623.0
19,4623.0
1,4623.2
22,4623.2
20,4623.3
16,4623.3
15,4623.9
5,4628.4
12,4628.9
14,4629.0
10,4629.1
13,4629.1
31,4629.1
6,4629.3
25,4629.4
11,4629.5
26,4629.5
30,4629.6
29,4629.6
17,4629.6
23,4630.0
27,4630.0
22,4630.5
2,4631.6
9,4632.1
20,4633.0
5,4633.2
7,4634.0
31,4634.4
14,4634.4
12,4634.5
10,4635.0
19,4635.2
13,4635.3
26,4635.6
11,4635.7
30,4635.7
6,4635.8
25,4635.8
1,4635.8
0,4635.9
15,4636.5
29,4636.9
17,4636.9
23,4637.3
27,4637.7
5,4637.8
22,4637.9
31,4639.7
14,4639.7
12,4640.3
10,4641.4
5,4642.2
30,4642.6
26,4642.9
11,4643.1
13,4643.9
31,4645.1
6,4645.4
25,4645.4
14,4645.4
5,4646.7
12,4646.7
31,4651.0
5,4651.5
14,4651.6
10,4652.2
5,4656.6
31,4658.3
12,4659.7
5,4662.3
14,4664.7
5,4668.6
5,5007.2
13,5007.3
10,5007.4
6,5007.4
17,5007.5
25,5007.5
12,5007.6
31,5007.7
11,5007.7
26,5007.8
14,5007.9
27,5007.9
2,5008.0
23,5008.0
19,5008.0
9,5008.1
7,5008.2
29,5008.3
22,5008.4
20,5008.4
1,5008.4
16,5008.5
4,5008.7
30,5009.0
15,5009.1
3,5009.4
5,5013.6
13,5014.3
31,5014.3
10,5014.4
6,5014.6
26,5014.7
25,5014.7
11,5014.7
14,5014.8
12,5014.8
17,5014.9
27,5015.2
23,5015.2
22,5015.7
19,5016.7
30,5017.0
2,5017.4
9,5017.6
20,5018.3
5,5018.4
29,5019.1
7,5019.5
31,5019.6
4,5019.9
3,5020.4
0,5020.5
10,5020.5
13,5020.8
14,5020.8
11,5020.9
26,5020.9
25,5021.3
15,5021.3
6,5021.4
1,5021.5
12,5021.7
17,5022.6
23,5022.7
27,5022.7
5,5023.0
22,5023.1
31,5024.9
19,5025.4
5,5027.5
14,5027.8
10,5028.1
26,5028.6
11,5029.0
31,5030.3
30,5030.4
13,5031.0
5,5032.2
25,5032.8
6,5034.7
31,5036.2
5,5037.2
5,5042.8
31,5043.8
5,5049.0
5,5062.9
13,5087.1
5,5087.1
6,5087.2
10,5087.2
25,5087.3
17,5087.4
31,5087.5
12,5087.5
26,5087.6
11,5087.6
23,5087.8
19,5087.8
27,5087.8
14,5087.8
2,5087.9
7,5088.0
9,5088.0
22,5088.2
29,5088.2
1,5088.2
20,5088.3
16,5088.3
4,5088.6
30,5088.9
15,5088.9
3,5089.3
5,5093.5
31,5094.1
10,5094.1
13,5094.1
25,5094.4
6,5094.4
12,5094.6
11,5094.6
26,5094.6
17,5094.7
14,5094.7
23,5095.0
27,5095.1
22,5095.6
19,5096.0
2,5096.8
30,5097.1
9,5097.3
4,5097.7
20,5098.0
5,5098.3
3,5098.4
29,5098.6
7,5098.9
31,5099.4
0,5100.2
10,5100.2
13,5100.4
15,5100.5
6,5100.7
14,5100.7
25,5100.8
26,5100.8
11,5100.8
1,5100.9
12,5101.4
17,5101.9
23,5102.4
8,5102.6
27,5102.6
22,5102.8
5,5102.9
31,5104.5
19,5105.0
10,5107.1
14,5107.3
5,5107.4
26,5108.2
11,5108.6
13,5109.0
31,5109.8
25,5110.4
6,5110.8
4,5110.9
5,5111.9
12,5114.0
10,5115.3
31,5115.6
13,5116.5
5,5116.7
19,5117.1
25,5117.9
14,5121.4
5,5122.0
31,5122.1
10,5125.0
13,5127.2
5,5127.8
25,5127.9
5,5134.9
5,5167.0
13,5167.1
10,5167.2
6,5167.2
25,5167.2
17,5167.3
12,5167.4
31,5167.5
11,5167.5
26,5167.6
19,5167.7
27,5167.7
23,5167.8
2,5167.8
14,5167.8
9,5167.9
7,5168.0
29,5168.1
22,5168.2
1,5168.2
20,5168.3
16,5168.3
4,5168.5
30,5168.9
15,5168.9
3,5169.2
5,5173.4
13,5174.0
10,5174.1
31,5174.2
25,5174.3
6,5174.4
26,5174.5
11,5174.5
17,5174.6
12,5174.6
14,5174.7
23,5175.0
27,5175.0
22,5175.5
19,5176.0
2,5176.6
30,5177.0
9,5177.1
4,5177.8
20,5177.9
5,5178.2
29,5178.4
3,5178.5
7,5178.9
31,5179.4
10,5180.0
13,5180.4
26,5180.6
0,5180.7
14,5180.7
15,5180.7
25,5180.7
6,5180.8
1,5180.8
11,5180.9
12,5181.3
8,5181.7
17,5181.9
23,5182.3
27,5182.4
5,5182.8
22,5183.3
31,5184.5
19,5184.7
10,5186.6
5,5187.3
13,5187.6
14,5187.8
26,5187.8
25,5187.9
11,5189.4
31,5189.9
4,5191.1
6,5191.2
5,5191.8
10,5193.5
19,5193.8
12,5194.2
31,5195.6
25,5196.2
13,5196.4
5,5196.7
5,5202.0
31,5202.3
10,5203.4
5,5207.8
5,5215.1
5,5247.0
13,5247.1
6,5247.2
10,5247.2
17,5247.3
25,5247.3
12,5247.4
11,5247.5
31,5247.5
26,5247.6
27,5247.7
2,5247.8
14,5247.8
23,5247.8
19,5247.8
9,5247.9
7,5248.0
29,5248.1
22,5248.2
1,5248.2
20,5248.3
16,5248.3
4,5248.5
30,5248.9
15,5248.9
3,5249.2
5,5253.4
13,5254.1
31,5254.1
10,5254.1
6,5254.3
25,5254.4
11,5254.5
26,5254.5
17,5254.6
12,5254.6
14,5254.7
23,5255.0
27,5255.0
22,5255.5
19,5256.1
2,5256.6
30,5257.0
9,5257.1
4,5257.8
20,5258.1
5,5258.2
29,5258.5
3,5258.6
7,5259.0
31,5259.4
10,5260.1
13,5260.4
26,5260.6
14,5260.6
1,5260.8
11,5260.9
25,5260.9
6,5261.0
15,5261.0
0,5261.2
12,5261.3
17,5261.7
23,5262.3
27,5262.5
5,5262.8
22,5262.8
31,5264.6
19,5264.9
10,5266.9
5,5267.3
14,5267.5
26,5267.9
13,5269.2
11,5269.4
31,5270.0
30,5270.4
25,5271.0
4,5271.2
5,5271.8
6,5272.4
12,5274.1
31,5275.8
5,5276.6
5,5281.8
31,5282.6
5,5287.6
5,5294.4
5,5632.3
13,5632.3
12,5632.3
17,5632.5
25,5632.5
31,5632.6
19,5632.6
11,5632.7
10,5632.8
26,5632.8
27,5632.9
14,5632.9
4,5632.9
20,5632.9
2,5633.0
9,5633.1
29,5633.3
22,5633.4
1,5633.4
16,5633.5
21,5633.7
6,5633.8
30,5634.0
15,5634.1
23,5634.2
3,5634.4
5,5639.0
12,5639.0
31,5639.1
13,5639.3
26,5639.7
11,5639.7
25,5639.7
19,5639.8
14,5639.8
17,5639.9
4,5640.1
27,5640.2
20,5640.2
22,5640.7
10,5641.3
30,5642.1
2,5642.5
9,5642.6
29,5643.8
21,5643.9
31,5644.0
23,5644.2
5,5644.5
12,5644.6
15,5644.7
1,5644.9
6,5645.0
3,5645.3
0,5645.4
13,5645.7
24,5645.7
11,5645.9
14,5646.0
26,5646.0
19,5646.0
25,5646.0
28,5646.0
7,5646.2
4,5646.4
8,5646.5
20,5646.9
18,5647.5
27,5647.8
17,5648.0
22,5648.4
31,5648.7
5,5650.0
12,5650.3
19,5652.9
4,5653.0
14,5653.0
31,5653.3
11,5654.0
26,5654.2
25,5655.0
30,5655.0
13,5655.7
5,5655.8
12,5656.5
31,5658.1
20,5659.0
5,5662.7
31,5663.3
4,5665.7
12,5666.9
31,5669.0
31,5675.6
13,5712.1
12,5712.1
5,5712.2
25,5712.3
19,5712.4
17,5712.4
31,5712.5
11,5712.6
10,5712.6
26,5712.6
4,5712.7
20,5712.8
14,5712.8
27,5712.8
2,5712.9
9,5713.0
22,5713.2
29,5713.2
1,5713.2
16,5713.3
6,5713.5
21,5713.5
30,5713.9
15,5713.9
23,5714.1
3,5714.3
12,5718.8
31,5718.9
5,5718.9
13,5719.1
25,5719.3
19,5719.5
11,5719.6
26,5719.6
14,5719.7
17,5719.7
4,5719.9
20,5720.0
27,5720.1
22,5720.5
10,5720.9
30,5721.9
2,5722.0
9,5722.4
29,5723.2
21,5723.4
3,5723.6
31,5723.8
23,5724.1
5,5724.2
15,5724.2
12,5724.3
1,5724.4
6,5724.4
13,5725.4
25,5725.5
28,5725.6
14,5725.7
0,5725.7
19,5725.8
26,5725.8
11,5725.8
24,5725.9
4,5726.2
8,5726.3
7,5726.5
20,5726.9
27,5727.5
17,5727.6
22,5728.2
31,5728.4
5,5729.6
12,5729.8
25,5732.6
14,5732.6
19,5732.9
31,5733.0
4,5733.1
26,5733.2
10,5733.7
11,5733.7
13,5734.2
30,5734.6
5,5735.2
12,5735.7
31,5737.7
20,5739.1
25,5740.4
19,5741.2
5,5741.4
10,5741.4
13,5741.8
12,5742.6
31,5742.8
31,5748.3
25,5749.5
10,5751.5
13,5752.9
5,5753.7
31,5754.4
31,5764.2
13,5792.0
12,5792.0
5,5792.2
25,5792.2
17,5792.3
10,5792.4
19,5792.4
31,5792.5
11,5792.5
26,5792.6
4,5792.7
27,5792.7
2,5792.8
20,5792.8
14,5792.8
9,5792.9
29,5793.1
22,5793.2
1,5793.2
16,5793.3
21,5793.4
6,5793.5
15,5793.9
30,5793.9
23,5794.1
3,5794.2
12,5798.8
31,5798.9
5,5798.9
13,5799.0
25,5799.2
11,5799.5
19,5799.5
26,5799.5
17,5799.6
14,5799.7
4,5799.9
27,5800.0
20,5800.0
22,5800.6
10,5800.6
2,5801.7
30,5801.9
9,5802.1
29,5803.0
21,5803.4
3,5803.5
31,5803.8
23,5804.2
5,5804.2
12,5804.2
15,5804.5
1,5804.5
6,5804.6
13,5805.3
25,5805.4
26,5805.6
14,5805.7
19,5805.7
11,5805.7
24,5806.0
4,5806.2
8,5806.5
20,5806.7
0,5806.8
27,5807.1
17,5807.2
28,5807.8
31,5808.4
22,5808.5
5,5809.5
12,5809.8
25,5812.4
19,5812.4
13,5812.5
14,5812.6
10,5812.6
26,5812.8
31,5813.0
4,5813.1
11,5813.4
30,5814.6
5,5815.1
12,5815.6
31,5817.8
20,5818.3
25,5819.9
19,5820.7
5,5821.2
13,5821.3
12,5822.5
31,5822.8
10,5823.3
31,5828.4
5,5831.6
25,5832.5
31,5834.5
31,5844.5
12,5872.0
13,5872.1
5,5872.2
25,5872.3
17,5872.3
19,5872.4
10,5872.5
31,5872.5
11,5872.5
26,5872.6
27,5872.7
4,5872.7
2,5872.8
14,5872.8
20,5872.8
9,5872.9
29,5873.1
1,5873.2
22,5873.2
16,5873.3
6,5873.5
21,5873.5
30,5873.9
15,5873.9
23,5874.1
3,5874.2
12,5878.8
5,5878.9
31,5878.9
13,5879.1
25,5879.3
11,5879.5
26,5879.5
19,5879.5
17,5879.6
14,5879.7
4,5879.9
27,5880.0
20,5880.0
22,5880.5
10,5880.8
2,5881.7
30,5881.9
9,5882.0
29,5883.1
21,5883.5
3,5883.7
31,5883.8
5,5884.2
12,5884.3
23,5884.3
6,5884.7
15,5884.8
1,5884.8
13,5885.4
25,5885.5
26,5885.6
14,5885.7
19,5885.8
11,5885.8
4,5886.2
20,5886.8
17,5887.2
27,5887.3
24,5887.9
22,5888.1
31,5888.4
0,5889.0
5,5889.6
12,5889.8
14,5892.6
26,5892.8
19,5892.9
31,5893.0
4,5893.3
25,5893.5
10,5893.6
13,5894.3
30,5894.4
11,5894.6
5,5895.2
12,5895.7
31,5897.8
20,5899.8
5,5901.5
12,5902.7
31,5902.8
31,5908.4
31,5914.5
5,5914.7
31,5925.2
5,6257.3
12,6257.3
17,6257.5
31,6257.6
11,6257.7
26,6257.8
23,6257.8
4,6257.9
14,6257.9
20,6257.9
27,6257.9
2,6258.0
7,6258.0
9,6258.1
29,6258.3
19,6258.3
25,6258.4
22,6258.4
13,6258.4
1,6258.4
16,6258.5
21,6258.7
6,6258.8
30,6259.0
15,6259.1
3,6259.4
12,6264.0
5,6264.0
31,6264.1
26,6264.7
11,6264.7
14,6264.8
23,6264.9
17,6264.9
4,6265.2
20,6265.2
27,6265.2
22,6265.7
19,6266.8
30,6267.0
2,6267.4
13,6267.4
9,6267.6
7,6268.6
29,6268.8
31,6269.0
21,6269.0
5,6269.5
12,6269.6
6,6270.0
0,6270.5
25,6270.5
14,6270.9
26,6270.9
15,6271.0
24,6271.0
1,6271.1
11,6271.1
3,6271.3
4,6271.5
23,6271.8
20,6272.2
27,6272.5
17,6272.6
28,6272.7
22,6273.5
31,6273.6
5,6274.9
19,6275.3
12,6275.3
14,6277.7
4,6278.1
31,6278.3
26,6278.5
30,6279.9
11,6280.4
5,6280.7
12,6281.7
31,6283.2
23,6284.7
5,6287.4
31,6288.4
4,6290.6
12,6293.3
31,6294.1
31,6300.9
12,6337.1
5,6337.2
17,6337.4
31,6337.5
11,6337.6
26,6337.7
23,6337.7
4,6337.7
27,6337.8
14,6337.8
7,6337.8
20,6337.8
2,6337.9
9,6338.0
19,6338.1
25,6338.2
13,6338.2
22,6338.2
1,6338.2
29,6338.2
16,6338.3
21,6338.4
6,6338.5
15,6338.9
30,6338.9
3,6339.3
12,6343.8
31,6343.9
5,6343.9
11,6344.6
26,6344.6
17,6344.7
14,6344.7
23,6344.8
4,6344.9
20,6345.0
27,6345.1
22,6345.6
19,6346.2
30,6346.9
2,6346.9
13,6347.1
9,6347.4
21,6348.1
29,6348.2
7,6348.2
31,6348.7
3,6348.8
6,6349.1
5,6349.2
12,6349.3
25,6349.7
15,6350.1
0,6350.3
1,6350.5
14,6350.6
26,6350.7
11,6350.8
24,6350.9
4,6351.1
20,6351.6
23,6351.6
8,6351.8
17,6352.1
27,6352.3
16,6352.5
28,6352.8
22,6353.2
31,6353.3
5,6354.5
19,6354.6
12,6354.8
14,6357.2
31,6357.9
26,6357.9
4,6357.9
11,6359.1
30,6359.9
5,6360.1
12,6360.6
20,6362.4
31,6362.6
23,6363.8
5,6366.1
12,6367.2
31,6367.6
14,6370.5
4,6370.8
31,6373.0
5,6375.2
31,6379.0
31,6386.8
12,6417.1
5,6417.2
17,6417.3
11,6417.5
31,6417.5
26,6417.6
23,6417.6
7,6417.7
27,6417.7
20,6417.7
4,6417.7
14,6417.8
2,6417.8
9,6417.9
19,6418.0
29,6418.1
22,6418.2
13,6418.2
25,6418.2
1,6418.2
16,6418.3
21,6418.4
6,6418.5
15,6418.9
30,6418.9
3,6419.2
12,6423.8
31,6423.9
5,6423.9
11,6424.5
26,6424.5
17,6424.6
23,6424.7
14,6424.7
4,6424.8
20,6425.0
27,6425.0
22,6425.6
19,6426.2
2,6426.6
30,6426.9
13,6427.1
9,6427.3
7,6427.9
21,6428.1
29,6428.1
31,6428.7
3,6428.9
5,6429.2
12,6429.2
6,6429.4
25,6429.7
1,6430.5
15,6430.6
26,6430.6
14,6430.7
11,6430.8
0,6431.1
4,6431.1
23,6431.4
17,6431.8
20,6431.9
27,6431.9
24,6432.4
22,6433.4
31,6433.4
8,6434.2
19,6434.6
5,6434.6
12,6434.7
14,6437.4
26,6437.6
4,6437.9
31,6438.0
11,6438.9
30,6439.9
5,6440.2
12,6440.5
31,6442.7
23,6443.4
20,6444.7
5,6446.4
12,6447.0
31,6447.7
4,6451.0
31,6453.2
5,6458.0
31,6459.2
31,6467.5
12,6497.0
5,6497.2
17,6497.3
11,6497.5
31,6497.5
23,6497.6
26,6497.6
27,6497.7
7,6497.7
4,6497.7
20,6497.8
14,6497.8
2,6497.8
9,6497.9
19,6498.0
29,6498.1
25,6498.2
22,6498.2
1,6498.2
13,6498.2
16,6498.3
21,6498.4
6,6498.5
15,6498.9
30,6498.9
3,6499.2
12,6503.8
31,6503.9
5,6503.9
26,6504.5
11,6504.5
17,6504.6
14,6504.7
23,6504.7
4,6504.9
20,6505.0
27,6505.0
22,6505.6
19,6506.2
2,6506.7
30,6506.9
13,6507.1
9,6507.2
7,6507.9
29,6508.2
21,6508.3
31,6508.7
3,6509.0
5,6509.2
12,6509.2
6,6509.6
25,6510.0
1,6510.6
26,6510.6
14,6510.7
15,6510.7
11,6510.8
4,6511.1
0,6511.4
23,6511.5
17,6511.7
20,6512.1
27,6512.3
22,6513.2
31,6513.4
19,6514.4
5,6514.6
12,6514.7
14,6517.6
4,6517.9
26,6517.9
31,6518.0
30,6518.9
11,6519.2
5,6520.3
12,6520.5
31,6522.7
23,6523.6
5,6526.5
12,6527.1
31,6527.8
4,6531.4
31,6533.3
31,6539.3
5,6539.5
31,6548.4
23,6882.3
12,6882.3
17,6882.5
5,6882.6
13,6882.6
31,6882.6
15,6882.7
22,6882.8
27,6882.8
4,6882.9
14,6882.9
26,6882.9
7,6883.0
2,6883.0
9,6883.1
11,6883.2
29,6883.3
19,6883.3
1,6883.4
16,6883.5
25,6883.5
21,6883.7
6,6883.8
20,6883.8
30,6884.0
3,6884.4
12,6889.0
23,6889.0
31,6889.1
22,6889.6
13,6889.7
5,6889.7
14,6889.8
17,6889.9
15,6890.0
4,6890.2
27,6890.3
26,6890.4
19,6891.8
30,6892.0
2,6892.3
9,6892.6
11,6893.2
7,6893.6
21,6893.6
29,6893.9
31,6894.0
12,6894.6
23,6894.7
6,6894.7
25,6894.9
20,6895.2
22,6895.6
3,6895.6
0,6895.7
14,6895.9
5,6896.2
1,6896.5
13,6896.5
4,6896.5
24,6896.7
15,6897.2
17,6897.4
27,6898.6
31,6898.7
26,6899.3
12,6900.2
19,6900.3
23,6900.4
22,6902.2
14,6903.1
4,6903.3
31,6903.4
30,6904.7
12,6906.2
5,6906.2
23,6906.9
31,6908.3
13,6910.1
31,6913.7
12,6914.6
22,6916.2
4,6916.9
31,6919.5
31,6927.2
12,6962.1
23,6962.1
13,6962.4
5,6962.4
17,6962.4
31,6962.5
27,6962.6
22,6962.6
15,6962.6
7,6962.7
4,6962.7
26,6962.8
14,6962.8
2,6962.9
9,6963.0
19,6963.1
11,6963.1
1,6963.2
25,6963.2
29,6963.2
16,6963.3
6,6963.5
21,6963.5
20,6963.6
30,6963.9
3,6964.3
12,6968.8
23,6968.8
31,6968.9
22,6969.5
13,6969.5
5,6969.5
17,6969.7
14,6969.7
15,6969.8
4,6969.9
27,6970.1
26,6970.2
19,6971.2
2,6971.8
30,6971.8
9,6972.4
21,6972.9
11,6972.9
7,6973.2
29,6973.4
3,6973.5
31,6973.7
6,6973.9
25,6974.1
12,6974.3
23,6974.4
20,6974.5
0,6975.2
22,6975.4
14,6975.7
8,6975.7
5,6975.9
1,6975.9
4,6976.1
15,6976.1
13,6976.2
17,6976.8
28,6977.2
24,6977.3
27,6977.8
26,6978.3
31,6978.4
12,6979.7
19,6979.7
23,6980.0
22,6981.9
14,6982.4
4,6982.7
31,6983.0
30,6984.2
15,6984.7
5,6984.9
12,6985.4
23,6986.1
31,6987.7
13,6988.6
12,6991.8
31,6992.8
22,6994.0
23,6994.4
4,6994.7
31,6998.3
31,7004.5
12,7006.1
31,7015.8
12,7042.1
23,7042.1
17,7042.3
5,7042.4
13,7042.4
31,7042.5
22,7042.6
15,7042.6
27,7042.6
4,7042.7
26,7042.7
7,7042.7
14,7042.8
2,7042.8
9,7042.9
11,7043.0
19,7043.0
29,7043.1
25,7043.2
1,7043.2
16,7043.3
21,7043.5
6,7043.5
20,7043.6
30,7043.9
3,7044.2
23,7048.8
12,7048.8
31,7048.9
5,7049.4
13,7049.5
22,7049.5
17,7049.6
14,7049.7
15,7049.8
4,7049.9
27,7050.0
26,7050.1
19,7051.2
2,7051.5
30,7051.8
9,7052.2
11,7052.8
21,7053.0
7,7053.0
29,7053.2
3,7053.6
31,7053.7
12,7054.2
6,7054.2
25,7054.3
23,7054.4
20,7054.6
22,7055.4
14,7055.7
0,7055.8
1,7055.9
5,7055.9
4,7056.1
13,7056.3
15,7056.4
17,7056.7
27,7057.7
26,7058.3
31,7058.4
28,7058.9
12,7059.6
19,7059.6
23,7060.0
22,7061.9
4,7062.8
14,7062.8
31,7063.0
30,7063.8
5,7064.8
12,7065.3
23,7066.0
15,7066.9
31,7067.8
13,7068.6
12,7071.6
31,7072.9
22,7073.7
23,7074.0
4,7075.8
31,7078.5
31,7084.7
12,7084.8
31,7096.2
12,7122.1
23,7122.1
17,7122.3
5,7122.4
13,7122.4
31,7122.4
15,7122.5
27,7122.6
22,7122.6
26,7122.7
7,7122.7
4,7122.7
14,7122.8
2,7122.8
9,7122.9
11,7123.0
19,7123.0
29,7123.1
1,7123.2
25,7123.2
16,7123.3
21,7123.4
6,7123.5
20,7123.6
30,7123.9
3,7124.2
12,7128.8
23,7128.8
31,7128.9
5,7129.4
22,7129.4
13,7129.5
17,7129.6
15,7129.7
14,7129.7
4,7129.9
27,7130.0
26,7130.1
19,7131.2
2,7131.6
30,7131.8
9,7132.2
11,7132.9
21,7133.1
7,7133.1
29,7133.3
31,7133.7
3,7133.7
12,7134.2
6,7134.3
23,7134.3
25,7134.6
20,7134.9
22,7135.3
14,7135.7
1,7135.9
5,7135.9
4,7136.1
13,7136.2
15,7136.5
0,7136.5
17,7136.7
26,7138.0
27,7138.2
31,7138.4
12,7139.6
19,7139.8
23,7139.9
22,7141.7
14,7142.7
31,7143.0
4,7143.0
30,7143.1
12,7145.3
5,7145.3
23,7145.9
31,7147.8
13,7148.3
15,7148.6
12,7151.8
31,7152.9
22,7153.3
23,7153.7
4,7156.9
31,7158.4
31,7164.7
31,7177.1
23,7507.3
17,7507.3
12,7507.3
25,7507.4
13,7507.6
22,7507.8
27,7507.8
31,7507.8
4,7507.9
14,7507.9
26,7507.9
7,7507.9
2,7508.0
15,7508.0
5,7508.1
9,7508.1
11,7508.2
29,7508.3
19,7508.3
1,7508.4
16,7508.5
21,7508.7
20,7508.8
30,7509.0
3,7509.4
23,7514.0
12,7514.0
17,7514.2
31,7514.4
22,7514.6
25,7514.6
13,7514.7
14,7514.8
4,7515.2
27,7515.3
26,7515.4
19,7516.8
30,7517.0
15,7517.1
2,7517.3
9,7517.6
7,7518.4
11,7518.4
21,7518.9
5,7519.0
29,7519.2
12,7519.6
23,7519.7
31,7519.9
6,7520.2
17,7520.3
22,7520.6
0,7520.6
14,7520.8
3,7521.0
20,7521.1
25,7521.4
4,7521.4
13,7521.5
1,7521.5
27,7523.6
8,7524.1
26,7524.3
31,7525.3
19,7525.3
12,7525.3
23,7525.4
22,7527.4
17,7527.6
14,7527.8
4,7528.0
30,7530.0
31,7531.0
12,7531.6
23,7531.9
13,7534.6
25,7535.2
31,7537.6
4,7539.9
12,7543.1
23,7587.1
12,7587.1
25,7587.2
17,7587.2
13,7587.4
31,7587.6
7,7587.7
26,7587.7
27,7587.7
4,7587.7
22,7587.7
14,7587.8
2,7587.9
15,7587.9
5,7588.0
9,7588.0
19,7588.1
11,7588.1
29,7588.2
1,7588.2
16,7588.3
21,7588.4
20,7588.6
30,7588.9
3,7589.3
23,7593.8
12,7593.8
17,7594.1
31,7594.3
25,7594.4
13,7594.5
22,7594.5
14,7594.7
4,7594.9
26,7595.2
27,7595.2
19,7596.2
2,7596.8
15,7596.8
30,7597.0
9,7597.5
7,7597.7
11,7598.1
21,7598.2
5,7598.5
3,7598.6
29,7598.8
12,7599.3
23,7599.4
31,7599.6
20,7599.9
6,7600.0
17,7600.1
22,7600.4
14,7600.6
16,7600.6
25,7600.8
1,7600.9
4,7601.1
0,7601.2
13,7601.3
10,7602.8
8,7602.8
27,7603.1
26,7603.3
24,7604.7
19,7604.7
12,7604.8
31,7604.9
23,7605.0
22,7606.8
17,7606.9
14,7607.1
4,7608.0
30,7609.9
31,7610.5
12,7610.7
23,7611.1
25,7611.3
13,7613.6
31,7616.6
12,7617.7
22,7617.8
23,7619.8
14,7620.1
31,7625.6
12,7667.0
23,7667.1
17,7667.1
25,7667.2
13,7667.4
31,7667.6
22,7667.6
27,7667.6
7,7667.7
26,7667.7
4,7667.7
14,7667.8
2,7667.8
5,7667.9
9,7667.9
15,7667.9
11,7668.0
19,7668.0
29,7668.1
1,7668.2
16,7668.3
21,7668.4
20,7668.6
30,7668.8
3,7669.2
23,7673.8
12,7673.8
17,7674.0
31,7674.3
25,7674.3
13,7674.5
22,7674.5
14,7674.7
4,7674.9
27,7675.0
26,7675.1
19,7676.1
2,7676.5
15,7676.8
30,7676.9
9,7677.3
7,7677.7
11,7677.9
5,7678.2
21,7678.3
29,7678.5
3,7678.8
12,7679.2
23,7679.4
31,7679.6
17,7680.0
22,7680.4
20,7680.4
14,7680.7
6,7680.8
1,7680.9
25,7681.0
16,7681.1
4,7681.2
13,7681.3
27,7682.7
26,7683.4
19,7684.7
12,7684.8
31,7684.9
23,7685.0
17,7686.8
22,7686.9
14,7687.6
4,7688.0
30,7689.1
31,7690.5
12,7690.6
23,7691.0
25,7692.9
13,7693.7
31,7696.5
12,7697.5
23,7698.9
22,7699.1
31,7705.7
12,7747.0
17,7747.1
23,7747.1
25,7747.2
13,7747.4
22,7747.6
31,7747.6
27,7747.6
26,7747.7
4,7747.7
7,7747.7
15,7747.8
14,7747.8
2,7747.8
5,7747.9
9,7747.9
19,7748.0
11,7748.0
29,7748.1
1,7748.2
16,7748.3
21,7748.4
20,7748.6
30,7748.9
3,7749.2
23,7753.8
12,7753.8
17,7754.0
25,7754.3
31,7754.3
22,7754.4
13,7754.5
14,7754.7
4,7754.9
27,7755.0
26,7755.1
19,7756.2
2,7756.6
15,7756.7
30,7756.9
9,7757.3
7,7757.8
11,7758.0
5,7758.3
21,7758.4
29,7758.6
3,7758.8
23,7759.3
12,7759.3
31,7759.6
17,7760.0
22,7760.3
20,7760.3
14,7760.6
1,7760.9
25,7761.0
4,7761.1
13,7761.2
6,7761.5
0,7762.3
27,7762.8
26,7763.1
24,7763.9
19,7764.5
12,7764.8
23,7764.9
31,7764.9
22,7766.6
17,7766.8
14,7767.3
4,7767.9
30,7768.4
31,7770.5
12,7770.7
23,7770.9
25,7773.1
13,7773.4
31,7776.5
22,7777.5
12,7777.9
23,7778.7
31,7785.3
17,8132.3
12,8132.3
23,8132.3
13,8132.6
4,8132.7
22,8132.7
25,8132.8
27,8132.8
31,8132.8
14,8132.9
7,8133.0
15,8133.0
29,8133.0
2,8133.0
5,8133.1
9,8133.1
11,8133.2
19,8133.3
26,8133.4
21,8133.7
20,8133.8
30,8134.0
3,8134.4
28,8135.0
23,8139.0
12,8139.0
17,8139.2
22,8139.3
31,8139.4
4,8139.6
13,8139.7
14,8139.8
27,8140.3
29,8140.4
19,8141.8
25,8142.0
30,8142.0
15,8142.1
2,8142.3
9,8142.6
26,8143.4
7,8143.5
11,8143.5
5,8144.1
21,8144.2
12,8144.6
23,8144.7
22,8144.8
31,8144.9
17,8145.2
28,8145.2
4,8145.2
20,8145.9
14,8145.9
6,8146.0
3,8146.1
13,8146.4
10,8147.4
0,8147.8
29,8147.9
27,8148.3
24,8148.8
22,8150.2
19,8150.2
31,8150.3
12,8150.3
4,8150.4
23,8150.4
17,8152.1
14,8153.1
30,8154.7
4,8155.7
22,8155.8
31,8156.0
12,8156.4
23,8156.9
13,8159.0
4,8161.3
22,8161.9
31,8162.4
12,8165.6
4,8167.5
22,8172.1
4,8178.7
23,8212.1
12,8212.1
17,8212.2
13,8212.4
22,8212.5
25,8212.5
31,8212.6
4,8212.6
7,8212.7
27,8212.7
14,8212.8
2,8212.9
15,8212.9
29,8212.9
5,8213.0
9,8213.0
19,8213.1
11,8213.1
26,8213.3
21,8213.5
20,8213.6
30,8213.9
3,8214.3
28,8214.8
12,8218.8
23,8218.8
17,8219.1
22,8219.2
31,8219.3
4,8219.4
13,8219.5
14,8219.7
27,8220.1
29,8220.2
19,8221.1
25,8221.4
2,8221.8
15,8221.8
30,8222.0
9,8222.5
7,8222.9
26,8223.0
11,8223.0
21,8223.4
5,8223.5
3,8223.7
12,8224.2
23,8224.4
22,8224.5
28,8224.6
31,8224.6
20,8224.8
17,8224.9
4,8224.9
14,8225.6
6,8225.7
0,8226.1
13,8226.2
8,8227.1
27,8227.2
29,8227.3
10,8227.5
24,8228.2
19,8229.3
12,8229.7
22,8229.7
31,8229.8
23,8230.0
4,8230.1
17,8231.3
14,8232.3
30,8234.5
22,8235.1
12,8235.3
31,8235.3
4,8235.4
23,8236.1
13,8238.3
29,8240.0
27,8240.6
22,8240.8
4,8240.9
31,8241.2
12,8241.6
17,8242.2
23,8244.7
14,8246.1
4,8246.9
22,8247.2
31,8248.8
12,8251.2
4,8254.9
12,8292.0
17,8292.1
23,8292.1
13,8292.4
4,8292.5
22,8292.5
25,8292.5
31,8292.6
27,8292.6
7,8292.7
29,8292.8
2,8292.8
14,8292.8
9,8292.9
5,8292.9
15,8292.9
19,8293.0
11,8293.0
26,8293.2
21,8293.5
20,8293.6
30,8293.9
3,8294.2
28,8294.8
12,8298.7
23,8298.8
17,8299.0
22,8299.1
4,8299.3
31,8299.3
13,8299.5
14,8299.7
29,8299.9
27,8300.0
19,8301.1
25,8301.3
2,8301.5
15,8301.7
30,8301.9
9,8302.1
11,8302.7
7,8302.7
26,8303.0
5,8303.1
21,8303.3
3,8303.8
12,8304.2
22,8304.4
23,8304.4
31,8304.6
4,8304.7
17,8304.9
28,8305.1
20,8305.3
14,8305.7
13,8306.2
29,8306.8
6,8307.0
27,8307.2
19,8309.1
22,8309.5
12,8309.6
31,8309.8
4,8309.9
23,8310.0
17,8311.4
14,8312.6
30,8313.5
22,8314.7
4,8315.1
12,8315.2
31,8315.3
23,8316.0
13,8317.9
29,8319.4
22,8320.3
4,8320.5
31,8321.3
12,8321.4
17,8323.2
23,8323.9
4,8326.4
22,8326.4
31,8329.1
12,8330.3
4,8333.7
22,8336.1
12,8372.0
17,8372.1
23,8372.1
13,8372.4
27,8372.5
25,8372.5
4,8372.5
22,8372.5
31,8372.6
7,8372.7
15,8372.8
29,8372.8
14,8372.8
2,8372.8
9,8372.9
5,8372.9
19,8373.0
11,8373.0
26,8373.2
21,8373.4
20,8373.6
30,8373.9
3,8374.2
28,8374.8
12,8378.7
23,8378.8
17,8379.0
22,8379.1
31,8379.2
4,8379.3
13,8379.5
14,8379.7
29,8379.9
27,8380.0
19,8381.1
25,8381.4
2,8381.6
15,8381.6
30,8381.9
9,8382.2
11,8382.8
7,8382.8
26,8383.1
5,8383.2
21,8383.4
3,8383.8
12,8384.2
23,8384.3
22,8384.3
31,8384.6
4,8384.8
17,8384.9
28,8385.3
20,8385.3
14,8385.6
13,8386.2
29,8386.7
27,8387.0
6,8387.1
0,8388.7
19,8388.8
22,8389.5
12,8389.6
31,8389.9
4,8389.9
23,8389.9
17,8391.5
14,8392.4
30,8393.1
22,8394.7
4,8395.1
12,8395.3
31,8395.4
23,8395.9
13,8398.1
29,8398.1
22,8400.3
4,8400.6
31,8401.3
12,8401.5
23,8403.7
17,8404.0
22,8406.5
4,8406.6
31,8409.4
12,8411.9
4,8414.3
22,8416.1
23,8757.3
13,8757.6
16,8757.7
4,8757.7
12,8757.7
22,8757.7
25,8757.8
17,8757.8
31,8757.8
14,8757.9
7,8758.0
15,8758.0
9,8758.1
11,8758.2
19,8758.3
27,8758.3
26,8758.4
21,8758.7
20,8758.8
10,8758.9
30,8759.0
29,8759.0
3,8759.4
28,8760.0
23,8764.0
22,8764.3
31,8764.4
4,8764.6
13,8764.7
14,8764.8
12,8764.9
17,8766.2
19,8766.8
30,8767.0
15,8767.1
25,8767.1
16,8767.2
9,8767.7
29,8768.1
11,8768.2
27,8768.3
26,8768.5
7,8768.5
21,8769.2
6,8769.5
23,8769.6
22,8769.8
31,8769.9
24,8770.0
4,8770.2
2,8770.3
0,8770.5
3,8770.8
28,8770.8
14,8770.9
12,8771.4
13,8771.4
20,8771.6
18,8771.7
5,8772.5
19,8774.9
22,8775.1
23,8775.2
31,8775.5
4,8775.6
14,8777.9
30,8778.5
17,8779.9
22,8780.6
4,8781.1
12,8781.1
23,8781.3
31,8781.4
13,8783.1
22,8786.4
4,8787.0
31,8789.0
23,8790.3
22,8793.7
4,8794.1
23,8837.1
13,8837.4
12,8837.5
22,8837.5
25,8837.5
31,8837.6
16,8837.6
4,8837.6
7,8837.7
17,8837.7
14,8837.8
15,8837.9
9,8838.0
19,8838.1
11,8838.1
27,8838.2
26,8838.3
21,8838.4
20,8838.6
10,8838.8
30,8838.9
29,8838.9
3,8839.3
28,8839.8
23,8843.8
22,8844.2
31,8844.3
4,8844.4
13,8844.5
12,8844.6
14,8844.7
17,8845.9
19,8846.1
25,8846.4
15,8846.7
16,8846.8
30,8846.9
9,8847.4
11,8847.7
7,8847.7
29,8847.8
27,8847.9
26,8848.1
21,8848.4
3,8848.6
23,8849.3
2,8849.4
6,8849.5
22,8849.5
31,8849.7
28,8849.9
4,8850.0
18,8850.2
0,8850.2
20,8850.3
14,8850.7
12,8850.8
24,8850.9
13,8851.1
5,8852.3
19,8854.0
22,8854.6
23,8854.8
31,8855.1
4,8855.3
14,8857.3
17,8857.4
12,8858.6
30,8859.4
22,8859.9
23,8860.5
31,8860.8
4,8860.8
13,8862.2
22,8865.5
4,8866.6
31,8867.2
23,8867.2
14,8871.0
22,8871.6
4,8873.4
22,8881.0
31,8881.6
23,8917.1
13,8917.4
4,8917.5
25,8917.5
12,8917.5
16,8917.5
22,8917.5
31,8917.6
17,8917.6
7,8917.7
14,8917.8
15,8917.9
9,8917.9
19,8918.0
11,8918.0
27,8918.2
26,8918.2
21,8918.4
20,8918.6
10,8918.6
30,8918.9
29,8918.9
3,8919.2
28,8919.8
23,8923.8
22,8924.1
31,8924.3
4,8924.3
13,8924.5
12,8924.6
14,8924.7
17,8925.8
19,8926.1
25,8926.2
16,8926.5
15,8926.6
30,8926.9
9,8927.2
11,8927.5
29,8927.7
7,8927.7
27,8927.8
26,8928.0
21,8928.2
3,8928.8
23,8929.3
22,8929.4
31,8929.6
4,8929.8
6,8930.3
28,8930.5
2,8930.6
14,8930.7
20,8930.8
12,8930.9
13,8931.1
18,8933.0
5,8933.6
0,8933.7
19,8934.0
22,8934.5
23,8934.8
31,8935.0
4,8935.1
14,8937.6
17,8937.7
30,8937.7
12,8939.4
22,8939.7
4,8940.4
23,8940.6
31,8940.7
13,8942.1
22,8945.2
4,8946.1
31,8947.0
23,8947.4
22,8951.2
4,8952.4
22,8959.5
31,8960.7
4,8965.1
23,8997.1
13,8997.4
22,8997.5
16,8997.5
12,8997.5
4,8997.5
25,8997.5
31,8997.6
17,8997.6
7,8997.7
14,8997.8
15,8997.8
9,8997.9
11,8998.0
19,8998.0
27,8998.1
26,8998.2
21,8998.4
20,8998.6
10,8998.7
30,8998.9
29,8998.9
3,8999.2
28,8999.8
23,9003.8
22,9004.1
4,9004.3
31,9004.3
13,9004.5
12,9004.6
14,9004.7
17,9005.8
19,9006.1
25,9006.3
15,9006.5
16,9006.6
30,9006.9
9,9007.1
7,9007.6
11,9007.6
27,9007.7
29,9007.8
26,9008.1
21,9008.4
3,9008.9
22,9009.3
23,9009.3
31,9009.7
4,9009.8
20,9010.5
14,9010.7
28,9010.7
6,9010.8
13,9011.0
12,9011.0
2,9011.0
0,9012.5
19,9014.0
22,9014.4
23,9014.8
4,9015.0
31,9015.1
17,9017.3
14,9017.4
30,9018.3
22,9019.7
12,9019.8
4,9020.4
23,9020.7
31,9020.8
13,9022.0
22,9025.2
4,9026.1
31,9027.1
23,9027.8
22,9031.2
4,9032.3
22,9039.5
31,9041.5
4,9044.8
23,9382.3
11,9382.4
13,9382.6
16,9382.7
12,9382.7
4,9382.7
25,9382.8
22,9382.8
17,9382.9
15,9383.0
7,9383.0
31,9383.1
9,9383.1
19,9383.3
27,9383.3
26,9383.4
14,9383.5
21,9383.7
6,9383.7
20,9383.8
10,9383.9
29,9384.0
3,9384.4
28,9384.9
23,9389.3
11,9389.5
4,9389.6
13,9389.7
22,9389.7
12,9389.9
31,9390.2
17,9391.2
14,9391.7
19,9391.8
25,9392.0
16,9392.1
15,9392.1
9,9392.6
27,9393.1
29,9393.1
7,9393.4
26,9393.7
21,9394.4
30,9395.2
4,9395.2
0,9395.2
20,9395.3
6,9395.4
11,9395.7
23,9395.8
28,9395.8
22,9395.9
3,9396.0
5,9396.2
24,9396.2
13,9396.3
12,9396.4
31,9396.6
1,9398.1
19,9399.9
4,9400.6
22,9403.1
11,9403.5
14,9404.3
23,9406.0
4,9406.1
31,9406.4
12,9406.8
13,9407.7
4,9412.0
4,9419.2
23,9462.2
11,9462.3
13,9462.4
25,9462.5
12,9462.5
4,9462.6
22,9462.6
16,9462.6
7,9462.7
17,9462.7
31,9462.9
15,9462.9
9,9463.0
19,9463.1
14,9463.2
27,9463.2
26,9463.3
6,9463.5
21,9463.5
20,9463.6
10,9463.8
29,9463.9
3,9464.3
28,9464.8
23,9469.2
11,9469.3
4,9469.4
13,9469.5
22,9469.6
12,9469.6
31,9469.9
17,9470.9
19,9471.1
14,9471.4
25,9471.4
15,9471.8
16,9471.8
9,9472.3
27,9472.6
7,9472.6
29,9472.7
26,9473.3
21,9473.7
3,9473.7
20,9474.5
6,9474.6
0,9474.9
30,9474.9
28,9475.0
4,9475.0
11,9475.3
23,9475.6
22,9475.7
24,9475.8
12,9475.8
31,9476.1
13,9476.1
2,9476.2
5,9477.0
18,9477.3
19,9479.1
4,9480.4
11,9482.2
22,9482.5
14,9482.9
31,9483.8
12,9483.9
17,9484.2
23,9484.9
4,9485.9
13,9487.4
4,9491.9
4,9499.2
11,9542.2
23,9542.2
13,9542.4
25,9542.5
12,9542.5
16,9542.5
4,9542.5
22,9542.6
17,9542.6
7,9542.7
15,9542.9
9,9542.9
31,9542.9
19,9543.0
27,9543.2
14,9543.2
26,9543.2
6,9543.5
21,9543.5
20,9543.6
10,9543.6
29,9543.9
3,9544.2
28,9544.8
23,9549.2
11,9549.2
4,9549.3
13,9549.5
22,9549.5
12,9549.6
31,9549.9
17,9550.7
19,9551.1
14,9551.3
25,9551.3
16,9551.5
15,9551.8
9,9552.1
7,9552.5
27,9552.5
29,9552.6
26,9553.2
21,9553.7
3,9553.8
6,9554.6
20,9554.7
4,9554.8
11,9555.3
28,9555.5
22,9555.6
23,9555.6
30,9555.9
12,9555.9
13,9556.1
31,9556.3
0,9557.0
1,9557.9
2,9558.3
5,9558.6
19,9559.0
4,9560.1
14,9562.2
11,9562.4
22,9562.5
17,9563.6
12,9564.2
23,9565.2
31,9565.4
4,9565.5
13,9567.4
4,9571.2
4,9577.8
23,9622.1
11,9622.2
13,9622.4
25,9622.5
12,9622.5
16,9622.5
4,9622.5
22,9622.6
17,9622.6
7,9622.7
15,9622.8
9,9622.9
31,9622.9
19,9623.0
27,9623.1
26,9623.2
14,9623.2
21,9623.4
6,9623.5
20,9623.6
10,9623.6
29,9623.9
3,9624.2
28,9624.8
23,9629.1
11,9629.2
4,9629.3
22,9629.4
13,9629.5
12,9629.6
31,9629.9
17,9630.8
19,9631.1
14,9631.3
25,9631.4
15,9631.6
16,9631.6
9,9632.2
7,9632.6
27,9632.6
29,9632.7
26,9633.3
21,9633.6
3,9633.9
20,9634.8
4,9634.8
6,9634.9
11,9635.3
22,9635.4
23,9635.5
28,9635.7
12,9635.9
13,9636.1
31,9636.3
30,9637.0
0,9637.3
24,9637.4
5,9637.9
19,9639.0
4,9640.1
22,9642.0
11,9642.7
17,9642.8
14,9643.2
23,9644.7
12,9644.7
31,9645.3
4,9645.5
13,9647.6
4,9651.3
22,9654.7
4,9657.9
