65,94.2
303,94.8
331,94.9
134,95.0
229,95.0
261,95.1
267,95.1
315,95.5
128,95.6
365,95.6
111,95.8
29,95.9
263,96.0
103,96.1
353,96.2
121,96.2
358,96.4
191,96.5
235,96.5
115,96.7
275,97.0
278,97.1
357,97.2
176,97.2
312,97.3
158,97.3
219,97.4
367,97.4
140,97.4
17,97.4
216,97.5
95,97.7
76,97.7
248,97.8
131,97.8
355,97.9
240,97.9
126,98.0
36,98.0
120,98.1
91,98.2
62,98.2
129,98.2
308,98.5
306,98.5
194,98.5
374,98.5
368,98.6
302,98.9
222,99.0
39,99.0
69,99.0
346,99.0
330,99.1
159,99.1
166,99.1
316,99.2
350,99.4
317,99.5
215,99.5
122,99.6
61,99.6
14,100.0
195,100.2
83,100.4
65,173.3
303,173.9
331,174.1
134,174.3
261,174.3
229,174.4
267,174.5
128,174.7
315,174.9
365,175.0
29,175.2
103,175.3
111,175.3
263,175.3
121,175.6
353,175.6
358,175.8
235,176.1
191,176.2
115,176.3
278,176.6
357,176.6
275,176.6
312,176.6
367,176.9
158,176.9
17,177.0
176,177.0
216,177.1
219,177.2
140,177.2
36,177.4
76,177.4
248,177.4
355,177.4
131,177.5
240,177.5
95,177.5
129,177.6
126,177.7
120,177.8
310,177.8
62,177.9
354,178.0
374,178.1
194,178.1
225,178.2
200,178.2
306,178.2
308,178.2
363,178.2
9,178.3
91,178.3
170,178.3
368,178.4
222,178.4
330,178.5
113,178.5
39,178.5
302,178.7
346,178.7
206,178.7
159,178.8
166,178.8
69,178.8
317,178.9
350,179.1
215,179.1
316,179.2
61,179.4
122,179.5
14,179.7
172,180.2
195,180.2
65,253.5
303,254.2
331,254.3
134,254.6
261,254.6
229,254.7
267,254.8
315,255.1
128,255.1
365,255.2
29,255.4
103,255.6
111,255.6
263,255.7
353,255.9
358,256.0
121,256.0
235,256.4
115,256.6
191,256.6
312,256.8
357,256.9
275,257.0
278,257.0
367,257.1
158,257.2
17,257.3
216,257.5
355,257.5
248,257.6
176,257.7
76,257.7
36,257.8
240,257.8
140,257.8
129,258.0
219,258.1
131,258.2
120,258.2
194,258.3
306,258.4
62,258.4
308,258.5
374,258.7
346,258.8
166,259.0
222,259.0
83,259.1
39,259.2
330,259.2
350,259.3
69,259.3
302,259.4
317,259.6
300,259.6
14,260.3
65,639.5
303,640.1
331,640.2
134,640.2
267,640.3
229,640.3
261,640.4
315,640.8
365,640.9
128,641.0
111,641.1
29,641.2
263,641.4
103,641.4
353,641.5
121,641.5
358,641.7
235,641.8
191,641.9
115,641.9
275,642.3
278,642.5
176,642.6
357,642.6
312,642.6
158,642.6
17,642.7
95,642.7
367,642.7
140,642.8
216,642.8
126,643.0
76,643.0
219,643.0
240,643.2
248,643.2
91,643.2
131,643.2
355,643.2
120,643.4
36,643.4
129,643.5
62,643.6
368,643.7
194,643.8
308,643.9
306,643.9
374,644.0
159,644.1
222,644.3
225,644.3
69,644.4
346,644.4
39,644.4
330,644.4
166,644.4
316,644.4
302,644.5
61,644.5
215,644.6
350,644.7
122,644.7
317,645.0
195,645.5
14,645.6
65,718.6
303,719.2
331,719.3
261,719.6
134,719.6
229,719.6
267,719.7
128,720.1
315,720.2
365,720.2
29,720.5
111,720.6
103,720.6
263,720.7
353,720.9
121,720.9
358,721.1
235,721.3
191,721.6
115,721.6
278,721.9
312,721.9
275,721.9
357,722.0
190,722.1
158,722.2
17,722.2
109,722.2
216,722.3
367,722.3
140,722.5
176,722.5
310,722.6
248,722.7
179,722.7
76,722.7
95,722.7
355,722.7
354,722.7
126,722.8
36,722.8
240,722.8
219,722.8
129,722.9
363,722.9
9,722.9
131,723.0
200,723.0
170,723.0
120,723.1
113,723.2
62,723.3
206,723.3
374,723.4
319,723.4
77,723.5
306,723.5
194,723.5
308,723.6
222,723.8
39,724.0
159,724.0
330,724.0
346,724.1
166,724.1
83,724.2
69,724.2
215,724.3
300,724.3
317,724.4
316,724.4
302,724.4
350,724.5
122,724.6
172,724.7
14,725.2
65,798.8
303,799.5
331,799.6
261,799.9
134,799.9
229,800.0
267,800.1
315,800.4
365,800.5
128,800.5
29,800.7
111,800.8
103,800.9
263,801.1
353,801.2
358,801.3
121,801.3
235,801.6
115,801.8
191,802.0
312,802.1
357,802.2
91,802.3
278,802.3
275,802.3
367,802.4
158,802.5
17,802.6
368,802.7
216,802.8
355,802.8
248,802.9
76,803.0
36,803.1
240,803.2
140,803.2
129,803.3
61,803.5
120,803.5
225,803.6
194,803.7
306,803.7
131,803.7
308,803.9
62,803.9
346,804.2
374,804.2
195,804.3
166,804.4
222,804.4
330,804.7
350,804.8
69,804.9
317,805.1
65,879.0
303,879.7
331,879.8
261,880.0
267,880.1
229,880.1
134,880.1
128,880.6
315,880.6
365,880.7
29,880.9
111,881.0
103,881.2
263,881.2
121,881.4
358,881.5
353,881.5
235,881.9
176,882.1
115,882.1
95,882.3
191,882.4
312,882.4
219,882.5
357,882.5
278,882.6
126,882.6
275,882.7
367,882.7
158,882.9
216,883.0
17,883.0
355,883.1
248,883.2
36,883.4
240,883.5
76,883.6
129,883.6
39,883.7
159,883.7
120,883.8
316,883.8
9,883.8
302,883.9
306,884.0
122,884.1
194,884.2
62,884.4
83,884.4
308,884.4
346,884.6
14,884.8
222,884.9
166,884.9
350,885.4
65,1264.9
303,1265.4
331,1265.5
134,1265.6
267,1265.6
229,1265.6
261,1265.7
365,1266.1
315,1266.1
128,1266.3
111,1266.4
29,1266.5
103,1266.7
263,1266.8
121,1266.8
353,1266.8
358,1267.0
235,1267.2
191,1267.3
115,1267.3
275,1267.7
278,1267.9
176,1267.9
357,1267.9
140,1268.0
158,1268.0
312,1268.0
17,1268.1
367,1268.1
216,1268.2
219,1268.3
91,1268.4
126,1268.5
355,1268.5
131,1268.5
76,1268.5
240,1268.6
248,1268.6
36,1268.8
120,1268.8
129,1268.9
368,1268.9
62,1269.2
374,1269.2
194,1269.2
306,1269.3
308,1269.3
215,1269.6
39,1269.6
69,1269.6
61,1269.7
302,1269.8
159,1269.8
330,1269.8
346,1269.8
222,1269.8
166,1269.9
350,1270.2
317,1270.2
122,1270.3
14,1270.9
65,1343.8
303,1344.5
331,1344.6
134,1344.8
261,1344.8
229,1344.9
267,1345.0
128,1345.4
315,1345.4
365,1345.4
29,1345.7
111,1345.8
103,1345.9
263,1346.0
121,1346.2
353,1346.2
358,1346.3
95,1346.5
235,1346.6
115,1346.8
191,1346.9
312,1347.2
278,1347.2
275,1347.2
357,1347.3
109,1347.3
190,1347.4
310,1347.4
158,1347.5
367,1347.6
17,1347.6
216,1347.6
363,1347.7
354,1347.7
176,1347.7
140,1347.8
170,1348.0
355,1348.0
219,1348.0
248,1348.0
200,1348.1
36,1348.1
76,1348.1
240,1348.1
113,1348.1
129,1348.2
225,1348.3
9,1348.3
206,1348.3
126,1348.3
316,1348.3
131,1348.3
120,1348.4
319,1348.5
77,1348.7
374,1348.7
194,1348.8
306,1348.8
62,1348.8
308,1348.9
195,1349.0
39,1349.2
330,1349.2
222,1349.2
300,1349.2
69,1349.3
83,1349.3
346,1349.4
166,1349.4
302,1349.5
317,1349.6
172,1349.7
350,1350.0
122,1350.0
14,1350.6
65,1424.0
303,1424.7
331,1424.8
261,1425.1
229,1425.2
134,1425.2
267,1425.3
315,1425.6
365,1425.7
128,1425.8
29,1425.9
111,1426.0
103,1426.1
263,1426.3
353,1426.4
121,1426.5
358,1426.5
235,1426.9
115,1427.0
312,1427.3
191,1427.3
357,1427.4
91,1427.4
275,1427.6
278,1427.6
367,1427.7
368,1427.7
158,1427.8
17,1427.9
355,1428.0
248,1428.1
216,1428.1
95,1428.1
36,1428.4
140,1428.4
240,1428.4
61,1428.5
76,1428.5
129,1428.6
215,1428.7
159,1428.7
120,1428.8
131,1428.9
194,1429.0
306,1429.0
226,1429.1
62,1429.3
374,1429.4
308,1429.4
346,1429.5
330,1429.8
166,1429.9
222,1429.9
350,1430.3
65,1504.2
303,1504.8
331,1505.0
261,1505.2
267,1505.3
229,1505.3
134,1505.3
315,1505.7
365,1505.8
128,1505.8
29,1506.1
111,1506.2
263,1506.4
103,1506.4
121,1506.6
358,1506.7
353,1506.7
235,1507.2
176,1507.3
115,1507.3
312,1507.5
219,1507.7
357,1507.7
278,1507.8
191,1507.8
275,1507.9
126,1507.9
367,1507.9
158,1508.1
216,1508.2
17,1508.2
355,1508.3
310,1508.3
248,1508.4
316,1508.6
200,1508.7
36,1508.7
240,1508.8
129,1508.9
39,1508.9
69,1509.0
76,1509.0
302,1509.1
120,1509.1
317,1509.2
306,1509.3
195,1509.4
83,1509.5
122,1509.5
194,1509.6
308,1509.7
346,1509.9
14,1509.9
222,1510.2
166,1510.3
65,1890.0
303,1890.5
331,1890.6
134,1890.7
267,1890.7
229,1890.7
261,1890.8
365,1891.2
315,1891.2
128,1891.4
111,1891.5
29,1891.6
103,1891.8
263,1891.9
121,1891.9
353,1892.0
358,1892.1
235,1892.3
115,1892.4
191,1892.5
275,1892.9
357,1893.0
278,1893.0
176,1893.0
158,1893.1
312,1893.1
140,1893.1
367,1893.2
17,1893.2
95,1893.2
219,1893.3
216,1893.3
91,1893.6
355,1893.6
76,1893.6
240,1893.7
248,1893.7
131,1893.7
120,1893.9
36,1893.9
368,1893.9
129,1894.0
62,1894.0
374,1894.3
306,1894.4
194,1894.4
308,1894.5
159,1894.6
215,1894.8
330,1894.8
39,1894.8
346,1894.9
69,1894.9
166,1895.0
222,1895.0
350,1895.1
317,1895.3
14,1896.0
65,1968.9
303,1969.5
331,1969.7
229,1969.9
261,1969.9
134,1969.9
267,1970.0
128,1970.5
365,1970.5
315,1970.5
29,1970.8
111,1970.9
103,1971.0
263,1971.1
121,1971.3
353,1971.3
358,1971.4
235,1971.7
115,1971.9
126,1971.9
191,1972.1
278,1972.3
312,1972.3
275,1972.3
357,1972.4
179,1972.4
109,1972.4
158,1972.6
216,1972.7
354,1972.7
17,1972.7
367,1972.7
363,1972.7
310,1972.8
176,1972.8
61,1972.9
170,1972.9
140,1973.0
95,1973.0
113,1973.0
355,1973.1
36,1973.1
302,1973.1
248,1973.1
9,1973.1
316,1973.2
240,1973.2
219,1973.2
206,1973.2
225,1973.2
76,1973.3
131,1973.3
129,1973.3
200,1973.4
120,1973.5
62,1973.6
77,1973.7
374,1973.8
122,1973.8
306,1973.9
194,1974.0
195,1974.0
308,1974.1
83,1974.2
300,1974.2
222,1974.3
330,1974.3
39,1974.4
69,1974.5
346,1974.5
166,1974.5
172,1974.6
317,1974.7
350,1974.8
14,1975.6
65,2049.1
303,2049.7
331,2049.9
261,2050.2
229,2050.2
134,2050.2
267,2050.4
315,2050.6
365,2050.7
128,2050.8
29,2050.9
111,2051.1
103,2051.2
263,2051.3
358,2051.5
353,2051.5
121,2051.6
235,2051.9
115,2052.1
191,2052.4
91,2052.4
312,2052.4
357,2052.5
278,2052.6
367,2052.7
275,2052.7
158,2052.8
368,2052.8
17,2053.0
355,2053.1
248,2053.2
216,2053.2
36,2053.4
240,2053.5
140,2053.5
159,2053.6
76,2053.7
129,2053.7
209,2053.7
215,2053.8
120,2053.9
131,2054.0
306,2054.1
194,2054.1
62,2054.2
302,2054.4
374,2054.4
308,2054.5
346,2054.6
330,2054.9
166,2055.0
222,2055.1
350,2055.2
65,2129.3
303,2129.9
331,2130.0
229,2130.3
261,2130.3
134,2130.3
267,2130.4
315,2130.8
365,2130.9
128,2130.9
111,2131.2
29,2131.2
103,2131.4
263,2131.4
121,2131.6
353,2131.7
358,2131.7
235,2132.2
115,2132.4
176,2132.4
126,2132.4
312,2132.6
95,2132.6
219,2132.6
357,2132.7
367,2132.9
191,2132.9
278,2132.9
275,2133.0
158,2133.2
17,2133.3
216,2133.3
355,2133.3
248,2133.4
316,2133.6
36,2133.7
61,2133.7
39,2133.8
129,2133.9
69,2133.9
240,2133.9
76,2134.1
122,2134.1
317,2134.3
120,2134.3
195,2134.4
306,2134.4
194,2134.6
62,2134.8
308,2134.9
14,2135.0
346,2135.1
166,2135.4
222,2135.5
65,2515.0
303,2515.5
229,2515.7
331,2515.7
134,2515.7
267,2515.7
261,2515.8
315,2516.2
365,2516.3
111,2516.5
128,2516.5
29,2516.6
263,2516.9
103,2516.9
121,2517.0
353,2517.0
358,2517.1
235,2517.3
115,2517.4
191,2517.5
275,2517.9
176,2518.0
312,2518.1
140,2518.1
357,2518.1
278,2518.1
158,2518.1
367,2518.2
17,2518.3
216,2518.3
126,2518.4
219,2518.4
248,2518.7
131,2518.7
355,2518.7
240,2518.8
76,2518.8
36,2518.9
120,2519.0
368,2519.0
129,2519.1
374,2519.3
62,2519.3
194,2519.4
302,2519.5
159,2519.5
306,2519.5
308,2519.6
39,2519.7
316,2519.8
69,2519.9
330,2519.9
346,2520.0
222,2520.0
350,2520.1
166,2520.1
122,2520.2
83,2520.4
317,2520.4
14,2521.1
65,2594.0
303,2594.6
331,2594.7
261,2594.9
134,2595.0
229,2595.0
267,2595.0
365,2595.5
128,2595.5
315,2595.5
29,2595.8
111,2595.9
103,2596.0
263,2596.1
353,2596.3
121,2596.3
358,2596.4
95,2596.6
235,2596.7
91,2596.7
115,2596.9
190,2596.9
191,2597.1
312,2597.3
278,2597.3
109,2597.4
357,2597.4
275,2597.4
310,2597.6
367,2597.7
363,2597.7
216,2597.7
179,2597.7
17,2597.7
158,2597.7
354,2597.7
140,2597.9
170,2597.9
176,2597.9
215,2597.9
9,2598.0
61,2598.0
225,2598.0
113,2598.0
248,2598.1
355,2598.1
200,2598.1
219,2598.1
36,2598.2
206,2598.2
129,2598.3
76,2598.3
240,2598.3
131,2598.3
126,2598.4
319,2598.4
120,2598.6
374,2598.8
77,2598.8
306,2598.9
62,2598.9
194,2599.0
195,2599.1
308,2599.1
159,2599.2
300,2599.2
302,2599.3
330,2599.4
222,2599.5
69,2599.5
172,2599.6
346,2599.6
166,2599.6
316,2599.7
317,2599.7
350,2599.8
14,2600.6
65,2674.1
303,2674.7
331,2674.9
229,2675.2
261,2675.2
134,2675.3
267,2675.4
315,2675.7
365,2675.8
128,2675.8
29,2676.0
111,2676.1
103,2676.2
263,2676.4
353,2676.5
121,2676.6
358,2676.6
235,2677.0
115,2677.2
312,2677.4
357,2677.5
191,2677.6
278,2677.7
275,2677.8
368,2677.8
367,2677.8
158,2677.9
17,2678.0
355,2678.1
248,2678.2
216,2678.2
39,2678.4
36,2678.5
140,2678.6
240,2678.6
76,2678.7
129,2678.7
120,2679.0
306,2679.1
131,2679.1
122,2679.1
194,2679.2
83,2679.4
374,2679.5
308,2679.5
346,2679.6
62,2679.7
222,2680.0
330,2680.0
166,2680.1
350,2680.2
65,2754.3
303,2754.9
331,2755.0
229,2755.3
261,2755.3
267,2755.4
134,2755.4
315,2755.8
128,2755.9
365,2755.9
29,2756.2
111,2756.3
103,2756.4
263,2756.5
121,2756.7
358,2756.7
353,2756.8
95,2757.2
235,2757.2
176,2757.4
115,2757.4
91,2757.5
312,2757.6
357,2757.7
219,2757.7
126,2757.8
278,2757.9
275,2758.0
191,2758.0
367,2758.0
158,2758.2
17,2758.3
216,2758.3
355,2758.3
248,2758.4
215,2758.5
225,2758.6
36,2758.7
61,2758.7
9,2758.8
302,2758.9
159,2758.9
200,2758.9
240,2758.9
69,2759.0
129,2759.0
226,2759.0
76,2759.2
316,2759.2
120,2759.3
317,2759.3
306,2759.4
195,2759.5
194,2759.7
308,2759.8
14,2760.0
346,2760.1
222,2760.4
166,2760.6
65,3140.0
303,3140.5
267,3140.7
229,3140.7
134,3140.7
331,3140.7
261,3140.8
315,3141.2
365,3141.3
128,3141.5
111,3141.5
29,3141.7
263,3141.9
103,3141.9
121,3142.0
353,3142.0
358,3142.1
235,3142.3
115,3142.4
191,3142.5
275,3142.9
176,3143.0
312,3143.1
278,3143.1
158,3143.1
357,3143.1
140,3143.2
367,3143.2
95,3143.2
216,3143.3
17,3143.3
219,3143.4
131,3143.7
248,3143.7
355,3143.7
76,3143.8
126,3143.8
240,3143.8
36,3143.9
120,3144.0
368,3144.0
129,3144.1
62,3144.1
374,3144.3
194,3144.5
306,3144.5
39,3144.5
308,3144.5
330,3144.8
302,3144.9
69,3144.9
350,3145.0
222,3145.0
346,3145.0
166,3145.1
122,3145.2
317,3145.4
14,3146.1
65,3219.0
303,3219.6
331,3219.7
261,3219.9
229,3220.0
134,3220.0
267,3220.1
315,3220.5
365,3220.5
128,3220.5
111,3220.9
29,3220.9
103,3221.0
263,3221.1
121,3221.3
353,3221.3
358,3221.4
235,3221.7
91,3221.8
115,3222.0
191,3222.1
312,3222.3
278,3222.4
357,3222.4
275,3222.4
109,3222.5
310,3222.5
354,3222.6
17,3222.7
367,3222.7
216,3222.7
158,3222.7
363,3222.7
176,3222.9
179,3222.9
170,3222.9
215,3222.9
140,3222.9
159,3222.9
61,3223.0
113,3223.0
248,3223.1
219,3223.1
355,3223.1
206,3223.2
36,3223.2
95,3223.2
200,3223.3
240,3223.3
131,3223.3
9,3223.3
76,3223.3
225,3223.4
129,3223.4
316,3223.4
126,3223.5
120,3223.6
62,3223.7
374,3223.8
77,3223.8
306,3224.0
195,3224.0
39,3224.0
194,3224.0
308,3224.1
300,3224.2
83,3224.3
330,3224.4
222,3224.5
69,3224.5
346,3224.6
302,3224.6
166,3224.6
172,3224.6
317,3224.7
350,3224.9
122,3224.9
14,3225.6
65,3299.1
303,3299.7
331,3299.9
261,3300.2
134,3300.3
229,3300.3
267,3300.4
315,3300.7
365,3300.8
128,3300.8
29,3301.0
111,3301.1
103,3301.2
263,3301.4
353,3301.5
121,3301.6
358,3301.6
235,3302.0
115,3302.2
190,3302.3
312,3302.4
357,3302.5
191,3302.6
278,3302.7
275,3302.8
367,3302.8
368,3302.8
158,3302.9
17,3303.0
355,3303.1
216,3303.2
248,3303.2
36,3303.5
240,3303.6
140,3303.6
76,3303.7
129,3303.8
120,3304.0
131,3304.1
306,3304.1
194,3304.2
62,3304.4
374,3304.5
346,3304.6
308,3304.6
222,3305.1
350,3305.1
330,3305.1
166,3305.1
65,3379.3
303,3379.9
331,3380.1
261,3380.3
229,3380.3
267,3380.4
134,3380.4
315,3380.8
128,3380.9
365,3380.9
29,3381.2
111,3381.3
103,3381.4
263,3381.5
121,3381.7
358,3381.7
353,3381.8
235,3382.2
176,3382.4
115,3382.4
95,3382.6
91,3382.6
312,3382.6
357,3382.7
219,3382.7
278,3382.9
126,3382.9
367,3383.0
275,3383.0
191,3383.0
158,3383.2
17,3383.3
355,3383.3
216,3383.3
248,3383.4
159,3383.6
215,3383.6
36,3383.7
61,3383.7
39,3383.7
316,3383.7
240,3383.9
302,3384.0
129,3384.0
69,3384.1
76,3384.1
120,3384.4
317,3384.4
306,3384.4
122,3384.4
83,3384.5
195,3384.5
194,3384.7
308,3384.9
14,3385.0
346,3385.1
166,3385.5
222,3385.5
190,3765.1
191,3765.3
303,3765.5
369,3765.6
267,3765.7
331,3765.7
211,3765.7
229,3765.7
261,3765.8
65,3766.0
323,3766.1
126,3766.1
330,3766.2
159,3766.2
315,3766.2
365,3766.3
111,3766.5
120,3766.6
29,3766.7
103,3766.9
128,3766.9
353,3767.0
88,3767.1
329,3767.2
184,3767.3
349,3767.3
235,3767.3
115,3767.4
26,3767.5
275,3767.9
176,3768.0
278,3768.1
158,3768.2
140,3768.2
17,3768.3
216,3768.4
219,3768.6
81,3768.7
131,3768.7
248,3768.7
240,3768.8
171,3768.9
62,3769.0
36,3769.0
129,3769.1
332,3769.2
374,3769.3
358,3769.4
194,3769.5
308,3769.5
306,3769.5
277,3769.7
39,3769.7
302,3769.9
222,3770.0
350,3770.1
166,3770.2
317,3770.4
122,3770.5
14,3771.1
190,3844.5
191,3844.5
303,3844.6
331,3844.7
261,3844.9
229,3845.0
267,3845.1
65,3845.2
369,3845.3
330,3845.3
211,3845.3
126,3845.5
315,3845.5
159,3845.5
365,3845.5
323,3845.6
120,3845.8
29,3845.9
111,3845.9
103,3846.0
128,3846.0
353,3846.3
95,3846.6
235,3846.7
349,3846.8
91,3846.9
115,3847.0
88,3847.0
368,3847.1
329,3847.1
184,3847.2
26,3847.3
275,3847.4
135,3847.4
278,3847.4
109,3847.5
310,3847.5
363,3847.7
17,3847.7
158,3847.7
354,3847.7
176,3847.8
216,3847.8
140,3847.9
130,3847.9
61,3848.0
215,3848.0
200,3848.1
113,3848.1
9,3848.1
248,3848.1
319,3848.2
36,3848.2
206,3848.2
219,3848.2
240,3848.3
81,3848.3
129,3848.4
131,3848.5
62,3848.6
374,3848.8
171,3848.8
358,3848.9
306,3849.0
194,3849.0
195,3849.1
308,3849.1
332,3849.1
300,3849.2
39,3849.3
83,3849.4
222,3849.5
172,3849.6
166,3849.7
317,3849.8
302,3849.8
350,3849.9
357,3850.0
312,3850.2
122,3850.3
14,3850.8
303,3924.7
191,3924.7
190,3924.9
331,3925.0
229,3925.2
261,3925.2
267,3925.3
65,3925.3
330,3925.6
211,3925.7
159,3925.7
315,3925.7
365,3925.8
126,3925.8
369,3925.9
120,3926.0
29,3926.0
111,3926.1
323,3926.2
103,3926.2
128,3926.2
353,3926.5
235,3927.0
349,3927.1
115,3927.1
278,3927.7
329,3927.8
88,3927.8
275,3927.8
158,3927.9
184,3927.9
17,3928.0
216,3928.1
248,3928.2
26,3928.2
36,3928.5
140,3928.6
240,3928.6
129,3928.7
81,3929.0
171,3929.1
306,3929.1
194,3929.2
62,3929.2
308,3929.4
358,3929.4
374,3929.5
166,3929.9
350,3930.1
222,3930.1
191,4004.9
303,4004.9
331,4005.1
190,4005.2
229,4005.3
261,4005.3
65,4005.4
267,4005.4
315,4005.8
330,4005.9
365,4005.9
159,4005.9
126,4006.0
211,4006.1
369,4006.2
120,4006.2
29,4006.2
111,4006.3
128,4006.4
103,4006.4
323,4006.5
353,4006.8
235,4007.2
95,4007.3
115,4007.4
176,4007.4
219,4007.6
349,4007.6
91,4007.6
278,4007.9
368,4007.9
131,4008.0
275,4008.1
310,4008.2
158,4008.2
17,4008.3
216,4008.3
248,4008.5
329,4008.5
88,4008.6
184,4008.7
215,4008.7
61,4008.7
36,4008.7
240,4008.9
39,4008.9
129,4009.0
302,4009.1
332,4009.2
317,4009.4
306,4009.4
195,4009.6
194,4009.7
171,4009.7
122,4009.7
81,4009.7
83,4009.7
308,4009.9
358,4009.9
14,4010.0
222,4010.5
166,4010.5
65,4389.4
191,4390.4
331,4390.7
229,4390.7
190,4390.8
261,4390.8
267,4390.8
361,4391.0
294,4391.0
315,4391.2
246,4391.2
365,4391.3
126,4391.3
330,4391.5
159,4391.5
111,4391.5
300,4391.6
29,4391.7
120,4391.7
31,4391.8
211,4391.8
369,4391.9
128,4391.9
323,4392.2
235,4392.3
115,4392.4
62,4392.8
303,4392.8
275,4392.9
176,4393.0
278,4393.1
140,4393.3
95,4393.3
349,4393.3
17,4393.3
216,4393.4
219,4393.6
248,4393.7
131,4393.8
88,4393.8
329,4393.9
36,4394.0
26,4394.0
129,4394.1
184,4394.1
358,4394.2
374,4394.3
306,4394.5
308,4394.6
39,4394.9
222,4395.0
350,4395.1
166,4395.2
81,4395.2
171,4395.3
317,4395.4
103,4395.6
14,4396.2
65,4468.4
191,4469.6
331,4469.7
261,4470.0
229,4470.0
267,4470.1
190,4470.1
315,4470.5
365,4470.5
330,4470.6
159,4470.7
126,4470.7
294,4470.7
29,4470.9
111,4470.9
246,4470.9
120,4470.9
361,4471.0
128,4471.0
300,4471.1
211,4471.2
369,4471.3
323,4471.6
31,4471.7
235,4471.7
134,4471.8
115,4472.0
91,4472.0
303,4472.1
368,4472.2
62,4472.3
278,4472.4
275,4472.4
179,4472.5
109,4472.5
363,4472.7
354,4472.7
17,4472.7
216,4472.8
349,4472.8
176,4472.8
310,4472.8
9,4472.9
140,4472.9
200,4473.0
215,4473.0
61,4473.0
113,4473.0
248,4473.1
36,4473.2
206,4473.2
219,4473.2
131,4473.4
129,4473.4
263,4473.4
329,4473.6
319,4473.6
374,4473.8
358,4473.8
88,4473.9
184,4474.0
122,4474.0
306,4474.0
332,4474.0
357,4474.0
312,4474.1
308,4474.1
83,4474.3
222,4474.5
166,4474.6
172,4474.6
350,4474.8
317,4474.8
81,4474.9
103,4475.0
171,4475.0
14,4475.7
65,4548.5
191,4549.8
331,4550.0
229,4550.2
261,4550.2
267,4550.3
190,4550.4
315,4550.7
330,4550.8
365,4550.8
126,4551.0
294,4551.0
159,4551.0
29,4551.0
120,4551.1
111,4551.1
246,4551.3
128,4551.3
300,4551.4
211,4551.5
361,4551.6
369,4551.7
323,4551.9
235,4552.0
115,4552.1
303,4552.1
95,4552.1
31,4552.3
62,4552.6
278,4552.7
275,4552.8
349,4552.9
17,4553.0
216,4553.1
26,4553.1
248,4553.2
39,4553.4
36,4553.5
140,4553.6
129,4553.7
306,4554.1
358,4554.3
329,4554.4
374,4554.5
308,4554.6
166,4555.0
350,4555.1
222,4555.1
103,4555.3
171,4555.6
65,4628.7
191,4630.0
331,4630.1
261,4630.3
229,4630.3
267,4630.4
190,4630.6
315,4630.8
365,4630.9
330,4631.0
159,4631.1
126,4631.1
29,4631.2
120,4631.3
111,4631.3
128,4631.4
294,4631.5
246,4631.7
211,4631.8
300,4631.8
369,4632.0
361,4632.1
235,4632.2
323,4632.2
303,4632.3
176,4632.4
115,4632.4
91,4632.6
219,4632.7
368,4632.9
278,4632.9
31,4632.9
62,4632.9
275,4633.0
131,4633.0
349,4633.2
17,4633.3
216,4633.3
88,4633.4
248,4633.5
184,4633.6
215,4633.7
36,4633.7
61,4633.8
9,4633.8
129,4634.0
122,4634.1
226,4634.1
263,4634.2
317,4634.4
357,4634.4
306,4634.4
312,4634.7
358,4634.7
81,4634.7
332,4634.9
308,4634.9
14,4635.1
222,4635.5
166,4635.6
103,4635.8
267,5014.8
300,5015.4
191,5015.5
159,5015.6
52,5015.6
331,5015.7
369,5015.7
229,5015.7
261,5015.8
65,5015.9
105,5015.9
349,5016.1
190,5016.1
68,5016.2
365,5016.3
113,5016.4
126,5016.4
330,5016.6
128,5016.9
350,5017.1
211,5017.2
311,5017.2
246,5017.3
235,5017.3
323,5017.6
361,5017.6
60,5017.9
275,5017.9
14,5017.9
176,5018.0
62,5018.0
134,5018.1
4,5018.1
95,5018.1
278,5018.1
157,5018.2
161,5018.2
140,5018.3
17,5018.3
295,5018.3
216,5018.4
31,5018.4
297,5018.7
248,5018.7
131,5018.8
346,5019.0
36,5019.0
129,5019.1
374,5019.3
329,5019.3
88,5019.3
39,5019.5
306,5019.5
308,5019.6
184,5019.6
29,5019.8
222,5020.1
166,5020.2
122,5020.3
103,5020.4
317,5020.4
171,5020.7
81,5020.7
267,5093.9
300,5094.4
159,5094.6
191,5094.7
331,5094.7
369,5094.8
349,5094.8
261,5095.0
229,5095.0
65,5095.1
52,5095.3
190,5095.3
365,5095.5
105,5095.6
68,5095.7
330,5095.7
113,5095.8
126,5095.8
128,5096.0
350,5096.2
211,5096.5
235,5096.7
219,5096.7
311,5096.8
323,5096.9
246,5096.9
14,5097.0
91,5097.0
368,5097.2
109,5097.4
278,5097.4
275,5097.4
62,5097.5
361,5097.5
60,5097.6
363,5097.7
17,5097.7
26,5097.7
176,5097.8
4,5097.8
216,5097.8
140,5097.9
179,5097.9
161,5097.9
157,5097.9
111,5097.9
200,5098.0
295,5098.0
215,5098.0
248,5098.1
31,5098.2
206,5098.2
36,5098.2
129,5098.4
131,5098.4
263,5098.5
297,5098.5
346,5098.7
374,5098.8
312,5098.9
29,5099.0
329,5099.0
357,5099.0
306,5099.0
39,5099.1
308,5099.1
83,5099.2
332,5099.2
222,5099.5
172,5099.6
166,5099.7
103,5099.8
317,5099.8
122,5100.1
171,5100.4
81,5100.6
267,5174.2
300,5174.6
159,5174.8
191,5174.9
331,5174.9
349,5175.1
369,5175.1
65,5175.2
261,5175.2
229,5175.3
190,5175.6
365,5175.7
52,5175.9
330,5175.9
126,5176.1
105,5176.2
113,5176.2
68,5176.3
128,5176.3
350,5176.5
211,5176.8
95,5177.0
235,5177.0
14,5177.1
246,5177.2
323,5177.2
311,5177.4
134,5177.5
278,5177.7
275,5177.8
62,5177.9
17,5178.0
361,5178.0
88,5178.1
4,5178.1
219,5178.2
248,5178.2
157,5178.2
216,5178.2
295,5178.3
161,5178.3
71,5178.4
184,5178.4
60,5178.5
36,5178.5
140,5178.6
297,5178.8
129,5178.8
31,5178.9
346,5179.0
306,5179.1
131,5179.2
374,5179.5
308,5179.5
29,5179.5
222,5180.0
166,5180.0
103,5180.2
171,5180.9
267,5254.2
300,5254.8
331,5255.0
159,5255.0
191,5255.1
229,5255.3
261,5255.3
369,5255.3
349,5255.4
65,5255.4
190,5255.8
365,5255.9
330,5256.1
126,5256.2
128,5256.4
113,5256.5
52,5256.5
68,5256.7
350,5256.7
105,5256.8
211,5257.0
235,5257.2
176,5257.4
323,5257.4
14,5257.4
246,5257.5
91,5257.6
368,5257.9
278,5257.9
311,5258.0
275,5258.1
62,5258.2
216,5258.3
17,5258.3
111,5258.4
26,5258.5
248,5258.5
4,5258.6
329,5258.6
36,5258.7
157,5258.7
215,5258.7
39,5258.7
200,5258.7
161,5258.8
295,5258.8
129,5259.0
83,5259.3
357,5259.3
122,5259.4
317,5259.4
306,5259.5
346,5259.5
297,5259.5
60,5259.5
312,5259.7
81,5259.9
29,5260.0
308,5260.0
222,5260.5
103,5260.6
166,5260.7
229,5639.4
369,5639.8
267,5639.9
361,5640.0
232,5640.3
191,5640.5
235,5640.5
159,5640.7
65,5640.8
131,5640.8
179,5640.9
272,5641.0
34,5641.2
190,5641.2
349,5641.3
365,5641.3
321,5641.5
126,5641.5
32,5641.8
185,5642.0
113,5642.0
180,5642.0
52,5642.2
211,5642.3
300,5642.3
68,5642.3
350,5642.3
39,5642.4
215,5642.5
105,5642.5
323,5642.7
246,5642.7
275,5642.9
176,5643.0
95,5643.0
219,5643.1
62,5643.1
140,5643.3
17,5643.4
216,5643.4
261,5643.5
311,5643.5
331,5643.6
248,5643.7
31,5643.9
111,5644.2
88,5644.2
4,5644.2
157,5644.3
161,5644.4
295,5644.4
184,5644.5
306,5644.5
329,5644.5
308,5644.6
330,5644.9
346,5644.9
128,5644.9
297,5645.0
166,5645.2
103,5645.2
14,5645.5
357,5645.6
171,5645.9
229,5718.5
369,5718.8
267,5719.0
361,5719.4
159,5719.7
235,5719.7
191,5719.7
232,5720.0
65,5720.0
131,5720.1
349,5720.1
190,5720.4
179,5720.5
365,5720.5
126,5720.8
272,5721.0
34,5721.2
321,5721.3
113,5721.4
350,5721.4
300,5721.6
211,5721.6
134,5721.7
32,5721.8
52,5721.8
68,5721.8
91,5721.9
180,5721.9
323,5722.0
39,5722.0
105,5722.1
185,5722.1
215,5722.2
368,5722.2
246,5722.2
121,5722.4
275,5722.4
109,5722.5
315,5722.5
62,5722.6
17,5722.7
216,5722.8
363,5722.8
139,5722.8
26,5722.8
176,5722.8
261,5722.9
140,5722.9
331,5722.9
219,5722.9
95,5723.0
248,5723.1
206,5723.2
311,5723.2
60,5723.4
31,5723.6
4,5723.8
157,5723.9
122,5723.9
88,5724.0
306,5724.0
303,5724.0
161,5724.1
120,5724.1
308,5724.1
295,5724.1
329,5724.2
83,5724.3
128,5724.3
330,5724.4
346,5724.6
166,5724.7
297,5724.8
103,5724.8
14,5724.9
171,5725.5
229,5798.6
369,5799.0
267,5799.2
361,5799.5
235,5799.8
159,5799.9
191,5799.9
65,5800.2
131,5800.3
349,5800.3
232,5800.4
190,5800.6
365,5800.8
179,5800.8
126,5801.0
272,5801.5
34,5801.6
350,5801.6
300,5801.7
113,5801.7
321,5801.7
211,5801.9
52,5802.1
68,5802.1
323,5802.2
39,5802.3
32,5802.4
105,5802.4
246,5802.5
180,5802.5
215,5802.6
275,5802.8
62,5802.9
17,5803.0
111,5803.0
185,5803.0
216,5803.1
261,5803.2
248,5803.2
331,5803.2
184,5803.3
140,5803.6
311,5803.6
4,5804.0
306,5804.1
157,5804.2
357,5804.2
31,5804.2
295,5804.3
161,5804.4
308,5804.6
128,5804.8
346,5804.9
330,5805.0
166,5805.0
103,5805.1
14,5805.2
297,5805.4
229,5878.7
369,5879.2
267,5879.3
361,5879.7
235,5880.0
159,5880.1
191,5880.1
65,5880.3
131,5880.5
349,5880.6
232,5880.8
190,5880.8
365,5880.9
179,5881.1
126,5881.2
350,5881.9
113,5881.9
300,5882.0
211,5882.1
272,5882.1
34,5882.2
321,5882.2
176,5882.4
68,5882.4
219,5882.5
95,5882.5
52,5882.5
323,5882.5
134,5882.5
91,5882.6
39,5882.6
246,5882.8
105,5882.8
368,5882.9
32,5883.0
275,5883.0
315,5883.1
180,5883.1
215,5883.2
62,5883.2
216,5883.3
17,5883.3
248,5883.5
331,5883.5
26,5883.6
88,5883.6
329,5883.7
261,5883.7
311,5884.1
122,5884.1
60,5884.2
226,5884.2
4,5884.4
306,5884.5
157,5884.6
295,5884.8
171,5884.9
308,5885.0
161,5885.1
346,5885.5
103,5885.6
166,5885.6
14,5885.8
267,6264.9
246,6265.1
361,6265.3
229,6265.4
235,6265.5
159,6265.7
65,6265.8
352,6265.8
245,6265.8
248,6265.9
63,6266.0
297,6266.3
338,6266.4
349,6266.4
145,6266.6
4,6267.2
113,6267.3
203,6267.3
300,6267.3
211,6267.4
272,6267.4
350,6267.4
34,6267.6
369,6267.7
321,6267.7
323,6267.7
52,6267.8
68,6267.8
162,6268.0
215,6268.0
214,6268.0
105,6268.1
62,6268.2
140,6268.3
331,6268.3
17,6268.3
261,6268.3
365,6268.4
32,6268.4
216,6268.4
180,6268.5
111,6268.7
185,6268.8
31,6269.0
311,6269.1
195,6269.1
191,6269.2
190,6269.3
128,6269.4
164,6269.5
306,6269.5
329,6269.5
308,6269.6
157,6269.8
295,6269.9
161,6270.0
166,6270.2
103,6270.3
122,6270.3
346,6270.4
14,6270.5
357,6270.6
171,6270.9
267,6344.0
246,6344.3
361,6344.6
229,6344.6
159,6344.7
235,6344.8
248,6345.0
65,6345.0
349,6345.2
297,6345.5
352,6345.6
245,6345.7
63,6345.8
4,6346.3
338,6346.3
350,6346.5
145,6346.6
113,6346.6
300,6346.6
211,6346.7
369,6346.9
323,6347.0
368,6347.2
68,6347.2
203,6347.3
272,6347.3
52,6347.3
34,6347.4
315,6347.4
321,6347.4
109,6347.5
105,6347.6
365,6347.7
17,6347.7
126,6347.7
62,6347.7
363,6347.7
215,6347.7
216,6347.8
331,6347.8
261,6347.8
26,6347.9
140,6347.9
162,6348.0
214,6348.1
206,6348.2
32,6348.3
180,6348.3
111,6348.5
120,6348.6
191,6348.6
311,6348.7
303,6348.7
190,6348.7
60,6348.7
31,6348.8
128,6348.8
306,6349.0
308,6349.1
329,6349.2
157,6349.4
295,6349.5
161,6349.6
166,6349.6
103,6349.8
346,6349.9
14,6350.0
122,6350.1
171,6350.6
267,6424.2
246,6424.5
229,6424.7
361,6424.7
235,6424.9
159,6425.0
65,6425.1
248,6425.2
349,6425.4
297,6425.8
352,6426.0
63,6426.2
245,6426.3
4,6426.5
300,6426.8
113,6426.8
350,6426.8
338,6426.9
211,6426.9
369,6427.1
145,6427.2
323,6427.3
68,6427.4
52,6427.5
321,6427.7
272,6427.8
34,6427.9
105,6427.9
62,6428.0
365,6428.0
17,6428.0
185,6428.0
331,6428.0
216,6428.1
261,6428.1
203,6428.1
195,6428.1
215,6428.3
162,6428.4
140,6428.6
214,6428.7
32,6429.0
180,6429.0
191,6429.0
164,6429.0
306,6429.2
190,6429.3
128,6429.3
126,6429.3
311,6429.3
357,6429.4
157,6429.6
308,6429.6
295,6429.7
161,6430.0
166,6430.0
103,6430.1
346,6430.3
14,6430.3
267,6504.3
246,6504.6
229,6504.9
361,6504.9
235,6505.1
159,6505.1
65,6505.3
248,6505.4
349,6505.7
297,6506.1
352,6506.4
63,6506.7
4,6506.8
350,6506.9
245,6506.9
113,6507.0
300,6507.0
211,6507.1
369,6507.3
338,6507.4
323,6507.5
68,6507.7
52,6507.8
368,6507.9
111,6508.1
321,6508.1
145,6508.1
315,6508.2
105,6508.2
365,6508.3
17,6508.3
31,6508.3
62,6508.3
331,6508.4
216,6508.4
34,6508.5
261,6508.5
272,6508.5
26,6508.6
329,6508.7
215,6508.9
203,6508.9
303,6509.1
162,6509.1
122,6509.4
191,6509.4
306,6509.4
311,6509.7
190,6509.8
128,6509.9
157,6509.9
308,6510.0
171,6510.1
295,6510.3
166,6510.5
161,6510.6
103,6510.7
14,6510.8
267,6889.9
115,6890.3
361,6890.4
235,6890.6
26,6890.6
374,6890.7
72,6891.0
316,6891.0
248,6891.0
311,6891.1
128,6891.4
349,6891.5
29,6891.6
229,6891.6
297,6891.7
184,6891.9
352,6892.0
161,6892.1
143,6892.1
313,6892.2
63,6892.2
4,6892.3
300,6892.3
246,6892.3
245,6892.3
27,6892.4
211,6892.4
33,6892.6
369,6892.6
338,6892.9
52,6892.9
68,6892.9
272,6893.0
215,6893.2
331,6893.2
62,6893.2
34,6893.2
185,6893.2
321,6893.2
105,6893.3
159,6893.4
21,6893.4
145,6893.6
191,6894.0
180,6894.0
111,6894.1
190,6894.1
126,6894.1
203,6894.3
329,6894.6
214,6894.6
162,6894.7
157,6895.0
295,6895.1
350,6895.1
166,6895.2
103,6895.3
346,6895.3
14,6895.6
171,6895.9
267,6969.0
361,6969.7
235,6969.8
115,6970.0
26,6970.0
248,6970.1
349,6970.2
311,6970.3
374,6970.5
72,6970.6
128,6970.6
297,6970.8
229,6971.0
316,6971.1
161,6971.3
29,6971.3
184,6971.5
4,6971.5
352,6971.6
300,6971.6
211,6971.7
143,6971.8
246,6971.8
369,6971.8
63,6971.9
227,6972.0
245,6972.1
68,6972.3
52,6972.4
315,6972.5
121,6972.5
313,6972.6
159,6972.6
338,6972.7
363,6972.7
331,6972.7
62,6972.7
27,6972.8
321,6972.8
105,6972.8
272,6972.9
34,6972.9
215,6972.9
185,6973.1
191,6973.4
65,6973.4
21,6973.5
145,6973.5
60,6973.5
120,6973.5
190,6973.6
180,6973.8
126,6973.8
303,6973.9
122,6974.0
203,6974.2
329,6974.3
157,6974.5
350,6974.5
162,6974.5
295,6974.6
166,6974.7
103,6974.8
346,6974.8
14,6974.9
171,6975.6
267,7049.1
361,7049.8
235,7049.9
248,7050.2
26,7050.3
115,7050.4
349,7050.4
311,7050.6
128,7050.8
374,7050.9
297,7051.0
229,7051.1
72,7051.2
161,7051.5
29,7051.7
300,7051.7
4,7051.7
316,7051.8
352,7051.9
211,7051.9
184,7051.9
246,7052.0
369,7052.0
33,7052.3
63,7052.3
68,7052.5
143,7052.5
245,7052.6
52,7052.6
111,7052.7
159,7052.8
62,7052.9
105,7053.0
331,7053.0
338,7053.1
321,7053.1
195,7053.3
34,7053.4
215,7053.4
272,7053.4
214,7053.7
191,7053.8
190,7054.1
350,7054.6
157,7054.7
295,7054.8
166,7055.0
162,7055.1
103,7055.1
346,7055.2
14,7055.2
267,7129.3
361,7130.0
235,7130.1
248,7130.5
26,7130.5
349,7130.7
115,7130.8
311,7130.8
128,7131.0
297,7131.3
229,7131.3
374,7131.4
72,7131.7
161,7131.8
300,7132.0
4,7132.0
211,7132.1
29,7132.2
352,7132.2
246,7132.2
369,7132.2
184,7132.3
63,7132.7
313,7132.8
316,7132.8
68,7132.8
52,7132.9
185,7132.9
143,7133.0
159,7133.0
145,7133.1
315,7133.2
245,7133.2
126,7133.3
62,7133.3
105,7133.3
331,7133.3
180,7133.4
321,7133.4
338,7133.7
21,7133.7
329,7133.7
65,7133.8
203,7134.0
60,7134.2
122,7134.2
191,7134.2
303,7134.5
190,7134.6
350,7134.9
171,7135.0
157,7135.1
295,7135.4
14,7135.7
103,7135.7
346,7135.8
66,7514.9
300,7515.0
112,7515.4
361,7515.4
48,7515.7
294,7515.7
338,7515.8
248,7516.0
336,7516.0
26,7516.0
61,7516.1
115,7516.2
147,7516.2
263,7516.2
267,7516.2
311,7516.3
349,7516.5
128,7516.5
229,7516.5
297,7516.8
194,7517.2
161,7517.2
246,7517.3
211,7517.4
72,7517.4
4,7517.4
29,7517.5
352,7517.5
369,7517.6
198,7517.7
216,7517.7
184,7517.7
240,7517.7
63,7517.8
68,7517.9
215,7518.0
52,7518.0
245,7518.0
272,7518.1
34,7518.1
62,7518.2
105,7518.3
159,7518.3
160,7518.3
321,7518.4
143,7518.5
111,7518.7
185,7518.8
126,7519.1
180,7519.2
235,7519.4
350,7519.9
166,7519.9
157,7520.0
162,7520.1
295,7520.2
103,7520.3
346,7520.5
14,7520.6
171,7521.0
300,7594.1
66,7594.6
361,7594.7
112,7595.1
248,7595.1
349,7595.2
338,7595.2
26,7595.3
294,7595.4
267,7595.4
311,7595.5
128,7595.7
48,7595.7
115,7595.8
229,7595.9
61,7595.9
297,7595.9
336,7596.0
263,7596.2
161,7596.4
147,7596.4
316,7596.5
4,7596.6
211,7596.7
246,7596.7
369,7596.8
72,7597.0
352,7597.0
29,7597.1
184,7597.2
145,7597.2
194,7597.2
68,7597.3
27,7597.4
216,7597.4
63,7597.4
52,7597.4
315,7597.5
159,7597.5
65,7597.6
245,7597.7
62,7597.7
215,7597.7
34,7597.8
105,7597.8
240,7597.8
313,7597.8
198,7597.9
272,7597.9
321,7597.9
143,7598.2
203,7598.2
120,7598.4
111,7598.5
21,7598.6
113,7598.7
60,7598.8
122,7598.8
126,7598.8
235,7598.9
180,7598.9
303,7598.9
350,7599.4
166,7599.5
157,7599.6
295,7599.7
103,7599.8
162,7599.9
14,7599.9
346,7600.0
171,7600.6
300,7674.2
361,7674.8
66,7675.0
338,7675.4
349,7675.4
248,7675.4
267,7675.6
26,7675.6
112,7675.7
311,7675.8
294,7675.8
128,7675.9
229,7676.1
115,7676.2
297,7676.2
48,7676.3
61,7676.4
336,7676.5
161,7676.6
4,7676.8
246,7676.9
263,7677.0
369,7677.0
211,7677.0
72,7677.2
147,7677.3
352,7677.3
29,7677.4
194,7677.4
68,7677.5
184,7677.6
185,7677.7
52,7677.7
63,7677.7
159,7677.8
216,7677.9
160,7677.9
105,7678.0
62,7678.0
215,7678.3
321,7678.3
245,7678.3
272,7678.4
214,7678.4
34,7678.4
195,7678.6
143,7678.8
235,7679.3
350,7679.6
157,7679.8
166,7679.9
295,7680.0
103,7680.2
14,7680.2
346,7680.4
300,7754.4
361,7755.0
66,7755.4
248,7755.5
338,7755.5
349,7755.7
267,7755.7
26,7755.8
311,7756.0
128,7756.1
112,7756.1
294,7756.2
229,7756.3
115,7756.4
297,7756.4
61,7756.8
161,7756.9
48,7756.9
4,7757.0
211,7757.1
336,7757.1
246,7757.1
369,7757.2
316,7757.3
72,7757.5
352,7757.5
263,7757.7
29,7757.8
68,7757.8
52,7757.9
184,7757.9
145,7757.9
240,7757.9
194,7758.0
159,7758.0
63,7758.1
111,7758.2
315,7758.2
65,7758.2
126,7758.3
105,7758.3
216,7758.4
62,7758.4
180,7758.5
321,7758.6
203,7758.8
122,7759.0
34,7759.0
215,7759.0
164,7759.0
162,7759.3
303,7759.5
143,7759.5
235,7759.8
350,7759.9
171,7760.0
157,7760.1
166,7760.3
295,7760.5
103,7760.7
14,7760.8
346,7761.0
230,8139.3
37,8140.1
300,8140.1
338,8140.9
143,8140.9
248,8141.0
139,8141.3
128,8141.5
349,8141.5
379,8141.7
78,8141.8
294,8141.8
297,8141.9
112,8141.9
81,8142.0
246,8142.2
161,8142.2
61,8142.3
4,8142.4
48,8142.4
329,8142.6
369,8142.6
352,8142.7
72,8142.9
29,8142.9
52,8143.0
63,8143.0
68,8143.0
184,8143.1
159,8143.2
62,8143.2
147,8143.4
105,8143.4
216,8143.5
321,8143.5
194,8143.6
185,8143.8
65,8144.1
235,8144.3
180,8144.3
311,8144.4
203,8144.8
350,8144.9
157,8145.0
295,8145.2
122,8145.2
162,8145.2
166,8145.2
103,8145.3
346,8145.5
14,8145.6
171,8146.0
230,8219.1
300,8219.2
37,8220.0
248,8220.1
349,8220.2
338,8220.3
143,8220.3
128,8220.7
297,8221.0
139,8221.0
134,8221.3
294,8221.3
112,8221.3
161,8221.5
4,8221.6
246,8221.7
369,8221.8
379,8221.8
81,8221.9
61,8221.9
78,8221.9
352,8222.1
48,8222.2
145,8222.2
329,8222.2
284,8222.3
68,8222.3
198,8222.4
29,8222.4
72,8222.4
159,8222.5
52,8222.5
63,8222.5
33,8222.6
184,8222.6
240,8222.7
62,8222.7
313,8222.7
105,8222.8
229,8222.9
216,8223.0
321,8223.0
160,8223.1
194,8223.3
120,8223.3
26,8223.4
113,8223.4
60,8223.5
214,8223.5
361,8223.5
267,8223.5
21,8223.5
185,8223.7
235,8223.7
311,8223.9
303,8224.0
65,8224.0
180,8224.0
211,8224.2
350,8224.4
157,8224.6
166,8224.6
295,8224.7
203,8224.7
103,8224.8
14,8224.9
346,8225.1
162,8225.1
171,8225.6
300,8299.3
230,8299.6
248,8300.3
349,8300.4
143,8300.5
338,8300.5
37,8300.5
128,8301.0
297,8301.2
139,8301.5
294,8301.6
112,8301.6
161,8301.7
4,8301.8
246,8301.9
369,8302.0
61,8302.3
352,8302.4
147,8302.4
72,8302.5
81,8302.5
68,8302.5
379,8302.5
78,8302.6
48,8302.6
329,8302.7
52,8302.7
29,8302.7
159,8302.7
63,8302.8
62,8302.9
27,8302.9
184,8302.9
105,8303.0
321,8303.3
195,8303.4
194,8303.6
216,8303.6
122,8303.9
311,8304.2
235,8304.2
350,8304.5
157,8304.8
267,8304.9
166,8305.0
295,8305.1
103,8305.1
14,8305.2
346,8305.4
300,8379.4
230,8380.0
248,8380.5
349,8380.7
338,8380.7
143,8380.8
37,8381.0
128,8381.1
297,8381.4
294,8381.9
139,8381.9
112,8381.9
161,8381.9
4,8382.0
246,8382.1
369,8382.2
352,8382.6
61,8382.8
145,8382.8
68,8382.8
72,8382.8
159,8383.0
52,8383.0
81,8383.1
29,8383.1
184,8383.2
329,8383.2
63,8383.2
185,8383.3
229,8383.4
379,8383.4
48,8383.4
62,8383.4
105,8383.4
180,8383.6
321,8383.6
65,8383.7
214,8383.8
26,8383.9
216,8384.1
194,8384.2
203,8384.3
60,8384.4
162,8384.5
113,8384.5
303,8384.6
235,8384.6
311,8384.7
350,8384.8
171,8385.1
157,8385.1
295,8385.5
166,8385.5
103,8385.8
14,8385.9
329,8765.4
230,8765.5
352,8765.9
338,8766.0
143,8766.1
70,8766.1
369,8766.2
8,8766.2
364,8766.3
300,8766.4
37,8766.5
349,8766.5
105,8766.5
316,8766.6
115,8766.6
54,8766.7
171,8766.8
297,8766.9
294,8767.2
246,8767.2
161,8767.3
139,8767.4
112,8767.4
174,8767.4
4,8767.4
72,8768.0
52,8768.0
63,8768.1
48,8768.2
184,8768.2
367,8768.4
379,8768.7
81,8768.7
120,8768.7
145,8769.1
361,8769.3
194,8769.3
311,8769.3
308,8769.5
350,8769.9
157,8770.0
295,8770.2
346,8770.3
162,8770.4
248,8770.4
14,8770.6
329,8844.6
230,8845.2
349,8845.2
352,8845.2
369,8845.2
338,8845.4
70,8845.4
105,8845.5
143,8845.5
300,8845.6
171,8845.8
8,8845.9
364,8846.0
297,8846.0
115,8846.1
316,8846.1
37,8846.2
54,8846.2
161,8846.5
294,8846.6
246,8846.7
4,8846.7
112,8846.8
134,8846.9
139,8847.0
147,8847.0
174,8847.0
185,8847.3
72,8847.5
52,8847.5
63,8847.6
184,8847.6
48,8847.7
61,8847.7
313,8847.8
264,8847.8
26,8847.9
66,8848.1
203,8848.2
367,8848.2
120,8848.3
81,8848.4
21,8848.5
379,8848.7
60,8848.7
311,8848.8
194,8848.9
361,8849.2
350,8849.4
157,8849.6
308,8849.7
248,8849.7
295,8849.7
14,8849.9
346,8849.9
162,8850.1
329,8924.9
369,8925.3
352,8925.3
349,8925.4
230,8925.5
338,8925.5
300,8925.7
143,8925.7
105,8925.7
70,8925.9
171,8926.1
297,8926.2
8,8926.3
115,8926.5
316,8926.5
37,8926.6
364,8926.6
54,8926.7
161,8926.7
4,8926.8
294,8926.8
246,8926.9
112,8926.9
139,8927.3
174,8927.5
72,8927.6
52,8927.7
63,8927.8
145,8927.8
184,8928.0
48,8928.4
195,8928.4
214,8928.4
367,8928.6
120,8928.9
164,8928.9
81,8929.0
311,8929.1
61,8929.2
194,8929.2
350,8929.5
157,8929.7
248,8929.9
295,8929.9
14,8930.3
346,8930.3
329,9005.1
369,9005.5
352,9005.5
349,9005.7
338,9005.7
230,9005.8
143,9005.9
300,9005.9
105,9005.9
171,9006.3
297,9006.4
70,9006.4
115,9006.8
8,9006.8
161,9006.9
316,9006.9
4,9007.0
37,9007.0
364,9007.1
294,9007.1
54,9007.1
246,9007.1
112,9007.2
139,9007.7
72,9007.9
185,9007.9
52,9008.0
174,9008.0
379,9008.2
63,9008.2
184,9008.2
26,9008.4
361,9008.7
203,9008.9
367,9009.2
162,9009.4
311,9009.6
120,9009.6
350,9009.8
157,9010.1
295,9010.4
14,9010.7
346,9010.9
352,9389.5
73,9389.9
8,9390.1
55,9390.5
66,9390.6
329,9390.8
22,9390.9
347,9390.9
338,9391.0
230,9391.0
173,9391.1
161,9391.1
143,9391.2
369,9391.3
148,9391.3
214,9391.4
300,9391.4
120,9391.6
105,9391.6
127,9391.6
99,9391.7
108,9391.7
168,9391.8
12,9391.8
213,9392.0
37,9392.1
246,9392.2
115,9392.3
65,9392.3
316,9392.4
109,9392.5
151,9392.5
204,9392.8
364,9392.8
139,9392.9
52,9393.0
63,9393.1
48,9393.1
184,9393.2
157,9393.4
113,9393.5
158,9393.6
174,9393.6
185,9393.9
81,9394.1
311,9394.3
61,9394.3
70,9394.3
349,9394.3
162,9394.3
361,9394.5
26,9394.6
203,9394.9
352,9468.6
8,9469.3
73,9469.6
329,9469.9
66,9470.1
369,9470.2
161,9470.3
55,9470.4
338,9470.4
143,9470.5
347,9470.5
230,9470.5
105,9470.6
300,9470.6
120,9470.8
173,9470.9
22,9471.0
214,9471.0
148,9471.2
127,9471.3
337,9471.4
108,9471.7
246,9471.7
37,9471.7
115,9471.7
316,9471.8
15,9471.8
12,9471.9
147,9471.9
99,9472.1
145,9472.1
65,9472.2
379,9472.3
364,9472.3
168,9472.3
139,9472.4
151,9472.5
52,9472.5
109,9472.5
33,9472.6
63,9472.6
160,9472.7
48,9472.7
213,9472.7
313,9472.7
184,9472.7
204,9472.8
157,9472.8
164,9472.8
174,9473.1
14,9473.2
128,9473.2
346,9473.5
349,9473.5
113,9473.5
21,9473.5
60,9473.5
81,9473.7
311,9473.8
162,9473.8
185,9473.8
297,9473.9
158,9473.9
61,9473.9
70,9473.9
26,9474.2
171,9474.6
352,9548.7
8,9549.6
329,9550.1
73,9550.1
369,9550.4
338,9550.5
161,9550.5
66,9550.5
143,9550.7
300,9550.7
230,9550.8
105,9550.9
55,9551.0
347,9551.1
120,9551.1
173,9551.4
214,9551.4
148,9551.8
127,9551.9
246,9551.9
37,9552.0
22,9552.0
115,9552.0
316,9552.2
108,9552.4
139,9552.6
364,9552.7
52,9552.7
12,9552.8
65,9552.9
63,9552.9
184,9553.0
157,9553.1
151,9553.2
361,9553.2
48,9553.4
174,9553.5
109,9553.7
203,9553.7
349,9553.8
311,9554.1
70,9554.7
352,9628.9
8,9629.8
329,9630.3
73,9630.4
369,9630.6
338,9630.7
161,9630.7
66,9630.8
143,9630.9
300,9630.9
105,9631.0
230,9631.1
120,9631.3
347,9631.5
55,9631.6
214,9631.7
173,9631.8
246,9632.1
115,9632.2
99,9632.3
37,9632.4
148,9632.4
127,9632.4
316,9632.5
168,9632.6
145,9632.7
52,9633.0
379,9633.0
139,9633.0
364,9633.1
204,9633.2
108,9633.2
63,9633.2
162,9633.3
185,9633.3
184,9633.3
157,9633.3
61,9633.4
81,9633.4
14,9633.5
113,9633.5
26,9633.7
174,9633.9
151,9634.0
158,9634.0
349,9634.1
346,9634.2
60,9634.2
297,9634.4
311,9634.5
70,9635.3
