7,90.5
5,90.8
0,91.6
6,102.2
2,102.8
3,102.9
1,103.1
5,103.9
7,103.9
0,105.0
3,113.0
6,113.6
2,114.6
7,115.1
5,116.9
7,170.2
5,170.4
0,171.0
6,181.9
2,182.5
1,182.6
3,182.8
5,183.2
7,183.3
0,183.5
2,192.9
6,193.4
3,193.7
7,194.2
5,195.8
0,196.4
7,250.0
5,250.2
0,250.7
6,262.1
1,262.9
2,263.0
3,263.1
5,263.2
7,263.4
0,264.1
6,273.3
3,273.6
5,275.7
2,275.9
7,276.6
7,635.2
5,635.5
0,635.9
6,647.7
2,648.0
3,648.3
1,648.5
5,648.6
7,648.7
0,649.2
4,652.0
3,659.0
7,659.3
6,659.5
2,659.7
5,660.8
0,661.9
7,714.8
5,715.1
0,715.5
6,727.0
2,727.5
3,728.0
5,728.1
1,728.1
7,728.2
0,728.5
4,729.1
2,737.6
6,738.3
3,738.7
7,739.2
5,740.7
0,741.0
7,794.7
5,795.0
0,795.3
6,801.8
5,808.2
3,808.3
7,808.3
1,808.4
2,808.4
0,808.5
6,810.7
3,820.2
0,820.4
5,820.5
2,821.3
7,821.5
6,822.5
7,874.6
5,874.9
0,875.1
6,880.1
3,883.9
5,888.3
7,888.5
2,888.6
1,888.7
0,889.2
6,890.8
3,892.3
7,899.1
3,903.8
2,905.5
5,906.6
6,908.0
7,1259.8
5,1260.2
0,1260.4
3,1272.0
6,1272.9
2,1273.1
5,1273.4
7,1273.6
1,1273.9
0,1274.0
3,1281.8
6,1284.1
5,1284.9
2,1285.3
7,1286.7
7,1339.5
5,1339.8
0,1340.0
6,1344.6
3,1349.0
2,1352.7
5,1352.8
7,1353.1
0,1353.2
1,1353.2
6,1354.7
3,1357.5
2,1363.0
5,1363.4
7,1363.6
0,1365.3
6,1366.9
3,1369.2
7,1419.4
5,1419.8
0,1419.9
2,1424.1
6,1424.4
3,1426.6
7,1431.9
5,1433.0
1,1433.4
0,1433.9
6,1435.0
2,1436.1
3,1436.3
4,1437.1
7,1442.4
5,1445.0
6,1447.1
3,1449.5
7,1499.3
5,1499.7
0,1499.9
2,1503.8
6,1504.0
3,1506.5
7,1511.7
5,1513.1
0,1513.7
1,1513.9
6,1516.3
3,1516.6
4,1516.7
2,1518.6
7,1521.2
5,1525.4
0,1525.7
3,1529.8
6,1534.5
7,1884.5
5,1884.9
0,1885.0
6,1890.2
3,1894.7
5,1898.2
2,1898.4
7,1898.5
0,1898.8
1,1898.9
6,1900.3
3,1903.3
7,1909.2
5,1910.4
2,1911.3
6,1913.0
3,1915.5
7,1964.3
5,1964.6
0,1964.8
6,1967.7
3,1967.9
2,1969.0
7,1976.3
5,1977.8
0,1977.9
1,1978.4
4,1978.9
2,1979.6
6,1979.7
3,1980.2
7,1987.2
0,1987.8
5,1989.1
2,1990.9
3,1991.9
6,1992.4
7,2044.2
5,2044.6
0,2044.7
3,2047.4
6,2047.6
2,2048.3
7,2056.3
5,2057.8
1,2058.7
0,2058.7
6,2059.9
3,2060.7
2,2060.9
4,2061.6
7,2065.6
5,2069.0
6,2072.1
0,2072.2
2,2080.0
7,2124.2
5,2124.5
0,2124.6
6,2127.2
3,2127.3
2,2127.8
7,2136.1
5,2137.9
0,2138.6
1,2139.1
6,2140.4
3,2140.8
4,2141.7
2,2142.7
7,2146.5
0,2149.9
5,2149.9
6,2160.5
7,2509.4
5,2509.8
0,2509.9
6,2512.6
3,2512.9
2,2514.0
7,2521.6
5,2523.0
0,2523.7
1,2523.9
6,2525.0
3,2525.4
2,2526.3
7,2530.9
5,2535.2
3,2537.0
6,2537.7
7,2589.1
5,2589.5
0,2589.6
6,2591.7
3,2592.0
2,2593.0
7,2600.6
5,2602.5
0,2602.9
1,2603.5
4,2603.8
2,2604.3
6,2604.4
3,2605.0
7,2610.6
5,2612.8
0,2613.1
2,2615.3
6,2616.5
3,2616.7
7,2669.1
5,2669.5
0,2669.6
6,2671.7
3,2672.0
2,2672.4
7,2680.6
5,2681.7
0,2683.5
1,2683.8
6,2684.6
2,2685.5
3,2685.5
4,2686.3
7,2689.5
5,2692.0
6,2696.5
2,2702.1
7,2749.1
5,2749.4
0,2749.5
6,2751.5
3,2751.9
2,2752.4
1,2755.5
7,2760.5
5,2761.7
0,2763.5
6,2765.2
3,2765.7
2,2767.4
7,2770.4
1,2770.8
5,2772.8
0,2775.1
6,2781.9
7,3133.4
0,3133.6
5,3133.7
6,3134.7
3,3135.0
2,3135.0
1,3135.2
7,3141.5
5,3141.9
0,3144.4
3,3147.6
6,3148.9
7,3149.7
5,3149.8
2,3150.0
1,3151.8
0,3156.6
3,3159.6
7,3161.0
5,3162.3
7,3213.2
5,3213.5
0,3213.5
6,3214.5
2,3214.7
3,3214.8
1,3215.0
7,3221.2
5,3221.5
0,3224.4
3,3227.6
6,3228.8
2,3228.9
7,3229.1
5,3229.3
1,3232.1
0,3234.8
3,3239.4
7,3239.6
5,3240.5
7,3293.2
0,3293.4
5,3293.5
6,3294.5
2,3294.7
3,3294.8
1,3295.0
7,3301.1
5,3301.5
0,3304.1
7,3308.8
6,3308.9
5,3309.1
3,3309.3
2,3310.1
1,3311.6
0,3315.8
7,3319.6
5,3320.4
7,3373.2
0,3373.4
5,3373.5
6,3374.5
2,3374.7
3,3374.8
1,3375.0
7,3381.1
5,3381.5
0,3384.2
7,3389.1
5,3389.1
6,3389.3
3,3389.6
2,3391.1
1,3391.7
0,3394.4
7,3399.7
5,3401.4
0,3758.6
5,3758.7
7,3758.7
6,3759.0
2,3760.0
1,3760.2
5,3766.9
0,3769.3
7,3770.0
6,3770.5
2,3774.0
5,3774.3
3,3775.2
1,3778.3
7,3780.4
6,3780.4
0,3781.7
5,3784.9
5,3838.5
0,3838.5
7,3838.5
6,3838.8
2,3839.8
1,3840.0
5,3846.6
0,3849.4
7,3849.7
6,3850.1
2,3853.1
3,3853.3
5,3853.8
4,3854.2
1,3858.8
0,3859.2
6,3859.9
7,3860.2
5,3863.4
2,3865.9
0,3918.4
5,3918.5
7,3918.5
6,3918.8
2,3919.7
1,3920.0
5,3926.5
0,3929.1
7,3929.7
6,3930.1
5,3933.5
2,3934.0
3,3934.6
1,3938.2
6,3939.7
7,3939.8
0,3940.6
5,3942.6
0,3998.4
7,3998.5
5,3998.5
6,3998.8
2,3999.7
1,4000.0
5,4006.5
0,4009.2
7,4009.7
6,4010.1
5,4013.6
3,4014.0
2,4014.4
1,4018.3
0,4019.4
7,4021.0
6,4021.6
5,4022.7
0,4383.6
7,4383.7
5,4384.2
1,4384.3
2,4385.0
3,4385.6
6,4386.4
5,4393.1
0,4394.3
7,4395.0
1,4396.7
2,4399.0
3,4400.3
6,4401.6
5,4401.8
4,4404.1
7,4405.2
0,4463.5
7,4463.5
5,4464.0
1,4464.1
2,4464.7
3,4465.3
6,4466.0
5,4472.8
0,4474.3
7,4474.6
1,4476.7
2,4478.3
3,4479.3
5,4481.6
6,4482.3
0,4485.5
7,4486.5
0,4543.4
7,4543.5
5,4544.0
1,4544.1
2,4544.8
3,4545.3
6,4545.8
5,4552.7
0,4554.1
7,4554.7
1,4556.7
2,4558.9
3,4560.2
4,4560.6
5,4561.1
6,4561.1
0,4564.9
7,4565.1
0,4623.4
7,4623.5
5,4624.0
1,4624.1
2,4624.7
3,4625.4
6,4626.0
5,4632.7
0,4634.1
7,4634.7
1,4636.7
3,4639.4
2,4639.6
5,4640.9
6,4642.2
0,4644.6
7,4646.1
0,5008.4
7,5008.7
5,5009.2
1,5009.3
2,5010.0
3,5010.6
6,5011.5
0,5016.7
5,5018.1
7,5020.1
1,5021.9
2,5024.2
0,5025.8
3,5026.7
6,5027.3
5,5029.0
7,5031.7
0,5088.2
7,5088.5
5,5089.0
1,5089.1
2,5089.7
3,5090.4
6,5090.9
0,5096.2
5,5097.9
7,5099.8
1,5101.7
2,5103.4
0,5104.7
3,5105.1
6,5106.7
5,5108.1
7,5110.5
0,5168.2
7,5168.5
5,5169.0
1,5169.1
2,5169.7
3,5170.3
6,5171.0
0,5176.2
5,5177.8
7,5179.7
1,5181.5
2,5184.0
0,5185.1
3,5187.0
6,5187.1
5,5188.9
7,5191.1
0,5248.2
7,5248.5
5,5249.0
1,5249.1
2,5249.7
3,5250.4
6,5250.8
0,5256.2
5,5257.8
7,5259.7
1,5261.7
2,5264.9
3,5265.1
0,5265.2
6,5267.7
7,5270.0
5,5270.1
0,5633.4
5,5634.2
7,5634.3
1,5634.3
2,5635.0
3,5635.6
6,5636.5
0,5641.7
5,5643.1
1,5647.9
7,5648.1
2,5649.1
0,5650.4
3,5650.7
6,5651.1
5,5651.8
7,5660.6
0,5713.2
5,5714.0
1,5714.1
7,5714.1
2,5714.7
3,5715.4
6,5715.8
0,5721.2
5,5722.8
1,5726.3
7,5726.4
2,5728.2
3,5729.4
0,5729.7
6,5730.5
5,5731.1
1,5737.4
7,5738.4
0,5793.2
5,5794.0
1,5794.1
7,5794.1
2,5794.7
3,5795.4
6,5795.9
0,5801.2
5,5802.7
7,5806.3
1,5806.4
2,5808.8
0,5809.5
6,5810.0
5,5810.9
3,5812.2
1,5818.1
7,5824.2
0,5873.2
5,5874.0
7,5874.1
1,5874.1
2,5874.7
3,5875.4
6,5875.8
0,5881.2
5,5882.7
1,5886.5
7,5887.4
0,5889.6
2,5889.6
3,5890.2
5,5891.3
6,5894.1
0,6258.9
5,6259.2
7,6259.3
1,6259.6
2,6260.0
3,6260.6
6,6261.5
5,6268.2
0,6269.2
7,6271.9
1,6272.7
2,6273.8
3,6275.7
6,6276.4
5,6276.8
1,6285.2
7,6290.7
0,6338.7
5,6339.0
7,6339.1
1,6339.3
2,6339.8
3,6340.5
6,6340.8
5,6347.7
0,6348.7
7,6350.7
1,6352.5
2,6353.3
3,6354.2
5,6355.6
6,6355.7
0,6361.1
7,6361.3
5,6367.7
1,6372.6
0,6418.7
5,6419.0
7,6419.1
1,6419.2
2,6419.7
3,6420.4
6,6420.9
5,6427.6
0,6428.8
7,6430.7
1,6432.6
2,6433.8
3,6435.5
5,6435.7
6,6435.9
1,6445.7
7,6448.0
5,6448.8
0,6498.7
5,6499.0
7,6499.1
1,6499.3
2,6499.7
3,6500.3
6,6500.9
5,6507.6
0,6508.8
7,6510.8
1,6512.9
3,6514.6
2,6514.7
5,6516.1
6,6517.6
7,6523.0
0,6883.5
5,6883.9
7,6884.3
1,6884.6
3,6885.6
6,6886.5
5,6892.2
0,6892.5
2,6897.4
1,6897.8
7,6898.3
5,6899.2
6,6901.5
0,6903.9
5,6906.7
2,6910.3
5,6919.8
0,6963.3
5,6963.8
7,6964.1
1,6964.4
3,6965.4
6,6966.0
5,6971.7
0,6972.0
7,6975.9
2,6977.1
1,6977.7
5,6978.6
6,6979.6
3,6981.2
0,6981.2
5,6986.2
1,6989.6
5,6999.2
0,7043.3
5,7043.7
7,7044.0
1,7044.3
3,7045.4
6,7045.8
5,7051.6
0,7052.0
7,7055.9
2,7057.2
1,7058.2
5,7058.5
6,7061.9
0,7062.8
5,7065.8
5,7078.1
0,7123.3
5,7123.7
7,7124.0
1,7124.3
3,7125.4
6,7125.8
5,7131.6
0,7132.0
7,7136.0
2,7138.1
5,7138.7
1,7138.8
6,7141.0
3,7141.2
0,7143.0
5,7147.0
7,7148.8
5,7508.6
7,7509.3
0,7509.5
1,7509.6
3,7510.6
6,7511.4
5,7516.2
1,7520.9
7,7522.3
5,7522.6
2,7522.8
0,7524.0
3,7525.1
4,7525.1
6,7525.6
5,7529.0
1,7529.2
5,7536.3
1,7541.0
5,7588.4
7,7589.0
0,7589.3
1,7589.3
3,7590.4
6,7590.8
5,7595.8
1,7600.3
7,7600.8
5,7602.1
2,7602.7
0,7603.2
3,7603.9
6,7604.6
5,7608.3
1,7608.6
7,7611.8
5,7615.1
1,7619.9
5,7625.3
5,7668.3
7,7669.0
1,7669.2
0,7669.3
3,7670.4
6,7670.8
5,7675.7
1,7680.6
7,7680.7
5,7682.1
2,7682.5
0,7683.5
3,7685.0
6,7685.8
5,7688.5
1,7689.1
5,7695.6
1,7701.1
5,7707.8
5,7748.3
7,7749.0
1,7749.2
0,7749.3
3,7750.4
6,7750.9
5,7755.7
7,7760.8
1,7761.2
5,7762.2
2,7763.3
0,7763.9
3,7764.4
6,7766.3
5,7768.7
1,7770.5
5,7776.5
2,7780.0
5,8133.5
7,8133.8
0,8134.5
1,8134.6
3,8135.6
6,8136.3
4,8136.7
5,8142.2
7,8144.7
1,8146.3
0,8148.2
2,8148.9
5,8149.2
6,8149.4
3,8150.4
4,8153.9
1,8155.2
5,8156.5
5,8168.0
5,8213.3
7,8213.6
0,8214.3
1,8214.3
3,8215.5
6,8215.8
4,8216.2
5,8221.7
7,8223.8
1,8226.1
2,8227.8
0,8227.9
5,8228.6
6,8228.9
3,8229.8
1,8233.8
5,8235.6
7,8237.1
1,8242.2
5,8245.8
5,8293.3
7,8293.6
1,8294.2
0,8294.3
3,8295.4
6,8295.8
4,8296.2
5,8301.6
7,8303.9
1,8306.2
2,8308.4
5,8308.5
0,8308.5
6,8309.5
3,8312.3
1,8314.6
5,8315.8
7,8316.9
1,8326.3
5,8326.9
5,8373.3
7,8373.6
1,8374.2
0,8374.3
3,8375.4
6,8375.8
4,8376.1
5,8381.6
7,8383.9
1,8386.5
2,8388.7
5,8388.8
0,8388.8
3,8389.6
6,8389.8
1,8395.5
7,8396.8
5,8397.1
5,8758.5
7,8758.8
0,8759.5
1,8759.6
3,8760.6
6,8761.3
4,8761.7
5,8767.3
7,8769.9
1,8771.5
0,8772.0
5,8774.4
2,8775.2
3,8777.0
4,8777.4
1,8780.4
6,8780.6
5,8782.2
0,8790.4
1,8793.1
5,8795.6
5,8838.3
7,8838.6
0,8839.3
1,8839.3
3,8840.4
6,8841.0
4,8841.1
5,8846.6
7,8849.1
1,8851.0
0,8851.6
2,8853.5
5,8853.6
6,8855.9
4,8856.4
3,8857.9
1,8859.2
5,8860.9
1,8869.9
5,8872.0
5,8918.3
7,8918.6
0,8919.3
1,8919.3
3,8920.5
6,8920.7
4,8921.0
5,8926.6
7,8929.1
1,8931.1
0,8932.3
5,8933.8
2,8936.7
3,8937.8
4,8938.1
1,8940.3
5,8941.7
5,8998.3
7,8998.6
1,8999.2
0,8999.3
3,9000.4
4,9000.9
6,9000.9
5,9006.5
7,9009.1
1,9011.5
0,9012.4
5,9013.8
2,9014.2
4,9016.8
3,9018.0
1,9020.5
5,9022.3
1,9033.0
5,9383.5
6,9384.0
3,9384.1
0,9384.5
1,9384.6
7,9385.0
4,9386.7
5,9392.2
3,9395.7
1,9396.8
0,9397.7
7,9399.4
5,9399.6
2,9399.7
6,9399.8
4,9402.8
1,9405.8
5,9408.2
1,9418.9
5,9463.3
6,9463.8
3,9464.0
0,9464.3
1,9464.3
7,9464.8
4,9465.9
5,9471.7
3,9475.3
1,9476.3
0,9477.6
2,9478.0
6,9478.3
7,9479.0
5,9479.1
4,9481.8
1,9484.3
5,9487.7
1,9494.0
5,9543.3
6,9543.7
3,9543.9
0,9544.3
1,9544.3
7,9544.7
4,9545.9
5,9551.7
3,9555.2
1,9556.4
0,9557.8
5,9559.0
6,9559.1
7,9559.3
2,9559.8
1,9565.8
5,9567.7
5,9623.3
6,9623.8
3,9624.0
1,9624.3
0,9624.3
7,9624.7
4,9626.0
5,9631.6
3,9635.4
1,9636.6
0,9638.0
6,9639.1
7,9639.3
5,9639.4
2,9639.7
4,9643.6
1,9646.1
5,9650.7
1,9659.3
