29,12.4
22,12.4
5,12.4
12,12.5
19,12.6
11,12.9
17,17.5
9,17.6
18,17.6
27,17.8
10,17.9
26,18.1
11,20.0
12,20.9
28,21.3
21,21.7
4,21.7
29,21.8
24,21.9
5,22.2
22,22.5
19,24.1
9,25.0
18,25.9
11,26.2
30,26.8
12,27.8
10,27.9
7,28.0
26,28.2
27,28.4
4,28.7
28,29.3
21,29.5
22,29.6
24,30.7
17,30.9
9,31.3
11,32.2
18,33.3
12,34.0
10,34.7
26,34.9
4,35.0
2,36.0
27,36.1
20,36.3
3,36.6
0,36.6
22,36.7
13,37.0
21,37.2
9,37.2
28,37.4
30,37.4
16,38.2
19,38.6
25,38.6
31,38.8
6,39.0
14,39.0
24,39.0
29,39.1
1,39.2
12,39.9
5,40.2
26,40.9
4,41.0
10,41.0
9,42.6
2,43.3
22,43.4
18,43.8
23,43.9
20,44.4
3,44.7
0,44.7
27,44.7
16,45.2
13,45.3
12,45.3
28,45.5
7,45.5
24,45.5
15,46.2
29,46.4
1,46.5
26,46.6
14,46.7
4,47.0
10,47.1
5,48.8
31,48.9
25,49.0
2,49.7
6,49.9
21,49.9
22,50.0
30,50.0
19,50.3
16,51.2
0,51.4
18,51.7
3,51.8
26,52.2
27,52.5
4,52.8
28,52.8
1,53.2
29,53.2
14,53.4
8,53.8
20,55.7
2,56.5
16,57.0
0,57.4
13,58.0
22,58.2
4,58.8
30,58.9
3,58.9
5,59.3
18,59.4
31,59.6
14,60.2
27,60.3
29,60.3
15,60.9
1,61.5
28,61.9
16,62.6
26,62.7
2,63.4
19,65.5
3,65.5
22,65.5
4,65.9
5,66.1
29,66.7
14,66.9
16,67.9
26,68.0
27,68.2
17,68.3
18,68.5
2,69.7
20,69.9
1,70.0
21,70.2
28,71.5
3,71.8
5,72.1
22,72.4
29,72.5
6,74.0
14,74.7
19,74.8
30,75.0
31,75.0
18,75.2
27,75.5
17,75.6
2,75.8
20,77.0
21,77.2
3,77.8
1,77.9
5,77.9
22,78.6
28,79.4
18,81.2
2,81.4
17,82.9
19,83.2
20,83.2
31,83.3
21,83.4
27,83.4
6,83.5
5,83.5
3,84.1
22,84.3
30,84.7
24,85.1
15,85.2
13,86.6
2,87.2
18,87.7
1,87.8
28,88.6
0,88.6
4,89.0
5,89.1
21,89.4
20,89.7
31,90.0
24,90.4
27,90.5
6,90.6
19,91.8
3,92.1
2,93.2
0,94.0
5,94.4
21,95.7
7,95.8
20,96.0
28,96.2
24,96.2
31,96.2
1,96.3
23,96.4
6,97.0
26,97.2
27,97.3
18,97.4
13,97.4
3,99.1
2,99.3
19,99.4
0,99.9
17,100.2
21,101.9
20,102.0
24,102.1
31,102.8
1,103.6
6,104.0
28,104.4
14,104.4
7,104.9
27,105.3
3,105.3
2,105.4
30,105.7
18,106.1
0,106.2
13,106.3
19,106.7
21,107.7
17,107.9
23,108.3
31,110.6
3,111.2
2,112.2
1,112.7
18,112.8
21,113.4
19,113.4
6,113.7
0,114.3
14,114.5
8,114.5
17,114.6
5,114.6
30,114.9
3,117.0
7,117.0
28,117.7
18,118.6
21,119.3
4,119.4
19,119.6
5,120.0
13,120.3
2,120.3
1,121.3
17,121.3
14,121.4
0,122.8
3,123.0
27,123.0
8,123.6
18,124.3
7,125.0
19,125.4
21,126.1
5,126.1
28,126.4
15,126.8
2,127.4
4,127.4
6,127.9
14,128.0
17,128.1
13,128.1
3,128.7
31,128.7
18,129.7
29,130.3
23,130.8
30,131.0
1,131.7
21,132.5
0,132.6
28,133.1
7,133.2
5,133.8
27,134.0
3,134.0
2,135.1
29,135.6
15,135.9
4,136.0
14,136.8
6,136.9
17,136.9
13,138.2
21,138.8
28,139.2
3,139.5
30,139.9
1,140.4
5,140.7
27,140.9
19,141.2
29,141.5
0,141.9
7,142.1
15,144.3
21,144.8
8,144.9
28,145.2
3,145.2
26,146.0
19,146.5
27,146.7
14,146.7
2,147.2
5,147.5
29,147.7
6,147.9
31,148.1
1,149.8
18,150.3
21,150.8
28,151.2
3,151.3
26,151.5
4,151.9
19,152.2
0,154.5
29,154.5
18,155.5
14,155.8
21,156.7
30,156.8
26,157.3
3,157.3
6,157.6
5,157.9
31,158.0
28,158.3
19,158.5
18,161.4
29,162.4
21,162.6
26,162.8
3,163.3
14,163.6
8,164.2
19,164.6
17,166.1
31,166.2
6,166.7
30,167.1
18,167.3
21,168.3
3,170.0
14,170.6
19,170.6
8,173.1
21,174.2
30,175.0
0,175.3
17,175.8
29,176.1
19,176.5
3,176.5
31,176.8
14,176.9
4,176.9
22,179.5
21,180.2
5,180.6
7,182.1
6,182.2
2,182.4
14,182.9
0,182.9
30,183.0
19,183.0
3,183.1
15,183.4
17,184.1
31,184.7
28,184.8
21,186.2
13,188.4
5,188.6
14,189.1
3,189.5
19,189.6
2,190.3
15,190.8
0,190.9
21,192.0
6,192.2
31,192.2
29,194.1
28,194.8
14,195.5
3,195.7
30,195.8
17,196.3
19,196.4
25,196.5
13,196.6
1,196.7
5,197.0
15,197.2
2,197.4
23,197.6
4,198.0
31,201.6
6,202.0
28,202.1
3,202.2
14,203.5
15,203.6
19,204.3
22,205.2
25,205.6
29,206.0
1,206.4
4,206.5
2,207.1
28,208.5
6,208.7
5,208.9
13,209.0
31,209.2
19,211.4
15,211.7
3,211.7
7,212.0
29,212.8
4,213.8
18,214.4
6,214.6
28,214.6
0,215.1
2,215.4
17,216.1
5,216.4
31,216.6
1,216.9
19,218.1
29,218.6
3,219.3
7,219.8
4,220.7
28,220.9
2,222.2
0,222.3
5,223.5
1,223.8
8,223.9
23,224.2
14,224.3
17,224.3
31,224.8
19,225.4
3,225.7
4,227.2
7,227.5
2,228.4
0,228.8
28,228.9
1,229.6
5,229.9
15,231.1
3,231.6
19,232.8
23,233.0
31,233.2
30,233.4
14,234.0
7,234.3
4,234.3
0,234.7
2,234.9
17,234.9
1,235.5
25,237.3
3,237.4
19,239.9
7,240.4
31,240.6
1,241.2
4,241.5
14,242.4
30,242.8
3,243.0
2,243.2
23,243.5
25,245.5
7,246.2
28,246.4
19,247.5
1,247.5
17,247.7
4,247.8
31,248.2
3,248.5
13,248.6
2,250.3
30,250.8
15,251.5
7,251.7
4,253.5
19,254.1
14,254.1
25,254.7
17,254.7
0,255.5
31,255.6
13,256.6
2,256.8
7,257.1
30,257.6
1,257.9
28,259.7
19,260.3
17,260.7
0,260.9
14,261.8
7,262.5
23,262.6
31,262.8
2,263.1
30,263.9
1,265.4
5,265.5
19,266.6
0,266.8
13,267.0
25,267.5
7,268.1
14,269.1
2,269.2
15,269.4
8,269.5
31,270.0
28,270.4
30,270.7
5,271.1
0,273.5
19,274.1
1,274.1
7,274.1
2,275.6
31,276.7
5,276.8
15,277.5
30,277.8
28,279.6
14,280.4
7,281.6
31,283.6
2,283.9
15,284.7
28,286.4
0,286.6
30,288.5
31,292.1
14,292.3
28,292.4
15,292.7
19,292.8
17,296.9
7,297.2
28,298.0
31,299.5
14,300.0
19,300.4
2,300.5
15,300.6
13,300.7
17,302.3
0,303.0
28,303.7
19,307.1
14,307.5
31,307.6
17,308.0
2,308.2
30,308.3
23,308.5
13,308.5
28,309.7
15,310.3
0,310.6
1,311.8
8,313.6
19,313.6
2,314.7
13,315.7
28,317.2
14,317.6
0,318.8
1,319.8
19,319.9
31,320.1
2,320.6
30,320.7
8,322.0
7,322.7
28,323.9
14,325.2
19,325.9
0,326.1
6,326.4
2,326.5
4,326.9
13,327.0
7,330.2
30,330.6
1,330.7
28,331.1
19,331.7
8,332.1
6,332.1
4,332.3
0,332.7
2,332.8
14,333.7
5,334.3
15,334.5
19,337.5
31,337.6
7,337.8
6,337.9
28,338.0
4,338.5
0,339.8
14,341.6
2,341.6
6,343.8
28,344.5
31,345.1
13,345.7
4,347.0
23,347.5
7,347.9
14,348.6
2,348.8
6,349.9
0,350.5
28,351.4
30,352.3
31,352.4
13,353.9
1,354.2
2,355.0
7,355.8
14,356.5
6,356.6
23,357.6
0,358.9
5,359.8
28,360.2
30,360.8
4,361.6
1,362.2
7,362.7
31,363.1
25,365.3
5,365.4
13,365.9
0,366.0
6,367.5
15,367.7
17,368.2
14,368.3
7,369.8
4,370.3
30,371.2
5,371.5
31,372.0
1,372.3
25,373.2
0,373.3
17,373.4
6,375.0
14,378.6
7,379.1
5,379.2
17,379.2
0,379.6
31,379.8
19,379.9
30,380.4
23,381.3
25,382.3
28,382.7
6,383.4
19,385.3
17,386.4
4,388.7
31,390.1
19,391.1
15,391.6
14,392.0
30,393.5
2,395.3
17,395.9
19,397.0
7,397.2
1,397.7
25,398.2
8,398.2
14,400.1
0,400.7
2,400.8
19,402.8
17,403.3
5,404.1
0,406.0
25,406.2
2,406.6
8,407.0
1,407.6
14,407.8
6,409.0
31,409.2
17,410.0
30,410.9
0,411.7
7,412.0
5,412.1
2,413.0
25,413.4
15,414.4
14,415.0
17,416.3
31,416.3
0,417.2
6,417.4
28,418.5
5,418.7
2,419.5
7,419.6
25,420.7
30,421.7
14,421.7
17,422.2
31,422.3
0,422.7
6,424.5
15,424.8
5,424.9
8,425.9
28,426.1
2,426.7
7,426.9
23,427.6
14,427.8
0,428.1
1,428.1
17,428.3
19,428.7
6,431.3
5,431.3
25,431.9
4,432.0
0,433.8
14,433.8
19,434.2
28,434.4
17,434.6
7,438.5
31,438.6
2,439.0
29,439.2
5,439.7
6,440.0
0,440.2
19,440.2
14,440.6
31,443.7
3,444.2
29,444.5
17,444.8
13,445.4
19,446.6
2,446.7
5,446.9
7,448.1
31,449.4
29,450.6
0,451.8
14,452.9
19,453.4
13,453.5
5,453.7
2,453.9
7,455.2
23,455.5
31,455.8
0,459.0
25,459.6
29,459.8
5,460.9
7,461.5
2,461.8
19,462.2
6,462.6
1,462.7
15,462.8
17,462.9
28,462.9
23,464.8
31,465.2
13,466.0
0,466.2
25,467.5
7,467.6
10,468.0
29,468.5
2,468.8
15,470.7
1,470.7
6,471.1
17,471.3
5,472.0
28,472.3
10,473.6
7,474.0
30,474.4
31,475.1
29,475.7
19,476.0
2,476.2
25,476.2
4,476.7
23,477.7
6,477.9
17,478.3
0,478.5
5,479.1
15,479.3
28,480.4
7,481.5
14,481.5
1,482.2
29,482.4
31,483.4
30,484.1
10,484.2
4,484.4
19,484.5
6,484.9
17,486.0
5,486.0
2,487.9
7,488.6
29,489.3
3,489.4
10,489.4
28,490.1
1,491.7
25,491.9
0,491.9
15,492.2
4,492.3
3,495.1
5,495.2
31,495.2
7,495.2
6,495.4
19,495.7
29,496.4
28,496.7
0,499.0
1,499.3
25,499.7
17,500.3
2,500.8
3,501.1
5,502.3
7,502.3
28,502.6
29,502.8
19,503.3
6,503.5
31,503.6
0,505.1
1,505.7
3,506.9
28,508.5
29,508.6
2,508.7
17,508.8
25,509.2
5,509.5
30,511.0
0,511.3
6,511.6
19,511.9
1,512.0
31,512.0
3,512.4
14,513.1
7,513.4
28,514.3
29,514.4
23,515.1
17,515.7
25,516.6
5,516.8
0,517.7
4,517.8
3,518.2
2,518.2
1,518.6
29,520.0
28,520.6
7,520.9
31,521.8
6,521.8
14,523.1
17,523.4
5,523.6
3,523.9
30,524.9
29,525.8
25,525.8
23,526.5
1,526.9
0,527.4
31,529.2
7,529.4
3,529.7
5,530.0
6,530.1
14,530.6
28,531.3
29,531.9
25,533.4
1,534.9
15,534.9
3,535.3
17,536.3
5,536.4
31,537.2
6,537.3
29,538.8
0,539.2
2,539.3
14,539.5
28,541.0
3,541.1
19,542.0
1,542.1
13,542.5
5,542.6
7,543.0
25,543.0
15,543.5
6,544.1
29,545.3
23,546.2
2,546.8
3,547.1
17,548.3
5,548.8
1,549.1
19,549.2
0,549.2
7,549.8
13,550.6
29,551.8
28,551.9
6,552.2
3,552.9
15,553.1
2,554.4
31,555.1
5,555.1
1,555.7
7,555.8
19,556.2
17,556.4
23,557.8
0,558.6
3,559.0
29,559.3
14,560.2
13,560.9
2,561.3
1,562.0
7,562.1
6,562.7
15,562.8
5,563.0
17,563.4
28,563.9
3,565.3
29,566.6
19,567.6
2,567.8
1,567.9
30,567.9
31,568.7
0,568.8
7,570.1
17,570.2
6,570.2
3,571.7
15,573.3
2,574.9
29,576.1
31,577.4
6,577.8
17,578.1
30,578.1
23,578.5
1,578.5
8,578.9
7,579.2
14,579.2
3,579.5
19,579.6
1,584.0
19,587.6
8,587.7
2,587.7
7,587.8
14,587.8
25,587.9
1,589.7
31,590.0
23,590.4
6,591.4
0,592.4
27,592.4
13,593.2
3,593.4
19,594.7
7,595.3
2,595.4
17,595.6
25,596.6
5,596.6
27,598.3
0,599.4
28,599.6
14,600.2
6,601.1
13,601.2
31,601.3
3,601.3
2,601.9
19,602.0
23,602.0
29,603.2
5,603.5
17,604.0
27,604.5
25,604.6
7,604.8
0,605.4
4,605.5
28,607.1
2,607.8
3,608.1
6,608.4
19,608.6
31,608.9
5,609.7
29,610.3
27,610.5
17,610.6
0,611.1
13,611.9
7,613.1
4,613.5
8,613.8
15,614.2
3,614.5
19,614.7
28,615.4
5,615.5
6,615.9
27,616.2
29,616.5
31,616.8
0,616.9
25,617.0
17,617.0
19,620.4
3,621.6
0,622.8
29,622.9
17,623.4
7,623.7
4,625.5
19,626.0
2,628.6
31,629.0
0,630.0
28,630.2
17,630.2
29,631.4
19,631.7
4,632.6
7,633.1
2,634.2
19,637.5
28,637.5
25,637.6
4,638.6
29,638.6
18,639.8
2,640.0
0,640.1
17,641.5
1,642.7
3,642.8
7,643.1
19,643.2
28,643.7
4,644.3
14,644.8
29,644.8
30,645.2
2,645.8
25,645.9
31,646.6
0,647.6
19,648.9
15,649.7
3,649.7
4,649.8
28,650.1
17,650.2
29,650.7
7,651.3
0,654.0
14,654.3
19,654.8
4,655.2
3,655.6
25,656.9
28,658.5
0,660.5
4,660.5
17,660.8
19,660.9
3,661.4
7,662.6
14,663.0
25,665.1
28,666.0
4,666.3
13,666.9
3,667.0
19,667.3
0,668.5
17,669.1
31,670.3
25,672.9
4,673.1
19,673.6
6,673.9
15,673.9
28,673.9
13,674.9
17,677.0
7,678.8
4,679.4
19,679.5
31,680.2
1,680.2
28,680.7
6,680.8
25,680.9
15,682.7
3,682.9
14,684.8
4,685.2
19,685.3
1,685.6
13,686.0
6,686.6
28,686.7
31,687.5
17,688.0
7,689.1
25,689.9
0,690.5
23,690.6
4,690.8
15,690.8
19,691.5
1,691.9
14,692.5
28,692.6
31,694.0
2,694.6
17,695.1
4,696.7
30,697.2
19,697.8
15,698.4
28,698.8
25,699.1
13,699.2
5,699.3
14,700.1
2,700.3
31,700.4
17,701.2
7,701.4
6,702.2
4,703.3
19,703.7
23,703.8
28,706.4
30,706.5
31,706.8
17,707.1
6,707.2
13,707.5
15,708.9
1,709.0
25,709.1
7,710.4
6,712.6
17,712.7
14,712.7
31,713.4
28,713.8
4,716.0
30,716.6
1,716.6
23,718.8
7,719.3
13,719.4
31,719.6
28,721.3
0,722.1
14,722.2
1,723.1
30,723.7
4,723.9
5,724.6
31,725.6
13,727.0
7,727.1
23,728.3
17,728.5
1,729.2
15,730.2
30,730.7
25,731.4
31,731.7
0,731.8
28,732.3
4,732.4
14,732.7
13,733.7
17,734.1
1,735.4
7,736.9
31,737.7
28,740.6
30,740.6
17,740.7
13,741.1
1,743.2
4,743.3
31,743.7
23,745.2
5,745.6
7,746.1
13,749.5
10,749.8
31,750.3
5,751.3
4,752.3
28,753.5
7,754.7
17,754.9
19,754.9
10,755.4
23,755.5
5,757.2
31,760.2
19,760.5
10,762.0
5,763.2
1,763.8
0,764.4
15,765.3
2,765.6
19,766.5
28,767.4
17,768.0
7,768.1
10,768.2
5,769.7
2,771.2
1,771.3
25,772.5
15,772.8
19,773.4
10,774.1
30,774.3
0,775.5
17,775.6
4,777.4
28,777.8
1,778.0
2,778.0
31,779.7
5,780.8
15,781.0
19,781.1
25,781.4
30,781.7
17,784.0
4,784.1
1,784.6
7,784.7
28,786.9
31,787.4
5,787.5
19,787.6
0,788.2
30,788.7
23,788.8
4,789.9
25,790.9
1,791.0
17,791.6
8,793.0
7,793.1
5,793.2
19,793.6
15,793.7
31,794.0
3,794.5
2,795.6
28,795.7
30,795.8
1,797.1
0,797.2
14,797.8
25,799.2
17,799.5
19,800.1
3,800.2
31,800.7
7,802.0
1,803.0
5,803.9
0,804.1
30,805.9
3,806.9
17,807.4
19,808.6
5,809.1
1,809.2
31,809.7
7,810.0
0,810.9
25,811.5
28,811.5
5,814.8
8,817.9
17,817.9
14,818.1
19,818.4
7,818.4
1,818.7
2,819.1
25,819.3
3,819.8
0,820.6
5,821.0
28,824.5
17,825.9
31,826.0
19,826.1
1,826.1
14,826.8
8,826.8
2,826.9
30,827.5
3,827.6
25,827.7
7,828.1
5,829.5
15,830.7
28,831.4
17,832.8
31,833.3
19,834.4
1,834.7
2,835.3
3,836.4
28,837.5
15,838.3
7,838.6
5,839.0
17,840.1
31,840.6
0,841.0
19,841.6
28,843.4
14,844.6
15,845.1
1,845.4
30,845.6
5,845.7
25,846.0
31,847.0
0,848.1
8,848.1
17,848.5
19,848.8
28,849.4
5,851.6
15,851.8
1,852.7
25,854.3
0,854.5
14,854.6
30,855.2
28,855.3
17,855.3
19,855.7
7,856.1
3,856.3
2,856.4
5,857.6
23,857.7
1,859.2
15,859.4
28,861.0
17,861.3
0,861.8
19,862.3
25,862.9
5,863.9
3,863.9
2,864.1
7,864.1
1,865.4
30,866.2
28,867.1
17,867.2
4,867.9
23,869.0
19,869.1
5,870.1
1,871.9
14,871.9
3,872.1
2,872.4
15,872.7
17,872.8
4,873.2
13,873.9
30,874.0
7,874.1
28,874.4
0,874.4
19,875.5
5,876.3
25,876.5
3,878.7
17,878.7
1,879.1
4,879.1
2,879.1
15,879.9
30,881.0
19,881.3
13,881.9
5,882.4
14,882.6
28,883.4
3,884.5
17,884.6
2,885.0
7,885.6
1,885.9
15,886.1
4,886.6
19,887.1
30,887.3
5,889.3
28,889.9
3,890.3
17,890.8
2,890.8
15,892.4
7,893.1
19,893.3
13,893.5
30,893.7
1,893.8
5,895.9
28,896.0
25,896.1
3,896.3
2,897.1
17,898.6
0,899.6
15,899.7
30,900.3
7,900.9
19,901.1
1,901.4
28,901.9
5,902.3
4,902.5
3,903.5
2,903.6
25,904.8
23,904.9
30,906.8
7,907.4
0,908.8
29,909.6
5,909.9
4,909.9
2,910.0
1,911.5
15,912.2
30,913.4
7,913.5
17,916.1
4,916.2
23,916.6
2,917.1
0,917.6
19,918.8
5,919.4
7,919.8
30,921.8
4,922.1
25,922.3
2,924.0
17,924.7
0,924.9
19,926.5
5,926.8
7,927.3
4,928.2
3,930.4
14,930.6
0,932.5
2,932.6
4,934.1
5,934.2
19,934.8
7,935.6
17,936.5
0,939.3
4,940.0
3,940.7
30,941.6
14,941.8
19,942.9
17,943.7
7,944.1
4,945.6
0,945.7
5,945.9
17,950.0
3,950.0
30,950.4
14,950.9
19,951.2
4,951.5
0,951.8
2,955.5
17,956.2
3,957.9
4,958.0
0,958.2
13,958.4
19,959.4
28,961.4
14,962.3
7,962.9
2,963.0
17,963.4
30,963.7
5,964.4
3,964.7
0,966.2
19,966.2
13,966.5
28,966.6
15,967.6
4,969.6
2,970.0
3,971.0
5,972.1
19,972.3
28,972.4
7,972.7
13,973.7
0,973.7
3,977.4
2,977.7
19,978.3
28,979.3
7,980.1
0,980.9
30,981.0
5,981.2
14,982.4
13,983.2
15,984.1
19,984.7
3,986.2
7,987.9
30,989.6
2,990.5
0,991.5
14,993.5
19,993.9
6,995.6
15,996.1
4,1000.3
7,1000.3
29,1000.5
6,1000.8
1,1002.1
25,1002.1
31,1004.4
18,1008.2
4,1009.1
31,1009.9
0,1010.3
25,1011.3
6,1011.4
1,1012.4
10,1012.8
19,1013.5
18,1013.5
14,1013.9
8,1014.0
3,1015.6
2,1015.7
31,1016.0
17,1016.0
5,1016.4
6,1016.8
4,1017.8
0,1018.1
7,1018.1
10,1018.2
15,1019.5
1,1020.2
19,1020.3
14,1022.4
8,1022.9
6,1022.9
2,1023.1
25,1023.4
3,1023.5
10,1023.6
31,1024.1
0,1024.3
5,1024.3
30,1024.7
17,1025.8
4,1025.9
19,1026.1
1,1027.4
7,1028.4
15,1028.6
6,1029.2
2,1029.5
14,1029.5
3,1030.2
0,1030.4
31,1030.6
25,1030.6
5,1031.6
19,1031.8
30,1032.0
1,1034.6
2,1035.4
4,1035.6
17,1035.7
6,1035.7
0,1036.2
14,1036.5
31,1036.5
15,1037.0
25,1037.2
19,1037.4
3,1037.7
30,1038.6
28,1040.5
2,1041.4
5,1041.9
0,1041.9
31,1042.1
6,1043.4
19,1043.5
25,1044.4
1,1045.9
30,1046.1
14,1047.4
4,1047.5
31,1047.7
2,1047.8
0,1047.8
19,1051.1
28,1051.3
31,1053.7
0,1054.3
4,1055.0
25,1056.0
2,1058.4
8,1059.8
19,1060.1
31,1060.8
14,1060.9
4,1061.6
29,1061.8
0,1062.2
28,1062.5
10,1063.8
7,1064.4
30,1065.0
29,1067.4
19,1067.6
8,1068.6
4,1068.6
0,1069.3
10,1069.3
14,1069.7
3,1072.5
1,1072.9
17,1073.0
29,1073.3
2,1073.4
28,1074.6
15,1075.0
6,1075.2
4,1075.3
10,1075.5
19,1076.3
0,1076.8
14,1077.5
23,1078.1
7,1078.7
25,1079.1
29,1079.3
3,1079.4
1,1080.0
2,1081.6
10,1081.9
4,1082.4
17,1082.8
15,1083.2
28,1083.3
6,1083.7
0,1083.8
29,1084.9
5,1084.9
3,1085.4
19,1086.0
14,1086.0
1,1086.3
7,1087.6
25,1088.1
10,1088.4
2,1089.0
0,1090.2
23,1090.2
17,1091.3
3,1091.4
15,1091.6
1,1092.4
5,1092.7
30,1092.7
6,1093.2
31,1093.6
19,1093.9
4,1094.0
28,1094.3
14,1094.4
10,1094.6
25,1096.3
0,1096.7
3,1097.0
2,1098.1
1,1098.8
5,1099.2
7,1099.3
30,1099.9
17,1100.6
10,1100.7
19,1101.1
6,1101.2
14,1101.7
31,1102.0
3,1102.6
0,1103.1
15,1104.6
28,1105.1
5,1105.2
8,1105.8
7,1106.7
30,1107.0
10,1107.0
1,1107.1
19,1107.4
3,1108.0
17,1108.2
14,1108.3
25,1108.3
23,1108.6
0,1109.9
31,1112.1
6,1112.3
28,1112.5
19,1113.2
3,1113.5
8,1114.2
7,1114.2
10,1114.4
14,1114.8
4,1115.4
25,1116.0
17,1116.2
0,1116.5
30,1117.9
19,1118.8
15,1118.8
31,1119.0
2,1119.1
28,1119.2
3,1119.6
6,1120.3
14,1121.0
7,1121.2
25,1122.7
0,1122.9
19,1124.6
31,1125.2
28,1125.5
10,1127.1
14,1127.5
6,1127.9
29,1128.1
7,1128.9
3,1129.2
0,1129.6
25,1130.1
15,1130.2
17,1130.9
19,1130.9
31,1131.1
28,1132.2
29,1133.9
14,1136.1
0,1136.2
31,1137.3
6,1138.9
17,1140.3
19,1140.7
29,1141.1
0,1142.6
28,1143.0
25,1144.0
5,1145.1
31,1145.2
10,1146.2
1,1146.6
6,1149.0
0,1150.1
5,1150.4
28,1150.6
7,1150.7
25,1151.5
31,1152.7
10,1155.0
5,1156.3
1,1156.9
6,1157.0
28,1157.2
2,1158.1
3,1158.2
13,1158.5
25,1159.0
29,1159.4
19,1159.4
4,1159.5
0,1159.5
31,1159.5
10,1161.6
30,1161.8
5,1162.3
6,1163.7
28,1164.4
2,1165.4
3,1166.2
29,1166.3
19,1166.5
13,1166.8
31,1167.0
0,1167.7
10,1167.7
5,1168.4
4,1168.5
6,1170.0
30,1170.6
17,1170.7
25,1171.2
2,1171.7
7,1171.8
29,1172.1
1,1172.7
19,1172.8
15,1173.1
10,1173.5
3,1174.1
0,1174.3
5,1174.5
8,1174.6
14,1174.6
13,1174.7
23,1175.2
28,1175.8
6,1177.0
31,1177.8
2,1177.8
29,1178.0
19,1178.8
30,1179.4
1,1180.2
4,1180.4
5,1181.6
17,1181.9
3,1182.8
14,1183.2
6,1183.3
28,1183.5
8,1183.5
2,1183.6
29,1184.2
31,1184.6
13,1184.7
1,1188.3
30,1188.5
6,1189.0
17,1189.4
2,1189.8
31,1190.5
28,1190.6
29,1191.9
5,1194.5
14,1194.6
6,1194.7
8,1195.6
31,1196.4
2,1196.7
7,1196.9
17,1198.0
28,1198.1
23,1198.2
3,1198.5
4,1199.1
29,1200.4
14,1201.9
31,1202.3
7,1203.8
8,1205.2
28,1206.2
4,1207.8
31,1208.2
14,1208.5
3,1208.6
23,1209.3
2,1209.6
25,1210.6
29,1210.9
5,1211.3
0,1212.7
8,1214.1
14,1214.6
31,1214.7
6,1215.0
3,1217.0
25,1217.9
0,1218.2
17,1218.2
1,1219.0
5,1219.5
6,1220.4
14,1220.5
4,1220.6
29,1222.1
31,1223.3
25,1224.3
0,1224.3
17,1226.2
6,1226.4
8,1226.7
14,1226.8
1,1227.8
15,1229.2
3,1229.7
5,1230.8
0,1230.9
25,1231.1
6,1234.4
1,1234.7
17,1235.2
14,1235.2
28,1237.0
0,1238.0
7,1239.2
25,1239.7
29,1241.0
3,1241.6
1,1241.9
14,1242.4
8,1244.1
28,1244.9
7,1244.9
14,1248.6
0,1248.8
3,1249.1
25,1249.5
29,1249.6
30,1250.7
7,1251.5
8,1253.3
6,1254.2
14,1254.4
1,1254.5
31,1254.5
28,1254.8
5,1255.8
15,1256.0
3,1257.8
30,1258.2
23,1258.3
7,1258.4
14,1260.2
6,1261.1
31,1261.6
28,1261.9
29,1262.0
5,1264.0
15,1264.5
7,1264.9
30,1265.6
14,1266.4
6,1267.1
31,1267.8
28,1268.1
23,1269.1
19,1270.4
7,1270.9
6,1272.9
30,1272.9
15,1273.4
10,1273.6
28,1274.2
31,1274.3
5,1274.5
19,1276.2
14,1276.5
7,1276.9
8,1277.8
6,1278.4
10,1279.3
30,1280.1
28,1281.1
31,1281.6
19,1282.2
5,1282.5
7,1283.7
14,1283.7
6,1284.1
1,1284.9
10,1285.2
0,1285.3
15,1285.7
4,1285.8
29,1285.8
8,1286.4
19,1288.2
31,1288.4
6,1289.8
30,1290.3
5,1290.4
14,1290.4
7,1290.4
10,1291.0
1,1292.6
28,1292.9
29,1294.0
4,1294.7
19,1294.9
0,1295.0
6,1295.4
31,1295.5
15,1296.0
10,1296.8
5,1297.3
14,1297.6
7,1298.0
6,1301.1
21,1301.3
0,1302.0
1,1302.4
10,1302.5
31,1304.0
30,1304.3
29,1304.3
5,1304.8
14,1305.1
4,1305.2
15,1305.5
23,1306.5
7,1306.6
19,1306.6
6,1306.9
21,1307.3
10,1308.1
0,1308.6
2,1308.7
3,1308.7
17,1309.1
28,1309.5
1,1310.4
29,1311.3
31,1311.8
4,1312.1
15,1312.6
6,1312.7
5,1312.7
21,1313.2
10,1313.4
7,1313.5
14,1313.6
30,1314.4
0,1315.1
3,1316.4
2,1316.5
23,1316.6
28,1316.8
29,1317.4
1,1317.8
4,1318.1
17,1318.6
15,1318.8
21,1318.9
10,1319.1
7,1319.6
5,1319.9
25,1320.4
31,1320.8
0,1322.9
28,1323.2
29,1323.5
4,1324.0
3,1324.4
21,1324.5
15,1325.0
10,1325.0
19,1325.1
7,1325.5
14,1325.6
17,1325.8
2,1327.0
1,1327.2
29,1329.4
28,1329.6
21,1329.7
4,1329.8
0,1329.9
5,1330.1
7,1331.6
10,1332.3
15,1332.3
17,1332.3
3,1332.4
30,1332.9
25,1333.2
19,1333.8
14,1334.3
29,1335.0
4,1335.4
1,1335.5
28,1336.0
0,1336.1
2,1336.7
7,1337.7
15,1339.2
17,1339.5
3,1340.0
29,1340.4
10,1340.5
4,1340.7
0,1342.3
28,1342.7
25,1343.2
14,1343.4
31,1343.8
7,1344.2
2,1345.5
1,1345.5
29,1345.8
19,1345.8
15,1346.0
4,1346.1
10,1348.5
0,1348.6
28,1349.4
3,1350.7
17,1351.5
29,1351.6
4,1351.8
25,1353.1
15,1353.4
7,1353.6
0,1355.1
28,1356.2
30,1356.7
2,1356.8
5,1357.0
29,1357.5
4,1357.6
1,1358.2
13,1359.2
3,1360.2
10,1360.2
19,1360.8
18,1360.9
14,1363.2
29,1363.3
4,1363.4
0,1363.8
2,1364.0
28,1364.4
15,1364.4
5,1364.8
7,1365.9
18,1366.7
1,1366.8
13,1367.2
10,1367.5
3,1367.9
29,1369.0
4,1369.2
19,1370.6
2,1371.4
0,1371.5
18,1373.3
7,1373.5
5,1373.8
10,1374.0
1,1374.1
8,1374.4
21,1374.5
29,1374.7
4,1375.0
31,1375.5
30,1375.8
14,1376.1
3,1376.3
17,1377.0
19,1378.0
2,1378.2
13,1379.1
18,1379.5
4,1380.7
10,1380.7
1,1380.8
5,1381.2
0,1381.4
7,1381.8
8,1382.9
30,1383.1
3,1383.3
31,1383.6
2,1384.7
19,1385.1
14,1385.2
17,1386.1
4,1386.7
1,1387.5
5,1388.1
10,1388.7
3,1389.5
7,1390.0
30,1390.1
2,1391.8
14,1392.7
15,1393.5
17,1393.6
23,1393.9
0,1394.0
4,1394.0
19,1394.1
31,1394.4
5,1394.6
28,1395.0
10,1395.3
1,1395.5
3,1395.6
8,1395.6
7,1396.8
2,1398.9
14,1399.5
5,1400.6
0,1401.0
10,1401.6
3,1401.8
19,1401.9
30,1402.1
31,1402.4
28,1402.9
17,1403.0
7,1403.5
23,1405.5
2,1405.7
5,1406.5
14,1407.1
0,1407.1
13,1407.3
3,1407.8
10,1407.9
4,1408.2
19,1408.4
28,1409.7
30,1410.8
31,1410.8
7,1411.6
2,1411.8
0,1413.1
3,1413.6
10,1413.9
19,1414.5
13,1415.1
4,1415.5
1,1415.8
25,1416.3
28,1416.4
15,1417.1
2,1417.8
8,1418.1
7,1418.8
14,1419.0
0,1419.1
3,1419.3
30,1420.0
10,1420.1
19,1420.7
31,1421.4
17,1422.1
4,1422.7
2,1423.4
28,1423.8
13,1424.6
3,1425.0
0,1425.1
23,1425.1
7,1425.4
10,1426.3
19,1426.9
2,1429.3
17,1429.5
6,1431.0
3,1431.2
0,1431.7
7,1432.3
4,1432.8
28,1433.1
19,1433.3
10,1433.4
17,1435.9
2,1436.1
29,1436.2
6,1436.6
1,1438.5
31,1438.5
25,1438.6
30,1438.6
7,1439.1
3,1439.2
28,1440.4
14,1440.4
10,1440.7
4,1440.7
19,1441.1
29,1441.7
15,1441.9
6,1442.3
17,1442.3
0,1442.8
7,1445.4
30,1445.7
31,1446.7
28,1446.8
25,1447.3
4,1447.4
10,1447.6
1,1447.7
29,1447.8
2,1448.5
17,1448.9
3,1449.3
15,1450.0
5,1451.5
7,1451.9
30,1452.4
28,1452.8
4,1453.6
29,1454.1
19,1454.4
1,1454.9
10,1455.3
17,1455.6
31,1455.7
2,1456.1
3,1456.8
5,1457.1
15,1458.1
7,1458.3
28,1458.6
30,1459.3
4,1459.9
29,1461.3
1,1462.4
5,1463.5
17,1463.7
28,1464.5
3,1464.6
14,1464.7
2,1465.0
7,1465.1
31,1465.1
15,1465.2
0,1465.4
10,1466.7
30,1466.7
4,1467.1
28,1470.3
29,1472.5
5,1472.7
7,1473.4
15,1473.4
10,1473.9
31,1473.9
4,1474.2
28,1476.3
30,1477.2
1,1479.8
10,1479.9
4,1481.3
0,1481.5
7,1481.6
31,1482.1
28,1482.3
14,1483.9
3,1484.3
15,1484.9
23,1485.4
10,1485.6
30,1486.3
5,1486.5
29,1486.7
1,1487.3
25,1488.4
7,1488.4
28,1488.6
31,1488.7
4,1490.5
14,1491.2
0,1491.3
15,1493.2
3,1494.0
5,1494.7
31,1494.8
7,1495.1
28,1495.2
1,1495.3
30,1495.9
23,1496.0
25,1496.1
17,1497.1
2,1497.1
29,1497.4
14,1497.4
4,1498.2
0,1498.5
19,1498.7
15,1500.0
31,1500.8
5,1501.3
7,1501.6
28,1501.6
3,1501.9
14,1503.4
29,1504.5
25,1504.9
4,1505.3
0,1505.6
15,1506.2
19,1506.6
2,1506.6
31,1506.7
5,1507.3
28,1507.7
7,1508.1
14,1509.9
13,1510.2
3,1510.2
29,1511.0
4,1511.6
15,1512.4
0,1512.7
5,1512.9
31,1513.3
28,1513.5
2,1513.6
19,1513.7
7,1516.9
3,1517.4
4,1517.9
18,1518.0
13,1518.2
5,1518.2
14,1518.9
29,1519.1
0,1519.2
28,1519.2
15,1519.6
17,1519.8
2,1520.0
19,1520.8
6,1522.5
8,1522.8
31,1523.2
18,1523.4
5,1523.4
3,1523.7
4,1524.2
28,1525.2
0,1525.3
1,1525.4
14,1525.9
29,1526.1
2,1526.2
19,1527.2
6,1527.7
27,1528.3
13,1529.2
17,1529.4
3,1529.7
4,1530.9
8,1531.4
0,1531.5
28,1531.8
15,1532.2
2,1532.2
14,1532.3
29,1532.7
19,1533.3
1,1533.4
6,1533.5
27,1534.0
7,1534.6
3,1535.5
0,1537.5
2,1538.0
4,1538.5
29,1538.9
6,1539.6
14,1539.7
19,1539.9
27,1540.4
17,1540.7
3,1541.4
7,1542.4
1,1543.6
2,1543.6
0,1543.6
28,1544.1
29,1545.2
6,1545.8
4,1545.9
27,1547.3
23,1547.3
3,1547.8
7,1549.0
2,1549.2
19,1549.4
31,1549.7
0,1549.7
13,1550.4
15,1551.4
29,1551.5
14,1552.2
25,1552.2
6,1552.6
27,1553.7
3,1554.1
4,1554.6
7,1555.3
28,1555.3
0,1555.7
31,1556.7
19,1557.4
13,1558.5
29,1558.8
6,1559.2
23,1559.4
27,1559.5
15,1559.7
25,1560.3
3,1560.5
14,1560.9
7,1562.0
28,1562.3
30,1562.5
0,1562.5
1,1562.6
31,1562.7
6,1565.4
15,1566.9
25,1567.2
19,1567.5
3,1568.1
31,1568.3
28,1568.3
0,1569.0
5,1569.2
13,1569.9
7,1570.6
29,1571.0
30,1571.3
6,1571.4
1,1572.0
14,1572.4
15,1573.4
10,1573.7
31,1573.8
2,1574.1
25,1574.2
5,1574.5
28,1574.5
0,1575.4
4,1577.4
6,1577.5
7,1578.4
10,1579.1
2,1579.3
31,1579.4
15,1579.6
5,1580.4
28,1581.0
0,1581.5
6,1583.8
14,1584.5
27,1584.6
25,1584.6
10,1584.9
2,1585.0
31,1585.1
7,1585.5
15,1586.0
0,1587.6
5,1588.0
28,1588.7
27,1589.9
19,1590.5
2,1590.6
6,1591.0
8,1591.1
31,1591.2
14,1592.8
15,1592.9
7,1593.0
0,1593.4
4,1594.6
3,1595.3
29,1595.6
27,1595.8
2,1596.1
5,1597.2
31,1597.5
19,1598.1
14,1599.3
8,1599.8
15,1599.8
7,1600.1
2,1601.7
13,1602.2
3,1602.5
27,1602.7
23,1602.7
4,1603.5
31,1603.8
19,1604.4
14,1605.1
5,1605.2
7,1606.4
29,1606.7
15,1606.8
2,1607.5
8,1607.9
3,1608.7
27,1609.4
6,1610.2
13,1610.2
19,1610.3
31,1610.4
4,1611.7
7,1612.3
2,1613.1
17,1613.1
23,1614.0
5,1614.2
0,1614.2
3,1614.4
15,1615.6
19,1616.1
27,1616.4
7,1618.1
31,1618.7
2,1618.9
29,1619.1
4,1619.2
0,1619.5
13,1620.2
17,1620.3
3,1620.3
5,1621.6
19,1622.2
7,1623.9
2,1625.2
14,1625.2
0,1625.4
17,1626.5
3,1626.9
27,1627.5
25,1627.5
1,1627.6
19,1628.3
5,1628.4
4,1629.6
7,1630.1
14,1630.5
0,1631.4
2,1631.6
29,1632.2
17,1632.7
6,1633.5
15,1633.6
28,1634.0
19,1634.3
5,1634.7
27,1634.8
3,1635.5
8,1636.1
13,1636.1
14,1636.2
25,1636.2
0,1637.5
2,1637.8
1,1637.9
7,1638.2
29,1640.0
17,1640.3
5,1640.8
15,1641.7
14,1642.0
27,1642.2
6,1642.4
3,1642.9
2,1643.7
28,1643.7
0,1643.8
13,1644.2
8,1644.6
31,1645.3
5,1647.4
14,1647.9
29,1649.0
2,1649.3
15,1649.6
4,1650.1
0,1650.5
6,1650.6
3,1651.4
28,1651.5
27,1651.9
5,1653.7
14,1654.4
25,1655.1
2,1655.1
13,1655.3
29,1655.5
1,1655.7
0,1657.4
17,1657.7
6,1657.9
4,1658.1
3,1658.5
28,1658.7
27,1659.2
5,1659.5
2,1661.1
14,1661.8
15,1661.9
1,1663.0
8,1663.8
25,1664.1
0,1664.6
3,1664.8
30,1665.1
6,1666.0
17,1666.3
2,1666.7
27,1666.8
4,1667.0
7,1667.0
31,1667.6
13,1668.0
28,1668.7
1,1670.1
14,1670.3
0,1671.0
23,1671.4
7,1674.8
8,1674.9
25,1676.1
13,1676.3
0,1676.7
14,1677.1
27,1678.3
17,1679.4
1,1680.6
23,1682.8
7,1683.3
14,1683.6
15,1684.1
8,1684.3
27,1685.5
6,1687.0
1,1689.3
13,1689.6
17,1690.2
10,1691.3
14,1691.7
27,1692.4
10,1697.0
1,1697.1
0,1697.2
31,1698.6
17,1699.1
30,1699.1
6,1699.8
27,1701.8
0,1702.9
28,1703.3
7,1703.3
31,1706.8
1,1707.8
0,1708.8
6,1709.7
30,1710.6
15,1710.6
28,1711.2
4,1713.6
17,1714.8
23,1715.3
27,1715.8
1,1716.2
7,1716.3
25,1716.6
31,1716.6
14,1717.0
15,1717.8
6,1718.0
28,1718.0
4,1721.2
27,1722.7
1,1722.8
17,1723.3
15,1724.1
28,1724.2
31,1724.3
25,1724.6
7,1725.2
23,1725.4
14,1725.8
19,1726.0
6,1726.2
27,1728.6
1,1728.9
30,1729.0
4,1729.2
15,1730.1
17,1730.3
28,1730.7
31,1731.9
25,1732.9
7,1734.2
14,1735.0
1,1735.4
23,1735.8
15,1736.2
17,1736.7
3,1736.8
6,1737.0
28,1738.2
31,1740.3
1,1741.8
3,1742.3
15,1742.3
4,1742.5
7,1743.0
17,1743.6
14,1743.7
6,1747.2
15,1748.0
3,1748.4
28,1748.4
1,1748.7
23,1749.3
7,1749.8
31,1749.9
2,1750.6
4,1751.5
18,1753.1
15,1753.7
30,1754.2
17,1754.9
6,1755.0
7,1755.8
2,1755.8
31,1757.3
3,1758.1
4,1758.2
28,1758.6
18,1758.6
15,1759.6
19,1760.8
1,1761.2
7,1761.5
6,1761.7
2,1761.9
14,1762.0
8,1762.6
17,1763.9
4,1764.2
18,1764.5
31,1764.5
15,1765.2
30,1765.2
28,1766.5
7,1767.1
5,1768.6
6,1768.9
25,1769.7
4,1770.0
14,1770.1
18,1770.2
15,1771.0
2,1771.0
29,1771.3
8,1771.4
7,1772.5
31,1773.3
5,1774.2
4,1775.7
18,1775.7
28,1777.0
29,1777.2
25,1777.5
15,1777.5
7,1778.1
6,1779.6
5,1780.4
14,1780.6
18,1781.3
4,1781.8
17,1782.1
29,1783.9
7,1784.1
25,1786.0
5,1786.5
18,1786.8
15,1788.0
4,1789.2
8,1789.8
29,1790.5
7,1791.7
14,1791.8
31,1792.0
18,1792.5
17,1793.2
1,1793.3
25,1794.4
15,1796.5
29,1796.8
8,1797.9
18,1798.1
14,1799.0
31,1800.3
25,1802.1
6,1802.2
1,1802.9
18,1803.4
29,1803.5
30,1803.7
8,1805.2
4,1805.3
14,1805.3
7,1805.4
28,1806.1
0,1806.5
15,1807.0
18,1808.8
31,1811.1
2,1811.7
3,1811.7
14,1811.9
17,1812.0
29,1812.0
0,1812.2
4,1812.8
1,1812.9
7,1813.0
25,1813.7
8,1816.0
28,1816.0
6,1816.7
0,1818.1
30,1818.1
31,1818.8
3,1819.4
2,1819.7
1,1819.9
29,1820.2
17,1821.0
4,1821.0
7,1821.4
14,1822.9
13,1824.7
3,1825.8
1,1826.0
2,1826.2
31,1826.4
6,1826.6
7,1829.5
30,1830.7
3,1832.0
29,1832.4
1,1832.4
2,1832.5
13,1832.8
18,1834.5
4,1837.4
31,1837.4
3,1838.3
7,1838.4
1,1839.0
2,1839.2
18,1840.0
17,1840.8
23,1842.8
7,1845.3
13,1845.5
18,1845.7
2,1846.0
4,1846.1
1,1846.6
3,1847.0
15,1849.3
14,1849.4
17,1849.9
31,1850.3
18,1851.5
7,1851.6
2,1852.1
6,1852.1
28,1852.3
13,1853.4
4,1853.7
5,1854.3
3,1854.6
23,1855.3
15,1856.4
7,1857.7
18,1857.7
2,1857.9
31,1859.6
5,1859.6
6,1860.8
13,1860.9
14,1861.3
4,1862.1
28,1862.2
3,1862.3
15,1863.0
2,1863.4
7,1864.0
5,1865.3
17,1865.7
18,1866.7
2,1869.0
15,1870.4
5,1870.9
4,1871.1
7,1871.2
0,1872.7
6,1873.0
17,1873.5
13,1873.8
2,1875.1
3,1875.5
5,1876.3
0,1878.0
7,1879.1
4,1879.4
2,1881.5
17,1881.9
19,1883.6
19,1889.1
2,1889.2
4,1893.4
27,1893.9
28,1894.2
7,1894.2
23,1895.0
19,1895.2
3,1895.5
14,1895.9
5,1896.3
29,1896.6
4,1900.8
28,1901.4
5,1901.6
18,1902.2
7,1902.8
30,1903.0
3,1903.0
1,1903.3
14,1903.9
19,1904.8
29,1906.0
5,1907.4
4,1907.5
28,1907.8
23,1908.0
7,1910.1
18,1910.2
3,1910.7
1,1910.9
31,1911.2
30,1911.9
6,1912.3
19,1912.5
29,1913.0
14,1913.9
4,1914.2
2,1914.8
28,1914.9
7,1916.4
31,1919.0
30,1919.3
19,1919.6
29,1919.9
18,1919.9
15,1920.2
1,1920.2
4,1920.3
17,1920.5
8,1921.1
28,1921.4
6,1921.6
14,1922.1
7,1922.2
2,1922.7
31,1925.6
19,1925.8
4,1926.1
18,1926.7
17,1927.5
28,1928.0
7,1928.1
30,1928.2
15,1928.7
14,1929.0
29,1929.2
8,1929.6
19,1931.6
4,1931.7
3,1932.1
31,1932.2
2,1932.6
18,1932.8
17,1933.7
7,1933.9
14,1935.3
28,1936.0
19,1937.1
29,1937.9
18,1938.8
6,1939.2
31,1939.5
15,1939.6
7,1939.8
17,1939.9
3,1940.1
14,1941.8
19,1942.6
18,1945.1
30,1946.1
7,1946.7
17,1947.6
4,1947.7
28,1947.7
19,1948.3
14,1949.4
3,1950.3
29,1950.8
2,1951.1
13,1951.1
18,1951.3
31,1952.3
4,1953.2
19,1954.0
17,1954.4
30,1954.7
18,1957.5
3,1957.7
7,1958.5
13,1958.9
2,1959.0
4,1959.2
19,1959.6
17,1961.8
15,1961.9
6,1964.0
28,1964.8
18,1965.0
3,1966.0
30,1967.5
4,1967.7
2,1968.0
17,1969.1
13,1969.4
1,1969.6
15,1970.4
6,1972.5
31,1973.3
28,1974.1
5,1976.5
17,1976.6
3,1976.8
18,1977.3
1,1977.3
2,1977.4
13,1977.6
15,1978.3
28,1981.2
7,1981.7
5,1982.2
23,1982.3
29,1982.7
17,1984.2
3,1984.6
13,1985.0
6,1985.0
2,1985.1
18,1985.7
1,1987.3
28,1987.7
5,1988.1
4,1989.4
15,1989.9
7,1990.2
29,1990.6
2,1991.9
3,1993.6
14,1993.8
23,1993.8
28,1994.2
17,1994.7
13,1995.4
4,1996.8
18,1996.9
7,1997.6
25,1998.3
2,1999.2
1,2000.3
29,2000.9
28,2000.9
31,2002.2
15,2004.4
4,2004.7
7,2004.9
14,2006.2
25,2007.1
2,2007.2
31,2010.8
28,2011.2
1,2011.7
7,2012.2
23,2012.8
5,2014.1
19,2014.4
15,2015.3
14,2018.0
18,2018.1
8,2018.6
7,2019.2
25,2019.8
5,2019.9
0,2021.0
6,2021.6
15,2022.7
31,2023.4
28,2024.1
23,2024.2
18,2025.6
14,2025.9
5,2026.3
0,2026.7
7,2027.1
8,2027.4
25,2027.6
15,2029.4
6,2030.6
29,2032.3
5,2032.4
18,2032.4
0,2033.5
28,2035.5
4,2035.9
25,2036.4
14,2036.5
15,2036.5
5,2038.2
7,2040.1
29,2040.2
18,2040.7
3,2041.1
2,2041.2
13,2041.4
17,2041.9
4,2043.5
5,2043.7
25,2043.8
28,2044.3
31,2044.8
18,2047.5
15,2047.7
5,2049.0
2,2049.1
3,2049.1
13,2049.4
29,2049.9
17,2050.5
1,2050.9
4,2051.7
25,2052.9
6,2053.6
18,2053.6
0,2054.3
5,2054.5
2,2055.7
3,2055.8
29,2056.5
1,2057.8
17,2057.9
4,2058.8
14,2058.9
8,2058.9
18,2059.5
13,2060.3
5,2060.4
28,2060.4
6,2060.9
15,2061.1
2,2062.3
29,2062.3
3,2062.5
0,2062.9
1,2063.8
4,2065.5
17,2066.1
23,2066.8
8,2067.2
14,2067.3
7,2067.4
30,2067.5
6,2067.5
25,2067.7
5,2067.7
13,2068.0
29,2068.1
2,2068.5
31,2068.6
3,2068.7
15,2069.0
21,2069.2
1,2069.5
28,2070.2
0,2071.5
4,2071.9
17,2073.1
6,2073.9
2,2074.2
5,2074.4
14,2074.6
21,2074.9
13,2075.1
1,2075.1
15,2076.9
25,2077.5
0,2078.6
4,2078.7
17,2079.4
2,2079.6
6,2080.0
5,2080.4
8,2080.4
28,2080.7
21,2080.8
1,2081.0
31,2081.3
14,2081.7
13,2084.6
0,2084.7
30,2085.0
15,2085.3
17,2085.4
6,2086.1
21,2086.6
1,2087.2
25,2087.4
28,2087.4
14,2088.5
31,2088.9
4,2089.0
7,2089.2
8,2089.7
23,2089.8
0,2090.8
17,2091.0
6,2091.9
21,2092.2
15,2092.9
28,2093.0
30,2094.2
1,2094.3
14,2094.8
31,2096.4
17,2096.4
0,2096.7
6,2097.5
7,2097.5
8,2098.6
23,2099.4
5,2101.2
14,2101.6
17,2102.0
4,2102.2
0,2102.7
15,2102.9
30,2103.2
6,2103.4
7,2104.1
5,2106.3
13,2107.1
31,2108.5
28,2108.6
0,2109.0
6,2109.9
7,2110.3
4,2111.0
25,2111.4
14,2111.7
17,2112.3
28,2114.0
13,2115.0
7,2116.5
0,2118.1
8,2118.1
25,2119.2
14,2119.6
6,2119.7
28,2119.9
30,2120.5
31,2121.7
4,2122.7
7,2123.0
13,2125.0
15,2125.3
28,2126.2
8,2126.3
6,2126.6
14,2127.0
23,2127.1
25,2127.6
31,2128.8
30,2130.5
7,2131.5
15,2132.4
1,2132.5
6,2132.8
28,2133.0
0,2133.7
14,2133.8
31,2135.2
3,2135.7
8,2138.6
15,2138.7
6,2139.2
1,2140.1
2,2140.5
28,2141.2
14,2141.3
3,2141.5
17,2141.6
31,2141.7
0,2143.4
30,2144.3
15,2145.2
2,2146.2
4,2146.6
6,2146.9
3,2148.5
28,2148.8
1,2148.8
5,2149.3
31,2150.3
2,2152.2
30,2152.7
15,2154.1
29,2154.3
0,2154.4
25,2154.7
14,2154.9
5,2154.9
3,2155.3
1,2155.5
28,2156.2
2,2158.2
29,2159.6
5,2161.3
30,2161.6
1,2161.7
0,2162.0
3,2162.6
28,2162.9
25,2163.1
2,2164.0
29,2164.9
22,2167.9
1,2168.0
0,2168.7
14,2169.0
3,2169.1
7,2169.5
2,2169.9
28,2170.1
29,2170.4
5,2171.9
22,2173.2
0,2174.9
29,2175.7
3,2175.8
2,2175.9
1,2176.0
25,2176.6
14,2178.0
22,2179.3
29,2181.1
0,2181.2
2,2182.1
3,2182.5
5,2182.6
28,2182.8
30,2185.7
29,2186.5
14,2187.5
25,2188.0
22,2188.2
2,2188.4
1,2188.5
0,2188.6
3,2188.8
5,2190.9
29,2192.1
8,2194.1
30,2194.4
22,2194.6
25,2194.8
2,2194.8
3,2195.0
6,2195.1
14,2195.1
1,2195.6
31,2195.6
5,2197.2
10,2199.8
25,2200.9
2,2201.3
30,2201.4
3,2201.4
14,2202.2
1,2202.3
5,2203.0
8,2203.0
7,2203.3
15,2203.7
31,2203.7
6,2204.2
10,2205.5
25,2208.0
30,2208.5
3,2209.3
4,2211.0
2,2211.3
14,2211.4
0,2211.7
28,2211.8
10,2212.1
1,2212.4
6,2213.2
31,2213.7
23,2213.9
8,2214.2
15,2214.6
7,2215.2
4,2217.8
28,2218.8
30,2218.9
6,2219.8
25,2220.0
14,2220.1
31,2221.9
15,2221.9
7,2222.5
8,2223.7
4,2223.8
10,2224.5
28,2224.7
23,2224.9
30,2226.5
14,2228.0
7,2228.9
15,2229.4
31,2229.6
4,2229.8
25,2230.9
14,2235.0
7,2235.4
28,2235.5
8,2235.5
30,2236.3
31,2236.4
15,2236.6
4,2236.8
25,2240.2
28,2240.7
10,2240.8
1,2241.5
14,2243.0
7,2243.2
31,2243.6
4,2243.7
15,2244.9
3,2245.7
6,2245.8
13,2245.9
2,2245.9
28,2246.3
23,2247.0
25,2247.6
10,2248.0
7,2249.9
4,2250.1
31,2250.8
14,2251.3
1,2251.4
15,2251.7
28,2252.3
3,2253.5
2,2253.7
13,2253.9
30,2253.9
10,2254.3
25,2254.7
4,2256.0
7,2256.1
23,2257.1
31,2257.8
15,2258.2
28,2258.3
14,2259.8
5,2260.1
10,2260.3
17,2261.4
4,2261.8
8,2261.9
25,2262.1
3,2262.3
7,2262.4
30,2262.5
2,2262.7
13,2264.0
15,2264.2
28,2264.4
31,2264.5
0,2265.4
5,2265.8
10,2266.1
17,2267.0
23,2268.6
25,2268.8
14,2269.7
7,2269.9
15,2270.1
28,2270.5
5,2271.5
30,2271.7
31,2271.9
10,2272.1
3,2272.8
17,2273.2
0,2275.2
25,2276.1
15,2276.4
5,2277.1
14,2277.5
28,2277.6
10,2278.1
3,2281.9
7,2282.3
5,2282.6
15,2282.7
0,2283.0
17,2283.1
31,2283.4
10,2284.1
14,2284.2
2,2284.6
28,2286.0
1,2287.8
5,2288.4
15,2289.2
0,2289.6
10,2290.0
3,2290.1
17,2290.9
14,2291.4
5,2294.6
1,2295.1
4,2295.4
25,2295.9
0,2296.0
17,2297.6
15,2298.2
30,2300.2
4,2300.8
1,2301.6
14,2302.0
3,2302.1
0,2302.9
7,2303.0
5,2303.6
17,2304.1
25,2305.1
4,2306.7
6,2306.7
2,2307.9
13,2308.1
1,2308.9
30,2309.1
31,2309.7
3,2309.7
10,2311.1
15,2311.4
0,2311.6
14,2311.9
25,2311.9
6,2312.2
17,2312.8
4,2312.8
2,2315.0
13,2316.1
10,2316.4
3,2316.6
1,2317.5
6,2317.6
25,2318.1
31,2318.6
4,2319.0
21,2320.3
0,2320.5
2,2321.3
10,2321.8
15,2322.3
6,2323.0
14,2323.3
7,2323.6
25,2324.2
3,2324.8
21,2325.9
4,2326.3
1,2326.7
17,2326.8
13,2327.2
10,2327.4
2,2327.4
5,2327.6
0,2328.6
6,2328.8
22,2329.8
3,2331.2
7,2331.3
14,2331.5
21,2331.5
31,2331.7
25,2331.9
10,2333.1
2,2333.2
1,2334.6
0,2335.3
22,2335.7
6,2335.8
17,2335.8
3,2337.0
21,2337.2
19,2338.2
2,2338.9
10,2339.4
5,2339.8
7,2339.8
14,2340.4
8,2340.9
15,2341.2
1,2341.5
0,2341.5
22,2341.8
25,2342.8
21,2343.4
17,2344.0
2,2344.6
14,2347.2
22,2347.5
30,2347.6
31,2347.7
0,2347.7
6,2347.8
5,2347.9
1,2348.0
10,2349.0
21,2349.5
8,2349.5
2,2350.3
4,2350.8
28,2351.7
25,2351.8
14,2353.2
15,2354.2
31,2354.5
5,2354.6
0,2354.6
1,2355.1
6,2355.1
2,2356.3
17,2356.7
7,2357.0
4,2357.7
30,2358.4
28,2359.0
14,2359.2
31,2360.3
5,2360.9
0,2361.2
6,2361.3
2,2362.4
10,2362.6
15,2362.7
4,2363.6
1,2364.6
14,2365.2
28,2365.4
7,2366.2
3,2366.9
6,2367.3
5,2367.4
0,2367.6
30,2368.1
8,2368.5
2,2368.6
10,2369.2
4,2369.3
14,2371.7
1,2371.9
28,2372.3
3,2372.4
25,2373.0
6,2373.1
15,2373.5
0,2373.7
5,2373.8
7,2373.9
10,2375.0
2,2375.4
30,2378.6
6,2378.7
3,2378.7
0,2379.6
5,2379.8
1,2379.9
14,2381.2
7,2383.3
17,2383.3
28,2384.4
5,2385.6
0,2385.7
2,2386.1
30,2390.0
10,2390.8
3,2390.9
5,2391.3
15,2392.6
0,2393.0
14,2394.5
2,2395.8
1,2395.9
10,2396.2
5,2396.9
17,2397.8
3,2399.0
0,2400.1
10,2401.8
5,2402.5
30,2402.8
2,2402.9
15,2402.9
28,2403.4
1,2403.7
14,2406.2
3,2406.3
10,2407.5
17,2407.8
5,2408.3
0,2408.6
6,2409.7
2,2409.8
19,2410.1
15,2411.7
3,2413.1
1,2413.3
14,2413.4
28,2414.5
5,2414.6
6,2415.3
19,2415.5
17,2415.6
10,2417.9
14,2419.9
8,2420.2
6,2420.7
3,2420.7
2,2420.8
5,2420.9
19,2421.2
15,2421.8
7,2422.3
23,2422.9
10,2423.1
17,2423.2
0,2423.7
30,2424.6
6,2426.0
14,2426.0
28,2427.1
5,2427.2
3,2427.5
1,2428.3
10,2428.4
8,2428.5
2,2429.2
7,2429.6
17,2430.4
0,2430.7
14,2431.7
30,2433.1
5,2433.6
3,2434.0
28,2434.3
23,2434.6
1,2435.1
7,2436.2
2,2436.4
0,2436.7
19,2437.0
14,2437.5
17,2437.5
5,2439.9
3,2440.4
15,2440.9
28,2440.9
1,2441.2
8,2441.3
19,2442.4
0,2442.8
14,2443.6
17,2444.1
7,2444.3
2,2444.6
30,2444.8
5,2446.3
28,2447.2
1,2447.6
3,2447.7
19,2448.1
0,2449.5
17,2450.6
6,2451.6
14,2451.6
5,2452.8
19,2454.1
28,2454.2
10,2454.4
17,2457.2
6,2457.3
1,2457.7
4,2458.1
2,2458.4
5,2459.8
10,2460.0
19,2460.1
0,2460.7
31,2463.2
4,2463.4
17,2463.4
25,2463.7
6,2463.8
7,2464.1
3,2465.0
1,2465.3
10,2466.0
19,2466.5
2,2466.7
28,2467.5
31,2468.8
4,2469.0
17,2469.1
25,2470.6
0,2470.6
5,2471.5
1,2471.7
10,2472.2
3,2472.6
2,2473.9
7,2474.3
4,2474.4
31,2474.8
17,2474.9
19,2475.1
25,2477.0
10,2478.2
0,2478.2
3,2479.7
17,2480.2
14,2480.5
2,2480.6
7,2481.3
28,2482.2
31,2482.4
6,2483.0
10,2484.1
25,2484.2
17,2485.5
0,2485.6
3,2486.8
2,2487.0
7,2487.6
1,2487.8
28,2489.2
31,2489.6
14,2489.9
10,2490.1
6,2490.5
17,2491.2
0,2492.7
15,2492.7
1,2493.1
3,2493.4
7,2494.0
2,2494.1
28,2495.8
19,2495.8
10,2495.9
31,2496.9
17,2497.8
25,2498.0
6,2498.7
14,2499.0
1,2499.0
5,2499.7
3,2500.6
0,2500.7
10,2501.5
7,2502.4
28,2504.0
2,2504.9
1,2506.9
31,2507.7
3,2508.8
14,2509.7
17,2510.3
7,2511.1
6,2512.4
19,2512.5
28,2513.0
5,2513.2
23,2513.3
31,2515.5
15,2516.1
3,2517.7
7,2518.0
6,2520.0
5,2520.1
28,2520.7
19,2520.8
14,2521.4
10,2522.2
31,2523.0
15,2523.8
7,2524.0
0,2524.5
23,2524.5
1,2524.5
30,2524.9
2,2525.3
5,2526.1
3,2526.2
6,2526.4
17,2526.6
28,2526.9
31,2529.6
7,2529.9
14,2530.1
15,2530.3
1,2531.4
19,2531.6
5,2532.3
6,2532.7
2,2532.9
0,2533.0
3,2533.3
30,2533.5
23,2534.7
17,2535.5
7,2535.7
31,2535.7
8,2536.8
15,2536.8
1,2537.4
14,2537.5
19,2538.7
6,2539.2
3,2539.3
2,2539.5
13,2539.6
0,2539.7
5,2540.0
7,2541.3
31,2542.4
30,2543.0
15,2543.3
1,2543.6
14,2544.0
19,2544.9
8,2545.5
2,2545.9
0,2546.0
7,2547.1
13,2547.3
17,2547.8
23,2548.0
4,2548.1
28,2548.1
31,2549.0
6,2549.0
1,2549.7
15,2550.0
0,2552.3
2,2552.3
5,2553.1
7,2553.4
28,2553.5
4,2553.7
8,2553.9
17,2555.4
31,2555.9
1,2556.2
13,2556.9
15,2557.7
25,2559.0
0,2559.1
28,2559.2
5,2560.0
4,2560.1
6,2560.2
2,2560.6
29,2562.9
7,2562.9
17,2563.4
15,2565.0
28,2565.1
1,2565.7
5,2566.0
31,2566.0
25,2566.6
29,2568.3
6,2568.3
2,2568.6
30,2568.6
13,2568.9
0,2569.2
17,2570.6
28,2571.4
5,2571.9
15,2572.1
4,2572.7
14,2573.9
29,2574.5
25,2575.2
10,2575.3
2,2575.9
13,2577.1
30,2577.8
5,2578.4
6,2578.9
17,2578.9
14,2579.3
28,2579.8
10,2580.9
15,2581.0
4,2583.4
29,2584.0
2,2584.1
14,2585.4
30,2586.1
10,2586.9
0,2587.4
5,2587.6
28,2588.4
13,2589.7
4,2591.1
2,2592.0
14,2592.4
31,2592.5
10,2593.1
15,2594.1
0,2596.0
3,2596.8
30,2597.8
19,2597.9
10,2599.2
2,2599.4
14,2600.0
4,2600.2
6,2601.0
28,2601.3
29,2601.4
31,2601.5
5,2602.0
3,2602.6
19,2603.2
7,2604.7
15,2604.8
0,2604.9
10,2605.3
4,2607.7
19,2608.8
8,2609.3
29,2609.5
14,2609.5
2,2609.6
3,2609.9
6,2609.9
5,2610.2
0,2611.5
10,2611.7
7,2612.6
19,2614.5
31,2615.9
14,2616.4
4,2616.5
15,2617.2
0,2617.4
29,2617.8
5,2618.1
8,2618.1
2,2618.2
13,2618.2
3,2619.0
10,2619.1
7,2621.6
14,2622.6
0,2623.0
31,2623.9
28,2624.2
6,2624.4
5,2624.6
29,2624.8
2,2625.1
3,2625.9
8,2626.0
13,2626.2
1,2626.4
17,2626.6
15,2627.7
0,2628.7
14,2628.9
7,2630.4
10,2630.9
31,2630.9
29,2631.1
28,2631.2
2,2631.2
6,2631.3
3,2632.0
15,2634.5
17,2634.6
4,2634.6
0,2634.9
1,2634.9
14,2634.9
23,2636.2
13,2636.9
29,2637.1
2,2637.1
6,2637.3
28,2637.4
31,2637.4
7,2637.5
8,2637.5
3,2637.8
10,2638.8
15,2640.5
14,2640.5
0,2641.4
4,2641.4
17,2641.9
1,2642.1
6,2643.2
28,2643.4
31,2643.6
2,2643.6
7,2644.3
10,2645.5
15,2646.2
13,2646.3
4,2647.3
23,2647.5
0,2647.6
6,2648.8
1,2648.9
28,2649.4
2,2649.8
31,2649.9
17,2651.3
25,2651.6
15,2651.7
10,2652.0
7,2652.8
4,2653.3
0,2653.5
6,2654.3
13,2654.3
21,2654.7
1,2655.7
2,2655.8
28,2656.1
31,2657.0
15,2657.1
25,2658.7
0,2659.3
8,2659.5
10,2659.9
4,2659.9
6,2660.1
2,2661.9
13,2662.3
15,2662.8
1,2663.0
29,2663.3
31,2665.1
25,2665.2
0,2665.5
30,2665.7
6,2666.1
5,2667.3
8,2667.4
23,2668.6
15,2668.7
10,2668.7
29,2668.7
2,2668.9
28,2669.5
7,2670.0
31,2671.8
6,2672.1
4,2672.1
25,2672.5
5,2672.8
0,2674.0
29,2674.4
1,2674.4
15,2674.7
17,2675.1
2,2675.6
10,2676.3
30,2676.3
31,2677.9
23,2678.4
6,2678.4
5,2678.5
7,2678.5
8,2679.1
29,2680.3
15,2681.5
1,2682.0
2,2682.1
10,2683.1
17,2684.0
5,2684.2
31,2684.4
0,2685.4
6,2687.2
2,2688.3
7,2689.2
5,2689.5
14,2689.7
10,2689.9
1,2691.2
15,2692.4
4,2692.6
28,2692.9
31,2693.0
21,2693.7
0,2693.8
2,2694.4
14,2694.9
10,2696.7
7,2698.0
17,2698.5
21,2699.0
1,2699.3
0,2700.2
2,2700.3
14,2700.9
30,2704.3
21,2704.6
10,2704.7
7,2704.8
6,2705.6
23,2705.8
0,2706.1
2,2706.2
31,2706.8
17,2707.7
4,2708.9
14,2709.0
7,2710.9
1,2710.9
29,2711.4
30,2711.5
0,2712.0
2,2712.2
10,2712.4
6,2714.3
17,2714.8
31,2715.0
7,2716.5
4,2716.9
15,2717.3
23,2717.3
30,2718.2
2,2718.3
10,2718.8
1,2719.8
28,2720.0
6,2721.1
17,2721.3
31,2721.7
7,2722.0
25,2722.8
14,2723.3
4,2723.8
2,2724.2
10,2724.6
30,2724.7
13,2726.9
6,2727.5
28,2727.8
31,2727.9
17,2728.6
2,2730.1
10,2730.2
14,2730.7
8,2731.0
4,2731.1
30,2732.2
6,2734.1
31,2734.2
13,2734.2
1,2734.9
23,2735.2
28,2735.8
15,2736.2
14,2737.2
7,2737.7
8,2739.3
17,2740.7
13,2741.0
31,2741.3
6,2742.0
1,2742.4
4,2742.7
7,2742.9
30,2743.3
14,2743.5
25,2746.2
17,2748.0
7,2748.6
1,2748.8
13,2748.8
14,2751.0
6,2751.2
4,2751.7
30,2751.9
31,2752.7
25,2753.7
17,2754.2
1,2754.8
7,2754.9
28,2756.4
0,2757.0
4,2758.6
6,2759.7
17,2760.4
25,2760.4
1,2760.7
15,2763.6
7,2763.6
30,2763.9
4,2764.6
28,2766.1
17,2767.1
25,2767.2
14,2769.2
31,2769.6
4,2770.6
30,2771.6
6,2772.3
15,2772.5
8,2773.5
1,2776.2
14,2776.6
25,2776.8
4,2777.1
17,2778.0
31,2778.2
30,2778.7
15,2780.0
28,2780.5
6,2781.2
1,2781.5
8,2782.2
14,2783.3
7,2784.0
23,2784.8
4,2787.2
15,2787.4
1,2787.5
30,2787.9
28,2787.9
6,2789.0
31,2790.1
14,2791.8
7,2792.2
15,2794.4
28,2794.5
23,2795.8
1,2796.5
4,2796.9
25,2797.4
6,2798.5
3,2799.7
2,2800.3
28,2801.0
7,2801.4
15,2803.4
8,2803.5
4,2804.2
14,2804.6
30,2805.7
3,2805.8
2,2805.9
31,2805.9
6,2806.4
1,2807.2
25,2807.4
28,2807.5
7,2809.0
23,2809.7
8,2811.9
4,2812.1
2,2812.2
14,2812.9
30,2812.9
31,2813.1
6,2813.1
28,2814.1
3,2815.6
7,2816.2
25,2817.2
13,2817.3
5,2817.8
1,2818.4
2,2818.4
4,2818.7
6,2819.0
31,2819.4
30,2819.9
28,2820.4
23,2821.5
3,2822.9
5,2823.0
2,2824.7
6,2824.8
4,2824.8
7,2825.2
14,2825.3
13,2825.3
31,2825.8
28,2826.8
25,2827.2
1,2828.0
0,2828.5
5,2828.8
3,2829.5
4,2831.0
2,2831.3
30,2831.4
15,2832.2
28,2833.1
14,2833.4
31,2833.9
0,2834.3
8,2834.4
5,2835.9
3,2836.5
4,2837.3
13,2837.4
10,2838.3
28,2839.6
15,2840.8
14,2841.6
0,2841.7
2,2842.2
3,2842.9
4,2843.8
10,2844.0
28,2845.7
15,2849.7
3,2849.7
10,2850.0
14,2851.4
28,2851.8
31,2853.4
30,2853.9
4,2853.9
10,2856.2
29,2856.6
28,2858.0
3,2860.6
31,2861.7
29,2862.0
18,2862.3
14,2862.9
10,2863.7
30,2864.3
28,2864.9
5,2864.9
25,2865.0
22,2867.5
29,2867.6
18,2867.7
3,2869.8
4,2870.3
27,2871.2
30,2872.3
5,2872.4
25,2872.8
31,2873.2
14,2875.3
27,2876.4
28,2878.2
4,2879.7
15,2880.1
5,2880.1
30,2880.7
31,2881.3
27,2881.8
25,2881.8
14,2883.6
23,2884.2
2,2884.6
8,2884.7
5,2887.0
27,2887.4
10,2888.4
31,2889.7
6,2889.9
14,2890.4
15,2891.0
8,2893.3
5,2893.5
4,2893.6
6,2895.5
14,2896.8
17,2897.3
31,2897.5
15,2899.8
5,2900.2
30,2901.1
29,2901.6
7,2901.9
6,2902.0
27,2902.9
4,2903.1
14,2903.6
17,2905.6
31,2905.9
5,2906.8
29,2906.9
27,2908.4
30,2910.2
28,2910.7
6,2911.1
15,2912.5
4,2912.6
29,2912.9
31,2912.9
7,2913.1
14,2913.9
17,2914.0
5,2914.5
6,2917.9
28,2918.5
29,2919.0
10,2919.1
31,2919.3
4,2919.7
30,2920.0
17,2921.5
2,2922.8
6,2924.0
28,2925.2
29,2925.2
31,2926.1
4,2927.1
19,2927.4
5,2927.5
10,2927.9
3,2929.6
8,2929.6
14,2930.1
17,2930.1
6,2930.2
1,2930.3
29,2931.4
28,2931.5
2,2931.7
19,2933.0
31,2934.7
7,2935.2
29,2937.3
3,2937.3
6,2937.5
5,2937.5
17,2937.9
25,2937.9
28,2938.2
8,2938.3
1,2938.3
14,2938.9
4,2939.4
2,2939.8
3,2943.5
0,2944.9
10,2945.3
5,2945.4
17,2945.5
1,2945.5
25,2945.7
14,2946.1
2,2947.3
28,2948.6
3,2949.3
8,2950.4
31,2951.6
6,2951.7
14,2952.4
0,2952.6
10,2953.7
5,2954.7
25,2954.9
3,2955.1
1,2955.8
17,2955.9
28,2956.7
2,2958.1
14,2958.4
6,2959.1
31,2959.3
3,2960.6
10,2960.7
7,2961.6
0,2962.1
5,2962.1
8,2962.1
23,2962.3
28,2964.3
14,2964.6
3,2966.4
6,2966.6
31,2967.5
10,2967.6
5,2969.4
7,2970.2
14,2971.0
3,2972.4
23,2972.4
8,2975.6
28,2976.1
5,2976.8
14,2977.6
7,2978.9
3,2979.1
10,2979.1
6,2979.3
1,2980.1
25,2980.3
5,2983.3
23,2985.1
31,2985.3
14,2985.5
15,2985.5
7,2986.6
3,2988.8
25,2988.9
5,2989.1
1,2989.9
0,2990.9
14,2993.4
31,2993.5
27,2994.5
5,2994.7
15,2995.5
19,2997.6
7,2997.8
0,2998.9
9,2999.3
