1,89.8
3,90.2
7,90.5
6,105.4
1,105.4
2,106.4
3,107.1
7,109.3
4,114.8
0,116.9
6,117.1
1,124.8
1,169.5
3,169.9
7,170.2
1,184.5
6,184.6
2,185.6
3,186.0
7,188.3
0,193.1
6,193.7
4,193.7
1,194.5
5,194.8
3,196.9
7,200.3
2,203.2
6,205.2
1,249.4
3,249.8
7,250.0
1,262.5
6,264.6
2,265.5
3,265.8
7,267.7
4,273.5
1,274.4
6,276.1
0,276.4
7,280.7
1,634.5
3,634.9
7,635.1
1,649.7
6,649.8
3,650.4
2,650.6
7,652.7
4,656.9
0,658.2
6,660.1
1,660.7
5,665.7
7,673.6
1,714.3
3,714.7
7,714.9
1,726.6
6,728.9
3,729.7
2,730.1
7,732.0
4,735.9
1,736.7
6,737.0
0,737.7
2,739.6
5,740.5
3,741.1
7,743.8
6,746.4
1,747.8
1,794.2
3,794.6
7,794.7
6,802.5
1,806.0
3,809.7
2,810.1
7,811.8
6,812.4
4,815.7
1,816.4
0,817.9
6,823.4
7,824.9
1,874.1
3,874.5
7,874.7
6,881.7
1,885.5
3,889.7
2,890.0
7,891.8
6,892.2
1,895.6
0,896.2
4,897.0
5,897.2
2,900.1
6,900.5
3,901.0
7,903.5
1,906.3
6,912.3
1,1259.3
7,1259.7
3,1259.7
1,1271.1
6,1274.6
2,1275.0
3,1275.1
7,1276.8
4,1281.4
1,1281.6
0,1282.0
6,1283.3
5,1285.9
3,1286.5
2,1288.0
7,1288.5
6,1293.7
1,1293.9
1,1339.0
3,1339.4
7,1339.5
6,1346.6
1,1349.7
3,1354.4
2,1354.7
7,1356.1
6,1356.9
1,1359.7
4,1361.0
0,1361.7
5,1362.6
6,1364.8
3,1365.8
7,1365.8
2,1369.5
1,1370.0
6,1374.4
1,1419.0
3,1419.3
7,1419.5
6,1425.3
1,1429.4
3,1434.3
2,1434.6
7,1435.9
6,1437.4
1,1439.5
4,1441.0
0,1442.0
3,1445.9
2,1446.6
5,1447.0
7,1447.3
6,1448.1
1,1450.9
1,1498.9
3,1499.3
7,1499.4
6,1503.4
4,1505.4
1,1509.1
3,1514.3
2,1514.8
7,1515.7
6,1516.4
1,1519.0
0,1522.2
6,1525.2
5,1525.9
4,1526.2
3,1526.3
2,1526.5
7,1527.4
1,1528.2
6,1538.1
1,1548.7
1,1884.1
3,1884.4
7,1884.5
6,1891.9
1,1894.8
3,1899.7
2,1899.9
7,1901.0
6,1902.5
1,1905.1
4,1906.0
0,1906.2
5,1909.7
2,1910.4
3,1910.9
6,1910.9
7,1912.3
1,1914.9
6,1923.2
1,1963.9
3,1964.2
7,1964.3
6,1967.6
4,1969.8
1,1973.7
3,1979.1
2,1979.8
7,1980.3
6,1981.0
1,1983.3
0,1986.2
5,1987.2
6,1988.8
7,1989.7
2,1990.0
3,1990.2
4,1990.4
1,1991.6
6,1997.6
1,2002.1
2,2002.2
1,2043.8
3,2044.1
7,2044.2
6,2047.2
4,2049.4
1,2053.2
3,2059.0
2,2059.6
7,2060.2
6,2060.8
1,2062.5
0,2066.4
4,2070.0
3,2070.3
6,2070.3
5,2070.4
7,2071.2
1,2072.2
2,2075.3
6,2083.0
1,2123.8
3,2124.1
7,2124.2
6,2126.9
4,2129.3
1,2133.1
3,2139.0
2,2139.7
7,2140.1
6,2140.7
1,2142.5
0,2146.7
5,2148.6
6,2149.8
4,2149.9
7,2150.2
2,2150.3
3,2150.4
1,2151.0
6,2162.3
1,2163.3
1,2509.0
7,2509.3
3,2509.3
6,2512.5
4,2514.8
1,2519.0
3,2524.3
2,2525.0
7,2525.6
6,2526.4
1,2529.0
0,2530.7
5,2534.0
6,2534.8
4,2535.0
2,2535.1
3,2535.2
7,2536.7
1,2538.5
6,2546.2
1,2588.7
3,2589.0
7,2589.2
6,2591.8
4,2593.8
1,2597.8
2,2597.9
3,2603.8
7,2605.2
6,2605.6
1,2606.8
2,2609.6
0,2611.0
6,2613.4
5,2614.1
4,2614.2
7,2614.3
3,2614.6
1,2614.7
2,2618.7
6,2622.0
1,2624.0
7,2627.3
1,2668.7
3,2669.0
7,2669.1
6,2671.7
4,2672.6
2,2675.8
1,2677.6
7,2682.1
3,2683.8
6,2685.6
1,2686.4
0,2690.2
2,2690.7
7,2692.3
5,2693.2
4,2693.3
3,2694.7
6,2694.7
1,2695.4
6,2707.0
7,2710.5
1,2748.7
3,2749.0
7,2749.1
6,2751.4
4,2752.2
2,2755.8
1,2757.5
5,2758.2
7,2762.1
3,2763.8
6,2765.5
1,2766.3
2,2770.1
0,2771.5
7,2772.3
4,2773.1
6,2774.3
1,2774.4
3,2774.9
5,2779.4
2,2780.9
7,2784.1
6,2784.9
1,2785.2
3,3133.2
1,3133.2
7,3133.4
4,3134.8
6,3134.8
2,3135.3
5,3135.5
1,3140.3
7,3141.5
3,3142.4
1,3147.0
0,3148.5
6,3149.9
2,3150.9
7,3151.7
3,3152.5
1,3154.5
4,3155.6
5,3159.1
6,3159.5
2,3162.6
1,3163.8
7,3164.9
3,3171.2
1,3213.0
3,3213.0
7,3213.3
4,3214.5
6,3214.7
2,3215.0
5,3215.3
1,3220.1
7,3221.3
3,3222.0
1,3226.6
6,3227.7
0,3230.0
2,3230.2
7,3231.1
3,3231.3
1,3233.6
4,3235.4
6,3237.4
5,3239.4
1,3240.8
2,3241.3
7,3241.6
3,3244.2
6,3248.5
1,3250.0
3,3293.0
1,3293.0
7,3293.3
4,3294.5
6,3294.6
2,3295.0
5,3295.3
1,3300.0
7,3301.2
3,3302.0
1,3306.4
6,3307.8
2,3310.4
7,3311.0
3,3311.6
1,3313.3
4,3315.6
0,3316.6
5,3318.3
6,3318.5
1,3321.6
7,3323.3
3,3324.8
2,3325.9
6,3336.5
1,3373.0
3,3373.0
7,3373.3
4,3374.5
6,3374.7
2,3375.0
5,3375.3
1,3380.0
7,3381.2
3,3382.0
1,3386.4
6,3389.4
2,3390.5
7,3391.0
3,3391.6
1,3393.3
4,3395.8
0,3396.7
6,3399.6
1,3401.2
7,3401.6
3,3404.8
2,3408.8
1,3414.5
1,3758.2
3,3758.2
7,3758.4
4,3759.7
5,3760.5
1,3765.3
7,3766.5
3,3767.4
1,3772.0
0,3772.6
6,3775.6
2,3776.4
3,3777.0
7,3777.3
1,3779.2
4,3780.7
5,3784.0
3,3787.7
1,3788.9
2,3789.1
6,3793.0
1,3838.0
3,3838.0
7,3838.3
4,3839.5
5,3840.3
1,3845.1
7,3846.3
3,3846.9
1,3851.5
6,3854.9
3,3855.9
2,3856.0
7,3856.5
1,3858.4
4,3860.4
5,3863.9
1,3865.9
3,3866.4
6,3866.6
2,3867.9
7,3868.0
1,3877.7
1,3918.0
3,3918.0
7,3918.3
4,3919.5
5,3920.3
1,3925.0
7,3926.2
3,3927.0
1,3931.3
6,3934.9
2,3935.2
3,3936.1
7,3936.5
1,3938.0
4,3940.7
5,3942.9
3,3945.7
1,3946.4
6,3952.8
3,3998.0
1,3998.0
7,3998.2
4,3999.5
5,4000.3
1,4005.0
7,4006.2
3,4006.8
1,4011.3
6,4014.9
3,4016.0
7,4016.4
2,4016.7
1,4018.1
4,4020.9
5,4026.4
1,4026.6
3,4026.8
7,4028.1
6,4031.2
3,4383.2
1,4383.2
7,4383.4
5,4384.6
1,4390.3
7,4391.5
3,4392.4
1,4397.0
5,4397.6
0,4397.7
6,4400.6
2,4401.8
7,4402.0
3,4402.1
1,4403.9
4,4408.0
1,4412.5
3,4413.3
2,4413.4
5,4414.2
6,4418.5
3,4463.0
1,4463.0
7,4463.3
5,4464.5
1,4470.1
4,4470.3
7,4471.3
3,4471.9
1,4476.5
5,4476.7
6,4479.9
2,4481.0
3,4481.1
7,4481.5
1,4483.1
0,4486.8
1,4490.0
3,4490.9
6,4491.7
2,4491.7
7,4492.3
5,4499.0
1,4499.3
1,4543.0
3,4543.0
7,4543.3
5,4544.4
1,4550.0
4,4550.1
7,4551.2
3,4551.9
1,4556.4
5,4557.0
6,4559.9
7,4561.1
3,4561.1
2,4561.1
1,4562.9
0,4566.4
1,4570.2
3,4570.7
4,4573.8
5,4574.4
1,4582.4
3,4623.0
1,4623.0
7,4623.3
5,4624.4
4,4629.6
1,4630.0
7,4631.2
3,4631.6
1,4636.4
5,4636.8
6,4639.9
3,4640.8
7,4641.4
2,4642.0
1,4643.0
0,4646.7
1,4650.1
3,4651.5
6,4652.1
7,4653.3
2,4653.4
1,4660.8
1,5008.2
3,5008.2
7,5008.4
5,5009.1
1,5015.3
7,5016.5
3,5017.5
5,5018.9
1,5022.0
0,5022.8
7,5027.1
3,5027.2
6,5028.4
1,5029.5
4,5031.3
2,5032.9
5,5033.3
3,5039.3
1,5039.7
0,5040.2
6,5045.4
3,5088.0
1,5088.0
7,5088.3
5,5089.0
4,5094.4
1,5095.1
7,5096.3
3,5096.9
5,5098.4
1,5101.5
0,5101.6
3,5106.0
7,5106.2
6,5107.0
1,5108.5
5,5112.8
2,5112.9
4,5113.8
3,5114.7
7,5116.1
6,5116.4
1,5116.5
0,5117.6
3,5128.0
1,5129.6
1,5168.0
3,5168.0
7,5168.3
5,5169.0
4,5174.5
1,5175.0
7,5176.2
3,5176.8
5,5178.3
1,5181.3
7,5185.9
3,5186.0
6,5186.9
1,5188.2
0,5189.1
5,5192.1
2,5193.1
4,5194.2
1,5196.8
3,5197.1
6,5203.8
1,5248.0
3,5248.0
7,5248.3
5,5249.0
4,5254.3
1,5255.0
7,5256.2
3,5256.9
5,5258.3
1,5261.4
7,5266.1
3,5266.1
6,5267.5
1,5268.3
0,5269.4
2,5271.9
5,5273.0
4,5275.0
3,5275.0
7,5276.4
1,5276.9
6,5278.7
1,5633.2
3,5633.2
7,5633.4
5,5634.1
1,5640.3
7,5641.5
3,5642.6
5,5643.9
1,5646.9
0,5649.3
7,5651.4
2,5651.6
3,5652.7
1,5654.5
6,5655.1
4,5656.1
5,5656.6
0,5662.3
3,5663.7
1,5664.3
2,5669.7
1,5713.0
3,5713.0
7,5713.3
5,5714.0
6,5719.0
4,5719.5
1,5720.1
7,5721.3
3,5721.9
5,5723.4
1,5726.4
7,5730.5
2,5730.5
3,5731.2
1,5733.4
0,5734.3
5,5735.9
6,5736.7
3,5740.1
4,5740.9
7,5741.0
1,5741.3
2,5746.7
6,5748.9
1,5754.1
5,5756.2
7,5761.0
3,5793.0
1,5793.0
7,5793.2
5,5794.0
6,5798.3
4,5799.5
1,5800.0
7,5801.2
3,5801.8
5,5803.3
1,5806.3
7,5810.1
2,5810.7
3,5811.1
1,5813.1
0,5814.0
5,5816.3
6,5817.7
4,5818.9
3,5820.6
1,5821.4
5,5834.1
1,5873.0
3,5873.0
7,5873.3
5,5874.0
6,5878.8
4,5879.5
1,5880.0
7,5881.2
3,5881.9
5,5883.3
1,5886.3
7,5890.3
2,5890.9
3,5891.4
1,5893.3
0,5894.6
5,5896.6
6,5897.7
4,5900.7
3,5901.0
1,5901.5
7,5902.6
2,5908.0
5,5915.1
6,5917.3
1,6258.2
3,6258.9
7,6259.0
5,6259.1
1,6265.3
5,6269.0
7,6269.5
1,6272.1
3,6275.3
0,6278.4
4,6278.5
1,6279.0
5,6279.6
2,6279.8
6,6281.1
3,6285.9
1,6286.6
5,6291.1
0,6295.5
1,6298.7
4,6300.0
1,6338.0
3,6338.7
7,6338.9
5,6339.0
6,6343.8
4,6344.2
1,6345.0
5,6348.3
7,6349.1
1,6351.5
3,6354.4
0,6357.7
1,6358.0
5,6358.5
2,6359.2
4,6360.2
6,6362.2
3,6364.2
1,6364.7
7,6368.0
5,6368.2
1,6372.6
0,6377.4
3,6383.1
4,6383.3
1,6418.0
3,6418.7
7,6418.8
5,6419.0
6,6423.6
4,6424.4
1,6425.0
5,6428.2
7,6429.0
1,6431.3
3,6432.2
1,6437.8
0,6438.2
5,6439.0
4,6440.7
2,6442.1
3,6442.2
6,6443.4
1,6444.8
5,6449.7
1,6455.2
1,6498.0
3,6498.7
5,6498.9
7,6498.9
6,6503.7
4,6504.1
1,6505.0
5,6508.0
7,6509.1
1,6511.3
3,6514.7
1,6517.9
0,6518.5
5,6518.7
4,6521.1
2,6522.6
6,6523.2
3,6524.4
1,6524.8
5,6530.5
1,6534.3
4,6543.1
1,6883.4
3,6883.9
5,6884.1
7,6884.7
1,6891.1
5,6893.9
6,6894.3
1,6899.6
3,6900.6
0,6902.1
4,6903.2
5,6905.1
6,6909.2
2,6909.7
1,6909.8
5,6916.3
0,6920.0
3,6921.5
4,6922.2
1,6963.2
3,6963.7
5,6964.0
7,6964.4
6,6969.3
4,6969.4
1,6970.8
5,6973.2
1,6978.5
3,6979.8
0,6982.3
5,6983.9
6,6985.3
4,6986.2
7,6986.5
1,6987.1
2,6987.6
5,6995.4
3,7000.5
4,7004.0
1,7007.5
1,7043.2
3,7043.7
5,7044.0
7,7044.5
6,7048.7
4,7049.4
1,7050.7
5,7053.3
1,7058.3
3,7060.0
0,7062.8
5,7064.4
6,7065.8
1,7066.8
4,7066.8
2,7067.0
5,7075.3
1,7080.2
1,7123.2
3,7123.8
5,7123.9
7,7124.5
6,7128.6
4,7129.4
1,7130.7
5,7133.0
1,7138.4
3,7140.0
0,7143.2
5,7144.3
6,7145.7
1,7146.8
4,7147.2
7,7149.0
2,7149.7
3,7153.0
5,7157.3
1,7159.4
4,7165.6
1,7508.4
5,7509.1
1,7516.1
5,7518.9
1,7525.2
4,7526.6
6,7527.7
0,7527.8
5,7529.1
3,7530.7
1,7534.5
4,7537.8
2,7539.1
5,7539.7
1,7552.8
1,7588.2
5,7589.0
4,7594.3
6,7594.3
1,7595.7
5,7598.3
1,7603.9
0,7607.3
5,7608.1
4,7610.3
3,7610.6
6,7611.4
1,7611.6
2,7611.7
7,7614.1
5,7618.0
1,7620.6
4,7622.6
1,7668.2
5,7668.9
4,7673.8
6,7673.9
1,7675.6
5,7677.9
1,7683.5
5,7687.8
0,7688.6
4,7690.0
3,7690.6
1,7691.2
6,7691.7
2,7696.1
5,7697.4
1,7701.4
1,7748.2
5,7748.9
6,7754.0
4,7754.3
1,7755.7
5,7757.9
1,7763.7
5,7767.9
0,7768.9
4,7770.1
3,7770.8
6,7771.2
1,7771.5
2,7773.8
5,7777.5
1,7782.1
4,7783.2
1,8133.9
5,8134.1
1,8142.8
5,8143.9
4,8151.7
0,8153.5
1,8153.5
6,8154.7
5,8155.4
3,8158.4
2,8162.0
1,8163.8
4,8164.0
1,8213.7
5,8214.0
4,8219.3
6,8219.4
1,8222.4
5,8223.3
1,8232.8
0,8233.1
5,8234.6
4,8235.8
2,8238.1
6,8238.3
3,8238.4
1,8242.0
5,8246.5
4,8253.8
1,8293.7
5,8293.9
4,8299.1
6,8299.2
1,8302.2
5,8303.0
1,8312.7
0,8314.1
5,8314.3
4,8315.5
6,8318.2
3,8320.1
1,8323.1
5,8336.5
1,8373.7
5,8373.9
6,8379.2
4,8379.3
1,8382.3
5,8383.0
1,8393.0
0,8394.2
5,8394.5
4,8395.7
6,8398.3
2,8399.4
1,8402.5
5,8405.8
5,8758.8
1,8759.5
5,8766.9
1,8770.8
4,8776.4
5,8776.6
6,8779.5
0,8780.9
1,8782.1
2,8786.9
5,8787.8
4,8788.1
5,8838.6
1,8839.4
4,8844.5
6,8844.8
5,8846.5
1,8850.0
5,8855.5
4,8859.9
1,8860.8
2,8862.0
0,8862.5
5,8863.8
6,8865.3
3,8867.0
4,8873.1
5,8873.4
1,8877.5
5,8918.6
1,8919.4
4,8923.8
6,8924.1
5,8926.3
1,8930.1
5,8935.0
4,8939.3
1,8941.1
0,8941.3
5,8944.1
5,8998.6
1,8999.4
4,9004.4
6,9004.4
5,9006.3
1,9010.2
5,9015.2
4,9019.8
1,9021.4
2,9022.2
0,9023.4
5,9023.5
6,9025.9
5,9033.8
5,9384.2
0,9384.9
1,9386.3
5,9395.4
4,9400.9
1,9403.8
0,9404.8
6,9406.6
5,9408.0
4,9411.7
2,9412.0
5,9464.1
0,9464.5
1,9466.0
4,9469.2
6,9470.0
5,9475.1
1,9483.5
0,9484.4
4,9485.1
5,9487.5
2,9490.1
6,9491.5
5,9504.9
5,9544.0
0,9544.5
1,9546.0
6,9549.1
4,9549.5
5,9554.6
1,9563.6
0,9564.5
4,9564.5
5,9566.6
2,9568.7
4,9576.8
5,9624.0
0,9624.6
1,9625.9
4,9629.3
6,9629.3
5,9634.7
1,9643.7
0,9645.0
4,9645.4
2,9646.5
5,9646.9
6,9652.0
