40,671.7
4,735.6
40,814.8
37,826.8
11,827.4
4,838.3
40,895.0
37,909.0
4,911.4
11,914.2
40,1277.1
30,1279.1
11,1279.4
37,1279.7
4,1285.8
16,1292.9
40,1359.7
11,1364.1
37,1364.3
44,1364.8
4,1370.2
30,1374.9
40,1437.9
37,1442.4
16,1445.9
11,1446.2
4,1455.6
40,1516.9
30,1518.3
37,1520.7
44,1521.6
11,1524.7
60,1525.2
16,1527.7
4,1530.5
19,1534.9
30,1900.7
40,1901.2
37,1903.4
11,1903.5
19,1906.3
16,1908.3
60,1908.7
4,1910.1
30,1981.4
40,1983.0
44,1983.2
11,1985.5
37,1988.0
4,1993.5
60,1995.3
16,1996.7
40,2061.7
37,2066.2
19,2067.8
11,2069.1
30,2072.9
16,2073.9
4,2077.0
60,2083.4
40,2140.9
44,2144.3
37,2144.7
11,2148.2
19,2149.5
16,2151.3
30,2153.2
4,2153.4
60,2157.8
30,2525.7
40,2526.8
11,2528.6
37,2529.6
19,2529.7
60,2532.5
16,2533.8
4,2534.9
30,2606.4
44,2608.1
40,2608.8
11,2610.6
37,2613.6
60,2617.8
4,2618.6
16,2621.8
51,2622.0
19,2622.3
40,2686.6
37,2691.3
11,2693.2
30,2698.0
19,2698.2
16,2698.9
4,2700.0
60,2703.0
40,2765.9
37,2769.2
11,2772.7
19,2774.6
44,2774.6
16,2776.3
30,2778.2
4,2780.4
60,2781.1
30,3142.5
40,3142.9
19,3144.2
11,3144.4
60,3144.6
37,3144.7
51,3145.1
16,3146.2
4,3146.3
44,3148.5
25,3150.1
12,3163.8
30,3221.4
40,3221.5
11,3222.7
60,3223.1
37,3223.5
19,3224.4
51,3224.5
4,3224.8
16,3225.7
44,3227.3
25,3231.3
40,3300.8
30,3302.2
11,3302.9
37,3303.0
60,3303.4
19,3303.9
51,3305.0
16,3305.2
4,3305.8
44,3307.6
25,3312.9
39,3332.3
40,3380.7
30,3382.2
37,3382.3
11,3382.7
19,3383.2
60,3383.4
16,3384.5
51,3384.8
4,3385.9
44,3387.4
25,3391.9
40,3767.9
19,3769.2
11,3769.4
60,3769.6
37,3769.8
30,3771.2
16,3771.2
4,3773.6
44,3773.7
51,3774.5
12,3789.0
25,3791.5
45,3808.1
40,3846.2
11,3847.6
60,3847.7
37,3848.5
19,3849.4
16,3850.4
30,3850.4
4,3851.7
44,3852.0
51,3854.4
40,3925.8
37,3928.0
11,3928.1
60,3928.3
19,3928.9
16,3930.2
30,3932.4
44,3932.9
4,3933.6
51,3936.2
39,3958.6
40,4005.8
37,4007.3
11,4007.9
19,4008.2
60,4008.3
16,4009.6
30,4012.6
44,4012.7
4,4013.7
51,4015.9
40,4393.0
60,4393.0
37,4393.5
19,4394.4
11,4394.7
30,4394.8
16,4396.5
4,4397.8
51,4399.7
13,4408.1
44,4408.3
32,4415.4
41,4415.8
25,4416.2
12,4418.7
60,4470.4
40,4471.3
37,4471.8
11,4471.9
30,4472.4
19,4473.9
16,4475.1
4,4475.3
51,4479.0
13,4489.4
44,4491.7
41,4497.0
45,4499.8
60,4550.3
40,4550.5
37,4551.2
11,4552.1
19,4553.2
30,4553.9
16,4554.4
4,4556.2
51,4559.5
13,4570.2
41,4573.1
39,4576.3
32,4577.4
44,4580.0
60,4630.3
40,4630.4
37,4630.5
11,4631.6
19,4632.5
30,4633.7
16,4633.8
4,4636.2
51,4639.1
13,4649.9
41,4650.3
25,4670.3
40,5018.0
60,5018.2
37,5019.4
19,5019.8
4,5022.8
16,5023.4
30,5023.6
11,5024.6
51,5025.5
13,5027.4
12,5028.8
44,5035.2
28,5036.9
41,5038.7
32,5040.0
25,5042.1
60,5096.3
40,5096.3
37,5098.5
19,5099.8
4,5100.4
16,5102.7
11,5103.5
30,5103.6
51,5106.5
13,5107.9
12,5114.2
44,5118.8
8,5118.8
41,5122.4
40,5175.8
60,5176.5
37,5178.2
19,5178.9
4,5181.1
16,5181.7
11,5184.0
30,5185.4
51,5187.3
13,5188.0
12,5198.3
41,5199.5
44,5207.4
40,5255.7
60,5256.4
37,5258.0
19,5258.6
4,5261.0
16,5261.7
11,5263.6
30,5264.6
51,5267.1
13,5267.2
12,5274.9
41,5276.5
32,5285.2
36,5287.0
44,5302.1
60,5643.1
19,5644.8
37,5645.1
40,5646.6
30,5648.7
16,5648.7
13,5654.1
4,5654.3
25,5663.0
12,5663.0
44,5663.6
32,5666.2
41,5666.6
11,5668.6
60,5721.0
37,5725.2
19,5725.3
40,5725.7
30,5726.9
16,5728.6
4,5735.0
13,5736.6
8,5741.5
44,5755.6
41,5758.5
60,5801.3
19,5804.4
40,5805.1
37,5805.2
16,5807.5
30,5808.8
13,5819.8
4,5821.8
41,5830.8
32,5832.2
60,5881.3
19,5884.0
37,5884.9
40,5885.3
16,5887.3
30,5888.3
13,5898.8
4,5902.6
44,5905.1
41,5906.7
60,6268.3
30,6271.0
16,6273.9
19,6274.3
37,6277.0
40,6277.1
25,6277.5
13,6280.5
4,6281.2
28,6288.2
44,6289.7
41,6291.4
8,6302.3
60,6347.4
30,6350.1
16,6353.8
19,6356.7
40,6357.7
25,6357.8
4,6363.0
37,6365.7
44,6389.5
60,6427.7
30,6431.0
16,6433.4
19,6437.1
40,6438.5
13,6440.5
41,6442.2
25,6444.1
37,6457.2
4,6462.4
60,6507.4
30,6510.5
16,6512.5
19,6516.3
40,6518.9
25,6524.7
44,6530.6
41,6530.6
37,6532.3
13,6532.8
60,6893.2
30,6895.7
16,6898.9
19,6899.6
40,6902.3
37,6902.6
28,6903.1
13,6906.4
12,6907.7
45,6910.4
41,6915.9
60,6972.0
30,6975.4
16,6979.3
19,6982.2
40,6984.8
37,6993.1
13,6996.8
60,7052.5
30,7055.9
16,7058.8
19,7061.8
40,7066.1
28,7067.7
41,7070.8
13,7079.7
60,7132.3
30,7135.6
16,7138.1
19,7141.1
37,7142.2
40,7146.2
13,7156.3
41,7158.0
60,7519.1
30,7520.6
16,7524.2
12,7525.5
40,7528.1
28,7528.2
37,7528.6
13,7531.5
45,7537.8
19,7538.3
41,7541.4
38,7548.2
60,7597.5
30,7600.6
16,7604.7
40,7608.7
37,7624.5
13,7624.9
60,7678.1
30,7681.2
16,7684.5
40,7689.5
41,7698.4
12,7700.2
28,7700.8
37,7704.5
13,7708.4
60,7757.8
30,7760.4
16,7763.8
40,7769.2
13,7780.3
37,7780.8
41,7792.9
30,8143.8
60,8147.6
28,8153.8
41,8154.7
51,8156.3
13,8156.6
12,8157.1
27,8160.8
16,8160.9
11,8162.5
17,8163.2
45,8170.7
30,8223.2
60,8226.7
41,8238.5
4,8238.7
13,8243.8
51,8256.0
30,8303.1
60,8308.6
28,8318.4
11,8319.8
16,8320.4
41,8320.9
13,8322.2
30,8382.9
60,8388.3
51,8395.0
13,8398.9
41,8399.2
28,8404.2
11,8404.7
8,8406.5
30,8774.0
45,8777.5
25,8778.4
41,8780.6
4,8780.7
13,8782.3
8,8784.3
17,8785.2
12,8785.2
48,8789.0
21,8793.0
9,8793.9
28,8794.1
50,8797.0
60,8809.9
30,8853.9
45,8862.2
41,8862.6
25,8863.5
4,8863.9
8,8869.4
13,8872.5
21,8878.5
30,8935.5
45,8944.6
4,8947.2
8,8947.8
41,8948.2
25,8948.9
13,8950.1
21,8964.3
48,8969.5
30,9014.5
45,9022.7
4,9024.4
8,9025.2
13,9026.1
25,9027.7
41,9028.6
21,9044.9
17,9400.7
45,9401.8
25,9403.0
57,9403.6
54,9403.6
4,9405.0
55,9408.1
8,9408.1
30,9409.9
48,9412.6
21,9414.9
28,9417.5
50,9417.7
38,9418.9
9,9421.2
41,9423.9
3,9428.8
25,9485.9
45,9486.7
4,9487.4
8,9493.0
54,9494.7
21,9501.1
17,9564.3
57,9565.4
45,9571.5
4,9572.0
25,9572.3
8,9575.1
21,9583.0
55,9588.8
54,9641.6
4,9649.8
45,9649.9
17,9650.3
25,9651.8
8,9652.7
21,9661.6
30,9666.1
38,9669.2
41,9670.6
