356,96.5
121,97.2
155,97.4
308,99.0
351,99.0
217,99.8
315,100.1
256,100.4
247,100.5
174,100.7
70,100.9
269,101.4
134,101.5
317,101.7
249,101.9
369,102.2
111,102.5
185,102.6
93,102.7
278,104.6
22,105.4
113,105.6
24,106.9
361,107.1
267,107.4
303,108.3
294,108.7
344,109.3
52,109.4
199,109.6
257,109.7
9,109.9
49,109.9
170,110.0
17,110.2
336,110.5
84,112.4
33,112.8
108,113.7
173,113.9
356,175.6
121,176.2
155,176.5
308,177.8
351,178.0
217,179.0
315,179.1
247,179.4
256,179.5
70,179.8
174,180.0
269,180.0
134,180.5
369,180.8
317,180.9
249,181.0
185,181.3
111,181.4
93,181.7
278,182.6
22,183.4
94,184.1
114,184.4
113,184.8
266,184.9
198,185.1
246,185.2
361,185.3
182,185.4
24,185.8
130,185.8
267,186.6
345,186.7
34,187.0
303,187.2
294,187.6
226,188.0
52,188.3
344,188.5
17,188.5
199,188.5
257,188.6
336,188.8
9,188.8
167,188.9
49,189.1
86,189.3
170,189.6
195,189.7
210,189.8
228,190.9
33,191.5
223,191.9
108,192.7
356,255.6
121,256.2
155,256.4
308,257.8
351,258.0
217,258.9
315,259.0
247,259.2
256,259.5
70,259.8
174,259.9
269,260.0
134,260.4
317,260.5
369,260.8
249,260.9
111,261.0
185,261.1
93,261.5
278,262.6
22,263.5
113,264.3
24,264.7
361,265.2
84,265.2
303,266.1
267,266.1
294,266.7
52,267.3
173,267.4
257,267.9
17,268.0
199,268.0
207,268.0
344,268.0
94,268.3
9,268.6
336,268.6
49,268.9
170,269.2
246,269.3
352,269.5
114,270.3
198,270.8
33,271.0
130,271.2
108,272.3
356,641.2
121,641.8
155,642.0
351,643.4
308,643.4
217,644.1
315,644.4
256,644.6
247,644.9
174,644.9
70,645.0
269,645.7
134,645.8
249,645.9
317,645.9
369,646.2
111,646.4
93,646.8
185,646.8
278,648.8
113,649.3
267,649.5
22,649.6
257,650.4
24,650.8
361,650.8
94,651.0
344,651.1
114,651.2
266,651.6
199,651.7
170,651.8
198,652.0
303,652.0
246,652.1
49,652.4
84,652.4
294,652.5
9,652.5
182,652.9
52,653.0
130,653.0
336,653.6
17,653.8
173,655.2
226,655.2
345,655.4
33,655.6
108,656.1
210,657.6
167,657.9
223,658.9
195,659.7
356,720.4
121,721.0
155,721.2
308,722.5
351,722.7
217,723.5
315,723.6
247,723.9
256,724.0
70,724.2
174,724.3
269,724.5
134,724.9
369,725.2
317,725.2
249,725.3
111,725.5
185,725.7
93,725.9
278,727.0
22,727.7
113,728.7
34,728.8
361,729.2
267,729.3
86,729.5
207,729.6
24,729.9
257,730.1
94,730.5
352,730.7
344,730.7
228,730.8
114,730.9
78,731.0
303,731.1
199,731.2
170,731.3
294,731.6
246,731.7
214,731.7
198,731.7
266,731.7
84,731.8
9,731.8
49,731.9
336,731.9
30,731.9
88,732.0
52,732.1
176,732.1
17,732.2
130,732.4
182,732.7
144,733.0
379,733.4
345,733.7
173,734.0
33,734.4
108,734.8
314,735.5
302,736.2
226,736.4
210,739.1
356,800.4
121,801.0
155,801.2
308,802.5
351,802.7
217,803.5
315,803.6
247,803.8
256,804.1
70,804.2
174,804.3
269,804.6
134,804.9
317,805.0
249,805.3
369,805.3
111,805.4
185,805.6
93,805.9
278,807.1
22,807.8
113,808.3
24,808.9
267,809.2
361,809.3
303,810.0
257,810.1
94,810.6
294,810.7
344,810.7
199,810.9
114,811.0
52,811.2
170,811.4
246,811.7
195,811.7
9,811.7
17,811.8
198,811.8
167,811.8
49,811.8
266,811.9
84,811.9
336,812.0
130,812.5
182,813.2
223,813.4
345,813.7
33,813.8
173,814.2
34,814.5
108,814.5
356,880.4
121,881.1
155,881.2
308,882.6
351,882.7
217,883.5
315,883.7
247,883.9
256,884.1
70,884.3
174,884.4
269,884.7
134,885.0
317,885.1
369,885.3
249,885.4
111,885.5
185,885.7
93,886.0
278,887.2
22,887.9
113,888.4
24,889.0
267,889.3
361,889.4
86,889.7
207,889.8
303,890.1
257,890.3
226,890.7
294,890.8
94,890.8
352,890.9
344,890.9
199,891.1
78,891.2
114,891.2
228,891.2
52,891.3
170,891.5
210,891.7
9,891.9
246,891.9
17,891.9
49,892.0
214,892.0
336,892.1
198,892.1
266,892.2
84,892.2
30,892.6
88,892.6
176,892.6
130,892.8
144,893.4
345,894.0
182,894.1
33,894.1
379,894.3
173,894.5
108,894.8
302,896.4
195,897.3
314,897.6
356,1266.2
121,1266.7
155,1266.9
351,1268.3
308,1268.3
217,1268.9
315,1269.2
256,1269.4
247,1269.6
174,1269.6
70,1269.8
269,1270.4
134,1270.5
249,1270.6
317,1270.6
369,1270.8
111,1271.0
93,1271.4
185,1271.5
278,1273.5
267,1273.7
113,1273.8
22,1274.3
257,1274.4
94,1274.8
114,1274.9
344,1275.2
266,1275.3
24,1275.3
361,1275.4
198,1275.8
199,1275.9
170,1275.9
246,1276.1
182,1276.1
303,1276.4
84,1276.4
49,1276.5
9,1276.6
130,1276.8
34,1276.9
294,1277.0
52,1277.5
336,1277.9
207,1278.0
226,1278.4
86,1278.4
17,1278.4
228,1279.1
345,1279.2
173,1279.4
352,1279.6
33,1279.8
108,1280.3
210,1280.4
167,1280.7
88,1280.9
195,1281.1
223,1281.6
176,1282.1
356,1345.3
121,1345.9
155,1346.1
308,1347.4
351,1347.6
217,1348.3
315,1348.4
247,1348.7
256,1348.9
70,1349.0
174,1349.1
269,1349.3
134,1349.7
369,1349.9
317,1349.9
249,1350.0
111,1350.2
185,1350.4
93,1350.6
278,1351.8
22,1352.4
113,1353.3
267,1353.5
361,1353.8
257,1354.2
94,1354.5
24,1354.5
78,1354.6
114,1354.8
344,1354.9
266,1355.3
170,1355.4
214,1355.4
199,1355.5
30,1355.5
198,1355.5
303,1355.6
246,1355.7
84,1355.8
182,1355.9
49,1356.1
9,1356.1
294,1356.2
336,1356.2
130,1356.3
52,1356.6
17,1356.7
144,1356.7
379,1357.1
252,1357.3
34,1357.4
345,1357.5
173,1357.9
209,1358.0
226,1358.4
302,1358.5
33,1358.6
314,1358.6
108,1358.9
86,1358.9
207,1359.3
167,1359.8
8,1360.2
210,1360.4
195,1360.5
228,1360.5
223,1362.4
356,1425.3
121,1426.0
155,1426.2
308,1427.4
351,1427.6
217,1428.3
315,1428.4
247,1428.7
256,1428.9
70,1429.0
174,1429.1
269,1429.4
134,1429.7
317,1429.8
369,1430.0
249,1430.1
111,1430.2
185,1430.5
93,1430.6
278,1431.9
22,1432.5
113,1432.9
267,1433.5
24,1433.5
361,1433.9
257,1434.4
94,1434.6
303,1434.6
352,1434.8
114,1434.9
344,1435.0
294,1435.3
199,1435.3
266,1435.5
170,1435.5
52,1435.7
198,1435.8
246,1435.9
84,1435.9
9,1436.0
49,1436.1
182,1436.2
17,1436.3
176,1436.3
88,1436.3
336,1436.3
130,1436.5
34,1437.5
345,1437.6
33,1438.1
173,1438.3
108,1438.6
226,1438.7
210,1440.2
195,1440.3
167,1440.5
356,1505.4
121,1506.0
155,1506.2
308,1507.5
351,1507.6
217,1508.4
315,1508.6
247,1508.7
256,1508.9
70,1509.1
174,1509.2
269,1509.5
134,1509.8
317,1509.9
369,1510.1
249,1510.1
111,1510.3
185,1510.6
93,1510.7
278,1512.0
22,1512.6
113,1513.0
24,1513.6
267,1513.7
86,1513.9
207,1514.0
361,1514.1
257,1514.5
303,1514.7
94,1514.8
114,1515.1
78,1515.1
344,1515.1
294,1515.4
199,1515.4
228,1515.5
214,1515.8
170,1515.8
266,1515.9
52,1515.9
246,1516.0
198,1516.0
30,1516.1
49,1516.2
84,1516.2
9,1516.2
17,1516.4
336,1516.5
130,1516.7
182,1516.8
144,1517.0
223,1517.9
345,1517.9
379,1517.9
252,1518.0
302,1518.1
34,1518.3
33,1518.3
173,1518.6
108,1518.9
226,1519.4
209,1519.7
314,1520.0
195,1520.9
210,1520.9
167,1521.7
356,1891.1
121,1891.7
155,1891.9
351,1893.2
308,1893.2
217,1893.8
315,1894.1
256,1894.3
174,1894.5
247,1894.5
70,1894.6
269,1895.3
134,1895.4
249,1895.4
317,1895.4
369,1895.7
111,1895.8
93,1896.2
185,1896.4
278,1898.3
267,1898.3
113,1898.6
257,1899.0
22,1899.1
114,1899.4
94,1899.4
266,1899.8
344,1899.8
361,1900.1
24,1900.1
198,1900.3
182,1900.4
170,1900.4
199,1900.5
246,1900.7
84,1900.8
49,1901.1
303,1901.2
34,1901.2
9,1901.2
130,1901.3
207,1901.8
294,1901.8
86,1902.2
52,1902.2
336,1902.5
226,1902.9
228,1903.1
352,1903.1
17,1903.1
78,1903.4
345,1903.6
173,1903.9
33,1904.4
176,1904.6
88,1904.6
210,1904.8
214,1904.9
108,1904.9
167,1905.2
195,1905.4
144,1905.7
223,1906.0
30,1906.1
379,1908.0
314,1908.9
356,1970.3
121,1970.9
155,1971.1
308,1972.3
351,1972.5
217,1973.2
315,1973.3
247,1973.6
256,1973.8
70,1973.9
174,1974.0
269,1974.2
134,1974.5
369,1974.8
317,1974.8
249,1974.9
111,1975.0
185,1975.3
93,1975.4
278,1976.6
22,1977.3
113,1978.1
267,1978.1
361,1978.6
257,1978.7
94,1979.1
114,1979.3
24,1979.3
344,1979.5
266,1979.8
170,1979.9
198,1980.0
199,1980.1
182,1980.3
84,1980.3
246,1980.3
303,1980.4
49,1980.7
9,1980.8
130,1980.8
294,1980.9
336,1980.9
52,1981.4
252,1981.4
209,1981.5
34,1981.5
17,1981.5
345,1981.9
86,1982.4
360,1982.5
173,1982.5
207,1982.6
226,1982.7
302,1982.7
33,1983.3
264,1983.5
108,1983.5
228,1983.8
150,1983.8
352,1983.8
8,1983.8
44,1983.8
167,1984.0
210,1984.7
195,1984.8
88,1985.3
223,1986.0
331,1986.2
144,1987.1
356,2050.3
121,2050.9
155,2051.1
308,2052.4
351,2052.5
217,2053.2
315,2053.3
247,2053.6
256,2053.8
70,2053.9
174,2054.0
269,2054.3
134,2054.6
317,2054.6
369,2054.9
249,2055.0
111,2055.0
185,2055.3
93,2055.5
278,2056.8
22,2057.4
113,2057.7
267,2058.1
24,2058.3
361,2058.7
257,2059.0
78,2059.2
94,2059.2
303,2059.4
114,2059.4
344,2059.7
199,2060.0
266,2060.0
294,2060.1
170,2060.1
30,2060.3
214,2060.3
198,2060.3
246,2060.4
182,2060.5
84,2060.5
52,2060.5
9,2060.6
176,2060.7
49,2060.8
336,2061.0
130,2061.0
17,2061.1
34,2061.6
345,2062.1
379,2062.2
33,2062.7
173,2062.8
86,2062.9
226,2063.0
108,2063.3
314,2063.5
207,2063.6
210,2064.4
228,2064.5
195,2064.5
352,2064.5
167,2064.7
223,2066.8
88,2067.7
356,2130.4
121,2131.0
155,2131.1
308,2132.5
351,2132.6
217,2133.3
315,2133.5
247,2133.6
256,2133.9
70,2134.0
174,2134.1
269,2134.5
134,2134.7
317,2134.8
249,2135.0
369,2135.0
111,2135.2
185,2135.5
93,2135.6
278,2136.9
22,2137.5
113,2137.9
267,2138.4
24,2138.4
361,2138.9
257,2139.2
94,2139.4
303,2139.5
114,2139.7
344,2139.8
199,2140.1
294,2140.3
266,2140.4
198,2140.5
170,2140.5
246,2140.6
52,2140.7
84,2140.8
49,2140.9
9,2140.9
182,2141.0
17,2141.2
336,2141.2
130,2141.3
144,2141.6
34,2142.1
252,2142.3
345,2142.4
302,2142.6
209,2142.6
33,2143.0
173,2143.2
108,2143.5
226,2143.6
86,2144.2
210,2144.9
195,2145.0
8,2145.1
167,2145.7
356,2516.1
121,2516.7
155,2516.8
351,2518.1
308,2518.2
217,2518.7
315,2519.0
256,2519.2
174,2519.4
247,2519.4
70,2519.5
269,2520.2
249,2520.3
317,2520.3
134,2520.3
369,2520.5
111,2520.6
93,2521.1
185,2521.3
267,2523.1
278,2523.2
113,2523.5
257,2523.8
22,2524.0
94,2524.1
114,2524.1
344,2524.5
266,2524.5
198,2525.0
361,2525.0
24,2525.0
182,2525.1
170,2525.2
199,2525.3
246,2525.4
84,2525.6
49,2525.9
34,2525.9
9,2526.0
130,2526.1
303,2526.1
207,2526.5
294,2526.7
86,2527.0
52,2527.1
336,2527.4
226,2527.6
78,2527.6
352,2527.7
228,2527.9
17,2528.0
345,2528.4
173,2528.7
176,2528.8
214,2529.0
33,2529.2
88,2529.3
210,2529.5
108,2529.7
167,2529.9
30,2529.9
195,2530.1
144,2530.1
223,2530.8
379,2532.3
314,2533.1
356,2595.3
121,2595.9
155,2596.1
308,2597.3
351,2597.4
315,2598.2
217,2598.2
247,2598.5
256,2598.7
70,2598.8
174,2598.9
269,2599.2
134,2599.5
317,2599.7
369,2599.7
249,2599.8
111,2600.0
185,2600.2
93,2600.4
278,2601.6
22,2602.2
267,2602.9
113,2602.9
361,2603.5
257,2603.6
94,2603.8
114,2604.0
24,2604.1
344,2604.3
266,2604.5
170,2604.7
198,2604.8
182,2604.9
84,2605.0
199,2605.0
246,2605.1
303,2605.3
9,2605.6
49,2605.6
130,2605.6
336,2605.7
294,2605.8
209,2605.9
252,2606.0
34,2606.1
17,2606.3
52,2606.3
360,2606.6
345,2606.7
207,2607.0
173,2607.2
86,2607.2
226,2607.3
302,2607.3
264,2607.4
150,2607.9
44,2608.0
33,2608.1
228,2608.3
8,2608.3
352,2608.3
108,2608.4
167,2608.7
210,2609.3
195,2609.4
78,2609.7
88,2609.9
214,2610.2
331,2610.3
223,2610.6
176,2610.8
144,2611.0
379,2612.5
356,2675.3
121,2675.9
155,2676.1
308,2677.3
351,2677.5
217,2678.2
315,2678.3
247,2678.5
256,2678.8
174,2678.9
70,2678.9
269,2679.2
134,2679.5
317,2679.6
369,2679.8
111,2679.9
249,2679.9
185,2680.3
93,2680.4
278,2681.7
22,2682.3
113,2682.6
267,2683.0
24,2683.2
361,2683.6
257,2683.8
94,2683.9
114,2684.1
303,2684.3
344,2684.5
266,2684.7
199,2684.8
170,2684.9
30,2685.0
294,2685.0
198,2685.1
246,2685.2
182,2685.2
84,2685.3
52,2685.4
9,2685.5
49,2685.6
130,2685.7
336,2685.9
17,2686.0
34,2686.2
345,2686.8
33,2687.5
173,2687.5
86,2687.7
226,2687.7
207,2687.9
108,2688.0
314,2688.3
210,2688.9
352,2688.9
228,2689.0
195,2689.2
167,2689.3
88,2691.3
223,2691.3
356,2755.4
121,2756.0
155,2756.1
308,2757.4
351,2757.5
217,2758.3
315,2758.4
247,2758.6
256,2758.8
174,2759.0
70,2759.0
269,2759.4
134,2759.6
317,2759.7
369,2759.9
249,2760.0
111,2760.1
185,2760.4
93,2760.5
278,2761.8
22,2762.4
113,2762.8
267,2763.3
24,2763.4
361,2763.7
257,2764.0
94,2764.2
78,2764.3
303,2764.4
114,2764.5
344,2764.6
266,2765.0
199,2765.0
170,2765.2
294,2765.2
198,2765.3
214,2765.4
246,2765.4
84,2765.6
182,2765.6
52,2765.6
176,2765.7
9,2765.7
49,2765.8
336,2766.1
17,2766.1
130,2766.1
144,2766.4
34,2766.7
209,2766.8
252,2766.9
345,2767.2
302,2767.2
379,2767.3
33,2767.8
173,2767.9
360,2768.0
226,2768.1
108,2768.3
86,2768.7
207,2769.1
8,2769.4
150,2769.4
195,2769.5
210,2769.5
167,2770.1
228,2770.1
352,2770.2
223,2772.8
356,3141.1
121,3141.7
155,3141.8
351,3143.1
308,3143.1
217,3143.7
315,3144.0
256,3144.2
174,3144.4
247,3144.4
70,3144.5
269,3145.1
317,3145.2
134,3145.2
249,3145.3
369,3145.5
111,3145.6
93,3146.0
185,3146.2
267,3148.0
278,3148.1
113,3148.4
257,3148.7
22,3148.9
114,3149.0
94,3149.0
344,3149.4
266,3149.4
182,3149.9
198,3149.9
24,3149.9
361,3149.9
170,3150.1
199,3150.3
246,3150.3
84,3150.5
34,3150.7
49,3150.8
130,3150.9
303,3151.0
9,3151.0
207,3151.5
294,3151.6
86,3152.0
52,3152.0
336,3152.3
78,3152.5
226,3152.5
352,3152.6
228,3152.8
17,3152.9
345,3153.2
173,3153.6
176,3153.7
214,3153.8
88,3154.1
33,3154.1
210,3154.3
30,3154.5
108,3154.6
167,3154.8
144,3154.8
195,3154.9
223,3155.8
379,3157.2
314,3157.6
356,3220.3
121,3220.8
155,3221.0
308,3222.2
351,3222.4
217,3223.1
315,3223.2
247,3223.5
256,3223.7
70,3223.8
174,3223.9
269,3224.1
134,3224.4
369,3224.7
317,3224.7
249,3224.8
111,3224.9
185,3225.2
93,3225.3
278,3226.5
22,3227.1
113,3227.9
267,3227.9
361,3228.4
257,3228.5
94,3228.7
114,3228.9
24,3229.1
344,3229.2
266,3229.3
170,3229.6
198,3229.7
182,3229.8
246,3229.9
199,3229.9
84,3229.9
303,3230.2
130,3230.4
9,3230.5
209,3230.5
49,3230.5
336,3230.6
252,3230.7
294,3230.8
34,3230.9
17,3231.2
52,3231.2
360,3231.4
345,3231.6
264,3231.8
207,3232.0
86,3232.1
173,3232.1
302,3232.1
226,3232.2
44,3232.5
150,3232.8
33,3233.0
228,3233.1
8,3233.1
352,3233.2
108,3233.3
167,3233.6
210,3234.1
78,3234.2
195,3234.3
88,3234.5
214,3234.8
331,3234.9
176,3235.3
30,3235.4
144,3235.6
223,3235.6
379,3237.0
356,3300.3
121,3301.0
155,3301.1
308,3302.3
351,3302.5
217,3303.2
315,3303.3
247,3303.5
256,3303.7
70,3303.9
174,3304.0
269,3304.3
134,3304.5
317,3304.6
369,3304.8
249,3304.9
111,3304.9
185,3305.3
93,3305.4
278,3306.7
22,3307.3
113,3307.5
267,3307.9
24,3308.2
361,3308.6
257,3308.7
94,3308.8
114,3309.0
303,3309.2
344,3309.3
199,3309.7
266,3309.8
170,3309.9
294,3310.0
198,3310.0
246,3310.1
84,3310.2
182,3310.2
52,3310.3
9,3310.4
49,3310.5
130,3310.7
336,3310.8
17,3310.9
34,3311.1
345,3311.7
33,3312.4
86,3312.6
173,3312.6
226,3312.7
207,3312.8
108,3312.9
314,3313.3
210,3313.7
352,3313.7
228,3314.0
195,3314.0
167,3314.3
88,3315.7
223,3316.3
356,3380.3
121,3381.0
155,3381.1
308,3382.4
351,3382.5
217,3383.2
315,3383.4
247,3383.6
256,3383.8
70,3383.9
174,3384.0
269,3384.4
134,3384.6
317,3384.7
369,3384.9
249,3385.0
111,3385.0
185,3385.4
93,3385.5
278,3386.8
22,3387.4
113,3387.7
267,3388.1
24,3388.3
361,3388.7
257,3388.8
78,3389.1
94,3389.1
114,3389.3
303,3389.4
344,3389.5
199,3389.9
266,3389.9
170,3390.1
294,3390.1
198,3390.2
246,3390.3
30,3390.3
214,3390.3
84,3390.4
182,3390.4
176,3390.5
52,3390.5
49,3390.6
9,3390.6
130,3390.9
17,3391.0
336,3391.0
144,3391.3
34,3391.5
209,3391.5
252,3391.6
302,3392.0
345,3392.0
379,3392.2
360,3392.6
173,3392.7
33,3392.7
226,3392.9
108,3393.2
86,3393.3
207,3393.5
8,3394.0
264,3394.0
150,3394.1
210,3394.2
195,3394.3
44,3394.7
167,3394.7
352,3394.7
228,3394.8
331,3397.4
223,3397.5
356,3766.1
155,3766.8
308,3768.1
351,3768.1
266,3768.2
217,3768.7
315,3768.9
78,3769.1
121,3769.2
256,3769.2
247,3769.4
70,3769.4
174,3769.4
269,3770.1
249,3770.3
111,3770.5
229,3770.7
94,3771.3
185,3771.3
331,3771.4
223,3772.0
267,3773.0
278,3773.1
113,3773.4
21,3773.4
257,3773.6
114,3773.9
22,3773.9
95,3774.3
344,3774.4
198,3774.8
24,3774.8
361,3774.9
199,3775.2
246,3775.2
376,3775.5
49,3775.8
303,3775.9
130,3775.9
9,3775.9
317,3776.3
207,3776.4
294,3776.5
52,3777.0
336,3777.2
369,3777.2
226,3777.4
352,3777.5
17,3777.9
345,3778.2
173,3778.5
176,3778.5
214,3778.6
30,3779.0
88,3779.0
33,3779.1
210,3779.2
108,3779.5
144,3779.7
167,3779.7
195,3779.8
379,3782.1
314,3782.3
356,3845.3
155,3846.0
308,3847.2
351,3847.4
266,3847.7
217,3848.1
121,3848.2
315,3848.2
247,3848.5
78,3848.6
70,3848.7
256,3848.7
174,3848.8
269,3849.1
249,3849.8
111,3849.9
229,3850.0
185,3850.2
331,3850.3
223,3850.7
94,3850.8
278,3851.5
22,3852.1
267,3852.8
113,3852.9
257,3853.4
361,3853.4
21,3853.7
95,3853.7
114,3853.8
24,3854.0
344,3854.1
198,3854.6
199,3854.8
246,3854.9
303,3855.2
130,3855.3
209,3855.4
49,3855.4
9,3855.4
369,3855.5
252,3855.6
336,3855.6
294,3855.8
376,3856.0
317,3856.0
52,3856.2
360,3856.2
17,3856.2
345,3856.5
207,3856.8
264,3856.8
302,3856.9
173,3857.1
226,3857.1
150,3857.6
134,3857.7
33,3857.9
8,3857.9
352,3858.0
108,3858.2
167,3858.4
210,3859.0
195,3859.2
88,3859.3
214,3859.5
30,3859.5
176,3859.9
144,3860.4
379,3861.7
356,3925.3
155,3926.0
308,3927.3
351,3927.4
266,3927.7
217,3928.2
315,3928.3
121,3928.4
247,3928.5
78,3928.6
256,3928.7
70,3928.8
174,3928.9
269,3929.2
111,3929.9
249,3929.9
229,3930.0
185,3930.3
331,3930.4
223,3930.8
94,3930.8
278,3931.7
22,3932.3
113,3932.5
267,3932.9
24,3933.1
361,3933.5
257,3933.6
114,3934.0
95,3934.0
21,3934.1
344,3934.2
303,3934.2
199,3934.6
294,3934.9
198,3934.9
246,3935.1
52,3935.2
9,3935.3
49,3935.3
130,3935.6
369,3935.8
17,3935.8
336,3935.8
317,3936.2
345,3936.6
376,3936.8
226,3937.3
33,3937.3
173,3937.5
207,3937.7
108,3937.9
314,3937.9
352,3938.6
210,3938.6
195,3938.8
167,3939.0
88,3940.3
144,3942.3
356,4005.3
155,4006.1
308,4007.4
351,4007.5
266,4007.7
217,4008.2
121,4008.4
315,4008.4
247,4008.6
78,4008.7
256,4008.8
70,4008.9
174,4009.0
269,4009.3
249,4009.9
111,4010.0
229,4010.2
185,4010.4
331,4010.5
223,4010.9
94,4011.0
278,4011.7
22,4012.3
113,4012.7
267,4013.0
24,4013.2
257,4013.7
361,4013.7
114,4014.2
95,4014.3
303,4014.3
344,4014.5
21,4014.6
199,4014.8
214,4015.0
198,4015.1
294,4015.1
30,4015.1
246,4015.2
176,4015.4
9,4015.5
52,4015.5
49,4015.6
130,4015.8
17,4016.0
336,4016.0
209,4016.0
369,4016.1
252,4016.2
317,4016.4
302,4016.6
345,4016.9
379,4017.1
360,4017.4
33,4017.6
173,4017.7
264,4017.8
226,4017.8
376,4018.0
108,4018.1
207,4018.2
150,4018.8
8,4018.8
210,4018.9
195,4019.2
167,4019.4
134,4019.4
352,4019.5
88,4021.7
121,4392.3
308,4393.1
351,4393.1
223,4393.4
78,4394.1
155,4394.1
356,4394.2
256,4394.2
247,4394.4
70,4394.4
249,4395.2
372,4395.3
229,4395.8
185,4396.2
94,4396.2
331,4396.5
52,4396.7
159,4397.5
267,4397.9
278,4398.1
67,4398.3
113,4398.3
22,4398.6
214,4398.6
362,4398.6
321,4399.0
217,4399.1
344,4399.3
21,4399.5
95,4399.8
24,4399.8
361,4399.9
265,4399.9
168,4399.9
207,4400.0
174,4400.0
199,4400.2
170,4400.2
246,4400.2
220,4400.5
49,4400.7
15,4400.8
130,4400.8
9,4400.9
303,4400.9
294,4401.5
336,4402.2
376,4402.2
369,4402.2
226,4402.3
23,4402.4
352,4402.4
122,4402.6
17,4402.9
345,4403.1
111,4403.2
176,4403.4
173,4403.5
123,4403.6
269,4403.8
30,4403.9
88,4404.0
33,4404.0
210,4404.1
315,4404.2
108,4404.5
167,4404.6
144,4404.7
195,4404.7
314,4407.2
121,4471.3
308,4472.2
351,4472.4
223,4472.5
356,4473.2
155,4473.4
247,4473.5
78,4473.6
256,4473.7
70,4473.7
372,4474.8
249,4474.8
229,4475.1
185,4475.2
331,4475.4
52,4475.8
94,4475.9
159,4476.5
278,4476.5
22,4477.1
267,4477.8
113,4477.8
67,4477.9
214,4478.1
361,4478.4
362,4478.6
168,4478.6
217,4478.9
24,4479.0
321,4479.0
344,4479.1
95,4479.3
207,4479.6
170,4479.7
199,4479.8
265,4479.9
246,4479.9
21,4480.1
303,4480.1
174,4480.1
15,4480.2
209,4480.3
9,4480.4
49,4480.4
130,4480.4
369,4480.5
336,4480.5
252,4480.5
220,4480.6
294,4480.7
17,4481.2
266,4481.4
345,4481.4
122,4481.5
23,4481.8
302,4481.9
226,4482.1
173,4482.1
264,4482.2
150,4482.5
134,4482.6
123,4482.7
8,4482.7
33,4482.9
352,4482.9
111,4482.9
108,4483.1
269,4483.2
167,4483.5
315,4483.7
376,4483.7
210,4483.8
195,4484.1
68,4484.3
88,4484.3
30,4484.6
176,4485.1
144,4485.4
121,4551.5
308,4552.3
351,4552.5
223,4552.6
356,4553.2
155,4553.4
247,4553.5
78,4553.7
256,4553.7
70,4553.9
372,4554.9
249,4554.9
185,4555.2
229,4555.2
331,4555.5
52,4555.5
94,4555.9
159,4556.7
278,4556.7
22,4557.2
113,4557.6
267,4557.9
67,4558.2
24,4558.2
214,4558.3
361,4558.5
168,4558.9
362,4559.0
217,4559.1
321,4559.2
303,4559.2
344,4559.2
95,4559.5
199,4559.5
15,4559.7
294,4559.9
207,4559.9
246,4560.0
170,4560.1
49,4560.3
9,4560.3
265,4560.4
130,4560.6
21,4560.6
174,4560.7
336,4560.7
369,4560.8
17,4560.9
23,4561.2
220,4561.3
345,4561.6
122,4562.1
111,4562.3
226,4562.3
33,4562.3
173,4562.5
269,4562.7
108,4562.8
315,4562.9
314,4563.3
123,4563.3
352,4563.4
210,4563.5
195,4563.6
167,4564.4
88,4565.4
144,4567.3
121,4631.5
308,4632.4
351,4632.6
223,4632.7
356,4633.3
155,4633.4
247,4633.5
78,4633.7
256,4633.8
70,4633.9
249,4634.9
372,4635.1
185,4635.4
229,4635.4
331,4635.6
52,4635.6
94,4636.0
159,4636.8
278,4636.8
22,4637.3
113,4637.7
267,4638.2
24,4638.3
67,4638.4
214,4638.5
361,4638.7
168,4639.2
376,4639.3
303,4639.4
344,4639.4
362,4639.4
321,4639.6
217,4639.6
199,4639.8
95,4639.8
15,4639.9
294,4640.0
207,4640.1
246,4640.2
30,4640.4
170,4640.5
9,4640.5
49,4640.6
130,4640.8
265,4640.9
336,4640.9
17,4641.0
176,4641.0
174,4641.0
369,4641.1
209,4641.1
21,4641.2
252,4641.4
23,4641.5
345,4641.9
220,4642.0
302,4642.2
122,4642.5
33,4642.6
111,4642.7
226,4642.9
173,4642.9
269,4643.1
108,4643.1
315,4643.4
150,4643.4
8,4643.6
123,4643.9
210,4644.0
195,4644.1
352,4644.3
167,4645.2
134,4645.4
88,4647.1
78,5017.1
372,5017.2
113,5017.8
351,5018.1
308,5018.1
376,5018.8
155,5019.1
256,5019.2
226,5019.3
30,5019.5
261,5019.8
111,5019.8
93,5019.8
121,5019.9
249,5020.2
229,5020.9
185,5021.3
94,5021.3
223,5021.4
182,5021.6
52,5021.7
267,5023.0
287,5023.2
75,5023.3
214,5023.7
67,5023.7
357,5024.0
217,5024.1
356,5024.1
360,5024.1
172,5024.2
344,5024.3
362,5024.7
24,5024.8
321,5024.9
207,5025.0
246,5025.1
174,5025.1
199,5025.2
95,5025.2
21,5025.3
247,5025.4
170,5025.4
49,5025.7
265,5025.8
130,5025.8
303,5025.9
9,5025.9
70,5026.2
15,5026.2
220,5026.5
294,5026.5
128,5026.8
370,5027.2
352,5027.4
23,5027.8
77,5028.2
176,5028.3
269,5028.8
88,5029.0
210,5029.1
315,5029.2
195,5029.7
144,5029.7
78,5096.5
372,5096.6
113,5097.1
308,5097.2
351,5097.4
376,5098.3
155,5098.4
226,5098.6
256,5098.7
30,5098.8
111,5099.0
121,5099.0
93,5099.1
261,5099.5
249,5099.8
229,5100.2
185,5100.2
223,5100.6
52,5100.8
94,5100.9
182,5101.2
75,5102.8
267,5102.8
214,5103.2
287,5103.2
67,5103.3
172,5103.5
356,5103.6
217,5103.8
24,5103.9
357,5103.9
344,5104.1
360,5104.1
362,5104.6
95,5104.6
207,5104.7
199,5104.8
246,5104.8
170,5104.9
321,5104.9
174,5105.0
247,5105.0
303,5105.1
209,5105.2
130,5105.3
9,5105.4
49,5105.4
252,5105.5
373,5105.5
15,5105.6
294,5105.7
265,5105.9
21,5105.9
266,5106.0
264,5106.2
220,5106.6
70,5106.7
302,5106.8
331,5107.0
128,5107.0
23,5107.1
134,5107.1
150,5107.4
44,5107.6
8,5107.7
159,5107.8
122,5107.8
352,5107.9
269,5108.2
228,5108.5
315,5108.6
210,5108.9
195,5109.0
77,5109.1
88,5109.2
370,5109.3
176,5109.6
144,5110.4
372,5176.5
78,5176.5
113,5177.1
308,5177.3
351,5177.5
376,5178.3
155,5178.3
226,5178.6
256,5178.7
30,5178.8
111,5179.1
93,5179.2
121,5179.2
261,5179.6
249,5179.9
185,5180.2
229,5180.3
52,5180.5
223,5180.6
94,5180.9
182,5181.4
75,5182.4
172,5182.7
267,5182.9
24,5183.1
356,5183.3
214,5183.4
67,5183.5
287,5183.7
217,5184.0
303,5184.2
344,5184.2
360,5184.4
357,5184.4
199,5184.5
247,5184.8
95,5184.8
246,5184.9
294,5184.9
207,5185.0
15,5185.1
321,5185.1
362,5185.1
9,5185.3
49,5185.3
170,5185.3
174,5185.4
130,5185.6
21,5186.4
265,5186.4
23,5186.6
70,5187.3
220,5187.3
269,5187.6
315,5187.8
128,5188.2
352,5188.4
210,5188.6
195,5188.6
88,5190.3
144,5192.5
372,5256.6
78,5256.6
113,5257.2
308,5257.4
351,5257.5
155,5258.4
376,5258.4
226,5258.7
256,5258.8
30,5258.9
121,5259.2
111,5259.3
93,5259.3
261,5259.8
249,5259.9
185,5260.4
229,5260.4
52,5260.6
223,5260.7
94,5261.0
182,5261.7
75,5262.6
172,5262.9
267,5263.1
24,5263.3
356,5263.4
214,5263.6
67,5263.8
287,5264.2
303,5264.3
217,5264.4
344,5264.4
370,5264.5
357,5264.7
360,5264.8
199,5264.8
294,5265.0
95,5265.1
247,5265.1
207,5265.2
246,5265.2
15,5265.3
362,5265.4
321,5265.4
176,5265.5
49,5265.5
9,5265.5
170,5265.6
130,5265.8
174,5265.8
77,5265.8
209,5266.1
252,5266.4
265,5266.8
23,5266.9
21,5267.2
302,5267.2
373,5267.5
269,5267.8
331,5268.0
220,5268.1
315,5268.1
70,5268.1
8,5268.6
150,5268.6
134,5268.6
266,5268.9
210,5269.0
195,5269.1
352,5269.3
264,5269.5
128,5269.6
159,5269.7
88,5272.1
78,5642.1
113,5642.8
351,5643.1
308,5643.1
155,5644.0
256,5644.2
226,5644.3
372,5644.3
111,5644.8
121,5645.0
173,5645.1
249,5645.2
261,5645.2
270,5645.4
133,5645.8
185,5646.3
128,5646.3
223,5646.4
52,5646.7
79,5646.8
269,5646.8
267,5648.0
75,5648.3
214,5648.7
356,5649.0
67,5649.0
344,5649.3
360,5649.6
172,5649.7
24,5649.8
287,5649.9
357,5650.0
246,5650.1
207,5650.1
199,5650.2
95,5650.3
362,5650.4
247,5650.4
321,5650.5
329,5650.5
170,5650.6
49,5650.7
21,5650.8
130,5650.8
9,5650.9
303,5650.9
70,5651.2
294,5651.5
15,5651.5
265,5651.5
376,5651.7
131,5652.4
352,5652.4
84,5653.0
23,5653.1
176,5653.3
210,5654.1
315,5654.1
195,5654.6
144,5654.7
77,5655.2
93,5655.7
78,5721.5
113,5722.1
308,5722.2
351,5722.4
155,5723.3
226,5723.6
372,5723.7
256,5723.7
111,5724.0
121,5724.0
173,5724.2
249,5724.8
261,5724.8
270,5724.9
185,5725.2
133,5725.3
128,5725.4
223,5725.5
269,5725.6
52,5725.9
79,5726.1
75,5727.6
267,5727.7
214,5728.2
356,5728.5
67,5728.5
24,5728.9
172,5729.0
344,5729.1
95,5729.7
207,5729.7
370,5729.7
360,5729.7
199,5729.8
246,5729.8
357,5729.9
247,5730.0
287,5730.0
303,5730.1
170,5730.1
130,5730.2
329,5730.2
209,5730.2
362,5730.3
49,5730.4
9,5730.4
321,5730.4
252,5730.5
294,5730.7
15,5730.8
266,5730.9
264,5731.3
265,5731.5
21,5731.5
70,5731.6
302,5731.8
331,5732.0
23,5732.4
150,5732.4
376,5732.5
229,5732.7
8,5732.7
352,5732.9
159,5733.2
131,5733.2
84,5733.4
315,5733.5
122,5733.7
210,5733.9
195,5734.0
44,5734.1
176,5734.3
373,5734.7
228,5735.3
144,5735.4
78,5801.5
113,5802.1
308,5802.3
351,5802.5
155,5803.3
226,5803.6
372,5803.7
256,5803.7
121,5804.1
111,5804.1
173,5804.3
249,5804.9
270,5805.0
261,5805.0
185,5805.2
133,5805.4
52,5805.5
128,5805.6
223,5805.6
269,5805.6
79,5806.2
75,5807.3
267,5807.8
356,5808.1
24,5808.1
172,5808.1
214,5808.4
67,5808.8
344,5809.2
303,5809.2
199,5809.5
247,5809.7
246,5809.9
294,5809.9
360,5810.0
95,5810.0
207,5810.0
15,5810.3
9,5810.3
49,5810.3
287,5810.4
357,5810.4
170,5810.4
93,5810.5
130,5810.5
329,5810.6
321,5810.6
362,5810.7
77,5811.1
23,5811.8
70,5812.0
265,5812.0
21,5812.1
315,5812.6
352,5813.3
210,5813.5
195,5813.6
376,5813.7
131,5814.1
84,5814.3
176,5816.5
144,5817.4
78,5881.6
113,5882.2
308,5882.4
351,5882.5
155,5883.4
226,5883.7
256,5883.8
372,5883.8
121,5884.2
111,5884.3
173,5884.4
249,5884.9
261,5885.1
270,5885.1
185,5885.4
133,5885.6
52,5885.6
128,5885.7
269,5885.7
223,5885.7
79,5886.4
75,5887.4
267,5888.0
24,5888.2
356,5888.3
172,5888.4
214,5888.6
67,5888.9
303,5889.3
344,5889.4
199,5889.7
247,5889.9
294,5890.0
207,5890.1
95,5890.2
246,5890.2
49,5890.5
15,5890.5
9,5890.5
360,5890.5
370,5890.6
170,5890.7
357,5890.8
130,5890.9
321,5890.9
209,5891.0
287,5891.0
362,5891.0
329,5891.1
252,5891.3
302,5891.7
23,5892.0
265,5892.4
70,5892.7
331,5892.8
21,5892.9
266,5893.0
315,5893.0
150,5893.5
8,5893.6
210,5893.8
195,5894.1
352,5894.2
159,5894.7
131,5895.5
84,5895.6
52,6267.5
113,6267.8
246,6268.1
155,6269.0
78,6269.3
372,6269.4
8,6269.5
252,6269.6
173,6270.2
261,6270.4
351,6270.6
308,6270.7
110,6270.9
250,6271.3
223,6271.3
133,6271.3
128,6271.5
269,6271.7
63,6271.7
79,6272.0
71,6272.0
293,6272.5
248,6273.2
75,6273.6
214,6273.7
256,6273.9
356,6273.9
6,6274.0
67,6274.1
344,6274.3
291,6274.9
360,6275.0
172,6275.0
199,6275.1
247,6275.2
95,6275.3
170,6275.7
357,6275.7
49,6275.7
362,6275.8
9,6275.8
130,6275.8
321,6275.8
287,6275.8
226,6276.0
121,6276.2
329,6276.4
294,6276.5
15,6276.6
352,6277.3
376,6277.4
289,6278.0
23,6278.2
185,6278.9
84,6279.1
131,6279.6
144,6279.7
195,6279.7
111,6280.4
270,6281.0
302,6283.9
52,6346.6
113,6347.2
246,6347.5
155,6348.3
372,6348.8
8,6348.9
78,6348.9
252,6349.1
173,6349.3
308,6349.7
261,6350.1
351,6350.1
223,6350.5
128,6350.5
269,6350.6
110,6350.7
133,6350.8
63,6350.9
250,6351.0
79,6351.2
71,6351.9
293,6352.3
75,6352.8
214,6353.2
248,6353.3
356,6353.3
256,6353.6
67,6353.7
6,6353.8
344,6354.1
172,6354.2
199,6354.7
95,6354.8
247,6354.8
360,6355.0
93,6355.1
370,6355.1
291,6355.1
170,6355.1
130,6355.2
49,6355.3
226,6355.3
9,6355.4
77,6355.5
121,6355.5
357,6355.5
321,6355.6
294,6355.7
362,6355.7
15,6355.9
287,6355.9
329,6356.3
331,6356.8
150,6357.2
229,6357.4
23,6357.5
352,6357.7
103,6357.9
376,6358.2
159,6358.3
185,6358.3
122,6358.7
289,6359.0
195,6359.0
111,6360.3
84,6360.3
144,6360.3
131,6361.8
52,6426.6
113,6427.1
246,6427.5
155,6428.3
372,6428.8
8,6428.9
78,6428.9
252,6429.1
173,6429.4
308,6429.7
351,6430.0
261,6430.1
223,6430.6
269,6430.6
128,6430.7
110,6430.9
133,6430.9
63,6431.1
250,6431.2
79,6431.3
71,6432.2
75,6432.4
293,6432.6
356,6433.0
172,6433.3
214,6433.3
248,6433.5
256,6433.7
67,6433.8
344,6434.1
6,6434.2
199,6434.4
247,6434.6
294,6434.8
95,6435.1
49,6435.2
170,6435.3
9,6435.3
360,6435.4
15,6435.4
130,6435.4
121,6435.7
291,6435.7
226,6435.7
321,6435.8
302,6435.9
357,6435.9
362,6435.9
270,6436.3
287,6436.5
329,6436.7
23,6436.8
185,6437.9
352,6438.2
195,6438.6
376,6440.1
111,6440.3
289,6440.9
144,6442.0
84,6442.2
52,6506.7
113,6507.2
246,6507.5
155,6508.3
372,6508.9
78,6509.0
8,6509.0
252,6509.2
173,6509.4
308,6509.8
351,6510.0
261,6510.2
223,6510.6
269,6510.7
128,6510.8
133,6511.1
110,6511.1
63,6511.2
79,6511.4
250,6511.4
75,6512.5
71,6512.5
293,6512.9
356,6513.2
172,6513.5
214,6513.5
256,6513.9
67,6513.9
248,6514.0
344,6514.4
6,6514.6
199,6514.6
247,6514.8
294,6515.0
95,6515.3
9,6515.5
170,6515.5
49,6515.5
15,6515.6
130,6515.7
360,6515.8
93,6515.9
226,6515.9
121,6515.9
321,6516.0
370,6516.1
357,6516.2
362,6516.2
291,6516.4
77,6516.5
287,6517.1
23,6517.1
131,6517.1
329,6517.2
331,6517.5
150,6518.0
185,6518.1
229,6518.7
195,6519.0
352,6519.0
159,6519.3
122,6520.9
111,6521.8
52,6892.5
113,6892.9
246,6893.1
155,6894.0
78,6894.3
372,6894.5
252,6894.6
8,6894.6
67,6894.9
261,6895.5
351,6895.6
138,6896.0
23,6896.3
264,6896.3
110,6896.4
211,6896.5
133,6896.6
250,6896.7
377,6897.1
71,6897.9
293,6898.2
129,6898.3
73,6898.7
75,6898.7
94,6898.7
214,6898.7
356,6898.8
173,6898.9
256,6898.9
226,6899.0
248,6899.1
303,6899.2
344,6899.3
116,6899.8
42,6899.9
41,6899.9
6,6899.9
170,6900.1
199,6900.1
247,6900.1
308,6900.2
172,6900.2
360,6900.2
49,6900.7
9,6900.8
321,6900.9
305,6900.9
362,6901.0
357,6901.0
291,6901.1
269,6901.1
33,6901.2
183,6901.3
294,6901.5
287,6901.5
272,6901.6
320,6901.7
15,6901.7
315,6902.1
352,6902.3
376,6902.6
223,6902.7
195,6904.6
144,6904.7
111,6905.6
289,6906.1
131,6906.5
52,6971.6
113,6972.2
246,6972.5
155,6973.3
78,6973.9
372,6973.9
8,6974.0
252,6974.2
67,6974.3
351,6975.1
261,6975.2
23,6975.4
138,6975.7
264,6976.0
133,6976.1
110,6976.3
250,6976.4
211,6976.4
377,6977.0
71,6977.8
129,6978.0
75,6978.0
293,6978.1
214,6978.2
356,6978.3
73,6978.4
303,6978.4
173,6978.4
226,6978.5
94,6978.5
256,6978.6
344,6979.1
116,6979.2
248,6979.3
308,6979.3
172,6979.4
42,6979.6
199,6979.7
247,6979.7
170,6979.8
6,6979.9
360,6980.2
269,6980.2
49,6980.3
41,6980.4
305,6980.4
9,6980.4
33,6980.4
370,6980.6
294,6980.7
321,6980.7
357,6980.8
366,6980.9
362,6980.9
15,6981.0
272,6981.3
315,6981.3
270,6981.5
287,6981.6
302,6981.7
291,6981.7
150,6982.1
320,6982.2
183,6982.5
352,6982.7
223,6982.8
159,6983.3
229,6983.5
376,6983.6
195,6984.0
122,6984.7
144,6985.3
111,6985.5
52,7051.6
113,7052.1
246,7052.5
155,7053.2
78,7053.9
372,7053.9
8,7054.0
252,7054.2
67,7054.4
351,7054.9
261,7055.2
23,7055.4
138,7055.9
264,7056.1
133,7056.2
110,7056.4
211,7056.6
250,7056.6
377,7057.2
75,7057.4
303,7057.6
356,7057.9
71,7058.1
129,7058.2
214,7058.3
293,7058.3
172,7058.5
116,7058.5
308,7058.5
173,7058.6
94,7058.7
73,7058.7
256,7058.7
226,7058.7
344,7059.1
269,7059.4
199,7059.4
33,7059.5
247,7059.5
248,7059.6
305,7059.8
294,7059.8
42,7059.9
170,7060.0
49,7060.2
9,7060.3
6,7060.3
315,7060.4
15,7060.4
360,7060.6
321,7060.9
272,7060.9
289,7061.1
362,7061.1
357,7061.2
41,7061.3
291,7062.3
287,7062.3
131,7062.6
320,7063.0
223,7063.1
352,7063.2
195,7063.5
183,7064.7
111,7065.5
144,7067.0
52,7131.8
113,7132.2
246,7132.6
155,7133.4
78,7134.0
372,7134.0
8,7134.1
252,7134.3
67,7134.4
351,7135.1
261,7135.3
23,7135.5
138,7136.0
264,7136.2
133,7136.3
110,7136.6
250,7136.8
211,7137.0
377,7137.5
75,7137.6
303,7137.8
356,7138.1
129,7138.5
214,7138.5
71,7138.5
293,7138.6
172,7138.6
308,7138.6
173,7138.7
116,7138.8
256,7138.9
226,7138.9
73,7138.9
94,7139.0
376,7139.0
344,7139.4
269,7139.5
199,7139.6
247,7139.7
33,7139.8
248,7140.0
294,7140.0
305,7140.2
170,7140.2
42,7140.2
9,7140.5
49,7140.5
6,7140.6
315,7140.6
15,7140.6
360,7141.1
321,7141.2
302,7141.3
272,7141.4
362,7141.4
357,7141.6
370,7141.8
270,7142.2
41,7142.4
366,7142.4
150,7143.0
287,7143.1
291,7143.3
223,7143.5
320,7143.9
195,7144.0
352,7144.0
159,7144.7
111,7147.0
372,7517.3
52,7517.6
377,7518.0
129,7518.2
8,7519.6
67,7519.9
128,7520.0
321,7520.6
23,7521.3
138,7521.4
133,7521.8
363,7521.8
250,7522.0
246,7522.1
211,7522.4
82,7522.6
36,7522.8
71,7523.5
231,7523.5
293,7523.6
214,7523.7
75,7523.8
113,7523.8
226,7524.0
173,7524.0
94,7524.1
73,7524.2
303,7524.3
155,7524.3
170,7525.2
308,7525.2
172,7525.3
116,7525.4
42,7525.5
326,7525.6
6,7525.6
49,7525.7
9,7525.8
269,7526.1
362,7526.2
357,7526.3
294,7526.5
33,7526.5
351,7526.7
15,7526.7
305,7526.8
41,7527.0
287,7527.0
315,7527.2
291,7527.2
376,7527.6
272,7527.8
223,7528.0
252,7528.0
320,7528.7
195,7529.6
144,7529.7
183,7530.6
111,7530.6
372,7596.6
52,7596.7
377,7597.5
129,7597.6
8,7599.1
67,7599.3
128,7599.4
321,7600.0
23,7600.5
138,7601.2
133,7601.2
363,7601.6
246,7601.7
250,7601.7
211,7602.3
82,7602.6
36,7602.9
75,7603.0
214,7603.2
113,7603.3
173,7603.4
71,7603.4
303,7603.5
293,7603.5
226,7603.6
231,7603.7
155,7603.8
73,7603.9
94,7604.0
308,7604.3
172,7604.5
116,7604.8
170,7604.9
224,7605.1
269,7605.2
182,7605.2
42,7605.3
49,7605.3
9,7605.4
143,7605.6
132,7605.6
6,7605.6
294,7605.7
33,7605.7
370,7605.9
362,7606.0
357,7606.0
15,7606.0
305,7606.3
326,7606.3
351,7606.5
315,7606.5
270,7606.6
289,7606.7
287,7607.2
131,7607.5
272,7607.6
223,7608.0
291,7608.0
41,7608.4
252,7608.9
229,7608.9
376,7609.0
195,7609.0
122,7609.6
320,7609.9
111,7610.3
144,7610.3
372,7676.6
52,7676.7
377,7677.5
129,7677.7
8,7679.1
67,7679.4
128,7679.4
321,7680.0
23,7680.4
138,7681.2
133,7681.3
246,7681.8
250,7681.8
363,7681.9
75,7682.5
211,7682.6
303,7682.7
82,7682.9
113,7683.1
214,7683.3
36,7683.3
308,7683.4
173,7683.5
172,7683.5
155,7683.6
71,7683.7
226,7683.7
293,7683.8
116,7684.1
231,7684.1
73,7684.2
94,7684.2
269,7684.3
294,7684.8
33,7684.8
170,7685.1
49,7685.2
9,7685.3
15,7685.5
42,7685.5
315,7685.6
305,7685.7
183,7685.7
6,7685.9
362,7686.2
357,7686.4
351,7686.6
326,7687.3
272,7687.3
287,7688.0
223,7688.3
195,7688.6
291,7688.9
252,7690.3
111,7690.4
320,7691.5
144,7692.0
372,7756.7
52,7756.8
377,7757.6
129,7757.8
8,7759.1
67,7759.5
128,7759.5
321,7760.2
23,7760.6
133,7761.5
138,7761.5
250,7762.0
246,7762.0
363,7762.2
75,7762.6
303,7762.8
211,7762.9
82,7763.3
113,7763.3
308,7763.5
214,7763.5
172,7763.7
155,7763.8
173,7763.8
36,7763.8
293,7764.0
226,7764.0
71,7764.1
376,7764.2
116,7764.3
94,7764.5
73,7764.5
269,7764.5
41,7764.6
231,7764.7
33,7765.0
294,7765.0
170,7765.3
49,7765.5
9,7765.5
15,7765.7
42,7765.8
315,7765.9
305,7766.0
6,7766.3
362,7766.5
357,7766.7
351,7766.9
224,7766.9
370,7767.1
143,7767.3
289,7767.5
270,7767.8
272,7767.9
182,7767.9
131,7768.3
132,7768.6
326,7768.8
223,7768.8
287,7769.0
195,7769.2
291,7770.5
111,7772.2
372,8142.3
377,8143.1
129,8143.4
173,8143.7
357,8143.8
270,8144.3
8,8144.7
320,8144.9
103,8145.0
67,8145.0
128,8145.1
9,8145.4
321,8145.6
52,8145.9
305,8146.5
138,8146.7
133,8146.8
23,8146.9
246,8147.1
250,8147.1
198,8147.6
363,8147.7
211,8148.2
82,8148.4
76,8148.7
214,8148.7
293,8148.8
71,8148.8
113,8148.9
226,8149.0
36,8149.2
155,8149.3
94,8149.4
95,8149.6
73,8149.6
318,8149.8
231,8150.0
170,8150.2
49,8150.7
42,8150.8
6,8151.0
112,8151.2
362,8151.2
351,8151.7
287,8152.1
376,8152.6
223,8152.8
291,8152.9
116,8153.2
326,8153.3
252,8153.3
41,8154.0
144,8154.6
372,8221.7
377,8222.6
129,8222.8
173,8223.0
357,8223.1
270,8223.6
8,8224.1
320,8224.4
67,8224.4
103,8224.5
128,8224.5
9,8224.7
321,8225.1
52,8225.2
305,8226.2
133,8226.3
138,8226.4
23,8226.4
246,8226.7
250,8226.8
198,8227.4
363,8227.5
211,8228.0
214,8228.2
113,8228.4
82,8228.4
226,8228.6
71,8228.7
293,8228.7
155,8228.8
76,8228.9
73,8229.3
94,8229.3
36,8229.3
95,8229.7
170,8229.9
318,8230.0
49,8230.3
231,8230.3
42,8230.6
6,8231.0
183,8231.0
362,8231.1
14,8231.2
112,8231.4
370,8231.4
351,8231.4
182,8231.6
224,8231.9
289,8232.0
287,8232.5
131,8232.6
223,8232.9
143,8233.0
229,8233.5
376,8233.8
291,8233.9
116,8234.0
252,8234.4
308,8234.8
122,8234.9
132,8234.9
144,8235.3
326,8236.1
372,8301.6
377,8302.7
129,8302.8
173,8303.1
357,8303.1
270,8303.6
8,8304.1
67,8304.4
128,8304.5
320,8304.5
9,8304.6
103,8304.6
321,8305.1
52,8305.1
305,8306.3
133,8306.4
23,8306.5
138,8306.5
246,8306.8
250,8306.9
198,8307.6
363,8307.7
113,8308.1
211,8308.2
214,8308.4
155,8308.5
82,8308.8
226,8308.8
293,8308.9
71,8309.0
76,8309.2
94,8309.4
73,8309.5
36,8309.8
41,8309.8
95,8310.0
49,8310.2
170,8310.2
318,8310.6
42,8310.8
231,8310.8
6,8311.3
362,8311.3
351,8311.5
112,8311.8
223,8313.1
287,8313.2
116,8315.1
291,8315.3
252,8315.8
144,8317.1
372,8381.7
377,8382.7
129,8382.9
173,8383.1
357,8383.2
270,8383.7
8,8384.2
67,8384.5
128,8384.6
320,8384.6
9,8384.7
103,8384.8
321,8385.2
52,8385.2
305,8386.4
133,8386.5
23,8386.6
138,8386.7
246,8386.9
250,8387.1
363,8387.9
198,8388.0
113,8388.2
214,8388.5
211,8388.5
155,8388.7
226,8388.9
293,8389.1
376,8389.1
82,8389.2
71,8389.3
94,8389.7
73,8389.7
76,8389.8
170,8390.3
36,8390.3
49,8390.5
95,8390.5
326,8390.6
42,8391.1
318,8391.3
231,8391.5
362,8391.6
6,8391.6
351,8391.8
183,8392.3
112,8392.3
14,8392.5
370,8392.7
289,8392.8
131,8393.4
223,8393.5
287,8394.3
224,8394.5
372,8767.3
82,8768.1
71,8768.1
377,8768.2
129,8768.5
252,8768.7
305,8768.7
173,8768.7
357,8768.8
270,8769.3
165,8769.6
67,8770.0
320,8770.0
103,8770.1
128,8770.2
308,8770.4
321,8770.7
276,8770.7
264,8770.9
72,8771.0
74,8771.4
201,8771.4
138,8771.9
133,8771.9
23,8772.0
246,8772.1
250,8772.2
127,8772.3
368,8772.7
301,8772.8
314,8773.1
363,8773.2
198,8773.3
211,8773.5
60,8773.6
214,8773.7
169,8773.7
8,8773.9
226,8773.9
293,8774.0
354,8774.5
63,8774.6
94,8774.6
73,8774.8
76,8775.0
36,8775.1
261,8775.3
170,8775.3
95,8775.4
256,8775.5
42,8776.0
231,8776.2
6,8776.2
362,8776.3
318,8776.7
52,8776.9
112,8777.1
287,8777.3
376,8777.6
223,8777.8
291,8778.2
116,8779.1
372,8846.7
71,8847.6
82,8847.7
377,8847.7
129,8847.9
173,8848.0
305,8848.2
357,8848.2
252,8848.2
270,8848.7
165,8849.2
67,8849.4
128,8849.5
320,8849.6
103,8849.7
308,8849.8
321,8850.1
276,8850.5
264,8850.5
72,8850.9
201,8851.2
74,8851.3
23,8851.4
133,8851.4
138,8851.5
246,8851.7
250,8851.8
127,8852.3
368,8852.7
301,8852.8
363,8852.9
198,8853.1
314,8853.2
214,8853.2
211,8853.3
226,8853.6
8,8853.7
60,8853.8
293,8853.8
169,8854.0
73,8854.4
94,8854.5
41,8854.6
354,8854.8
63,8854.9
170,8854.9
256,8855.2
76,8855.2
326,8855.3
36,8855.3
261,8855.4
95,8855.6
42,8855.7
362,8856.1
6,8856.2
370,8856.4
231,8856.5
183,8856.7
52,8856.9
318,8857.3
112,8857.3
287,8857.6
9,8857.6
131,8857.7
182,8857.7
223,8857.8
14,8858.0
229,8858.3
376,8858.8
224,8858.9
291,8859.5
122,8859.9
116,8860.9
372,8926.6
71,8927.6
82,8927.7
377,8927.7
129,8927.9
173,8928.1
357,8928.2
252,8928.2
305,8928.3
270,8928.7
165,8929.3
67,8929.5
128,8929.6
320,8929.7
103,8929.8
308,8929.9
321,8930.1
264,8930.6
276,8930.7
72,8931.1
201,8931.3
133,8931.4
74,8931.5
23,8931.5
138,8931.6
246,8931.8
250,8932.0
127,8932.6
368,8933.1
363,8933.2
301,8933.2
198,8933.3
214,8933.4
211,8933.6
314,8933.6
226,8933.7
293,8934.0
8,8934.0
60,8934.3
94,8934.6
169,8934.6
73,8934.6
170,8935.2
63,8935.4
354,8935.5
256,8935.5
76,8935.6
36,8935.8
95,8936.0
42,8936.0
261,8936.1
362,8936.3
6,8936.5
231,8937.1
52,8937.3
112,8937.9
223,8938.1
318,8938.1
287,8938.4
372,9006.7
71,9007.7
82,9007.8
377,9007.8
129,9008.0
173,9008.2
305,9008.3
252,9008.3
357,9008.3
270,9008.8
165,9009.4
67,9009.5
128,9009.7
320,9009.8
103,9009.9
308,9010.0
321,9010.2
264,9010.7
276,9010.9
72,9011.4
23,9011.6
133,9011.6
201,9011.6
138,9011.8
74,9011.8
246,9011.9
250,9012.1
127,9012.9
363,9013.4
214,9013.5
368,9013.5
301,9013.6
198,9013.6
211,9013.8
226,9014.0
376,9014.0
314,9014.1
293,9014.2
8,9014.3
73,9014.8
60,9014.9
94,9014.9
291,9014.9
116,9015.3
169,9015.3
170,9015.4
41,9015.4
63,9015.9
256,9015.9
76,9016.2
36,9016.3
326,9016.3
42,9016.3
354,9016.4
95,9016.6
362,9016.7
261,9016.9
6,9016.9
52,9017.7
370,9017.8
231,9017.9
112,9018.5
131,9018.6
183,9018.6
223,9018.6
9,9018.7
287,9019.4
318,9019.6
372,9392.3
128,9392.5
71,9393.1
82,9393.2
133,9393.3
252,9393.3
377,9393.3
60,9393.6
129,9393.6
305,9393.7
173,9393.8
357,9393.8
270,9394.4
6,9394.6
165,9394.8
320,9395.2
321,9395.7
264,9396.1
276,9396.3
259,9396.7
138,9396.9
72,9396.9
23,9396.9
201,9397.0
74,9397.1
291,9397.4
127,9398.1
207,9398.5
363,9398.5
211,9398.7
226,9398.9
368,9398.9
301,9399.0
314,9399.3
111,9399.4
94,9399.7
73,9399.9
170,9400.3
169,9400.4
63,9400.6
36,9400.8
113,9400.9
95,9401.0
76,9401.0
69,9401.1
42,9401.1
261,9401.2
362,9401.3
354,9401.6
118,9401.7
52,9401.9
231,9402.0
67,9402.1
287,9402.3
376,9402.6
223,9402.7
112,9402.8
318,9403.6
311,9404.2
116,9404.5
372,9471.7
128,9471.9
133,9472.6
71,9472.7
82,9472.8
377,9472.8
252,9472.9
129,9473.0
173,9473.1
60,9473.2
357,9473.2
305,9473.3
270,9473.7
6,9474.0
165,9474.4
320,9474.6
321,9475.1
264,9475.7
276,9476.1
23,9476.4
138,9476.6
201,9476.7
72,9476.7
259,9476.8
74,9477.1
291,9477.2
127,9478.0
207,9478.2
363,9478.2
211,9478.5
226,9478.6
368,9478.9
301,9479.0
73,9479.5
111,9479.5
314,9479.5
94,9479.6
41,9479.8
170,9479.9
326,9480.7
42,9480.8
255,9480.9
169,9480.9
36,9480.9
63,9481.0
362,9481.1
76,9481.2
113,9481.3
95,9481.3
261,9481.4
370,9481.5
67,9481.8
52,9481.9
183,9482.0
354,9482.2
69,9482.2
231,9482.3
118,9482.7
287,9482.7
131,9482.8
223,9482.8
112,9483.1
229,9483.2
182,9483.4
376,9483.8
318,9484.6
122,9484.9
116,9487.0
372,9551.7
128,9551.8
133,9552.6
71,9552.7
377,9552.8
82,9552.8
252,9552.9
129,9553.0
173,9553.1
357,9553.2
60,9553.3
305,9553.4
270,9553.8
6,9554.0
165,9554.6
320,9554.7
321,9555.1
264,9555.9
276,9556.2
23,9556.6
138,9556.7
72,9556.9
201,9556.9
259,9557.1
74,9557.3
291,9557.3
127,9558.3
363,9558.4
207,9558.4
211,9558.7
226,9558.7
301,9559.3
368,9559.3
94,9559.7
73,9559.7
314,9559.9
111,9560.0
311,9560.0
170,9560.2
42,9561.1
362,9561.4
36,9561.4
76,9561.6
169,9561.7
63,9561.7
95,9561.7
52,9562.1
67,9562.2
261,9562.4
113,9562.4
231,9563.0
223,9563.1
69,9563.3
354,9563.3
287,9563.5
112,9563.9
118,9564.2
372,9631.7
128,9631.9
133,9632.7
71,9632.8
82,9632.9
377,9632.9
252,9633.0
129,9633.1
173,9633.2
357,9633.3
60,9633.4
305,9633.4
270,9633.9
6,9634.1
165,9634.7
320,9634.9
321,9635.2
264,9636.1
276,9636.4
23,9636.6
138,9636.8
201,9637.0
72,9637.2
259,9637.5
74,9637.5
291,9637.5
363,9638.6
127,9638.6
207,9638.6
211,9638.9
376,9639.0
226,9639.0
368,9639.7
301,9639.8
94,9639.9
73,9639.9
314,9640.4
170,9640.5
111,9640.5
116,9640.5
318,9640.6
41,9640.6
42,9641.4
326,9641.7
362,9641.7
36,9641.9
76,9642.2
95,9642.3
63,9642.4
52,9642.5
67,9642.5
169,9642.6
370,9642.9
113,9643.5
131,9643.6
223,9643.8
231,9644.0
261,9644.1
183,9644.5
112,9644.5
287,9644.6
354,9645.3
