3,3153.4
6,3188.4
2,3229.4
3,3231.7
7,3235.1
5,3306.9
6,3307.4
3,3313.5
7,3314.6
7,3397.7
6,3776.9
3,3777.7
7,3779.1
2,3883.2
3,3932.8
3,4016.9
7,4017.1
2,4402.7
3,4482.2
6,4556.0
3,4565.0
3,4645.8
2,5028.2
5,5037.6
2,5183.4
6,5183.8
2,5652.8
3,5664.0
7,5667.6
2,5762.0
3,5896.6
5,6308.9
2,6355.0
3,6355.1
6,6357.5
7,6359.5
3,6519.8
3,6910.5
6,6929.6
2,6929.9
5,6939.1
3,7068.7
3,7155.0
3,7543.2
2,7543.8
5,7607.2
3,7708.5
2,8163.8
6,8163.8
3,8167.2
3,8317.2
2,8342.7
5,8343.7
6,8343.8
1,8805.4
3,8942.7
5,8943.4
6,8951.4
2,9413.9
5,9414.9
