215,98.4
94,98.6
308,98.8
65,99.0
72,99.0
18,99.0
147,99.7
345,99.8
336,100.0
305,100.0
223,100.5
164,101.1
117,101.6
114,101.6
194,101.9
31,102.8
26,103.7
11,104.4
220,105.3
300,106.7
244,106.9
241,110.4
173,110.5
105,113.5
215,177.7
94,177.9
308,178.1
18,178.2
72,178.4
65,178.4
147,178.7
336,179.1
345,179.2
305,179.3
223,179.8
164,180.0
194,180.8
117,180.9
114,180.9
31,181.9
26,182.9
11,183.6
220,184.4
12,185.3
156,185.5
300,185.9
244,186.2
277,186.3
266,187.4
291,187.6
52,187.7
198,188.1
267,188.4
173,188.7
241,188.7
166,189.2
339,189.2
105,191.2
215,257.6
94,257.8
308,258.0
18,258.2
72,258.2
65,258.3
147,258.6
336,258.9
305,259.1
345,259.1
223,259.8
164,260.0
194,260.7
117,260.8
114,260.9
31,261.8
26,262.8
11,263.5
220,264.3
300,265.6
244,265.7
173,268.2
241,268.9
105,271.0
291,273.3
52,274.5
215,642.9
94,643.1
308,643.3
72,643.4
65,643.5
18,643.5
147,644.1
345,644.3
305,644.4
336,644.4
223,644.9
164,645.2
117,645.8
114,645.9
194,646.1
31,646.4
26,647.5
11,648.3
220,648.7
244,649.3
300,649.5
173,650.9
12,652.5
156,652.6
241,653.4
277,653.8
266,655.0
105,655.2
52,655.6
291,655.7
166,657.5
215,722.3
94,722.5
308,722.7
18,722.8
65,722.9
72,722.9
147,723.3
336,723.6
345,723.7
305,723.9
223,724.3
164,724.3
117,725.2
194,725.2
114,725.3
31,725.8
26,726.9
11,727.7
220,728.2
244,728.9
300,729.1
267,729.5
198,730.0
339,730.5
173,730.5
344,731.3
167,732.0
241,732.0
12,732.5
309,732.7
102,733.0
156,733.2
105,733.7
277,733.7
291,734.3
52,734.4
57,734.5
266,735.5
166,737.6
215,802.3
94,802.5
308,802.7
72,802.8
18,802.8
65,802.9
147,803.2
336,803.5
345,803.7
305,803.7
223,804.3
164,804.4
194,805.1
117,805.2
114,805.4
31,805.9
26,806.9
11,807.7
220,808.2
244,808.8
300,809.1
173,810.5
241,812.3
12,812.6
156,813.6
105,813.9
277,814.2
291,814.8
52,815.1
266,816.0
198,816.0
166,817.4
215,882.3
94,882.5
308,882.7
65,882.9
18,882.9
72,882.9
147,883.3
336,883.6
345,883.7
305,883.8
223,884.3
164,884.5
194,885.2
117,885.3
114,885.4
31,886.0
26,887.0
11,887.8
220,888.3
244,888.9
300,889.2
267,889.8
173,890.7
339,890.8
344,891.8
241,892.5
167,892.6
12,893.0
309,893.4
102,893.8
105,894.2
156,894.8
277,895.0
291,895.0
52,895.4
57,895.8
166,897.8
215,1267.7
94,1267.9
308,1268.1
72,1268.2
65,1268.2
18,1268.3
147,1268.9
345,1269.0
336,1269.1
305,1269.2
223,1269.6
164,1269.9
117,1270.4
114,1270.6
194,1270.7
31,1270.9
26,1272.0
11,1272.8
220,1273.2
244,1273.5
300,1273.8
173,1274.9
156,1275.7
12,1275.9
277,1277.0
267,1277.7
241,1277.7
266,1277.9
198,1278.1
339,1278.5
105,1279.4
52,1279.5
291,1279.6
344,1280.6
166,1281.0
215,1347.2
94,1347.4
308,1347.5
65,1347.7
18,1347.7
72,1347.7
147,1348.2
336,1348.4
345,1348.5
305,1348.7
223,1349.1
164,1349.1
117,1349.9
194,1349.9
114,1350.1
31,1350.5
26,1351.6
11,1352.3
220,1352.7
244,1353.2
300,1353.5
173,1354.6
167,1355.4
12,1355.8
156,1355.9
102,1356.1
309,1356.1
241,1356.3
277,1356.9
57,1358.0
266,1358.0
105,1358.0
182,1358.2
291,1358.3
267,1358.5
52,1358.5
198,1358.6
10,1359.0
339,1359.3
50,1360.1
166,1360.5
155,1360.7
66,1363.1
215,1427.2
94,1427.4
308,1427.5
72,1427.7
18,1427.7
65,1427.7
147,1428.1
336,1428.4
345,1428.5
305,1428.6
223,1429.1
164,1429.2
117,1430.0
194,1430.0
114,1430.2
31,1430.5
26,1431.6
11,1432.4
220,1432.7
244,1433.2
300,1433.5
173,1434.7
344,1435.5
12,1436.0
156,1436.2
241,1436.8
277,1437.2
266,1438.2
105,1438.4
291,1438.7
198,1439.0
52,1439.0
267,1439.3
166,1440.8
215,1507.2
94,1507.4
308,1507.6
18,1507.7
72,1507.7
65,1507.8
147,1508.2
336,1508.4
305,1508.6
345,1508.6
223,1509.1
164,1509.3
117,1510.0
194,1510.0
114,1510.2
31,1510.6
26,1511.7
11,1512.5
220,1512.8
244,1513.4
300,1513.6
339,1514.9
173,1514.9
167,1516.0
12,1516.3
156,1516.6
102,1516.6
309,1516.8
241,1517.0
277,1517.7
105,1518.5
266,1518.7
57,1519.0
291,1519.0
52,1519.4
198,1519.8
166,1521.1
155,1522.1
215,1892.6
94,1892.8
72,1893.0
308,1893.0
65,1893.1
18,1893.2
345,1893.9
147,1893.9
336,1894.0
305,1894.1
223,1894.4
164,1894.8
117,1895.3
114,1895.5
194,1895.6
31,1895.7
26,1896.8
11,1897.6
220,1897.9
244,1898.1
300,1898.4
173,1899.5
156,1900.0
12,1900.2
277,1901.2
267,1901.7
266,1902.2
241,1902.3
198,1902.3
339,1902.6
344,1903.7
52,1904.0
291,1904.0
105,1904.1
167,1904.6
166,1905.4
309,1906.0
215,1972.1
94,1972.3
308,1972.5
72,1972.6
18,1972.6
65,1972.6
147,1973.1
336,1973.3
345,1973.4
305,1973.6
223,1973.9
164,1973.9
117,1974.7
194,1974.8
114,1974.9
31,1975.3
26,1976.4
11,1977.2
220,1977.5
244,1977.8
300,1978.1
173,1979.1
12,1980.2
156,1980.2
102,1980.3
241,1981.1
277,1981.2
182,1981.2
10,1981.7
267,1982.2
266,1982.3
57,1982.3
198,1982.5
61,1982.5
50,1982.7
105,1982.7
291,1982.8
52,1983.0
339,1983.0
218,1983.1
319,1983.2
166,1984.5
155,1984.6
344,1984.9
252,1984.9
66,1985.5
215,2052.1
94,2052.3
308,2052.5
72,2052.6
18,2052.6
65,2052.7
147,2053.1
336,2053.3
345,2053.4
305,2053.5
164,2054.0
223,2054.0
194,2054.8
117,2054.9
114,2055.1
31,2055.3
26,2056.4
11,2057.2
220,2057.5
244,2057.9
300,2058.2
173,2059.3
12,2060.3
167,2060.5
156,2060.6
309,2061.2
277,2061.5
241,2061.5
266,2062.5
267,2062.8
198,2063.0
105,2063.0
291,2063.3
52,2063.6
339,2063.9
166,2065.2
215,2132.2
94,2132.3
308,2132.5
72,2132.6
65,2132.7
18,2132.7
147,2133.1
336,2133.3
345,2133.5
305,2133.5
223,2134.0
164,2134.2
194,2134.9
117,2135.0
114,2135.2
31,2135.4
26,2136.5
11,2137.3
220,2137.6
244,2138.1
300,2138.4
173,2139.5
344,2140.4
12,2140.7
156,2141.0
102,2141.3
241,2141.7
277,2141.9
266,2142.8
182,2143.0
105,2143.2
291,2143.6
267,2143.6
198,2143.7
57,2143.7
52,2144.0
10,2144.1
339,2145.4
166,2145.8
155,2146.7
66,2147.8
215,2517.6
94,2517.8
308,2518.0
72,2518.0
65,2518.0
18,2518.1
147,2518.8
345,2518.8
305,2519.0
336,2519.0
223,2519.4
164,2519.7
117,2520.2
114,2520.4
194,2520.5
31,2520.6
26,2521.7
11,2522.5
220,2522.8
244,2522.9
300,2523.2
173,2524.2
156,2524.7
12,2524.9
277,2525.8
267,2526.5
266,2526.9
198,2526.9
241,2527.2
339,2527.2
344,2528.1
167,2528.6
52,2528.7
291,2528.8
105,2529.0
309,2529.9
166,2530.1
102,2530.2
57,2533.6
215,2597.1
94,2597.2
308,2597.4
72,2597.5
18,2597.5
65,2597.6
147,2598.1
336,2598.2
345,2598.3
305,2598.5
223,2598.9
164,2598.9
194,2599.7
117,2599.7
114,2599.9
31,2600.1
26,2601.3
11,2602.1
220,2602.4
244,2602.7
300,2603.0
173,2603.9
156,2604.8
12,2604.9
182,2605.6
277,2605.8
241,2605.9
10,2606.2
266,2606.9
50,2606.9
61,2606.9
267,2606.9
198,2607.2
319,2607.3
218,2607.3
105,2607.5
339,2607.6
291,2607.6
52,2607.7
252,2608.5
268,2608.9
344,2609.1
166,2609.2
155,2609.2
66,2610.1
215,2677.1
94,2677.2
308,2677.4
72,2677.5
18,2677.6
65,2677.6
147,2678.0
336,2678.2
345,2678.4
305,2678.4
223,2678.9
164,2679.0
117,2679.8
194,2679.8
114,2680.0
31,2680.2
26,2681.3
11,2682.1
220,2682.4
244,2682.8
300,2683.1
173,2684.1
12,2685.1
156,2685.2
167,2685.2
102,2685.6
309,2686.1
277,2686.2
241,2686.4
266,2687.1
267,2687.3
198,2687.6
105,2687.9
291,2688.0
57,2688.1
52,2688.3
339,2688.7
166,2689.9
215,2757.1
94,2757.3
308,2757.5
72,2757.6
18,2757.6
65,2757.7
147,2758.1
336,2758.3
345,2758.5
305,2758.5
223,2759.0
164,2759.1
194,2759.8
117,2759.9
114,2760.1
31,2760.3
26,2761.4
11,2762.2
220,2762.6
244,2762.9
300,2763.2
173,2764.3
344,2765.2
12,2765.3
156,2765.7
241,2766.5
277,2766.5
182,2767.0
266,2767.5
10,2767.8
105,2768.0
267,2768.1
198,2768.2
291,2768.3
50,2768.5
52,2768.7
319,2769.1
218,2769.4
339,2769.6
61,2769.8
166,2770.4
155,2771.3
66,2772.2
215,3142.6
94,3142.8
308,3142.9
72,3142.9
65,3143.0
18,3143.1
147,3143.8
345,3143.8
336,3143.9
305,3144.0
223,3144.3
164,3144.6
117,3145.1
114,3145.3
194,3145.5
31,3145.6
26,3146.7
11,3147.5
220,3147.7
244,3147.8
300,3148.1
173,3149.1
156,3149.4
12,3149.7
277,3150.7
267,3151.3
198,3151.7
266,3151.7
339,3152.1
241,3152.1
344,3152.8
167,3153.2
291,3153.6
52,3153.6
105,3153.9
309,3154.4
102,3154.6
166,3154.9
57,3157.8
215,3222.0
94,3222.2
308,3222.4
72,3222.5
18,3222.5
65,3222.5
147,3223.0
336,3223.2
345,3223.3
305,3223.5
164,3223.8
223,3223.9
117,3224.6
194,3224.7
114,3224.8
31,3225.1
26,3226.2
11,3227.0
220,3227.3
244,3227.6
300,3227.9
173,3228.8
156,3229.6
12,3229.7
182,3230.3
277,3230.6
10,3230.8
241,3230.9
267,3231.6
61,3231.7
266,3231.7
50,3231.7
198,3232.0
319,3232.0
218,3232.2
105,3232.4
291,3232.5
339,3232.5
52,3232.6
252,3233.0
268,3233.4
344,3233.6
166,3234.0
155,3234.1
66,3234.9
167,3235.1
309,3235.6
215,3302.1
94,3302.2
308,3302.4
72,3302.5
65,3302.6
18,3302.6
147,3303.0
336,3303.2
345,3303.4
305,3303.4
164,3304.0
223,3304.0
194,3304.7
117,3304.8
114,3305.0
31,3305.2
26,3306.3
11,3307.1
220,3307.4
244,3307.7
300,3308.0
173,3309.2
12,3309.9
156,3310.1
102,3310.4
277,3311.1
241,3311.3
266,3312.0
267,3312.3
198,3312.4
105,3312.8
57,3312.9
291,3312.9
52,3313.2
339,3313.4
166,3315.0
215,3382.1
94,3382.3
308,3382.5
72,3382.6
18,3382.6
65,3382.7
147,3383.1
336,3383.3
345,3383.5
305,3383.5
223,3384.0
164,3384.1
194,3384.8
117,3384.9
114,3385.1
31,3385.3
26,3386.4
11,3387.2
220,3387.5
244,3387.8
300,3388.1
173,3389.2
344,3390.1
12,3390.2
156,3390.5
167,3390.5
309,3391.0
277,3391.4
241,3391.5
182,3391.6
266,3392.3
10,3392.5
267,3392.8
105,3392.9
198,3392.9
50,3393.1
291,3393.2
52,3393.6
319,3393.8
339,3394.2
218,3394.2
61,3394.3
166,3395.3
155,3395.9
66,3397.2
345,3766.3
215,3767.6
308,3767.9
72,3767.9
65,3768.0
156,3768.2
241,3768.3
147,3768.8
102,3768.8
336,3768.9
305,3769.0
291,3769.1
223,3769.3
339,3769.3
164,3769.6
302,3770.1
117,3770.1
114,3770.3
194,3770.5
26,3771.6
18,3771.9
11,3772.4
220,3772.6
103,3772.7
244,3772.7
300,3773.1
173,3774.0
94,3774.4
12,3774.6
48,3774.6
221,3775.0
277,3775.6
213,3776.1
267,3776.2
266,3776.5
198,3776.6
193,3777.4
344,3777.6
8,3777.9
167,3778.2
52,3778.5
105,3778.8
309,3779.4
166,3779.8
57,3782.5
345,3845.7
215,3847.0
308,3847.4
241,3847.5
72,3847.5
65,3847.6
156,3847.8
147,3848.0
336,3848.2
102,3848.3
291,3848.3
305,3848.5
223,3848.8
339,3848.8
164,3848.8
117,3849.6
194,3849.7
114,3849.8
302,3849.9
26,3851.2
18,3851.5
11,3852.0
220,3852.2
103,3852.6
244,3852.6
300,3852.8
173,3853.8
94,3854.2
12,3854.6
48,3854.8
204,3855.1
221,3855.2
277,3855.5
10,3855.7
193,3856.2
267,3856.5
50,3856.5
266,3856.6
8,3856.7
319,3856.8
198,3856.9
61,3857.0
213,3857.4
218,3857.4
105,3857.4
52,3857.6
252,3858.0
268,3858.0
344,3858.4
166,3858.9
155,3859.2
265,3859.7
66,3860.1
309,3860.2
167,3860.6
345,3925.7
215,3927.1
308,3927.4
72,3927.5
241,3927.6
65,3927.6
156,3927.8
147,3928.0
336,3928.2
102,3928.3
305,3928.4
291,3928.4
339,3928.7
223,3928.9
164,3929.0
194,3929.7
117,3929.7
114,3930.0
302,3930.0
26,3931.2
18,3931.7
11,3932.1
220,3932.3
244,3932.6
103,3932.8
300,3933.0
173,3934.1
94,3934.4
12,3935.0
48,3935.4
221,3935.8
277,3935.9
193,3936.7
266,3936.9
267,3937.1
198,3937.3
8,3937.4
105,3937.8
57,3938.3
52,3938.3
166,3939.8
344,3940.0
345,4005.7
215,4007.1
308,4007.5
72,4007.5
65,4007.6
241,4007.6
156,4007.9
147,4008.1
336,4008.3
291,4008.4
102,4008.4
305,4008.5
339,4008.8
223,4008.9
164,4009.0
117,4009.8
194,4009.8
114,4010.0
302,4010.2
26,4011.4
18,4011.7
11,4012.1
220,4012.4
244,4012.8
103,4013.1
300,4013.1
213,4013.8
173,4014.1
94,4014.7
12,4015.2
167,4015.5
309,4016.0
48,4016.1
277,4016.2
221,4016.5
193,4017.1
266,4017.1
204,4017.2
10,4017.2
267,4017.5
8,4017.7
198,4017.7
105,4017.9
50,4017.9
319,4018.0
52,4018.5
218,4018.8
61,4019.0
166,4020.0
155,4021.3
66,4021.8
156,4391.1
345,4391.3
147,4392.1
244,4392.5
72,4392.9
308,4392.9
65,4393.0
241,4393.3
102,4393.9
336,4393.9
305,4394.0
291,4394.1
11,4394.2
339,4394.3
223,4394.3
164,4394.6
215,4394.9
104,4395.2
194,4395.4
249,4395.6
302,4395.6
99,4395.9
26,4396.6
55,4396.6
255,4396.8
18,4396.9
220,4397.6
111,4398.1
103,4398.2
246,4398.4
70,4398.6
337,4398.6
100,4398.9
12,4399.6
277,4400.5
48,4400.7
267,4401.1
13,4401.3
298,4401.4
266,4401.5
198,4401.5
107,4401.7
357,4401.8
6,4401.9
101,4402.0
108,4402.3
114,4402.4
344,4402.6
213,4402.8
193,4402.9
167,4403.1
52,4403.4
8,4403.4
105,4403.8
166,4404.8
203,4406.2
57,4407.7
156,4470.5
345,4470.7
147,4471.5
244,4472.0
308,4472.4
72,4472.5
65,4472.6
241,4472.6
336,4473.2
291,4473.4
305,4473.5
102,4473.5
11,4473.7
164,4473.8
339,4473.8
223,4473.8
215,4474.5
194,4474.8
104,4475.0
249,4475.4
302,4475.4
99,4476.0
26,4476.2
18,4476.5
55,4476.6
255,4476.7
220,4477.2
111,4478.1
103,4478.2
246,4478.6
337,4478.8
70,4478.9
100,4479.4
12,4479.8
277,4480.5
48,4481.2
6,4481.2
108,4481.4
267,4481.5
10,4481.5
266,4481.6
13,4481.7
193,4481.9
298,4481.9
198,4482.0
50,4482.1
204,4482.3
288,4482.3
218,4482.4
8,4482.4
105,4482.5
52,4482.7
114,4482.9
61,4482.9
268,4482.9
357,4483.2
344,4483.6
166,4484.0
252,4484.1
155,4485.3
66,4485.3
167,4485.3
156,4550.6
345,4550.7
147,4551.5
244,4552.0
308,4552.4
72,4552.5
241,4552.6
65,4552.6
336,4553.2
305,4553.4
102,4553.4
291,4553.5
11,4553.7
339,4553.8
223,4553.9
164,4554.1
215,4554.6
194,4554.9
104,4555.2
302,4555.6
249,4555.6
26,4556.2
99,4556.4
18,4556.7
55,4556.9
255,4557.0
220,4557.4
103,4558.4
111,4558.5
246,4559.0
337,4559.2
70,4559.4
213,4559.6
100,4560.0
12,4560.1
101,4560.2
107,4560.5
277,4560.8
266,4561.9
6,4561.9
108,4562.0
48,4562.0
267,4562.3
198,4562.4
13,4562.5
193,4562.5
298,4562.8
105,4563.0
8,4563.1
52,4563.7
57,4564.0
114,4564.2
203,4564.5
166,4565.4
156,4630.6
345,4630.7
147,4631.5
244,4632.1
308,4632.4
72,4632.6
65,4632.7
241,4632.7
336,4633.3
305,4633.5
102,4633.5
291,4633.6
11,4633.8
223,4633.9
339,4633.9
164,4634.2
215,4634.7
194,4635.0
104,4635.5
302,4635.7
249,4635.8
26,4636.4
99,4636.7
18,4636.8
55,4637.2
255,4637.2
220,4637.5
103,4638.8
111,4638.9
246,4639.5
337,4639.7
70,4640.0
357,4640.1
344,4640.4
167,4640.5
12,4640.6
100,4640.8
277,4641.2
266,4642.3
6,4642.4
108,4642.5
193,4642.9
267,4643.1
198,4643.1
10,4643.2
105,4643.3
48,4643.3
13,4643.5
8,4643.5
298,4644.1
52,4644.3
166,4646.2
72,5015.9
308,5015.9
156,5016.1
345,5016.3
147,5017.1
302,5017.1
244,5017.4
267,5017.9
111,5018.1
100,5018.3
117,5018.7
108,5018.7
336,5018.9
102,5018.9
305,5019.0
11,5019.3
339,5019.3
223,5019.3
215,5019.9
304,5019.9
291,5020.0
66,5020.2
194,5020.4
26,5021.6
99,5021.8
18,5021.8
254,5022.0
255,5022.4
220,5022.6
55,5022.6
103,5023.5
168,5023.7
62,5024.1
70,5024.7
277,5025.5
65,5026.0
266,5026.5
198,5026.5
204,5027.0
211,5027.2
6,5028.0
298,5028.0
13,5028.3
193,5028.3
52,5028.4
167,5028.4
114,5028.6
8,5028.8
105,5028.8
164,5029.0
241,5029.7
166,5029.8
357,5030.0
203,5033.2
155,5034.7
308,5095.4
72,5095.4
156,5095.6
345,5095.7
147,5096.5
302,5096.6
244,5097.0
267,5097.4
111,5097.6
100,5097.9
108,5098.0
117,5098.2
336,5098.2
102,5098.5
305,5098.5
11,5098.8
223,5098.8
339,5098.9
291,5099.2
215,5099.5
304,5099.6
66,5099.6
194,5099.7
26,5101.2
18,5101.5
99,5101.8
254,5102.2
220,5102.3
55,5102.4
255,5102.4
103,5103.5
168,5104.2
213,5104.4
62,5104.9
70,5105.3
101,5105.4
277,5105.5
107,5105.7
266,5106.6
65,5106.8
198,5107.0
193,5107.2
6,5107.3
105,5107.4
8,5107.6
218,5107.6
52,5107.7
164,5107.9
61,5107.9
268,5108.4
241,5108.7
204,5109.1
166,5109.3
298,5109.4
13,5109.6
114,5109.7
252,5110.2
72,5175.4
308,5175.4
156,5175.6
345,5175.7
147,5176.5
302,5176.6
244,5177.1
267,5177.4
111,5177.7
100,5178.0
108,5178.1
336,5178.2
117,5178.2
102,5178.4
305,5178.4
11,5178.8
339,5178.8
223,5178.9
291,5179.3
215,5179.6
304,5179.7
66,5179.7
194,5179.8
26,5181.2
18,5181.6
99,5182.2
220,5182.3
255,5182.6
254,5182.6
55,5182.8
103,5183.7
211,5184.7
168,5184.8
167,5185.2
357,5185.6
277,5185.7
70,5185.9
62,5185.9
266,5186.7
198,5187.5
105,5187.8
65,5187.9
193,5187.9
6,5188.0
8,5188.4
164,5188.5
52,5188.8
241,5189.7
166,5191.2
298,5191.2
203,5191.3
13,5192.2
308,5255.4
72,5255.4
345,5255.7
156,5255.7
147,5256.5
302,5256.7
244,5257.1
267,5257.4
111,5257.8
100,5258.1
108,5258.2
336,5258.3
117,5258.4
305,5258.5
102,5258.5
11,5258.8
339,5258.9
223,5259.0
291,5259.4
215,5259.7
304,5259.8
66,5259.8
194,5259.9
26,5261.4
18,5261.8
99,5262.4
220,5262.5
255,5262.9
254,5263.1
55,5263.1
103,5264.0
213,5265.2
168,5265.5
204,5265.6
114,5265.7
277,5266.1
70,5266.7
62,5267.2
266,5267.2
193,5268.2
105,5268.2
101,5268.2
198,5268.2
6,5268.4
8,5268.8
52,5269.2
164,5269.8
241,5270.0
166,5273.4
308,5640.9
72,5640.9
156,5641.1
345,5641.3
302,5642.1
244,5642.5
11,5642.6
267,5642.9
26,5643.3
111,5643.3
100,5643.5
108,5643.6
117,5643.7
102,5643.9
305,5644.0
147,5644.1
339,5644.3
223,5644.3
215,5644.8
304,5645.1
363,5645.6
109,5645.7
307,5646.2
22,5646.2
169,5646.4
18,5646.8
99,5647.4
220,5647.6
255,5647.9
254,5647.9
336,5648.0
55,5648.0
104,5648.7
103,5648.7
364,5649.8
168,5650.0
66,5650.3
70,5650.5
291,5650.6
277,5650.6
65,5650.9
266,5651.4
62,5651.4
129,5651.4
198,5651.5
114,5653.0
167,5653.1
204,5653.1
298,5654.1
13,5655.4
72,5720.4
308,5720.4
156,5720.6
345,5720.7
302,5721.7
244,5722.0
11,5722.0
267,5722.3
26,5722.7
111,5722.8
108,5723.1
100,5723.1
117,5723.2
102,5723.5
305,5723.5
147,5723.7
223,5723.8
339,5723.8
215,5724.4
304,5724.8
363,5725.4
109,5725.6
307,5726.0
22,5726.1
169,5726.1
18,5726.5
220,5727.2
99,5727.2
255,5727.8
336,5727.8
55,5727.8
254,5728.1
103,5728.6
104,5728.8
213,5729.3
364,5729.9
211,5730.0
357,5730.1
66,5730.2
291,5730.4
277,5730.6
168,5730.7
288,5731.0
70,5731.1
266,5731.3
65,5731.5
198,5731.8
218,5731.9
107,5731.9
61,5732.0
268,5732.5
101,5732.7
62,5732.8
252,5733.2
129,5733.2
114,5733.3
167,5735.2
298,5736.9
308,5800.4
72,5800.4
345,5800.7
156,5800.7
302,5801.7
11,5802.0
244,5802.0
267,5802.4
26,5802.8
111,5802.9
100,5803.1
108,5803.2
117,5803.3
102,5803.4
305,5803.4
147,5803.6
339,5803.7
223,5803.9
215,5804.5
304,5804.9
363,5805.6
109,5805.8
307,5806.3
22,5806.3
169,5806.3
18,5806.6
220,5807.4
99,5807.4
336,5807.8
255,5808.0
55,5808.1
254,5808.5
103,5808.8
104,5809.2
364,5810.3
204,5810.3
66,5810.6
13,5810.6
291,5810.7
277,5810.8
168,5811.5
266,5811.7
70,5811.9
198,5812.2
65,5812.4
114,5815.0
72,5880.4
308,5880.4
345,5880.7
156,5880.7
302,5881.8
11,5882.0
244,5882.1
267,5882.5
26,5882.8
111,5883.0
100,5883.2
108,5883.3
117,5883.4
305,5883.5
102,5883.5
147,5883.7
339,5883.8
223,5884.0
215,5884.6
304,5885.0
363,5885.8
109,5886.0
169,5886.5
307,5886.6
22,5886.6
18,5886.7
220,5887.5
99,5887.8
336,5888.0
255,5888.3
55,5888.3
129,5888.8
103,5889.1
254,5889.1
104,5889.6
62,5890.2
213,5890.3
167,5890.4
364,5890.9
66,5890.9
291,5891.2
298,5891.3
277,5891.3
266,5892.1
357,5892.2
168,5892.4
70,5892.5
211,5892.8
198,5892.9
65,5893.4
288,5893.7
218,5894.5
308,6265.9
267,6266.0
156,6266.1
345,6266.3
302,6267.2
307,6267.5
244,6267.5
254,6267.6
11,6267.6
26,6268.3
72,6268.3
111,6268.4
100,6268.6
108,6268.6
117,6268.7
102,6268.9
305,6269.0
147,6269.1
66,6269.2
339,6269.3
304,6270.2
257,6270.7
349,6270.7
63,6270.9
363,6271.1
306,6271.2
129,6271.3
313,6271.4
169,6271.8
10,6271.8
99,6272.7
264,6272.9
336,6272.9
255,6273.1
55,6273.2
32,6273.3
168,6273.3
80,6273.7
103,6273.8
309,6274.1
104,6274.3
223,6274.9
355,6275.3
277,6275.4
364,6275.7
291,6275.8
65,6275.9
198,6276.5
347,6276.8
114,6277.8
62,6278.2
167,6278.2
204,6278.4
298,6280.5
13,6282.4
308,6345.4
267,6345.5
156,6345.6
345,6345.7
302,6346.7
244,6347.0
11,6347.0
307,6347.1
254,6347.1
26,6347.7
72,6347.8
111,6347.9
108,6348.2
100,6348.2
117,6348.3
305,6348.5
102,6348.5
147,6348.6
66,6348.7
339,6348.8
304,6349.9
257,6350.4
349,6350.5
63,6350.6
363,6350.9
129,6351.0
306,6351.1
313,6351.1
10,6351.6
169,6351.6
99,6352.5
336,6352.7
55,6353.0
264,6353.0
255,6353.0
168,6353.1
32,6353.5
80,6353.6
103,6353.7
309,6354.2
104,6354.4
223,6354.9
7,6355.3
277,6355.4
291,6355.5
357,6355.7
364,6355.8
132,6356.2
355,6356.5
65,6356.5
211,6356.5
198,6356.8
61,6356.9
347,6357.7
268,6358.0
288,6358.2
114,6358.3
252,6359.1
107,6359.8
101,6359.9
308,6425.4
267,6425.4
156,6425.6
345,6425.7
302,6426.8
11,6427.0
244,6427.0
307,6427.1
254,6427.2
26,6427.7
72,6427.9
111,6428.0
100,6428.2
108,6428.3
305,6428.4
102,6428.4
117,6428.4
147,6428.6
66,6428.7
339,6428.8
304,6430.0
349,6430.6
257,6430.6
63,6430.8
313,6431.1
363,6431.1
129,6431.2
306,6431.4
10,6431.7
169,6431.8
99,6432.8
336,6432.8
55,6433.2
255,6433.2
168,6433.4
264,6433.4
103,6433.9
80,6433.9
32,6434.1
309,6434.7
104,6434.8
167,6435.1
62,6435.1
223,6435.3
204,6435.5
277,6435.7
291,6435.7
13,6435.7
298,6436.2
364,6436.3
198,6437.2
65,6437.3
114,6439.8
347,6440.0
308,6505.5
267,6505.5
156,6505.7
345,6505.8
302,6506.8
11,6507.1
244,6507.1
307,6507.2
254,6507.3
26,6507.8
72,6507.9
111,6508.1
108,6508.3
100,6508.3
117,6508.4
305,6508.5
102,6508.5
147,6508.7
339,6508.8
66,6508.8
304,6510.1
257,6510.8
349,6510.9
63,6511.0
363,6511.3
313,6511.4
129,6511.5
306,6511.7
169,6512.0
10,6512.1
336,6512.9
99,6513.0
255,6513.5
55,6513.5
168,6513.7
264,6514.0
103,6514.1
355,6514.2
80,6514.4
32,6514.9
104,6515.3
309,6515.3
223,6515.6
291,6516.1
277,6516.1
364,6517.0
7,6517.4
198,6517.7
132,6517.9
357,6518.1
308,6890.9
267,6891.0
156,6891.1
345,6891.3
302,6892.2
244,6892.5
254,6892.6
307,6892.7
26,6893.3
72,6893.3
111,6893.4
100,6893.6
108,6893.7
117,6893.7
66,6894.2
277,6895.0
11,6895.3
304,6895.3
257,6896.1
349,6896.1
63,6896.3
363,6896.4
129,6896.8
306,6896.9
169,6897.2
10,6897.3
270,6897.4
336,6897.8
99,6897.9
255,6898.2
55,6898.3
168,6898.6
264,6899.0
369,6899.3
80,6899.6
104,6899.7
102,6899.9
223,6900.0
32,6900.1
147,6900.3
291,6900.5
65,6900.7
305,6900.7
198,6901.5
370,6901.9
325,6902.8
114,6902.8
167,6903.0
204,6903.4
355,6904.2
62,6904.7
298,6905.6
308,6970.4
267,6970.5
156,6970.6
345,6970.7
302,6971.7
244,6972.0
254,6972.2
307,6972.2
26,6972.7
72,6972.8
111,6972.9
108,6973.2
100,6973.2
117,6973.3
66,6973.7
277,6974.3
11,6974.9
304,6975.0
257,6975.8
349,6975.9
63,6976.1
363,6976.2
129,6976.5
306,6976.8
169,6976.9
270,6977.0
10,6977.2
336,6977.6
99,6977.7
255,6978.1
55,6978.1
168,6978.4
369,6978.7
264,6979.1
80,6979.5
104,6979.7
223,6979.8
102,6980.0
291,6980.2
13,6980.4
147,6980.6
32,6980.6
357,6980.7
370,6981.1
305,6981.2
65,6981.3
198,6981.7
211,6981.7
7,6982.4
268,6982.4
325,6982.5
132,6983.1
114,6983.4
308,7050.4
267,7050.5
156,7050.6
345,7050.7
302,7051.8
244,7052.0
307,7052.2
254,7052.2
26,7052.7
72,7052.9
111,7053.0
100,7053.3
108,7053.3
117,7053.4
66,7053.7
277,7054.4
11,7054.9
304,7055.0
257,7056.0
349,7056.0
63,7056.2
363,7056.4
129,7056.6
306,7057.0
169,7057.1
10,7057.3
270,7057.4
336,7057.6
99,7057.9
55,7058.2
255,7058.3
168,7058.7
369,7059.4
264,7059.7
80,7059.9
167,7060.0
104,7060.2
223,7060.2
204,7060.3
102,7060.3
62,7060.4
291,7060.5
355,7060.6
147,7060.9
298,7061.0
32,7061.5
305,7061.5
370,7061.7
65,7061.8
198,7062.1
325,7063.6
114,7064.3
267,7130.5
308,7130.5
156,7130.7
345,7130.8
302,7131.9
244,7132.1
254,7132.4
307,7132.4
26,7132.8
72,7132.9
111,7133.1
100,7133.3
117,7133.4
108,7133.4
66,7133.8
277,7134.5
11,7135.0
304,7135.2
257,7136.2
349,7136.3
63,7136.4
363,7136.6
129,7136.8
169,7137.3
306,7137.4
10,7137.5
336,7137.8
270,7137.9
99,7138.1
55,7138.5
255,7138.6
168,7139.0
369,7139.8
264,7140.2
80,7140.4
104,7140.6
223,7140.6
102,7140.7
291,7140.9
13,7141.2
147,7141.5
370,7142.1
305,7142.2
32,7142.6
198,7142.6
357,7143.9
65,7144.0
325,7144.7
267,7515.4
308,7515.9
156,7516.1
302,7517.3
244,7517.5
254,7517.7
307,7517.8
345,7517.9
306,7518.1
72,7518.3
100,7518.7
108,7518.7
117,7518.8
122,7518.9
65,7519.5
32,7519.6
369,7520.2
304,7520.3
257,7521.4
349,7521.4
272,7521.5
111,7521.5
363,7521.6
365,7521.7
380,7521.9
129,7522.0
10,7522.6
336,7522.7
99,7523.0
80,7523.0
255,7523.3
55,7523.3
216,7523.3
168,7523.7
270,7523.9
169,7524.1
66,7524.8
264,7524.8
102,7524.9
372,7524.9
104,7524.9
376,7524.9
147,7525.3
291,7525.4
128,7525.8
305,7525.8
26,7525.9
79,7526.4
282,7526.7
360,7526.9
277,7527.6
370,7527.8
204,7528.5
173,7529.7
325,7530.0
267,7594.7
308,7595.4
156,7595.6
302,7596.8
244,7597.0
254,7597.2
307,7597.3
306,7597.5
345,7597.5
72,7597.8
108,7598.2
100,7598.2
117,7598.3
122,7598.4
65,7599.0
32,7599.2
369,7599.6
304,7600.0
349,7601.1
257,7601.1
111,7601.1
272,7601.3
363,7601.4
365,7601.6
129,7601.7
380,7601.8
10,7602.4
336,7602.5
99,7602.7
80,7602.7
55,7603.0
255,7603.1
270,7603.2
216,7603.4
168,7603.6
169,7603.9
372,7604.1
66,7604.7
62,7604.7
102,7604.9
104,7604.9
264,7605.0
376,7605.0
291,7605.1
147,7605.4
355,7605.5
26,7605.8
79,7605.9
282,7606.1
305,7606.2
128,7606.5
357,7606.8
277,7606.8
370,7606.9
360,7608.0
211,7608.3
107,7608.5
101,7608.8
325,7610.1
267,7674.7
308,7675.4
156,7675.6
302,7676.8
244,7677.0
307,7677.3
254,7677.3
345,7677.5
306,7677.5
72,7677.9
100,7678.3
117,7678.3
108,7678.3
122,7678.4
65,7678.9
32,7679.1
369,7679.6
304,7680.1
257,7681.2
349,7681.3
111,7681.3
272,7681.3
363,7681.5
365,7681.7
380,7681.8
129,7681.8
10,7682.5
336,7682.6
80,7682.7
99,7682.9
55,7683.2
255,7683.4
216,7683.6
270,7683.7
168,7683.9
169,7684.1
372,7684.5
204,7684.8
102,7685.1
66,7685.1
291,7685.3
104,7685.3
376,7685.5
264,7685.6
147,7685.6
305,7686.5
26,7686.6
79,7686.6
282,7686.7
277,7687.3
370,7687.4
128,7687.7
173,7688.0
325,7692.5
267,7754.8
308,7755.5
156,7755.7
302,7756.8
244,7757.1
254,7757.4
307,7757.4
306,7757.6
345,7757.6
72,7757.9
100,7758.3
108,7758.4
122,7758.5
117,7758.5
65,7759.0
32,7759.2
369,7759.8
304,7760.2
349,7761.4
111,7761.4
257,7761.4
272,7761.6
363,7761.7
365,7761.9
380,7762.1
129,7762.1
336,7762.8
10,7762.8
80,7762.9
99,7763.1
55,7763.5
255,7763.6
270,7764.0
216,7764.1
168,7764.1
169,7764.4
372,7764.8
66,7765.4
102,7765.6
360,7765.6
104,7765.7
291,7765.7
62,7765.9
376,7766.1
147,7766.1
264,7766.2
79,7767.0
26,7767.1
305,7767.1
282,7767.1
277,7767.6
370,7767.8
355,7769.4
128,7769.5
302,8140.8
306,8141.1
156,8141.1
267,8141.6
363,8142.2
32,8142.5
307,8142.8
254,8142.8
355,8142.8
345,8142.9
308,8143.1
357,8143.6
277,8143.6
108,8143.7
380,8143.8
173,8144.2
304,8145.3
369,8145.6
244,8146.0
314,8146.0
257,8146.5
111,8146.5
272,8147.0
365,8147.2
129,8147.2
87,8147.8
99,8148.0
124,8148.1
80,8148.2
55,8148.3
168,8148.8
216,8149.1
122,8149.1
169,8149.3
270,8149.7
66,8149.9
104,8150.0
100,8150.1
19,8150.1
291,8150.3
264,8150.4
372,8150.5
117,8150.9
26,8151.3
376,8151.5
225,8151.9
78,8152.0
79,8152.7
282,8152.9
204,8153.1
370,8153.2
128,8153.4
360,8153.9
325,8157.3
302,8220.2
306,8220.5
156,8220.6
267,8221.1
363,8221.6
32,8221.9
254,8222.3
307,8222.3
345,8222.4
355,8222.4
308,8222.6
277,8222.8
108,8223.2
357,8223.2
380,8223.3
173,8223.8
304,8224.9
369,8225.0
244,8225.6
314,8225.8
111,8226.1
257,8226.2
272,8226.8
129,8226.8
365,8227.0
87,8227.2
99,8227.7
80,8227.9
55,8228.0
168,8228.7
124,8228.7
270,8228.8
122,8228.9
169,8229.0
216,8229.3
74,8229.3
66,8229.7
62,8229.7
372,8229.7
104,8229.9
100,8230.0
291,8230.1
264,8230.4
76,8230.5
19,8230.9
117,8231.0
26,8231.1
225,8231.1
78,8231.7
376,8231.8
79,8232.1
370,8232.2
282,8232.3
72,8232.9
107,8233.9
101,8234.3
128,8235.8
302,8300.2
306,8300.5
156,8300.6
267,8301.1
363,8301.7
32,8301.9
307,8302.3
254,8302.3
345,8302.4
355,8302.4
308,8302.6
277,8302.9
357,8303.3
380,8303.3
108,8303.3
173,8303.8
369,8305.0
304,8305.0
244,8305.6
314,8306.1
111,8306.2
257,8306.3
272,8306.8
365,8307.1
129,8307.1
87,8307.7
99,8307.9
80,8308.0
55,8308.2
168,8309.0
122,8309.1
270,8309.1
169,8309.2
204,8309.2
124,8309.5
216,8309.6
66,8310.1
372,8310.1
100,8310.2
104,8310.3
291,8310.3
360,8310.8
264,8311.0
117,8311.5
225,8311.7
26,8312.0
19,8312.2
78,8312.6
376,8312.6
325,8312.6
370,8312.8
79,8312.8
282,8312.9
302,8380.3
306,8380.6
156,8380.7
267,8381.2
363,8381.7
32,8382.0
307,8382.4
254,8382.4
345,8382.5
355,8382.5
308,8382.7
277,8383.0
108,8383.4
380,8383.4
357,8383.4
173,8384.0
369,8385.1
304,8385.1
244,8385.8
111,8386.4
257,8386.5
314,8386.5
272,8387.0
129,8387.3
365,8387.4
99,8388.1
80,8388.2
87,8388.3
55,8388.4
168,8389.3
270,8389.4
122,8389.5
169,8389.6
216,8390.1
372,8390.4
124,8390.5
66,8390.6
100,8390.6
291,8390.7
104,8390.8
62,8391.4
128,8391.4
74,8391.5
264,8391.7
225,8392.2
117,8392.4
26,8392.9
370,8393.3
282,8393.5
79,8393.5
78,8393.7
376,8393.7
254,8765.9
306,8766.2
363,8767.2
111,8767.3
32,8767.5
302,8767.8
355,8767.9
156,8768.3
277,8768.5
267,8768.5
357,8768.7
108,8768.7
380,8768.9
164,8769.0
304,8769.0
307,8769.0
100,8769.1
173,8769.5
253,8770.0
101,8770.3
311,8770.6
369,8770.8
308,8771.2
345,8771.6
314,8771.7
39,8772.1
272,8772.3
129,8772.3
365,8772.5
161,8772.9
99,8773.1
80,8773.3
55,8773.3
9,8773.8
87,8773.9
168,8774.0
29,8774.0
2,8774.0
341,8774.1
342,8774.3
169,8774.4
122,8774.4
124,8774.7
66,8774.8
216,8774.9
303,8775.0
270,8775.1
104,8775.1
291,8775.3
264,8775.9
372,8775.9
26,8776.1
117,8776.4
19,8776.8
376,8777.7
225,8777.9
25,8778.2
370,8778.4
79,8778.5
339,8778.6
204,8778.7
282,8778.8
78,8778.9
325,8784.0
254,8845.3
306,8845.6
363,8846.7
111,8846.8
32,8847.0
302,8847.4
355,8847.5
156,8847.7
277,8847.9
267,8848.0
108,8848.3
357,8848.3
380,8848.5
100,8848.6
304,8848.6
307,8848.6
164,8848.7
173,8849.2
253,8849.8
101,8850.0
369,8850.1
311,8850.4
308,8850.8
345,8851.3
314,8851.6
129,8851.9
39,8852.0
272,8852.1
365,8852.3
99,8852.8
80,8853.0
55,8853.1
161,8853.1
87,8853.4
168,8853.9
270,8854.0
9,8854.1
29,8854.2
122,8854.2
169,8854.2
2,8854.4
342,8854.4
341,8854.6
66,8854.6
62,8854.8
372,8855.0
104,8855.0
291,8855.1
216,8855.1
303,8855.5
74,8855.6
128,8855.9
264,8855.9
124,8856.0
26,8856.0
117,8856.5
72,8857.2
225,8857.3
370,8857.5
76,8857.8
79,8857.9
282,8858.1
376,8858.1
19,8858.7
78,8859.2
254,8925.4
306,8925.6
363,8926.7
111,8926.9
32,8927.0
302,8927.4
355,8927.6
267,8927.9
156,8927.9
277,8928.0
108,8928.3
380,8928.4
357,8928.4
307,8928.6
100,8928.7
304,8928.7
164,8928.8
173,8929.1
253,8929.9
369,8930.1
101,8930.1
311,8930.4
308,8930.9
345,8931.5
314,8931.9
272,8932.0
129,8932.1
39,8932.3
365,8932.4
99,8933.0
80,8933.1
55,8933.3
161,8933.6
87,8933.8
168,8934.1
339,8934.1
169,8934.3
270,8934.4
122,8934.4
29,8934.7
9,8934.8
342,8934.9
66,8935.1
2,8935.2
291,8935.3
372,8935.4
216,8935.4
104,8935.4
341,8935.4
25,8935.4
204,8935.4
303,8936.4
264,8936.5
26,8936.9
117,8937.2
124,8937.8
325,8937.9
225,8937.9
370,8938.0
282,8938.7
79,8938.8
376,8939.3
78,8941.0
254,9005.4
306,9005.7
363,9006.8
111,9006.9
32,9007.1
302,9007.5
355,9007.7
156,9007.9
267,9008.0
277,9008.1
108,9008.4
357,9008.5
380,9008.5
100,9008.7
307,9008.7
304,9008.8
164,9008.9
173,9009.3
253,9010.1
101,9010.2
369,9010.2
311,9010.6
308,9011.1
345,9011.6
272,9012.2
314,9012.3
129,9012.4
39,9012.6
365,9012.6
99,9013.2
80,9013.3
55,9013.5
161,9014.1
87,9014.3
168,9014.5
19,9014.5
270,9014.6
122,9014.7
169,9014.7
29,9015.3
9,9015.5
66,9015.5
342,9015.5
372,9015.6
291,9015.7
104,9015.8
216,9015.9
2,9016.1
62,9016.4
341,9016.5
128,9017.2
264,9017.3
26,9017.7
117,9017.8
303,9017.9
225,9018.4
370,9018.5
282,9019.3
79,9019.4
376,9022.2
306,9390.4
302,9391.5
111,9392.3
32,9392.6
253,9392.8
254,9392.9
355,9393.0
39,9393.5
267,9393.5
108,9393.7
29,9393.8
311,9393.9
307,9394.0
100,9394.0
122,9394.1
168,9394.6
78,9394.7
101,9395.5
128,9395.7
304,9395.7
369,9395.9
63,9397.0
259,9397.2
314,9397.2
129,9397.3
99,9398.1
55,9398.3
354,9398.4
80,9398.5
220,9398.7
208,9398.7
161,9399.0
361,9399.1
363,9399.4
169,9399.4
66,9399.8
87,9399.8
104,9400.1
342,9400.2
9,9400.2
270,9400.2
291,9400.3
156,9400.7
341,9401.0
26,9401.1
372,9401.1
2,9401.1
13,9401.2
305,9401.4
345,9401.8
357,9401.9
303,9402.0
102,9402.7
376,9403.5
204,9403.5
19,9403.6
225,9403.7
79,9403.9
282,9404.3
277,9405.9
27,9406.1
306,9469.7
302,9470.9
111,9471.8
32,9472.1
253,9472.3
254,9472.5
355,9472.6
39,9472.9
267,9472.9
29,9473.2
311,9473.3
108,9473.3
122,9473.4
307,9473.6
100,9473.6
78,9473.9
168,9474.0
101,9475.1
304,9475.1
369,9475.2
128,9475.2
63,9476.6
129,9476.9
314,9477.1
259,9477.1
99,9477.8
80,9478.1
55,9478.1
354,9478.1
220,9478.5
208,9478.6
339,9478.8
361,9479.0
87,9479.0
270,9479.1
169,9479.2
161,9479.3
363,9479.5
66,9479.6
62,9479.9
104,9480.0
372,9480.1
291,9480.1
342,9480.4
156,9480.6
9,9480.7
26,9480.9
13,9481.2
74,9481.4
305,9481.6
345,9481.6
325,9481.9
2,9482.1
341,9482.1
357,9482.6
303,9482.9
225,9483.1
102,9483.2
173,9483.3
79,9483.5
282,9483.6
132,9484.1
376,9484.1
277,9485.4
306,9549.7
302,9550.9
111,9551.9
32,9552.1
253,9552.4
254,9552.5
355,9552.6
267,9552.9
39,9553.0
29,9553.2
108,9553.3
122,9553.3
311,9553.4
307,9553.6
100,9553.7
168,9554.1
78,9554.1
369,9555.2
101,9555.3
304,9555.3
128,9555.3
63,9556.8
129,9557.2
314,9557.3
259,9557.5
99,9558.0
80,9558.2
55,9558.3
354,9558.4
208,9559.0
220,9559.1
169,9559.3
361,9559.4
87,9559.5
270,9559.5
19,9559.8
363,9559.8
161,9560.0
66,9560.1
291,9560.3
204,9560.4
104,9560.4
372,9560.5
156,9561.0
342,9561.0
13,9561.7
9,9561.8
26,9561.8
345,9562.0
305,9562.5
27,9562.9
225,9563.7
357,9563.7
2,9564.1
79,9564.3
341,9564.3
282,9564.3
102,9564.7
376,9566.2
277,9566.4
306,9629.8
302,9631.0
111,9631.9
32,9632.1
253,9632.5
254,9632.6
355,9632.7
267,9633.0
39,9633.1
108,9633.4
29,9633.4
122,9633.4
311,9633.5
307,9633.7
100,9633.8
78,9634.2
168,9634.3
369,9635.3
128,9635.4
101,9635.4
304,9635.4
63,9637.0
129,9637.4
314,9637.6
259,9637.8
99,9638.2
80,9638.4
55,9638.6
354,9638.7
208,9639.5
220,9639.5
169,9639.7
303,9639.7
270,9639.7
87,9639.8
361,9639.8
339,9640.0
363,9640.2
66,9640.5
372,9640.7
291,9640.7
161,9640.9
104,9640.9
156,9641.7
342,9641.7
26,9642.3
13,9642.3
62,9642.4
345,9642.6
9,9642.9
325,9643.4
305,9643.4
225,9644.3
282,9644.8
79,9645.0
277,9648.0
