19,87.5
11,87.8
6,87.8
10,87.9
5,88.0
28,88.0
17,88.1
29,88.2
2,88.2
27,88.3
20,88.3
25,88.4
3,88.4
13,88.5
0,88.6
7,88.6
9,88.6
14,88.7
12,88.9
21,89.0
18,89.0
23,89.2
22,89.4
19,94.4
6,94.6
11,94.8
10,94.8
17,94.9
5,95.1
28,95.3
2,95.4
25,95.4
27,95.6
20,95.7
0,96.8
9,96.9
29,97.6
14,98.0
21,98.1
7,99.5
18,99.6
12,100.0
6,100.3
19,100.4
13,100.8
17,101.0
11,101.1
10,101.1
5,101.7
3,101.9
27,102.1
25,102.2
2,102.4
28,102.7
20,104.2
6,105.7
19,106.9
11,108.1
17,108.2
5,109.5
10,110.3
27,110.3
6,111.5
25,113.2
6,117.8
19,118.6
6,131.9
19,167.4
11,167.6
6,167.6
10,167.7
5,167.8
28,167.9
17,167.9
2,168.0
29,168.0
20,168.1
27,168.1
3,168.2
25,168.2
7,168.3
13,168.3
9,168.4
14,168.5
0,168.5
12,168.6
21,168.7
18,168.8
23,169.0
22,169.1
19,174.1
6,174.3
11,174.6
10,174.6
17,174.7
5,174.8
28,175.1
2,175.2
25,175.2
27,175.3
20,175.4
9,176.5
0,176.7
29,177.1
14,177.4
21,177.6
7,178.6
18,179.0
12,179.4
6,179.7
13,179.9
19,180.0
17,180.7
11,180.8
10,180.9
3,180.9
5,181.1
27,181.7
25,181.8
2,182.1
28,182.2
20,183.2
6,184.9
19,186.1
17,187.5
11,187.6
5,188.1
9,188.6
10,188.9
27,189.3
6,190.3
22,190.7
25,191.0
26,191.2
19,193.2
28,193.6
6,195.8
2,195.8
20,197.0
6,202.0
6,213.2
19,247.3
11,247.6
6,247.6
10,247.7
5,247.8
28,247.8
29,247.9
17,247.9
2,248.0
3,248.1
27,248.1
20,248.1
25,248.2
13,248.2
7,248.3
9,248.4
14,248.5
0,248.5
12,248.6
21,248.7
18,248.8
23,249.0
22,249.1
19,254.1
6,254.2
11,254.5
10,254.6
17,254.7
5,254.8
27,255.0
28,255.0
2,255.1
25,255.2
20,255.4
9,256.5
0,256.6
29,256.9
21,257.4
14,257.5
18,258.7
7,258.9
13,259.3
12,259.6
6,259.7
19,259.9
3,260.7
11,260.7
17,260.7
10,260.8
5,261.0
27,261.3
25,261.7
2,262.1
28,262.1
20,263.1
6,265.0
19,265.9
17,267.5
11,267.6
5,267.9
9,268.4
10,268.7
27,268.7
6,270.3
25,270.6
19,273.0
28,274.0
2,275.5
6,276.1
5,281.8
6,282.6
19,632.5
11,632.7
6,632.8
10,632.9
5,633.0
28,633.0
17,633.1
29,633.1
2,633.2
20,633.2
27,633.2
13,633.4
3,633.4
25,633.4
7,633.5
14,633.6
9,633.6
0,633.6
12,633.7
18,634.0
21,634.0
23,634.2
22,634.3
19,639.4
6,639.5
10,639.8
17,639.8
11,639.8
5,640.1
2,640.3
28,640.3
25,640.4
27,640.5
20,640.5
0,641.7
9,641.9
29,642.3
14,642.7
21,643.0
7,644.3
18,644.6
12,644.7
6,645.2
19,645.3
13,645.5
17,646.0
11,646.0
10,646.1
5,646.6
3,646.8
27,647.0
25,647.1
2,647.4
28,647.5
20,648.6
6,650.7
19,651.6
17,652.9
11,652.9
5,653.9
9,654.5
26,654.5
10,654.9
27,655.1
6,656.3
25,658.4
19,660.3
28,660.7
6,662.3
11,666.9
6,671.4
19,712.4
6,712.6
11,712.6
10,712.7
5,712.8
17,712.9
28,712.9
2,713.0
29,713.0
27,713.1
20,713.1
3,713.2
25,713.2
13,713.3
7,713.3
0,713.4
9,713.4
14,713.5
12,713.6
18,713.8
21,713.8
23,714.0
22,714.1
19,719.1
6,719.3
11,719.6
10,719.6
17,719.7
5,719.8
28,720.1
27,720.2
2,720.2
25,720.2
20,720.4
9,721.5
0,721.7
29,722.1
14,722.4
21,722.6
7,723.7
18,723.8
12,724.3
6,724.7
13,724.7
19,725.0
17,725.7
11,725.7
10,725.8
3,726.0
5,726.1
27,726.7
25,726.8
2,727.2
28,727.2
20,728.1
6,729.8
19,730.9
11,732.4
17,732.4
5,732.8
9,733.6
10,733.9
27,734.5
6,735.0
25,735.9
4,737.3
23,737.6
28,737.7
19,737.9
0,738.1
6,740.6
21,740.7
20,740.8
11,742.9
5,743.3
17,744.9
6,746.6
6,754.9
19,792.3
11,792.6
6,792.6
10,792.7
28,792.8
5,792.8
17,792.9
29,792.9
2,793.0
20,793.1
3,793.1
27,793.1
25,793.2
13,793.2
7,793.3
9,793.4
14,793.5
0,793.5
12,793.6
21,793.7
18,793.8
23,794.0
22,794.1
19,799.1
6,799.2
11,799.5
10,799.6
5,799.7
17,799.7
28,800.0
27,800.0
2,800.1
25,800.2
20,800.4
9,801.5
0,801.6
29,801.8
21,802.3
14,802.4
18,803.7
7,803.8
13,804.3
12,804.3
6,804.7
19,804.9
3,805.6
11,805.7
10,805.7
17,805.7
5,806.0
27,806.3
25,806.7
28,807.0
2,807.0
20,807.9
6,809.8
19,810.9
17,812.2
11,812.6
5,812.6
9,813.2
10,813.3
27,813.7
0,814.7
6,815.1
25,816.1
19,817.9
28,818.5
2,820.3
6,820.7
5,824.2
17,824.7
6,826.9
6,837.0
19,872.3
11,872.6
6,872.6
10,872.7
28,872.8
5,872.8
29,872.9
17,872.9
2,873.0
20,873.1
3,873.1
27,873.1
25,873.2
13,873.2
7,873.3
9,873.4
14,873.5
0,873.5
12,873.6
21,873.7
18,873.8
23,874.0
22,874.1
19,879.1
6,879.2
11,879.5
10,879.6
17,879.7
5,879.8
28,880.0
27,880.0
2,880.1
25,880.2
20,880.4
9,881.5
0,881.6
29,881.9
21,882.4
14,882.5
18,883.7
7,883.8
13,884.5
12,884.5
6,884.7
19,884.9
11,885.7
3,885.7
17,885.7
10,885.8
5,886.0
27,886.3
25,886.8
28,887.1
2,887.1
20,888.0
6,889.9
19,890.9
17,892.2
11,892.6
5,892.7
10,893.2
9,893.3
27,893.8
22,893.9
0,894.8
6,895.2
25,895.5
28,897.1
19,898.1
4,899.7
2,900.6
6,900.8
20,901.3
17,904.2
5,904.4
6,907.0
6,918.1
19,1257.5
11,1257.7
6,1257.7
10,1257.9
28,1258.0
5,1258.0
29,1258.1
17,1258.1
27,1258.2
2,1258.2
20,1258.2
13,1258.4
3,1258.4
25,1258.4
7,1258.5
0,1258.6
9,1258.6
14,1258.6
12,1258.8
18,1259.0
21,1259.0
23,1259.2
22,1259.4
19,1264.4
6,1264.5
17,1264.8
11,1264.8
10,1264.8
5,1265.1
2,1265.3
28,1265.3
25,1265.4
20,1265.5
27,1265.5
0,1266.7
9,1266.9
29,1267.3
14,1267.7
21,1268.0
7,1269.4
18,1269.6
12,1269.7
6,1270.1
19,1270.3
13,1270.5
17,1270.9
11,1271.0
10,1271.1
5,1271.6
3,1271.7
27,1272.0
25,1272.1
2,1272.4
28,1272.5
20,1273.6
6,1275.5
19,1276.5
17,1277.7
11,1277.9
5,1278.7
26,1278.9
9,1279.4
22,1279.4
10,1279.6
27,1280.0
6,1280.9
25,1282.6
19,1284.7
28,1284.7
6,1286.8
6,1293.7
19,1337.4
11,1337.6
6,1337.6
10,1337.7
5,1337.8
17,1337.9
28,1337.9
29,1338.0
2,1338.0
27,1338.1
20,1338.1
25,1338.2
7,1338.3
3,1338.3
13,1338.3
9,1338.4
0,1338.5
14,1338.5
12,1338.6
18,1338.8
21,1338.8
23,1339.0
22,1339.1
19,1344.1
6,1344.2
10,1344.6
11,1344.6
17,1344.7
5,1344.8
28,1345.1
27,1345.2
25,1345.2
2,1345.2
20,1345.4
9,1346.5
0,1346.7
29,1347.0
14,1347.3
21,1347.6
7,1348.7
18,1348.9
12,1349.2
13,1349.6
6,1349.6
19,1349.9
17,1350.7
11,1350.7
10,1350.8
3,1350.9
5,1351.0
27,1351.7
25,1351.8
28,1352.1
2,1352.2
22,1352.7
20,1353.0
6,1354.7
19,1355.8
17,1357.2
11,1357.4
5,1357.5
9,1358.5
10,1358.7
27,1359.5
6,1359.8
4,1361.3
25,1361.5
23,1362.0
28,1362.5
19,1362.6
6,1365.1
2,1365.5
20,1365.6
5,1368.1
17,1369.6
11,1369.9
6,1370.8
6,1377.3
19,1417.3
6,1417.6
11,1417.6
10,1417.7
5,1417.8
28,1417.8
17,1417.9
29,1417.9
2,1418.0
20,1418.1
27,1418.1
3,1418.1
25,1418.2
13,1418.2
7,1418.3
9,1418.4
0,1418.5
14,1418.5
12,1418.6
21,1418.7
18,1418.8
23,1419.0
22,1419.1
19,1424.1
6,1424.2
11,1424.5
10,1424.6
17,1424.7
5,1424.7
27,1425.0
28,1425.0
2,1425.2
25,1425.2
20,1425.4
9,1426.5
0,1426.6
29,1426.8
21,1427.3
14,1427.5
18,1428.7
7,1428.8
13,1429.4
12,1429.5
6,1429.6
19,1429.9
17,1430.6
3,1430.6
10,1430.7
11,1430.7
5,1431.0
27,1431.3
25,1431.7
28,1432.0
2,1432.1
20,1432.9
6,1434.7
19,1435.8
17,1437.1
5,1437.5
11,1437.5
9,1438.0
10,1438.2
27,1438.8
0,1439.6
6,1439.9
25,1441.3
22,1442.4
19,1442.6
28,1443.2
6,1445.4
2,1445.6
20,1446.6
5,1448.0
17,1448.8
6,1451.4
6,1459.6
19,1497.3
6,1497.6
11,1497.6
10,1497.7
28,1497.8
5,1497.8
17,1497.9
29,1497.9
2,1498.0
20,1498.1
3,1498.1
27,1498.1
25,1498.2
13,1498.2
7,1498.3
9,1498.4
0,1498.5
14,1498.5
12,1498.6
21,1498.7
18,1498.8
23,1499.0
22,1499.1
19,1504.1
6,1504.2
11,1504.5
10,1504.6
17,1504.7
5,1504.7
28,1505.0
27,1505.0
2,1505.1
25,1505.2
20,1505.4
9,1506.5
0,1506.6
29,1506.8
21,1507.4
14,1507.5
18,1508.7
7,1508.9
13,1509.4
12,1509.5
6,1509.6
19,1509.9
3,1510.6
10,1510.7
17,1510.7
11,1510.7
5,1511.0
27,1511.3
25,1511.7
28,1512.1
2,1512.1
20,1513.0
6,1514.8
19,1515.8
17,1517.1
11,1517.5
5,1517.6
9,1518.2
10,1518.2
27,1518.8
6,1520.0
25,1520.9
28,1522.4
19,1522.6
4,1524.6
6,1525.4
2,1525.7
20,1526.1
5,1527.7
17,1528.3
11,1530.7
6,1531.4
6,1539.1
19,1882.5
6,1882.7
11,1882.7
10,1882.9
28,1883.0
5,1883.0
29,1883.1
17,1883.1
2,1883.2
27,1883.2
20,1883.2
3,1883.4
25,1883.4
13,1883.4
7,1883.5
14,1883.6
0,1883.6
9,1883.6
12,1883.8
18,1884.0
21,1884.0
23,1884.2
22,1884.3
19,1889.3
6,1889.5
11,1889.7
17,1889.8
10,1889.8
5,1890.1
2,1890.3
28,1890.3
25,1890.4
20,1890.5
27,1890.5
0,1891.7
9,1891.9
29,1892.3
14,1892.7
21,1893.1
7,1894.4
18,1894.6
12,1894.7
6,1895.1
19,1895.3
13,1895.5
11,1895.9
17,1895.9
10,1896.1
5,1896.5
3,1896.7
27,1897.0
25,1897.1
2,1897.4
28,1897.5
20,1898.6
6,1900.3
19,1901.4
17,1902.6
11,1902.8
26,1903.2
5,1903.6
9,1904.3
10,1904.3
27,1904.9
22,1905.6
6,1905.7
25,1907.4
28,1909.0
19,1909.5
23,1910.7
6,1911.3
17,1916.3
6,1917.5
6,1928.8
19,1962.4
11,1962.6
6,1962.6
10,1962.7
5,1962.8
17,1962.9
28,1962.9
29,1963.0
2,1963.0
27,1963.1
20,1963.1
25,1963.2
3,1963.2
7,1963.3
13,1963.3
9,1963.4
0,1963.5
14,1963.5
12,1963.6
21,1963.8
18,1963.8
23,1964.0
22,1964.1
19,1969.1
6,1969.2
11,1969.6
10,1969.6
17,1969.7
5,1969.8
28,1970.1
27,1970.2
25,1970.2
2,1970.2
20,1970.4
9,1971.6
0,1971.7
29,1972.0
14,1972.3
21,1972.5
7,1973.6
18,1973.8
12,1974.2
13,1974.6
6,1974.6
19,1974.9
17,1975.6
11,1975.7
10,1975.8
5,1975.9
3,1975.9
27,1976.7
25,1976.8
28,1977.1
2,1977.2
22,1977.6
20,1977.9
6,1979.6
19,1980.8
17,1982.1
11,1982.4
5,1982.4
9,1983.5
10,1983.6
27,1984.4
6,1984.6
25,1986.3
19,1987.4
28,1987.6
23,1988.1
6,1989.9
2,1990.7
5,1991.6
20,1991.9
17,1992.8
11,1994.4
6,1995.6
6,2002.2
19,2042.3
6,2042.6
11,2042.6
10,2042.7
28,2042.8
5,2042.8
29,2042.9
17,2042.9
2,2043.0
27,2043.1
3,2043.1
20,2043.1
25,2043.2
13,2043.2
7,2043.3
9,2043.4
0,2043.5
14,2043.5
12,2043.6
21,2043.7
18,2043.8
23,2044.0
22,2044.1
19,2049.1
6,2049.2
11,2049.5
10,2049.6
17,2049.7
5,2049.7
27,2050.0
28,2050.0
2,2050.1
25,2050.2
20,2050.4
9,2051.5
0,2051.6
29,2051.8
21,2052.4
14,2052.5
18,2053.7
7,2053.9
13,2054.3
12,2054.6
6,2054.6
19,2054.8
17,2055.6
3,2055.6
11,2055.7
10,2055.7
5,2055.9
27,2056.3
25,2056.7
28,2057.0
2,2057.1
20,2057.9
6,2059.7
19,2060.7
17,2062.0
11,2062.4
5,2062.5
9,2063.0
10,2063.1
27,2063.8
0,2064.5
6,2064.8
22,2066.2
25,2066.2
4,2066.9
28,2067.0
19,2067.3
23,2068.2
6,2070.2
2,2070.7
20,2070.8
5,2072.9
17,2073.2
11,2075.8
6,2076.0
6,2082.9
19,2122.3
11,2122.6
6,2122.6
10,2122.7
28,2122.8
5,2122.8
29,2122.9
17,2122.9
2,2123.0
20,2123.1
27,2123.1
3,2123.1
25,2123.2
13,2123.2
7,2123.3
9,2123.4
14,2123.5
0,2123.5
12,2123.6
18,2123.8
21,2123.8
23,2124.0
22,2124.1
19,2129.1
6,2129.2
11,2129.5
10,2129.6
5,2129.7
17,2129.7
27,2130.0
28,2130.0
2,2130.1
25,2130.2
20,2130.4
9,2131.5
0,2131.6
29,2131.8
21,2132.4
14,2132.5
18,2133.7
7,2133.9
12,2134.4
13,2134.4
6,2134.6
19,2134.8
17,2135.6
11,2135.7
10,2135.7
3,2135.7
5,2135.9
27,2136.3
25,2136.7
28,2137.0
2,2137.1
20,2137.9
6,2139.7
19,2140.7
17,2142.0
11,2142.4
5,2142.5
9,2143.2
10,2143.3
27,2143.8
0,2144.6
6,2144.8
25,2146.4
19,2147.5
28,2148.1
2,2150.1
6,2150.2
20,2152.1
5,2152.5
17,2153.1
11,2155.5
6,2156.1
6,2163.5
19,2507.5
6,2507.7
11,2507.7
10,2507.9
5,2508.0
28,2508.0
17,2508.1
29,2508.1
27,2508.2
20,2508.2
2,2508.2
13,2508.4
3,2508.4
25,2508.4
7,2508.5
14,2508.6
9,2508.6
0,2508.6
12,2508.8
21,2509.0
18,2509.0
23,2509.2
22,2509.4
19,2514.3
6,2514.5
11,2514.7
17,2514.8
10,2514.8
5,2515.1
2,2515.3
28,2515.3
25,2515.4
27,2515.5
20,2515.5
0,2516.7
9,2516.9
29,2517.3
14,2517.7
21,2518.1
7,2519.4
12,2519.7
18,2519.7
6,2520.0
19,2520.3
13,2520.6
17,2520.9
11,2520.9
10,2521.1
5,2521.5
3,2521.8
27,2522.0
25,2522.1
2,2522.4
28,2522.5
20,2523.6
6,2525.2
19,2526.3
17,2527.6
11,2527.7
26,2528.1
5,2528.5
22,2528.6
9,2529.3
10,2529.3
27,2529.9
6,2530.5
25,2532.3
28,2533.8
19,2534.3
23,2534.7
6,2536.1
17,2541.2
6,2542.3
6,2553.4
19,2587.4
6,2587.6
11,2587.6
10,2587.7
5,2587.8
17,2587.9
28,2587.9
2,2588.0
29,2588.0
27,2588.1
20,2588.1
25,2588.2
3,2588.2
7,2588.3
13,2588.3
9,2588.4
14,2588.5
0,2588.5
12,2588.6
21,2588.7
18,2588.8
23,2589.0
22,2589.1
19,2594.1
6,2594.2
10,2594.6
11,2594.6
17,2594.7
5,2594.7
28,2595.1
27,2595.2
2,2595.2
25,2595.2
20,2595.4
9,2596.6
0,2596.7
29,2597.0
14,2597.3
21,2597.5
7,2598.7
18,2598.8
12,2599.2
6,2599.5
13,2599.7
19,2599.9
17,2600.6
11,2600.7
10,2600.8
3,2600.9
5,2600.9
27,2601.7
25,2601.7
28,2602.1
2,2602.2
20,2602.9
6,2604.5
19,2605.8
17,2607.0
11,2607.3
5,2607.3
10,2608.5
9,2608.5
26,2608.6
27,2609.3
6,2609.5
25,2611.0
19,2612.3
28,2612.4
23,2612.7
22,2613.1
6,2614.7
2,2615.6
17,2615.6
5,2615.9
20,2616.3
11,2619.2
6,2620.3
19,2625.8
6,2626.4
6,2636.5
19,2667.3
6,2667.6
11,2667.6
10,2667.7
5,2667.8
28,2667.8
17,2667.9
29,2667.9
2,2668.0
27,2668.1
20,2668.1
3,2668.1
25,2668.2
13,2668.2
7,2668.3
9,2668.4
0,2668.4
14,2668.5
12,2668.6
21,2668.7
18,2668.8
23,2669.0
22,2669.1
19,2674.1
6,2674.2
11,2674.5
17,2674.6
10,2674.6
5,2674.7
28,2675.0
27,2675.0
2,2675.1
25,2675.2
20,2675.4
9,2676.5
0,2676.6
29,2676.8
21,2677.4
14,2677.5
18,2678.7
7,2678.9
13,2679.3
12,2679.4
6,2679.5
19,2679.8
17,2680.6
11,2680.6
3,2680.7
10,2680.7
5,2680.9
27,2681.3
25,2681.7
28,2682.0
2,2682.1
20,2682.9
6,2684.5
19,2685.6
17,2686.9
11,2687.3
5,2687.4
9,2688.0
10,2688.1
27,2688.8
6,2689.5
0,2689.5
25,2690.9
4,2691.3
28,2691.9
19,2692.1
6,2694.7
2,2695.8
17,2696.7
20,2696.9
5,2697.5
6,2700.3
11,2700.3
19,2705.1
6,2706.5
6,2717.6
19,2747.3
6,2747.6
11,2747.6
10,2747.7
28,2747.8
5,2747.8
17,2747.9
29,2747.9
2,2748.0
20,2748.1
3,2748.1
27,2748.1
25,2748.2
13,2748.2
7,2748.3
9,2748.4
14,2748.5
0,2748.5
12,2748.6
21,2748.7
18,2748.8
23,2749.0
22,2749.1
19,2754.1
6,2754.2
11,2754.5
10,2754.6
17,2754.6
5,2754.7
27,2755.0
28,2755.0
2,2755.1
25,2755.2
20,2755.4
9,2756.5
0,2756.6
29,2756.8
21,2757.4
14,2757.5
18,2758.7
7,2758.9
13,2759.4
6,2759.5
12,2759.5
19,2759.8
11,2760.6
17,2760.6
10,2760.7
3,2760.8
5,2760.9
27,2761.3
25,2761.7
28,2762.0
2,2762.1
20,2763.0
6,2764.5
19,2765.7
17,2766.9
11,2767.3
5,2767.5
9,2768.2
10,2768.3
27,2768.8
6,2769.5
0,2769.7
25,2771.2
19,2772.2
31,2772.6
23,2772.7
28,2773.0
6,2774.8
2,2775.1
20,2776.1
17,2777.3
5,2777.8
11,2780.5
6,2780.6
19,2786.3
6,2787.1
19,3132.5
11,3132.7
6,3132.7
10,3132.9
5,3133.0
28,3133.0
29,3133.1
17,3133.1
20,3133.2
2,3133.2
27,3133.2
13,3133.4
3,3133.4
25,3133.4
7,3133.5
9,3133.6
0,3133.6
14,3133.6
12,3133.8
21,3134.0
18,3134.0
23,3134.2
22,3134.4
19,3139.3
6,3139.4
11,3139.7
17,3139.8
10,3139.8
5,3140.1
28,3140.3
2,3140.3
25,3140.4
20,3140.5
27,3140.5
0,3141.7
9,3141.9
29,3142.3
14,3142.7
21,3143.1
7,3144.4
18,3144.6
12,3144.8
6,3144.9
19,3145.2
13,3145.6
17,3145.9
11,3145.9
10,3146.1
5,3146.5
3,3146.8
27,3147.0
25,3147.1
2,3147.4
28,3147.5
20,3148.6
6,3150.1
19,3151.3
17,3152.5
11,3152.6
26,3153.1
5,3153.4
22,3153.6
10,3154.2
9,3154.3
27,3154.8
6,3155.3
25,3157.2
28,3158.5
19,3158.9
23,3159.3
6,3160.8
17,3164.8
11,3165.8
6,3166.7
6,3174.9
19,3212.4
6,3212.6
11,3212.6
10,3212.7
5,3212.8
28,3212.9
17,3212.9
2,3213.0
29,3213.0
20,3213.1
27,3213.1
25,3213.2
13,3213.3
7,3213.3
3,3213.3
9,3213.4
14,3213.5
0,3213.5
12,3213.6
21,3213.7
18,3213.8
23,3214.0
22,3214.1
19,3219.1
6,3219.2
10,3219.6
11,3219.6
17,3219.7
5,3219.7
28,3220.1
25,3220.2
2,3220.2
27,3220.2
20,3220.4
9,3221.5
0,3221.7
29,3222.0
14,3222.3
21,3222.4
7,3223.7
18,3223.9
12,3224.3
6,3224.5
13,3224.7
19,3224.9
17,3225.6
11,3225.7
10,3225.8
5,3225.9
3,3226.0
27,3226.7
25,3226.7
28,3227.1
2,3227.1
20,3227.9
6,3229.4
19,3230.7
17,3231.9
11,3232.2
5,3232.3
9,3233.3
10,3233.3
26,3233.5
27,3234.3
6,3234.3
25,3236.0
28,3237.1
19,3237.1
6,3239.4
2,3240.2
5,3240.2
20,3241.0
17,3241.5
11,3243.5
6,3244.9
19,3249.7
6,3250.9
6,3259.1
19,3292.3
11,3292.5
6,3292.6
10,3292.7
5,3292.8
28,3292.8
29,3292.9
17,3292.9
2,3293.0
3,3293.1
20,3293.1
27,3293.1
25,3293.2
13,3293.2
7,3293.3
9,3293.4
14,3293.5
0,3293.5
12,3293.6
21,3293.7
18,3293.8
23,3294.0
22,3294.1
19,3299.0
6,3299.2
11,3299.5
17,3299.6
10,3299.6
5,3299.7
28,3300.0
2,3300.1
25,3300.2
27,3300.2
20,3300.4
9,3301.5
0,3301.6
29,3301.8
21,3302.3
14,3302.5
18,3303.7
7,3303.9
13,3304.3
12,3304.5
6,3304.5
19,3304.8
3,3305.5
11,3305.6
17,3305.6
10,3305.7
5,3305.9
27,3306.7
25,3306.7
28,3306.9
2,3307.0
20,3307.9
6,3309.4
19,3310.6
17,3311.9
11,3312.1
5,3312.3
9,3313.0
10,3313.1
27,3314.2
6,3314.3
0,3314.5
25,3315.9
19,3317.1
23,3317.2
28,3317.2
2,3319.3
6,3319.5
5,3321.9
17,3322.2
11,3322.4
6,3325.0
19,3330.2
6,3331.1
6,3340.8
19,3372.3
11,3372.6
6,3372.6
10,3372.7
28,3372.8
5,3372.8
29,3372.9
17,3372.9
2,3373.0
3,3373.1
27,3373.1
20,3373.1
25,3373.2
13,3373.2
7,3373.3
9,3373.4
14,3373.5
0,3373.5
12,3373.6
21,3373.7
18,3373.8
23,3374.0
22,3374.1
19,3379.1
6,3379.2
11,3379.5
17,3379.6
10,3379.6
5,3379.7
28,3380.0
27,3380.0
2,3380.1
25,3380.2
20,3380.4
9,3381.5
0,3381.6
29,3381.8
21,3382.3
14,3382.5
18,3383.7
7,3384.0
13,3384.4
6,3384.5
12,3384.6
19,3384.8
11,3385.6
17,3385.6
3,3385.6
10,3385.7
5,3385.9
27,3386.3
25,3386.7
2,3387.0
28,3387.0
20,3388.0
6,3389.5
19,3390.7
17,3391.9
11,3392.3
5,3392.4
9,3393.1
10,3393.2
27,3393.7
6,3394.5
25,3396.1
22,3396.7
28,3397.0
19,3397.2
6,3399.8
20,3400.0
2,3400.2
17,3402.6
5,3402.8
11,3405.2
6,3405.4
19,3411.4
6,3411.8
6,3426.0
19,3757.3
11,3757.7
10,3757.9
28,3758.0
5,3758.0
25,3758.0
18,3758.1
17,3758.1
6,3758.1
29,3758.1
20,3758.2
2,3758.2
27,3758.2
26,3758.4
3,3758.4
13,3758.5
1,3758.6
0,3758.6
14,3758.6
9,3758.6
8,3758.8
12,3758.8
21,3759.0
19,3764.0
25,3764.6
11,3764.7
17,3764.8
10,3764.8
5,3765.1
2,3765.3
28,3765.3
6,3765.4
27,3765.5
20,3765.5
18,3765.7
0,3766.7
9,3766.9
29,3767.3
14,3767.7
21,3768.1
19,3769.3
12,3769.8
26,3770.2
1,3770.3
25,3770.5
13,3770.6
17,3770.9
11,3770.9
10,3771.0
5,3771.5
3,3771.7
6,3771.8
27,3772.0
2,3772.4
28,3772.5
20,3773.3
19,3774.5
18,3775.5
7,3776.6
25,3776.6
17,3777.6
11,3777.6
5,3778.6
6,3778.7
10,3778.8
9,3779.4
19,3779.8
27,3779.8
28,3783.9
25,3784.1
19,3785.5
23,3785.7
17,3790.4
11,3791.1
19,3791.9
6,3792.6
19,3837.2
11,3837.6
10,3837.7
5,3837.8
25,3837.8
18,3837.9
28,3837.9
17,3837.9
6,3838.0
29,3838.0
2,3838.0
27,3838.1
20,3838.1
26,3838.2
3,3838.3
13,3838.3
9,3838.4
1,3838.4
0,3838.5
14,3838.5
12,3838.6
8,3838.6
21,3838.7
19,3843.8
25,3844.5
10,3844.6
11,3844.6
5,3844.7
17,3844.7
6,3845.0
28,3845.1
27,3845.2
2,3845.2
18,3845.4
20,3845.4
9,3846.6
0,3846.7
29,3847.1
14,3847.3
21,3847.5
19,3849.0
12,3849.2
26,3849.4
1,3849.8
13,3849.9
25,3850.2
17,3850.6
10,3850.7
11,3850.7
5,3850.9
3,3851.0
6,3851.2
27,3851.7
28,3852.1
2,3852.2
20,3852.8
19,3854.1
18,3854.2
25,3856.1
7,3856.9
17,3857.0
11,3857.2
5,3857.4
6,3857.6
10,3857.9
9,3858.6
19,3859.2
27,3859.3
25,3862.5
28,3863.3
19,3864.7
5,3866.2
6,3866.4
17,3867.0
11,3869.6
19,3870.5
25,3874.7
19,3877.6
19,3917.1
11,3917.5
10,3917.7
28,3917.8
25,3917.8
5,3917.8
18,3917.9
17,3917.9
29,3917.9
2,3918.0
6,3918.0
20,3918.1
27,3918.1
3,3918.2
13,3918.2
26,3918.2
9,3918.4
0,3918.4
1,3918.4
14,3918.5
8,3918.6
12,3918.6
21,3918.7
19,3923.7
11,3924.5
25,3924.5
10,3924.6
17,3924.6
5,3924.7
6,3925.0
28,3925.0
2,3925.2
27,3925.3
18,3925.4
20,3925.4
9,3926.5
0,3926.6
29,3926.9
21,3927.4
14,3927.5
19,3928.9
26,3929.3
12,3929.4
13,3929.5
1,3929.8
25,3930.2
17,3930.6
11,3930.6
10,3930.7
3,3930.8
5,3930.9
6,3931.1
27,3931.7
28,3932.1
2,3932.1
20,3932.8
19,3933.9
18,3934.2
25,3936.0
17,3936.9
11,3937.2
7,3937.3
6,3937.4
5,3937.5
10,3937.6
9,3938.5
19,3939.0
27,3939.3
0,3939.5
25,3942.5
23,3943.1
28,3943.6
19,3944.4
6,3945.8
17,3946.6
5,3948.6
11,3949.3
19,3950.2
25,3956.4
19,3957.0
19,3997.1
11,3997.6
10,3997.7
28,3997.8
5,3997.8
25,3997.8
29,3997.9
17,3997.9
18,3997.9
2,3998.0
6,3998.0
3,3998.1
20,3998.1
27,3998.1
13,3998.2
26,3998.2
9,3998.4
1,3998.4
14,3998.5
0,3998.5
8,3998.6
12,3998.6
21,3998.8
19,4003.7
11,4004.5
25,4004.5
10,4004.5
17,4004.6
5,4004.7
6,4004.8
27,4005.0
28,4005.1
2,4005.2
18,4005.4
20,4005.4
9,4006.5
0,4006.6
29,4006.9
21,4007.5
14,4007.6
19,4008.9
26,4009.3
12,4009.4
13,4009.6
1,4009.7
25,4010.2
17,4010.6
11,4010.7
10,4010.7
3,4010.8
5,4010.9
6,4010.9
27,4011.3
2,4012.1
28,4012.1
20,4012.9
19,4014.0
18,4014.1
25,4016.1
17,4016.9
6,4017.3
11,4017.4
5,4017.6
10,4017.7
9,4018.7
27,4018.8
19,4019.0
28,4022.5
25,4022.7
19,4024.4
6,4026.3
17,4027.0
5,4029.1
19,4030.3
19,4037.3
19,4382.4
10,4382.7
11,4382.8
25,4382.9
5,4383.0
28,4383.0
6,4383.1
29,4383.1
18,4383.1
17,4383.1
2,4383.2
27,4383.2
26,4383.3
3,4383.4
8,4383.4
1,4383.5
13,4383.5
0,4383.6
9,4383.6
20,4383.7
21,4384.0
19,4389.3
10,4389.5
25,4389.6
17,4389.8
5,4390.1
28,4390.3
2,4390.3
6,4390.4
27,4390.5
18,4390.6
11,4390.7
0,4391.7
9,4391.9
29,4392.3
20,4392.9
21,4393.1
8,4393.2
26,4394.9
10,4394.9
1,4395.2
19,4395.3
25,4395.4
13,4395.6
17,4395.9
5,4396.4
3,4396.8
6,4396.8
27,4397.0
2,4397.4
28,4397.5
11,4398.3
10,4400.3
18,4400.5
25,4401.4
19,4401.5
17,4402.6
16,4403.4
0,4403.5
6,4403.6
5,4403.7
9,4404.0
27,4404.6
8,4405.2
10,4405.8
14,4406.2
20,4406.8
28,4407.8
25,4408.6
26,4408.8
23,4410.1
19,4410.3
10,4411.6
17,4415.3
6,4415.9
10,4418.9
19,4462.3
10,4462.6
11,4462.7
5,4462.8
25,4462.8
28,4462.9
17,4462.9
18,4462.9
29,4463.0
6,4463.0
2,4463.0
27,4463.1
26,4463.1
8,4463.3
3,4463.3
13,4463.3
1,4463.4
9,4463.4
0,4463.5
20,4463.6
21,4463.8
19,4469.1
10,4469.3
25,4469.5
17,4469.7
5,4469.7
6,4470.0
28,4470.1
27,4470.2
2,4470.2
11,4470.4
18,4470.4
9,4471.5
0,4471.6
29,4472.0
8,4472.1
21,4472.6
20,4472.8
26,4473.8
10,4474.8
13,4474.8
1,4474.8
19,4474.9
25,4475.2
17,4475.6
5,4475.8
3,4476.0
6,4476.1
27,4476.7
28,4477.1
2,4477.2
11,4477.7
18,4479.2
10,4480.0
19,4480.9
25,4481.1
17,4482.0
5,4482.4
6,4482.4
0,4482.9
16,4483.1
9,4483.1
27,4483.9
8,4484.2
14,4485.1
10,4485.3
26,4486.5
28,4487.4
25,4487.6
19,4487.9
11,4490.1
6,4490.2
10,4490.9
17,4492.0
5,4493.5
10,4497.0
25,4501.8
10,4507.1
19,4542.2
10,4542.6
11,4542.7
5,4542.8
25,4542.8
28,4542.8
29,4542.9
17,4542.9
18,4542.9
2,4543.0
6,4543.0
27,4543.1
3,4543.1
26,4543.2
13,4543.2
8,4543.3
1,4543.4
9,4543.4
0,4543.5
20,4543.6
21,4543.7
19,4549.0
10,4549.3
25,4549.5
17,4549.6
5,4549.7
28,4550.0
6,4550.0
2,4550.2
27,4550.2
11,4550.3
18,4550.4
9,4551.5
0,4551.6
29,4551.7
8,4552.2
21,4552.4
20,4552.7
26,4553.8
10,4554.7
13,4554.7
19,4554.8
1,4554.9
25,4555.2
3,4555.5
17,4555.6
5,4555.9
6,4556.1
27,4556.7
28,4557.1
2,4557.1
11,4557.6
18,4559.1
10,4559.8
19,4560.8
25,4561.1
17,4561.9
6,4562.3
5,4562.5
0,4563.1
9,4563.1
27,4563.9
8,4564.1
10,4565.0
16,4565.1
23,4566.2
4,4567.0
28,4567.0
26,4567.0
25,4567.6
19,4567.8
11,4568.7
6,4569.8
10,4570.6
17,4571.4
5,4574.4
10,4576.6
25,4581.4
10,4585.0
19,4622.2
10,4622.6
11,4622.7
25,4622.8
28,4622.8
5,4622.8
29,4622.9
18,4622.9
17,4622.9
6,4623.0
2,4623.0
27,4623.1
3,4623.1
26,4623.1
13,4623.2
8,4623.3
1,4623.4
9,4623.4
0,4623.5
20,4623.6
21,4623.7
19,4629.0
10,4629.3
25,4629.5
17,4629.6
5,4629.7
6,4629.8
27,4630.0
28,4630.0
11,4630.1
2,4630.2
18,4630.4
9,4631.5
0,4631.5
29,4631.8
8,4632.2
21,4632.4
20,4632.8
26,4633.8
13,4634.5
10,4634.7
1,4634.8
19,4634.8
25,4635.2
17,4635.6
3,4635.6
5,4635.9
6,4635.9
27,4636.3
28,4637.1
2,4637.2
11,4637.4
18,4639.2
10,4639.9
19,4640.8
25,4641.1
17,4641.9
6,4642.2
5,4642.6
9,4643.2
0,4643.3
27,4643.4
8,4644.3
10,4645.1
14,4646.2
28,4646.9
25,4647.6
19,4648.0
11,4650.1
6,4650.2
10,4650.8
17,4651.8
5,4654.9
10,4656.9
10,4667.3
17,5007.6
18,5007.6
10,5007.7
19,5007.8
25,5007.9
16,5008.0
6,5008.1
2,5008.2
27,5008.2
26,5008.3
8,5008.4
1,5008.5
9,5008.6
0,5008.6
20,5008.7
5,5008.8
28,5008.9
21,5009.0
11,5009.3
17,5014.2
10,5014.5
18,5014.5
25,5014.6
19,5014.9
2,5015.3
6,5015.4
27,5015.5
5,5016.3
0,5016.7
9,5016.9
28,5017.2
16,5017.4
20,5018.0
21,5018.1
8,5018.2
11,5019.5
10,5019.9
17,5019.9
26,5020.0
1,5020.2
25,5020.4
18,5020.8
19,5021.4
6,5021.8
27,5021.9
2,5022.4
31,5023.3
5,5023.5
22,5024.3
10,5025.3
17,5025.5
25,5026.4
0,5027.9
6,5028.5
28,5028.8
18,5029.4
27,5029.6
19,5029.7
8,5030.0
9,5030.7
10,5030.9
17,5031.5
20,5031.5
4,5031.5
14,5031.7
26,5032.0
25,5033.5
23,5033.8
5,5035.5
10,5036.8
17,5038.7
6,5041.6
10,5044.2
18,5087.4
17,5087.5
10,5087.6
19,5087.6
16,5087.8
25,5087.8
2,5088.0
6,5088.0
27,5088.1
26,5088.2
8,5088.3
9,5088.4
1,5088.4
0,5088.5
5,5088.6
28,5088.6
20,5088.6
21,5088.7
11,5089.1
17,5094.1
18,5094.3
10,5094.3
25,5094.5
19,5094.5
6,5095.0
2,5095.2
27,5095.2
5,5095.9
0,5096.5
9,5096.6
28,5096.7
16,5096.8
8,5097.1
21,5097.4
20,5097.8
26,5098.7
11,5098.7
17,5099.6
10,5099.7
1,5099.8
25,5100.2
18,5100.5
19,5100.8
6,5101.1
27,5101.6
2,5102.1
5,5102.9
31,5103.2
22,5104.3
17,5104.9
10,5105.0
25,5106.0
6,5107.4
28,5107.4
0,5107.4
19,5108.0
18,5108.3
27,5108.8
8,5109.1
9,5109.8
26,5110.1
16,5110.2
10,5110.3
17,5110.4
4,5110.6
21,5110.9
20,5111.6
25,5112.2
11,5112.3
5,5114.0
2,5115.4
6,5115.6
10,5115.9
17,5116.4
25,5121.7
10,5122.1
17,5123.7
10,5134.0
18,5167.4
17,5167.5
19,5167.6
10,5167.6
16,5167.8
25,5167.8
2,5168.0
6,5168.0
26,5168.1
27,5168.1
8,5168.3
0,5168.4
1,5168.4
9,5168.4
20,5168.6
5,5168.6
28,5168.6
21,5168.7
11,5169.1
17,5174.1
18,5174.3
10,5174.3
19,5174.5
25,5174.5
6,5175.0
2,5175.1
27,5175.2
5,5176.0
9,5176.5
0,5176.5
16,5176.8
28,5176.8
8,5177.2
21,5177.3
20,5177.7
26,5178.4
11,5178.9
17,5179.6
10,5179.7
1,5179.8
25,5180.2
18,5180.5
19,5180.8
6,5181.1
27,5181.6
2,5182.0
5,5183.0
31,5183.6
22,5184.6
10,5184.9
17,5185.0
25,5186.0
6,5187.3
0,5187.3
28,5187.7
19,5188.0
18,5188.3
27,5188.8
8,5189.2
9,5189.3
4,5190.1
10,5190.1
26,5190.4
17,5190.5
21,5190.6
23,5191.3
20,5191.6
14,5192.2
11,5192.2
25,5192.3
5,5195.0
10,5195.6
6,5195.7
2,5195.8
17,5196.4
10,5201.7
25,5202.4
17,5203.4
10,5210.2
18,5247.4
17,5247.5
10,5247.6
19,5247.6
16,5247.8
25,5247.8
2,5248.0
6,5248.0
27,5248.1
26,5248.2
8,5248.3
9,5248.4
1,5248.4
0,5248.4
5,5248.6
28,5248.6
20,5248.6
21,5248.7
11,5249.1
17,5254.1
18,5254.3
10,5254.3
25,5254.5
19,5254.5
6,5254.8
27,5255.0
2,5255.1
5,5256.0
0,5256.5
9,5256.5
16,5256.8
28,5256.8
8,5257.2
21,5257.4
20,5257.8
11,5258.1
26,5258.6
17,5259.6
1,5259.7
10,5259.7
25,5260.2
18,5260.5
19,5260.8
6,5260.9
27,5261.2
2,5262.1
5,5263.1
31,5264.0
10,5264.9
17,5265.0
22,5265.2
25,5266.0
6,5267.2
0,5267.5
28,5267.9
19,5268.2
18,5268.3
27,5268.5
8,5269.2
9,5269.5
10,5270.2
26,5270.5
17,5270.6
11,5270.8
21,5270.8
25,5272.3
4,5272.9
5,5274.8
2,5275.0
10,5275.8
6,5276.4
17,5276.6
10,5282.0
25,5282.2
17,5285.0
10,5292.8
18,5632.3
10,5632.6
17,5632.6
19,5632.8
25,5632.9
21,5632.9
16,5633.0
0,5633.1
27,5633.2
2,5633.2
26,5633.3
8,5633.4
1,5633.5
9,5633.6
20,5633.7
6,5633.7
24,5633.9
28,5633.9
11,5634.3
5,5634.5
18,5639.0
10,5639.1
17,5639.2
25,5639.6
21,5639.8
0,5640.2
2,5640.3
27,5640.5
19,5641.1
9,5641.9
28,5642.2
16,5642.5
20,5643.0
6,5643.1
8,5643.2
5,5643.8
10,5644.1
11,5644.4
18,5644.6
26,5644.9
17,5644.9
1,5645.1
25,5645.4
21,5646.1
27,5646.9
0,5647.4
2,5647.4
31,5647.7
10,5649.0
22,5650.3
18,5650.4
17,5650.5
25,5651.3
19,5652.1
10,5653.7
24,5653.9
6,5653.9
21,5654.0
27,5654.1
28,5654.4
8,5654.6
17,5656.5
18,5656.6
25,5658.0
0,5658.3
10,5658.5
14,5658.6
15,5659.8
10,5663.6
17,5664.4
18,5666.3
10,5669.1
10,5675.2
10,5685.5
18,5712.2
10,5712.4
17,5712.5
19,5712.7
21,5712.7
25,5712.8
16,5712.8
0,5712.9
2,5713.0
27,5713.1
26,5713.2
8,5713.3
9,5713.4
1,5713.4
20,5713.6
6,5713.6
28,5713.7
24,5713.7
11,5714.1
5,5714.3
18,5718.8
10,5718.9
17,5719.1
25,5719.5
21,5719.6
0,5720.0
27,5720.2
2,5720.2
19,5720.7
9,5721.6
16,5721.7
28,5721.9
8,5722.1
6,5722.5
20,5722.8
5,5723.2
11,5723.6
26,5723.7
10,5723.8
18,5724.3
1,5724.6
17,5724.6
25,5725.2
21,5725.7
24,5726.2
27,5726.5
0,5726.9
2,5727.1
31,5727.3
10,5728.5
18,5729.9
17,5730.0
25,5731.0
19,5731.1
6,5732.8
21,5732.8
10,5733.1
27,5733.3
28,5733.4
8,5733.8
9,5734.9
17,5735.6
11,5735.7
18,5735.7
26,5735.8
29,5735.9
30,5736.2
5,5736.3
14,5736.4
0,5736.9
25,5737.2
4,5737.5
10,5737.6
17,5741.6
10,5742.4
18,5742.6
25,5746.4
27,5746.5
10,5747.5
17,5749.5
10,5753.1
10,5759.3
10,5770.7
18,5792.2
10,5792.4
17,5792.5
21,5792.7
19,5792.7
25,5792.8
16,5792.8
0,5792.9
2,5793.0
26,5793.1
27,5793.1
8,5793.3
9,5793.4
1,5793.4
20,5793.6
6,5793.6
24,5793.7
28,5793.7
11,5794.1
5,5794.3
18,5798.8
10,5798.9
17,5799.1
25,5799.5
21,5799.6
0,5800.0
2,5800.1
27,5800.2
19,5800.7
9,5801.5
16,5801.7
28,5801.9
8,5802.2
6,5802.6
20,5802.7
5,5803.1
26,5803.5
11,5803.7
10,5803.8
18,5804.3
17,5804.6
1,5804.7
25,5805.2
21,5805.7
24,5806.2
27,5806.5
0,5806.9
2,5807.1
31,5807.8
10,5808.5
18,5809.9
17,5810.0
19,5810.8
25,5810.9
21,5812.7
10,5813.0
6,5813.0
27,5813.4
28,5813.7
8,5814.0
9,5814.5
17,5815.5
18,5815.7
5,5815.7
30,5816.0
11,5816.3
0,5816.3
14,5816.5
25,5817.1
10,5817.5
2,5819.7
17,5821.4
10,5822.2
18,5822.4
25,5825.8
27,5827.0
10,5827.2
17,5828.5
10,5832.7
10,5838.8
10,5847.6
18,5872.2
10,5872.4
17,5872.5
21,5872.7
19,5872.7
16,5872.8
25,5872.8
0,5872.9
2,5873.0
27,5873.1
26,5873.2
8,5873.3
9,5873.4
1,5873.4
6,5873.6
20,5873.6
28,5873.7
24,5873.7
11,5874.1
5,5874.3
18,5878.8
10,5878.9
17,5879.1
25,5879.5
21,5879.6
0,5880.0
27,5880.0
2,5880.1
19,5880.7
9,5881.5
16,5881.7
6,5881.7
28,5881.9
8,5882.2
20,5882.7
11,5882.9
5,5883.2
26,5883.6
10,5883.8
18,5884.3
17,5884.6
1,5884.6
25,5885.2
21,5885.7
27,5886.1
24,5886.2
0,5886.9
2,5887.1
31,5888.1
10,5888.5
18,5889.9
17,5890.0
25,5890.9
19,5891.1
6,5891.5
21,5892.7
27,5893.0
10,5893.0
28,5893.9
8,5894.1
9,5894.5
11,5894.8
17,5895.6
18,5895.8
0,5896.7
5,5896.9
25,5897.1
10,5897.5
2,5900.3
17,5901.6
10,5902.2
18,5902.6
25,5905.6
27,5906.9
10,5907.2
17,5909.5
10,5912.6
10,5918.6
10,5926.7
18,6257.3
10,6257.6
17,6257.8
19,6257.8
21,6257.9
16,6258.0
0,6258.1
25,6258.1
14,6258.2
2,6258.2
27,6258.2
26,6258.3
8,6258.4
1,6258.5
30,6258.6
6,6258.7
20,6258.7
24,6258.9
28,6258.9
11,6259.3
5,6259.5
18,6264.0
10,6264.1
21,6264.8
17,6264.9
0,6265.2
2,6265.3
25,6265.3
27,6265.5
19,6266.0
28,6267.2
14,6267.2
16,6267.5
20,6268.0
6,6268.1
8,6268.2
5,6268.8
10,6269.1
11,6269.4
18,6269.6
26,6269.8
1,6270.1
21,6271.2
17,6271.8
30,6271.9
27,6272.1
2,6272.5
0,6272.5
25,6272.6
10,6274.0
18,6275.4
31,6275.5
19,6277.2
10,6278.7
21,6279.0
6,6279.2
8,6279.3
27,6279.8
24,6280.5
18,6281.7
10,6283.6
17,6284.2
14,6284.9
25,6285.1
0,6285.9
26,6286.1
20,6286.6
10,6288.7
18,6292.6
10,6294.4
10,6300.7
18,6337.2
10,6337.4
17,6337.7
19,6337.7
21,6337.7
16,6337.8
0,6337.9
2,6338.0
14,6338.0
25,6338.0
27,6338.1
26,6338.1
8,6338.3
30,6338.4
1,6338.4
28,6338.6
6,6338.6
20,6338.6
24,6338.7
11,6339.1
5,6339.3
18,6343.8
10,6343.9
21,6344.6
17,6344.8
25,6345.1
0,6345.1
27,6345.2
2,6345.2
19,6345.8
16,6346.7
14,6346.7
28,6346.8
8,6347.1
6,6347.5
20,6347.8
5,6348.3
26,6348.5
11,6348.7
10,6348.8
18,6349.4
1,6349.6
21,6350.7
24,6351.2
30,6351.3
17,6351.6
27,6351.7
0,6352.1
2,6352.2
25,6352.3
10,6353.5
18,6354.9
31,6355.4
19,6356.5
6,6357.8
21,6357.8
10,6358.1
28,6358.6
8,6358.6
16,6358.9
27,6359.2
18,6360.8
26,6361.0
17,6361.2
29,6361.6
0,6361.7
11,6361.8
10,6362.6
14,6364.1
25,6364.2
2,6365.1
10,6367.4
18,6367.7
10,6372.6
10,6378.2
10,6384.4
10,6396.3
18,6417.2
10,6417.4
19,6417.7
21,6417.7
17,6417.7
16,6417.8
0,6417.9
2,6418.0
14,6418.0
25,6418.0
27,6418.1
26,6418.2
8,6418.3
30,6418.4
1,6418.4
6,6418.6
20,6418.6
28,6418.7
24,6418.7
11,6419.1
5,6419.3
18,6423.8
10,6423.9
21,6424.5
17,6424.7
0,6425.0
25,6425.1
2,6425.1
27,6425.2
19,6425.7
14,6426.6
16,6426.7
28,6426.9
8,6427.2
6,6427.6
20,6427.7
5,6428.3
26,6428.6
10,6428.9
11,6428.9
18,6429.3
1,6429.6
21,6430.7
30,6430.9
24,6431.3
17,6431.5
27,6431.7
0,6431.9
2,6432.1
25,6432.2
10,6433.5
18,6434.9
19,6436.3
21,6437.4
10,6438.0
6,6438.0
8,6438.9
28,6438.9
27,6439.0
18,6440.7
17,6441.5
10,6442.5
0,6443.0
25,6443.2
2,6444.0
10,6447.2
18,6447.3
10,6452.3
10,6457.8
10,6463.9
10,6473.2
18,6497.2
10,6497.4
17,6497.7
19,6497.7
21,6497.7
16,6497.8
0,6497.9
25,6498.0
14,6498.0
2,6498.0
26,6498.1
27,6498.1
8,6498.3
1,6498.4
30,6498.4
6,6498.6
20,6498.6
24,6498.7
28,6498.7
11,6499.1
5,6499.3
18,6503.8
10,6503.9
21,6504.5
17,6504.7
0,6505.0
27,6505.0
25,6505.1
2,6505.1
19,6505.7
16,6506.7
14,6506.7
6,6506.7
28,6506.9
8,6507.1
20,6507.7
11,6508.0
5,6508.3
26,6508.5
10,6508.8
18,6509.3
1,6509.5
21,6510.7
30,6511.1
27,6511.3
24,6511.3
17,6511.5
0,6512.0
2,6512.1
25,6512.2
10,6513.5
18,6514.9
6,6516.4
19,6516.6
21,6517.6
10,6518.0
27,6518.4
28,6519.0
8,6519.0
18,6520.8
11,6520.9
17,6522.2
10,6522.5
0,6523.1
25,6524.0
2,6525.1
10,6527.2
18,6527.6
10,6532.2
10,6537.7
10,6543.7
10,6552.4
18,6882.4
17,6882.8
19,6882.8
21,6882.9
10,6882.9
16,6883.0
0,6883.1
25,6883.1
14,6883.2
6,6883.3
26,6883.3
8,6883.4
1,6883.5
30,6883.6
27,6883.6
20,6883.7
31,6883.8
28,6883.9
24,6883.9
2,6883.9
15,6884.1
11,6884.3
5,6884.5
18,6889.4
10,6889.7
21,6889.8
17,6889.9
0,6890.2
25,6890.3
6,6890.8
19,6891.1
28,6892.2
14,6892.4
16,6892.5
31,6893.0
20,6893.0
27,6893.1
8,6893.2
5,6893.9
2,6894.3
11,6894.5
26,6894.9
1,6895.2
10,6895.5
21,6896.0
18,6896.0
15,6896.2
17,6896.9
30,6897.2
25,6897.5
0,6897.5
6,6897.9
24,6900.8
10,6901.4
21,6903.9
28,6904.2
27,6904.4
8,6905.1
18,6905.3
19,6906.4
7,6906.7
6,6906.8
10,6907.8
26,6908.2
25,6908.9
17,6909.1
14,6909.8
31,6911.6
10,6920.2
18,6962.2
19,6962.7
21,6962.7
17,6962.7
10,6962.7
16,6962.8
0,6962.9
25,6963.0
14,6963.0
6,6963.2
26,6963.2
8,6963.3
1,6963.4
30,6963.4
27,6963.5
28,6963.6
20,6963.6
31,6963.6
2,6963.7
24,6963.7
15,6963.8
11,6964.1
5,6964.3
18,6969.2
21,6969.5
10,6969.6
17,6969.8
0,6970.0
25,6970.1
6,6970.5
19,6970.8
16,6971.6
14,6971.7
28,6971.8
8,6972.1
27,6972.4
31,6972.5
20,6972.8
5,6973.3
11,6973.7
26,6973.8
2,6974.3
1,6974.8
15,6975.3
10,6975.4
18,6975.6
21,6975.7
24,6976.3
30,6976.4
17,6976.7
25,6977.1
0,6977.2
6,6977.4
10,6981.2
21,6982.8
27,6982.8
28,6983.1
16,6983.6
19,6983.7
18,6984.1
8,6984.6
31,6985.0
6,6985.3
26,6985.6
14,6986.4
11,6986.9
7,6987.3
10,6987.6
17,6987.7
25,6987.9
0,6989.2
10,6999.0
18,7042.2
21,7042.6
17,7042.7
19,7042.7
10,7042.7
16,7042.8
0,7042.9
25,7043.0
14,7043.0
6,7043.2
26,7043.2
8,7043.3
1,7043.4
30,7043.4
27,7043.5
20,7043.6
31,7043.6
28,7043.6
2,7043.7
24,7043.7
15,7043.8
11,7044.1
5,7044.3
18,7049.2
21,7049.5
10,7049.6
17,7049.8
0,7050.0
25,7050.1
6,7050.6
19,7050.7
14,7051.6
16,7051.6
28,7051.8
8,7052.2
31,7052.4
27,7052.6
20,7052.7
5,7053.4
26,7053.6
11,7053.9
2,7054.0
1,7054.5
10,7055.4
15,7055.6
18,7055.6
21,7055.6
24,7056.2
30,7056.3
17,7056.6
0,7057.0
25,7057.1
6,7057.4
10,7061.1
21,7062.4
27,7063.0
28,7063.5
19,7063.6
16,7064.0
18,7064.0
8,7064.8
6,7065.2
31,7065.2
25,7066.3
26,7066.5
17,7066.9
14,7067.1
10,7067.3
0,7069.8
10,7076.2
18,7122.2
21,7122.6
17,7122.7
10,7122.7
19,7122.7
16,7122.8
0,7122.9
14,7123.0
25,7123.0
26,7123.2
6,7123.2
8,7123.3
30,7123.4
1,7123.4
27,7123.5
31,7123.6
20,7123.6
2,7123.7
28,7123.7
24,7123.7
15,7123.8
11,7124.1
5,7124.3
18,7129.2
21,7129.5
10,7129.6
17,7129.8
0,7130.0
25,7130.1
6,7130.2
19,7130.8
16,7131.6
14,7131.7
27,7131.7
28,7131.9
8,7132.2
31,7132.5
20,7132.7
11,7133.0
5,7133.4
26,7133.7
2,7134.1
1,7134.6
10,7135.4
15,7135.5
21,7135.6
18,7135.6
30,7136.3
24,7136.4
17,7136.6
6,7136.9
25,7137.1
0,7137.1
10,7141.2
27,7141.7
21,7142.6
28,7143.6
19,7143.9
18,7144.0
8,7144.7
6,7144.9
11,7145.9
14,7146.6
10,7147.5
31,7147.7
17,7147.9
25,7147.9
0,7150.1
10,7158.2
18,7507.3
19,7507.8
21,7507.9
8,7508.0
16,7508.0
10,7508.2
14,7508.2
6,7508.3
26,7508.3
17,7508.4
1,7508.5
27,7508.6
30,7508.6
25,7508.6
31,7508.8
28,7508.9
24,7508.9
0,7509.0
15,7509.1
11,7509.3
5,7509.5
18,7514.0
21,7514.8
8,7515.5
6,7515.8
19,7516.1
10,7516.2
28,7517.2
14,7517.4
16,7517.5
27,7518.1
31,7518.3
5,7519.0
18,7519.3
11,7519.5
26,7519.9
1,7520.2
25,7520.2
21,7521.1
15,7521.6
8,7522.4
6,7523.0
10,7523.3
18,7524.6
24,7525.3
28,7528.5
27,7528.9
21,7529.6
18,7530.1
6,7532.8
8,7533.2
10,7533.6
19,7534.2
18,7536.0
18,7544.4
18,7587.1
21,7587.6
19,7587.7
16,7587.8
8,7587.9
14,7588.0
17,7588.1
10,7588.1
26,7588.2
6,7588.2
30,7588.4
1,7588.4
27,7588.5
25,7588.5
31,7588.6
24,7588.7
28,7588.7
0,7588.8
15,7588.8
11,7589.1
5,7589.3
18,7593.8
21,7594.5
8,7595.3
6,7595.6
19,7595.8
10,7595.8
16,7596.7
14,7596.7
28,7596.8
27,7597.5
31,7597.6
5,7598.5
11,7598.8
26,7598.8
18,7599.0
1,7599.7
25,7599.8
15,7600.4
21,7600.7
24,7601.5
30,7601.6
8,7602.4
6,7602.5
10,7603.1
18,7604.2
28,7607.2
27,7607.4
21,7608.1
19,7608.9
16,7609.2
18,7609.4
6,7611.0
11,7612.6
0,7612.9
17,7613.0
20,7613.0
31,7613.2
2,7613.4
10,7613.4
18,7615.0
8,7615.4
18,7621.1
18,7631.5
18,7667.1
21,7667.6
19,7667.7
16,7667.8
8,7667.9
14,7668.0
26,7668.1
10,7668.1
17,7668.1
6,7668.2
1,7668.4
30,7668.4
27,7668.5
25,7668.5
31,7668.6
28,7668.6
24,7668.7
0,7668.8
15,7668.8
11,7669.1
5,7669.3
18,7673.7
21,7674.5
8,7675.3
6,7675.6
19,7675.8
10,7675.8
16,7676.7
14,7676.7
28,7676.8
31,7677.5
27,7677.5
5,7678.5
26,7678.6
11,7678.9
18,7678.9
25,7679.6
1,7679.7
15,7680.4
21,7680.6
30,7681.4
24,7681.6
8,7682.3
6,7682.5
10,7683.0
18,7684.0
27,7687.5
28,7687.5
21,7687.8
19,7688.6
18,7689.3
16,7689.6
6,7691.4
4,7693.3
10,7693.5
8,7694.3
18,7694.9
18,7701.2
18,7714.1
18,7747.1
21,7747.6
19,7747.7
16,7747.8
8,7747.9
14,7748.0
17,7748.1
26,7748.1
10,7748.1
6,7748.2
1,7748.4
30,7748.4
27,7748.5
25,7748.5
28,7748.6
31,7748.6
24,7748.7
15,7748.8
0,7748.8
11,7749.1
5,7749.3
18,7753.7
21,7754.5
6,7755.2
8,7755.3
19,7755.8
10,7755.8
16,7756.7
27,7756.7
14,7756.7
28,7756.8
31,7757.5
11,7758.1
5,7758.5
26,7758.8
18,7758.9
1,7759.6
25,7759.7
15,7760.4
21,7760.7
30,7761.5
24,7761.6
6,7762.0
8,7762.3
10,7763.0
18,7764.1
27,7766.6
28,7767.6
21,7768.0
19,7768.9
18,7769.3
16,7769.7
6,7770.5
11,7771.3
10,7774.5
8,7774.9
18,7774.9
18,7781.1
18,7793.3
18,8132.3
19,8132.8
21,8132.9
16,8133.0
10,8133.0
8,8133.0
27,8133.0
14,8133.2
26,8133.3
6,8133.3
17,8133.4
1,8133.5
25,8133.6
30,8133.6
31,8133.8
24,8133.9
29,8133.9
28,8133.9
3,8134.0
0,8134.0
12,8134.1
15,8134.1
11,8134.3
5,8134.5
18,8138.8
21,8139.8
10,8140.0
27,8140.3
8,8140.5
6,8140.8
19,8141.1
28,8142.2
29,8142.4
14,8142.4
16,8142.5
31,8143.3
18,8143.7
5,8143.9
11,8144.4
26,8144.8
1,8145.1
3,8145.2
25,8145.2
12,8145.4
10,8146.0
21,8146.1
15,8146.6
27,8146.8
8,8147.5
6,8148.0
18,8148.5
24,8151.5
10,8152.1
18,8153.3
28,8153.4
0,8153.5
27,8153.9
21,8154.3
4,8156.5
29,8156.6
16,8156.8
30,8157.1
11,8157.8
18,8158.4
6,8158.7
8,8158.7
10,8159.4
18,8163.9
18,8170.0
18,8180.3
18,8212.1
21,8212.6
19,8212.7
10,8212.8
16,8212.8
8,8212.9
27,8212.9
14,8213.0
6,8213.2
26,8213.2
17,8213.2
1,8213.4
30,8213.4
25,8213.5
31,8213.6
24,8213.7
3,8213.7
29,8213.7
28,8213.7
0,8213.8
12,8213.9
15,8213.9
11,8214.1
5,8214.3
18,8218.5
21,8219.5
10,8219.8
27,8220.0
8,8220.3
6,8220.6
19,8220.8
16,8221.5
14,8221.7
29,8221.8
28,8221.8
31,8222.6
18,8223.4
5,8223.4
11,8223.7
26,8223.8
3,8224.2
25,8224.5
1,8224.7
12,8224.9
21,8225.6
15,8225.7
10,8225.7
24,8226.1
30,8226.1
27,8226.3
8,8227.4
6,8227.5
18,8228.1
0,8231.8
10,8231.8
28,8232.3
18,8232.8
21,8232.9
16,8233.0
27,8233.1
29,8233.3
14,8234.7
4,8235.9
11,8236.3
19,8236.3
6,8236.3
18,8237.6
10,8238.8
8,8241.0
18,8242.8
27,8244.0
18,8248.4
18,8254.7
18,8267.0
18,8292.1
21,8292.6
19,8292.7
16,8292.8
10,8292.8
27,8292.9
8,8292.9
14,8293.0
6,8293.2
26,8293.2
17,8293.2
30,8293.4
1,8293.4
25,8293.5
31,8293.6
24,8293.7
29,8293.7
28,8293.7
15,8293.8
0,8293.8
3,8293.8
12,8293.9
11,8294.1
5,8294.3
18,8298.5
21,8299.5
10,8299.7
27,8300.0
8,8300.3
6,8300.6
19,8300.8
16,8301.5
14,8301.7
29,8301.8
28,8301.9
31,8302.5
5,8303.3
18,8303.4
11,8303.8
26,8303.9
3,8304.0
25,8304.4
1,8304.4
12,8304.7
21,8305.6
15,8305.7
10,8305.7
24,8306.1
30,8306.1
27,8306.2
8,8307.4
6,8307.5
18,8308.1
10,8311.6
0,8312.1
21,8312.7
18,8312.7
28,8312.7
27,8312.8
16,8313.1
29,8313.1
19,8314.0
14,8315.0
11,8316.3
6,8316.4
4,8317.1
18,8317.5
10,8318.1
8,8320.3
18,8322.6
27,8323.2
18,8328.2
10,8330.5
18,8334.3
18,8344.4
18,8372.1
21,8372.6
19,8372.7
10,8372.8
16,8372.8
27,8372.9
8,8372.9
14,8373.0
17,8373.1
26,8373.1
6,8373.2
30,8373.4
1,8373.4
25,8373.5
31,8373.6
28,8373.6
29,8373.7
24,8373.7
3,8373.7
0,8373.8
15,8373.8
12,8373.9
11,8374.1
5,8374.3
18,8378.5
21,8379.5
10,8379.7
27,8379.8
6,8380.2
8,8380.3
19,8380.8
16,8381.5
14,8381.7
29,8381.8
28,8381.8
31,8382.6
11,8383.0
18,8383.4
5,8383.4
26,8383.7
3,8384.0
25,8384.5
1,8384.5
12,8384.7
15,8385.5
21,8385.6
10,8385.7
30,8385.9
27,8386.0
24,8386.2
6,8386.9
8,8387.4
18,8388.1
10,8391.7
0,8392.5
27,8392.6
28,8392.6
18,8392.7
21,8392.8
29,8393.2
16,8393.3
19,8394.3
14,8395.2
6,8395.4
11,8395.5
18,8397.5
10,8398.4
8,8400.4
18,8402.6
27,8403.6
18,8408.1
18,8414.2
18,8423.2
18,8757.1
27,8757.4
19,8757.8
21,8757.9
30,8757.9
8,8758.0
10,8758.0
16,8758.0
14,8758.2
26,8758.3
6,8758.3
17,8758.4
4,8758.4
1,8758.5
13,8758.6
25,8758.6
31,8758.8
24,8758.9
29,8758.9
0,8759.0
3,8759.0
15,8759.1
12,8759.1
11,8759.3
18,8763.5
27,8764.2
21,8764.8
10,8765.0
8,8765.5
6,8765.8
19,8766.1
30,8766.3
29,8767.4
14,8767.4
16,8767.5
18,8768.2
31,8768.3
4,8768.8
11,8769.5
27,8769.7
26,8770.0
1,8770.0
25,8770.2
3,8770.2
12,8770.4
10,8770.9
21,8771.1
15,8771.8
8,8772.5
18,8772.8
6,8772.9
28,8774.2
27,8775.1
24,8775.4
10,8777.0
18,8777.2
22,8777.5
29,8779.1
0,8779.2
21,8779.5
30,8779.7
19,8779.7
27,8780.6
17,8781.0
18,8781.7
31,8781.8
11,8782.7
6,8783.1
8,8783.7
10,8784.2
18,8786.3
27,8786.4
18,8791.3
27,8793.2
18,8796.8
18,8802.9
18,8813.2
18,8836.9
27,8837.2
21,8837.6
30,8837.7
19,8837.7
16,8837.8
10,8837.8
8,8837.9
14,8838.0
17,8838.1
26,8838.2
6,8838.2
4,8838.2
13,8838.4
1,8838.4
25,8838.5
31,8838.6
24,8838.7
29,8838.7
15,8838.8
3,8838.8
0,8838.8
12,8838.9
11,8839.1
18,8843.2
27,8844.0
21,8844.5
10,8844.8
8,8845.3
6,8845.6
30,8845.7
19,8845.9
16,8846.7
14,8846.7
29,8846.8
31,8847.5
4,8847.9
18,8848.0
11,8848.8
26,8849.0
27,8849.4
25,8849.5
3,8849.6
12,8849.7
1,8849.8
10,8850.7
21,8850.7
15,8850.7
24,8851.4
6,8852.4
8,8852.4
18,8852.6
27,8854.5
10,8856.8
29,8856.8
30,8857.0
18,8857.0
21,8857.9
22,8858.0
20,8858.1
0,8858.4
16,8858.8
19,8859.0
27,8859.7
31,8859.9
14,8860.3
17,8860.9
11,8861.1
18,8861.3
6,8861.5
10,8864.0
27,8865.2
18,8865.7
8,8866.0
18,8870.4
27,8871.2
18,8875.4
27,8879.0
18,8880.9
18,8887.0
18,8896.2
18,8916.9
27,8917.2
21,8917.6
19,8917.7
30,8917.7
10,8917.8
16,8917.8
8,8917.9
14,8918.0
17,8918.1
6,8918.2
26,8918.2
4,8918.2
1,8918.4
13,8918.4
25,8918.4
31,8918.6
24,8918.7
29,8918.7
15,8918.8
0,8918.8
3,8918.8
12,8918.9
11,8919.1
18,8923.2
27,8923.9
21,8924.5
10,8924.8
8,8925.3
6,8925.6
19,8925.8
30,8925.8
16,8926.6
14,8926.7
29,8926.8
31,8927.5
4,8927.7
18,8928.0
11,8928.9
26,8929.1
25,8929.3
3,8929.3
27,8929.3
12,8929.6
1,8929.7
21,8930.6
10,8930.7
15,8930.8
24,8931.4
6,8932.4
8,8932.4
18,8932.7
27,8934.5
10,8936.7
18,8937.0
29,8937.0
30,8937.3
21,8937.6
19,8938.5
22,8938.7
20,8938.7
16,8938.8
27,8939.6
31,8940.0
14,8940.5
6,8940.6
11,8940.9
17,8941.3
18,8941.3
10,8943.8
27,8945.0
8,8945.3
18,8945.7
18,8950.3
27,8950.8
18,8955.3
27,8957.6
18,8960.7
18,8966.7
18,8974.7
18,8996.9
27,8997.2
21,8997.6
19,8997.7
30,8997.7
10,8997.8
16,8997.8
8,8997.9
14,8998.0
17,8998.1
4,8998.2
26,8998.2
6,8998.2
1,8998.4
13,8998.4
25,8998.5
31,8998.6
29,8998.7
24,8998.7
0,8998.8
3,8998.8
15,8998.8
12,8998.9
11,8999.1
18,9003.2
27,9003.9
21,9004.5
10,9004.8
6,9005.2
8,9005.3
30,9005.8
19,9005.8
16,9006.7
14,9006.7
29,9006.8
31,9007.5
4,9007.8
11,9008.0
18,9008.0
26,9009.0
3,9009.3
27,9009.3
25,9009.5
12,9009.6
1,9009.7
21,9010.7
15,9010.7
10,9010.7
24,9011.5
6,9011.9
8,9012.4
18,9012.6
27,9014.5
10,9016.8
18,9017.0
29,9017.2
30,9017.3
21,9017.8
19,9018.8
16,9018.8
0,9019.1
20,9019.4
27,9019.8
11,9020.4
31,9020.5
6,9020.6
18,9021.3
10,9024.2
27,9025.4
8,9025.4
18,9025.7
18,9030.3
27,9031.5
18,9035.3
18,9040.8
27,9041.2
18,9046.8
18,9055.4
18,9382.1
27,9382.5
19,9382.8
30,9382.9
21,9382.9
16,9383.0
8,9383.0
10,9383.0
14,9383.2
26,9383.3
17,9383.4
4,9383.4
31,9383.5
1,9383.5
25,9383.6
13,9383.6
29,9383.9
24,9383.9
3,9384.0
0,9384.0
15,9384.1
12,9384.1
7,9384.2
23,9384.2
6,9384.3
22,9384.7
18,9388.5
27,9389.5
21,9389.8
10,9390.0
30,9390.4
8,9390.5
19,9391.0
31,9391.2
14,9392.4
29,9392.4
16,9392.5
18,9393.2
7,9393.8
4,9393.9
23,9394.3
26,9394.9
1,9395.1
3,9395.2
25,9395.2
6,9395.4
12,9395.4
22,9395.6
27,9395.9
10,9396.0
21,9396.1
15,9396.8
8,9397.5
30,9397.5
18,9397.8
31,9398.4
24,9400.5
10,9402.0
18,9402.2
27,9403.9
21,9404.0
11,9404.5
20,9404.6
16,9404.9
29,9405.0
18,9406.7
8,9408.7
10,9409.1
30,9410.2
18,9411.3
31,9412.0
18,9416.3
18,9421.8
18,9427.9
18,9437.3
18,9461.9
27,9462.4
30,9462.6
19,9462.7
21,9462.7
10,9462.8
16,9462.8
8,9462.9
14,9463.0
17,9463.1
4,9463.2
26,9463.2
31,9463.3
1,9463.4
13,9463.4
25,9463.5
29,9463.7
24,9463.7
0,9463.8
3,9463.8
15,9463.8
12,9463.9
7,9464.0
23,9464.0
6,9464.1
22,9464.5
18,9468.2
27,9469.3
21,9469.5
10,9469.8
30,9470.0
8,9470.3
31,9470.8
19,9470.9
16,9471.6
14,9471.8
29,9471.9
4,9472.9
18,9473.0
7,9473.3
23,9473.8
26,9474.4
3,9474.6
1,9474.8
6,9474.8
12,9474.8
22,9475.0
25,9475.0
27,9475.5
21,9475.7
10,9475.7
15,9475.8
24,9476.3
30,9476.9
8,9477.4
18,9477.6
31,9477.7
10,9481.8
18,9482.0
27,9482.6
16,9482.7
29,9482.8
21,9482.9
20,9483.6
7,9485.9
18,9486.3
30,9487.0
17,9488.4
31,9488.9
10,9489.4
18,9490.7
8,9491.0
18,9495.3
18,9500.2
18,9505.6
18,9511.5
18,9519.0
18,9541.9
27,9542.3
21,9542.6
30,9542.7
19,9542.7
10,9542.8
16,9542.8
8,9542.9
14,9543.0
17,9543.1
4,9543.2
26,9543.2
31,9543.3
13,9543.4
1,9543.4
25,9543.5
24,9543.6
29,9543.7
15,9543.8
0,9543.8
3,9543.8
12,9543.9
7,9543.9
23,9543.9
6,9544.1
22,9544.5
18,9548.2
27,9549.2
21,9549.5
10,9549.8
30,9550.0
8,9550.3
31,9550.5
19,9550.8
16,9551.5
29,9551.8
14,9551.8
7,9552.4
4,9552.8
18,9553.0
23,9553.1
3,9554.3
26,9554.4
6,9554.6
22,9554.6
12,9554.7
1,9554.7
25,9555.0
27,9555.5
21,9555.6
10,9555.7
15,9555.8
24,9556.2
30,9556.9
31,9557.4
8,9557.4
18,9557.6
10,9561.8
18,9562.0
27,9562.4
21,9562.5
29,9562.6
16,9563.0
20,9563.8
7,9564.7
0,9564.8
18,9566.3
30,9568.6
31,9568.8
10,9569.1
8,9570.3
18,9570.7
18,9575.3
18,9580.3
18,9585.8
18,9591.8
18,9600.0
18,9621.9
27,9622.3
21,9622.6
30,9622.6
19,9622.7
16,9622.8
10,9622.8
8,9622.9
14,9623.0
17,9623.1
26,9623.2
4,9623.2
31,9623.3
13,9623.4
1,9623.4
25,9623.5
24,9623.6
29,9623.7
3,9623.8
0,9623.8
15,9623.8
23,9623.9
12,9623.9
7,9624.0
6,9624.1
22,9624.5
18,9628.2
27,9629.2
21,9629.5
10,9629.8
30,9629.9
8,9630.3
31,9630.5
19,9630.8
16,9631.5
29,9631.8
14,9631.8
7,9632.5
4,9632.8
18,9633.0
23,9633.1
26,9634.3
3,9634.4
22,9634.6
6,9634.6
12,9634.7
1,9634.8
25,9635.0
27,9635.5
21,9635.6
10,9635.7
15,9635.7
24,9636.3
30,9636.9
8,9637.4
31,9637.4
18,9637.6
10,9641.8
18,9642.0
27,9642.5
21,9642.6
29,9642.8
16,9643.4
20,9644.7
7,9645.2
18,9646.3
30,9648.2
10,9649.0
31,9649.1
8,9650.4
18,9650.7
18,9655.3
18,9660.4
18,9665.9
18,9671.9
18,9680.4
