1,89.7
7,90.4
5,90.8
0,92.2
6,105.7
1,109.7
0,111.2
4,111.8
5,114.4
1,169.4
7,170.0
5,170.4
0,171.9
6,184.8
1,188.3
4,190.2
0,190.3
5,193.0
2,195.8
7,197.0
1,197.5
6,200.7
1,249.3
7,249.9
5,250.2
0,251.5
6,264.6
1,268.0
0,269.9
4,270.0
5,273.0
1,279.2
1,634.5
7,635.0
5,635.4
0,636.8
6,649.8
1,653.2
0,654.8
4,655.2
5,657.7
2,661.9
1,662.5
7,664.7
1,675.6
1,714.2
7,714.8
5,715.1
0,716.1
6,729.2
1,732.3
4,732.4
0,733.8
5,736.4
2,737.3
6,740.0
1,740.8
4,743.6
7,743.9
1,750.9
2,756.1
1,794.1
7,794.7
5,794.9
0,796.0
1,807.2
6,809.2
0,813.7
4,814.0
5,816.8
1,818.1
2,819.7
7,824.6
1,829.0
1,874.0
7,874.6
5,874.8
0,875.8
4,880.4
1,886.8
6,889.2
0,893.6
2,895.5
4,896.4
1,896.9
5,896.9
6,900.4
7,905.6
1,906.0
2,913.1
1,1259.2
7,1259.7
5,1260.0
0,1261.0
6,1274.4
1,1278.2
0,1278.9
4,1279.0
5,1282.3
2,1282.7
1,1287.4
7,1287.6
6,1290.1
1,1339.0
7,1339.5
5,1339.7
0,1340.5
6,1343.6
4,1344.4
1,1351.4
6,1357.6
0,1358.0
4,1360.5
5,1360.8
2,1361.0
1,1361.2
7,1366.6
6,1367.7
1,1369.7
2,1373.0
1,1382.0
4,1385.4
1,1418.9
7,1419.5
5,1419.6
0,1420.5
6,1422.9
4,1423.1
1,1430.8
6,1437.0
0,1438.0
2,1439.3
4,1440.9
5,1441.4
1,1441.7
7,1446.6
1,1452.3
6,1454.7
2,1459.0
1,1498.9
7,1499.4
5,1499.5
0,1500.3
6,1502.8
4,1503.6
1,1510.6
6,1516.9
0,1517.8
4,1520.6
5,1521.3
1,1521.4
2,1522.0
7,1526.3
6,1528.4
1,1529.9
2,1533.7
4,1537.9
1,1542.0
1,1884.1
7,1884.5
5,1884.7
0,1885.6
6,1888.0
4,1889.1
1,1896.5
6,1902.5
0,1903.4
2,1906.4
4,1906.5
1,1906.9
5,1907.1
7,1911.8
1,1916.3
2,1924.4
1,1963.8
5,1964.4
7,1964.4
0,1965.2
6,1967.2
4,1968.2
2,1968.3
1,1975.0
6,1981.6
0,1982.5
7,1983.6
4,1984.6
1,1985.5
5,1985.9
2,1986.9
6,1991.1
1,1994.9
2,1999.4
4,2003.6
6,2004.3
1,2043.8
7,2044.3
5,2044.4
0,2045.1
6,2047.0
2,2047.4
4,2047.5
1,2054.9
6,2061.3
7,2061.9
0,2062.5
4,2065.3
1,2065.6
5,2065.7
2,2066.6
1,2074.7
6,2079.7
1,2123.7
7,2124.3
5,2124.4
0,2125.1
6,2127.0
2,2127.4
4,2127.5
1,2134.6
6,2141.3
7,2141.6
0,2142.5
4,2144.8
1,2145.7
2,2146.1
5,2146.3
6,2151.4
1,2154.9
4,2157.6
2,2157.8
1,2509.0
7,2509.4
5,2509.6
0,2510.3
6,2512.2
4,2513.1
2,2513.1
1,2520.6
6,2526.8
7,2527.0
0,2528.0
4,2530.8
1,2531.2
5,2531.9
2,2532.4
6,2539.1
1,2540.4
2,2550.4
1,2588.7
7,2589.2
5,2589.3
0,2590.0
4,2591.8
6,2591.8
2,2592.1
1,2599.3
6,2606.1
7,2606.2
0,2607.3
4,2609.0
1,2610.0
5,2610.7
2,2611.0
6,2615.2
1,2618.2
2,2621.6
7,2622.9
6,2626.7
4,2628.3
1,2628.8
1,2668.6
7,2669.2
5,2669.2
0,2669.9
6,2671.5
4,2671.6
2,2671.9
1,2679.1
7,2685.6
6,2685.9
0,2687.2
4,2689.8
1,2690.2
5,2691.0
2,2692.3
6,2697.6
1,2700.2
1,2748.6
5,2749.2
7,2749.2
0,2749.9
4,2751.5
6,2751.6
2,2751.7
1,2758.9
7,2765.4
6,2766.0
0,2767.1
4,2769.3
1,2770.1
5,2770.9
2,2771.1
6,2776.7
1,2778.5
4,2782.0
2,2782.9
7,2785.5
1,2789.7
1,3133.1
7,3133.4
5,3133.5
0,3133.9
4,3134.6
6,3135.1
2,3135.2
1,3140.7
7,3142.4
5,3142.5
0,3144.9
6,3149.1
1,3149.3
2,3149.7
7,3153.5
4,3153.8
0,3157.7
1,3158.4
5,3158.9
6,3165.1
2,3165.2
1,3170.5
1,3212.9
5,3213.3
7,3213.3
0,3213.7
4,3214.3
2,3214.9
6,3215.0
1,3220.3
5,3222.0
7,3222.1
0,3223.9
1,3228.3
2,3228.6
6,3228.6
7,3232.9
4,3233.0
0,3236.1
1,3236.4
5,3237.7
6,3239.5
2,3239.7
1,3245.6
1,3292.9
5,3293.3
7,3293.3
0,3293.7
4,3294.3
6,3294.9
2,3294.9
1,3300.3
7,3302.0
5,3302.0
0,3304.0
1,3308.3
6,3308.5
2,3308.6
7,3312.3
4,3313.1
0,3316.2
1,3316.9
5,3317.8
6,3321.1
2,3325.2
1,3329.0
1,3372.9
7,3373.3
5,3373.3
0,3373.7
4,3374.3
6,3374.9
2,3374.9
1,3380.3
5,3382.0
7,3382.0
0,3383.7
1,3388.3
6,3388.7
2,3389.0
7,3392.4
4,3393.4
0,3395.9
1,3396.3
5,3397.2
2,3400.3
6,3400.6
1,3405.6
1,3758.1
7,3758.2
5,3758.5
0,3758.9
4,3759.6
6,3760.1
2,3760.2
1,3765.7
7,3766.3
5,3767.5
0,3769.9
6,3774.1
1,3774.1
7,3774.9
4,3780.0
2,3781.0
1,3782.3
0,3786.0
5,3786.2
6,3790.4
7,3790.6
1,3793.2
1,3837.9
7,3838.1
5,3838.3
0,3838.7
4,3839.3
6,3839.9
2,3839.9
1,3845.3
7,3846.1
5,3847.0
0,3848.9
1,3853.0
6,3853.6
7,3854.4
4,3859.8
2,3860.5
1,3861.0
0,3861.6
6,3863.7
7,3866.0
5,3866.0
1,3869.1
2,3872.0
6,3875.5
1,3881.3
1,3917.9
7,3918.1
5,3918.3
0,3918.7
4,3919.3
2,3919.8
6,3919.9
1,3925.3
7,3926.0
5,3927.0
0,3929.0
1,3933.0
6,3933.5
7,3934.1
4,3939.1
1,3941.1
2,3941.4
0,3941.7
6,3946.0
7,3946.3
5,3947.9
1,3950.5
1,3971.7
1,3997.8
7,3998.1
5,3998.3
0,3998.7
4,3999.3
2,3999.8
6,3999.9
1,4005.3
7,4006.0
5,4007.1
0,4008.8
1,4013.0
6,4013.6
7,4014.1
4,4020.2
2,4021.4
1,4021.4
0,4021.4
6,4024.4
7,4026.3
1,4031.1
6,4037.3
7,4383.2
5,4383.5
1,4383.6
4,4384.6
0,4385.0
6,4385.1
2,4385.2
7,4391.3
5,4392.5
1,4392.7
6,4399.1
7,4399.8
4,4402.2
0,4402.2
1,4404.7
2,4404.8
5,4411.2
7,4414.9
6,4415.8
1,4417.9
7,4463.1
5,4463.3
1,4463.4
4,4464.3
0,4464.8
2,4464.9
6,4465.0
7,4471.1
5,4472.0
1,4472.1
6,4478.6
7,4479.4
0,4481.7
4,4481.9
1,4483.4
2,4484.2
6,4489.4
5,4490.9
7,4491.1
1,4492.8
2,4495.1
6,4502.2
7,4543.1
5,4543.3
1,4543.3
4,4544.3
0,4544.7
2,4544.8
6,4544.9
7,4551.0
1,4552.0
5,4552.1
6,4558.6
7,4559.1
0,4561.6
4,4561.9
1,4563.3
2,4565.9
6,4571.1
7,4571.3
5,4573.1
1,4575.1
7,4623.1
5,4623.3
1,4623.4
4,4624.3
0,4624.7
2,4624.8
6,4624.9
7,4631.0
1,4632.1
5,4632.1
6,4638.6
7,4639.1
0,4641.7
4,4642.1
1,4643.6
2,4645.6
7,4651.6
6,4653.7
1,4655.0
7,5008.2
5,5008.5
1,5008.6
4,5009.6
0,5010.0
6,5010.1
2,5010.2
7,5016.3
5,5017.5
1,5017.7
6,5024.6
7,5024.9
0,5027.0
4,5028.3
2,5030.4
1,5031.8
5,5036.2
7,5047.6
7,5088.1
5,5088.3
1,5088.3
4,5089.3
0,5089.8
2,5089.8
6,5089.9
7,5096.1
5,5097.0
1,5097.1
6,5103.8
7,5104.4
0,5106.0
4,5107.4
2,5109.7
1,5110.7
6,5115.3
5,5116.0
7,5116.7
1,5120.9
2,5122.9
7,5168.1
1,5168.3
5,5168.3
4,5169.3
0,5169.8
2,5169.8
6,5169.9
7,5176.0
5,5177.1
1,5177.1
6,5183.7
7,5184.2
0,5186.0
4,5187.3
2,5190.6
1,5191.5
7,5197.1
5,5198.3
1,5204.7
0,5206.6
7,5248.1
5,5248.2
1,5248.3
4,5249.3
0,5249.7
2,5249.8
6,5249.9
7,5256.0
5,5257.0
1,5257.1
6,5263.8
7,5264.3
0,5266.2
4,5267.4
2,5270.6
1,5271.4
6,5277.7
7,5281.6
1,5283.5
7,5633.2
1,5633.3
5,5634.0
2,5634.0
6,5634.4
0,5635.1
7,5641.3
1,5641.3
5,5643.9
6,5648.0
7,5649.7
1,5650.9
2,5651.3
0,5652.2
4,5655.0
6,5657.0
1,5660.3
7,5660.7
5,5660.8
2,5662.7
6,5668.9
1,5678.6
1,5713.1
7,5713.1
5,5713.7
2,5713.7
6,5714.2
0,5714.8
1,5720.9
7,5721.0
5,5723.3
6,5726.9
7,5729.2
1,5729.7
2,5730.2
0,5731.3
4,5734.8
6,5735.8
1,5738.3
7,5739.1
5,5740.1
2,5740.4
6,5745.1
0,5750.1
1,5750.6
1,5793.1
7,5793.1
5,5793.7
2,5793.7
6,5794.3
0,5794.7
1,5800.9
7,5801.0
5,5803.3
2,5807.1
6,5807.1
7,5809.0
1,5809.7
0,5811.2
4,5815.1
6,5815.9
1,5818.7
7,5818.9
5,5820.8
2,5821.2
6,5826.3
1,5831.3
7,5873.1
1,5873.1
2,5873.7
5,5873.8
6,5874.2
0,5874.7
1,5880.9
7,5881.0
5,5883.4
6,5887.0
2,5887.1
7,5888.9
1,5889.7
0,5891.5
4,5895.5
6,5896.0
7,5898.8
1,5899.0
2,5901.2
5,5901.3
6,5905.1
1,5911.6
7,6258.0
2,6259.0
1,6259.1
6,6259.5
0,6260.0
5,6260.0
7,6265.5
1,6269.5
6,6272.7
7,6272.7
2,6275.6
0,6279.0
7,6281.2
4,6282.2
6,6282.8
1,6282.9
2,6285.3
6,6295.1
7,6337.8
2,6338.7
1,6338.9
6,6339.3
0,6339.7
5,6339.8
7,6345.2
1,6348.9
6,6351.8
2,6352.1
7,6352.1
0,6358.4
7,6360.0
4,6360.6
6,6361.2
2,6361.9
1,6362.0
6,6369.2
7,6370.3
2,6373.1
6,6379.9
7,6417.8
2,6418.7
1,6418.9
6,6419.2
0,6419.7
5,6419.8
7,6425.2
1,6428.9
6,6431.8
2,6431.8
7,6431.9
0,6438.7
7,6439.6
4,6440.9
6,6441.7
2,6442.3
1,6442.3
7,6450.2
6,6452.5
2,6454.1
7,6497.8
2,6498.7
1,6498.9
6,6499.2
0,6499.7
5,6499.8
7,6505.2
1,6508.8
2,6511.7
6,6511.8
7,6511.9
0,6519.2
7,6519.7
6,6521.5
4,6521.9
2,6522.3
1,6522.8
7,6529.2
6,6531.8
2,6534.4
7,6883.3
1,6883.8
6,6883.9
2,6884.0
0,6885.0
5,6885.0
7,6892.0
1,6892.2
6,6894.7
2,6899.5
7,6900.5
6,6903.7
0,6904.1
1,6904.4
4,6906.1
7,6909.1
2,6914.2
6,6914.6
7,6926.0
7,6963.1
1,6963.5
2,6963.7
6,6963.8
0,6964.7
5,6964.8
7,6971.4
1,6971.7
6,6973.8
2,6978.3
7,6979.5
6,6982.7
1,6983.1
0,6983.9
4,6986.9
7,6987.5
2,6989.8
6,6990.2
7,6998.4
6,6998.8
7,7043.1
1,7043.5
2,7043.7
6,7043.7
0,7044.8
5,7044.8
7,7051.4
1,7051.7
6,7053.6
2,7056.7
7,7059.3
6,7062.0
1,7063.1
0,7064.1
4,7067.3
7,7067.5
6,7071.2
2,7071.9
7,7078.9
1,7084.1
7,7123.1
1,7123.5
6,7123.7
2,7123.7
0,7124.7
5,7124.8
7,7131.4
1,7131.7
6,7133.6
2,7136.6
7,7139.3
6,7142.0
1,7143.1
0,7144.4
4,7146.5
7,7147.4
6,7150.2
2,7151.0
7,7159.6
6,7162.2
7,7508.4
1,7508.8
2,7509.0
6,7509.1
0,7510.0
5,7510.0
1,7517.2
7,7518.9
6,7521.1
2,7524.1
3,7529.3
0,7529.5
1,7529.6
7,7529.7
5,7530.8
4,7532.3
6,7532.5
2,7539.3
7,7547.5
7,7588.2
1,7588.5
2,7588.7
6,7588.9
5,7589.8
0,7589.8
1,7596.7
7,7598.1
6,7600.4
2,7603.5
1,7608.2
7,7608.5
0,7609.0
5,7610.3
3,7610.5
6,7610.8
4,7612.3
2,7614.9
7,7619.7
6,7619.8
1,7619.9
7,7668.2
1,7668.5
2,7668.7
6,7668.8
0,7669.7
5,7669.8
1,7676.7
7,7678.0
6,7680.0
2,7681.6
1,7688.0
7,7688.4
0,7689.1
5,7690.7
3,7690.8
6,7690.9
4,7692.8
2,7693.4
7,7705.2
7,7748.2
1,7748.5
2,7748.7
6,7748.8
0,7749.8
5,7749.8
1,7756.7
7,7758.0
6,7760.0
2,7761.8
1,7768.2
7,7768.5
0,7769.3
6,7770.8
5,7770.9
3,7771.2
4,7771.8
2,7773.6
7,7779.0
1,7780.4
6,7780.9
1,8133.8
2,8134.0
6,8134.1
7,8134.2
5,8134.4
0,8135.0
1,8142.2
5,8145.1
6,8146.3
2,8149.9
7,8151.3
0,8152.3
1,8152.6
3,8155.3
4,8157.7
6,8157.8
1,8162.0
5,8163.1
2,8164.7
7,8168.8
1,8213.5
2,8213.8
6,8213.9
7,8214.0
5,8214.1
0,8214.8
1,8221.6
5,8224.3
6,8225.3
2,8229.3
7,8230.3
1,8231.3
0,8231.8
3,8235.7
6,8236.8
4,8237.7
1,8239.4
5,8240.1
2,8241.8
6,8246.7
1,8249.0
7,8251.2
1,8293.5
2,8293.7
6,8293.8
7,8294.0
5,8294.2
0,8294.7
1,8301.5
5,8304.3
6,8304.9
2,8309.4
7,8310.4
1,8311.0
0,8311.8
3,8316.4
6,8316.8
4,8318.0
1,8320.0
5,8322.3
2,8322.3
1,8333.1
7,8333.8
1,8373.5
2,8373.7
6,8373.8
7,8374.0
5,8374.2
0,8374.7
1,8381.5
5,8384.3
6,8385.0
2,8389.5
7,8390.4
1,8391.1
0,8391.8
3,8396.4
4,8396.8
6,8397.2
5,8400.0
1,8400.2
2,8402.2
1,8412.9
2,8758.4
1,8758.5
7,8758.6
6,8759.1
5,8759.4
1,8766.4
2,8768.6
5,8770.0
6,8771.3
7,8774.1
1,8775.0
2,8779.1
0,8779.2
3,8781.1
6,8781.3
1,8782.2
1,8789.7
2,8790.4
7,8791.2
1,8800.9
2,8838.2
1,8838.3
7,8838.4
6,8838.8
5,8839.2
1,8845.9
2,8847.6
5,8849.3
6,8850.2
7,8850.8
1,8853.7
2,8858.1
0,8859.2
6,8860.3
1,8860.8
3,8861.2
7,8862.4
5,8866.9
1,8867.6
2,8869.1
6,8872.4
1,8875.6
2,8918.1
1,8918.2
7,8918.3
6,8918.8
5,8919.2
1,8925.9
2,8927.5
5,8929.3
6,8930.0
7,8930.6
1,8933.5
2,8937.9
0,8939.2
6,8940.4
1,8940.7
3,8940.9
7,8942.2
1,8947.7
5,8947.7
2,8948.0
6,8952.8
1,8955.9
2,8998.1
1,8998.3
7,8998.3
6,8998.8
5,8999.2
1,9005.9
2,9007.5
5,9009.2
6,9010.1
7,9010.6
1,9013.5
2,9018.1
0,9019.4
6,9020.5
1,9021.0
3,9021.2
7,9022.2
1,9028.3
2,9028.6
1,9037.4
2,9383.4
1,9383.6
7,9383.6
6,9384.1
5,9384.2
1,9392.1
2,9393.6
5,9395.0
6,9396.3
7,9399.3
1,9401.9
2,9405.5
0,9406.7
6,9407.8
1,9410.7
1,9423.0
2,9425.5
2,9463.2
1,9463.3
7,9463.4
6,9463.8
5,9464.0
1,9471.4
2,9472.6
5,9474.5
6,9475.3
7,9475.9
1,9480.6
2,9484.1
0,9485.7
6,9486.7
1,9488.8
1,9498.6
2,9509.6
2,9543.1
1,9543.3
7,9543.4
6,9543.8
5,9544.0
1,9551.3
2,9552.5
5,9554.3
6,9555.2
7,9556.0
1,9560.2
2,9564.0
0,9565.9
6,9567.2
1,9568.4
1,9579.6
2,9623.1
1,9623.3
7,9623.4
6,9623.8
5,9624.0
1,9631.3
2,9632.6
5,9634.3
6,9635.2
7,9636.0
1,9640.3
2,9644.2
0,9645.9
6,9647.2
1,9648.4
2,9657.4
1,9658.7
