267,96.4
156,96.9
40,98.7
277,99.3
189,99.3
87,99.7
262,99.8
273,100.0
268,100.3
119,100.9
177,101.0
371,101.1
80,102.4
30,102.9
269,103.1
169,103.4
368,103.5
357,103.6
167,103.9
215,104.0
230,104.0
20,104.2
128,104.6
120,104.6
190,104.7
313,104.8
49,105.0
127,105.4
276,108.8
335,109.1
94,109.1
223,110.0
267,175.7
156,176.3
40,177.9
189,178.5
277,178.6
87,179.0
262,179.0
273,179.2
268,179.6
119,180.1
177,180.3
371,180.4
80,181.7
30,182.1
269,182.4
169,182.6
368,182.7
357,182.9
167,183.1
215,183.2
230,183.3
20,183.4
128,183.6
353,183.8
120,183.9
190,183.9
313,184.0
191,184.0
49,184.0
127,184.7
150,185.1
238,185.4
383,185.6
288,186.3
260,187.1
171,187.4
104,187.8
276,187.9
335,188.2
94,188.2
223,188.9
328,189.4
156,255.6
267,255.6
40,257.9
262,258.4
277,258.5
189,258.5
87,258.9
273,259.1
177,259.5
268,259.5
119,260.0
371,260.3
30,260.5
80,261.0
215,261.7
49,261.8
269,262.3
169,262.4
368,262.5
357,262.8
167,263.0
230,263.1
20,263.2
128,263.4
190,263.7
313,263.8
120,263.8
127,264.4
353,264.8
238,266.3
116,267.0
276,267.4
191,267.7
94,268.1
335,268.1
223,268.6
150,269.0
123,274.8
267,641.1
156,641.6
40,643.3
277,643.7
189,643.7
87,644.1
262,644.2
273,644.3
268,644.8
119,645.3
177,645.3
371,645.3
80,646.6
30,646.7
368,647.1
269,647.1
169,647.2
167,647.6
357,647.6
230,647.7
215,647.8
128,647.8
20,648.0
313,648.0
190,648.1
49,648.2
120,648.3
127,648.5
335,650.7
94,650.9
191,650.9
276,651.1
353,651.1
223,651.7
150,652.2
383,652.6
260,654.3
238,654.7
171,655.1
104,656.4
267,720.5
156,721.0
40,722.6
277,723.1
189,723.1
87,723.5
262,723.6
273,723.7
268,724.1
119,724.6
371,724.7
177,724.7
80,726.0
30,726.2
169,726.5
368,726.6
269,726.6
167,727.0
230,727.0
357,727.0
215,727.1
128,727.2
20,727.4
313,727.5
190,727.6
49,727.6
120,727.8
127,728.0
288,728.5
191,730.2
335,730.3
94,730.4
328,730.4
359,730.5
276,730.5
353,730.5
223,731.2
150,731.5
366,732.1
383,732.9
238,734.1
260,734.3
116,734.8
104,736.2
156,800.4
267,800.5
40,802.6
262,803.0
189,803.1
277,803.1
87,803.5
273,803.7
177,804.0
268,804.1
119,804.6
371,804.7
30,804.8
80,805.3
49,805.8
215,805.9
169,806.5
368,806.6
269,806.6
167,806.9
357,807.0
230,807.0
128,807.2
20,807.4
313,807.5
190,807.6
120,807.8
127,808.0
353,808.4
171,809.4
238,809.8
123,810.1
191,810.3
276,810.5
335,810.5
94,810.6
223,811.3
150,811.5
288,813.1
383,813.2
260,814.5
104,816.8
116,818.6
114,820.2
267,880.5
156,880.7
40,882.6
277,883.1
262,883.2
189,883.2
87,883.5
273,883.7
268,884.1
177,884.3
119,884.7
371,884.7
30,885.3
80,885.7
215,886.5
169,886.6
368,886.6
49,886.6
269,886.7
167,887.0
230,887.1
357,887.1
128,887.2
20,887.5
313,887.5
190,887.6
120,887.9
127,888.1
353,889.3
191,890.5
276,890.6
335,890.7
328,890.7
94,890.7
238,890.8
359,890.8
223,891.5
150,891.8
366,892.6
383,893.5
260,895.0
267,1266.0
156,1266.5
40,1268.1
277,1268.5
189,1268.6
87,1268.9
262,1269.0
273,1269.1
268,1269.5
177,1270.0
119,1270.0
371,1270.0
80,1271.2
30,1271.3
368,1271.6
169,1271.7
269,1271.8
167,1272.0
230,1272.1
357,1272.1
128,1272.2
313,1272.3
215,1272.3
190,1272.5
20,1272.5
49,1272.6
120,1272.8
127,1272.9
191,1274.8
335,1274.8
353,1274.8
94,1274.9
276,1275.2
223,1275.8
383,1276.1
150,1276.2
238,1276.8
288,1276.9
171,1277.1
260,1277.8
328,1278.8
104,1278.9
359,1280.5
267,1345.4
156,1345.9
40,1347.5
189,1347.9
277,1348.0
87,1348.3
262,1348.4
273,1348.5
268,1348.9
177,1349.4
371,1349.4
119,1349.4
80,1350.6
30,1350.8
169,1351.1
368,1351.1
269,1351.3
167,1351.5
357,1351.6
230,1351.6
128,1351.7
215,1351.8
313,1351.9
49,1352.0
190,1352.0
20,1352.0
127,1352.3
120,1352.4
191,1354.4
353,1354.4
335,1354.4
94,1354.6
276,1354.7
223,1355.4
366,1355.5
150,1355.6
383,1356.1
126,1356.3
238,1356.4
280,1356.6
288,1356.6
184,1356.7
116,1356.8
91,1357.4
171,1357.6
260,1357.7
104,1358.6
219,1358.6
19,1359.2
328,1359.5
123,1376.7
267,1425.4
156,1425.4
40,1427.5
262,1427.8
277,1427.9
189,1427.9
87,1428.3
273,1428.5
177,1428.8
268,1428.9
30,1429.4
371,1429.4
119,1429.4
80,1430.1
49,1430.4
215,1430.5
368,1431.1
169,1431.1
269,1431.3
167,1431.5
230,1431.6
128,1431.7
357,1431.7
313,1431.9
190,1432.1
20,1432.1
127,1432.4
120,1432.5
353,1432.6
238,1433.5
191,1434.4
359,1434.5
335,1434.6
94,1434.8
276,1434.8
223,1435.6
150,1435.7
383,1436.4
288,1436.9
260,1437.9
171,1438.1
114,1438.6
104,1439.0
125,1439.1
116,1442.7
123,1446.2
267,1505.4
156,1505.6
40,1507.5
189,1508.0
277,1508.0
262,1508.1
87,1508.4
273,1508.5
268,1509.0
177,1509.1
119,1509.5
371,1509.5
30,1510.0
80,1510.4
215,1511.1
49,1511.2
368,1511.2
169,1511.2
269,1511.4
230,1511.7
167,1511.7
357,1511.8
128,1511.8
313,1512.0
20,1512.2
190,1512.2
120,1512.5
127,1512.6
353,1513.5
238,1514.6
191,1514.6
276,1514.9
328,1514.9
335,1514.9
94,1515.0
223,1515.8
150,1515.9
366,1516.1
383,1516.6
126,1516.8
280,1517.2
288,1517.5
184,1517.8
260,1518.2
171,1518.6
91,1518.6
104,1519.5
219,1519.7
267,1890.9
156,1891.5
40,1893.1
277,1893.4
189,1893.4
87,1893.8
262,1893.9
273,1894.0
268,1894.4
177,1894.8
371,1894.8
119,1894.9
80,1896.0
30,1896.0
368,1896.3
169,1896.4
269,1896.6
167,1896.8
128,1896.9
357,1896.9
230,1896.9
215,1897.0
313,1897.0
190,1897.2
49,1897.3
20,1897.3
127,1897.5
120,1897.6
335,1899.3
353,1899.3
191,1899.4
94,1899.5
276,1899.8
223,1900.4
383,1900.4
150,1900.7
238,1901.0
288,1901.2
171,1901.6
260,1902.2
328,1902.8
104,1903.2
359,1903.2
366,1904.5
267,1970.3
156,1970.9
40,1972.4
189,1972.8
277,1972.9
262,1973.2
87,1973.2
273,1973.4
268,1973.8
177,1974.3
371,1974.3
119,1974.3
80,1975.5
30,1975.5
169,1975.9
368,1975.9
269,1976.1
167,1976.3
230,1976.4
128,1976.4
357,1976.5
313,1976.6
215,1976.6
49,1976.8
190,1976.8
20,1976.8
127,1977.2
120,1977.2
353,1978.9
191,1979.0
335,1979.1
94,1979.2
276,1979.4
150,1980.1
223,1980.1
126,1980.2
383,1980.4
280,1980.6
238,1980.7
184,1980.7
288,1980.9
91,1981.0
116,1981.0
125,1981.5
171,1981.8
19,1981.9
260,1982.1
134,1982.2
219,1982.6
104,1982.9
328,1983.1
123,1983.4
359,1984.4
156,2050.3
267,2050.3
40,2052.4
262,2052.7
277,2052.8
189,2052.9
87,2053.2
273,2053.4
177,2053.7
268,2053.8
371,2054.3
30,2054.3
119,2054.3
80,2054.9
49,2055.2
215,2055.3
368,2055.9
169,2056.0
269,2056.2
167,2056.3
230,2056.4
357,2056.5
128,2056.5
313,2056.6
190,2056.8
20,2056.9
127,2057.2
353,2057.2
120,2057.3
238,2058.0
191,2059.0
335,2059.2
94,2059.4
276,2059.4
223,2060.2
366,2060.3
150,2060.3
383,2060.7
288,2061.1
114,2062.1
260,2062.2
171,2062.2
104,2063.2
116,2063.3
328,2064.0
123,2068.9
267,2130.3
156,2130.6
40,2132.5
277,2132.9
189,2132.9
262,2133.0
87,2133.3
273,2133.5
268,2133.9
177,2134.0
371,2134.4
119,2134.4
30,2134.9
80,2135.3
368,2136.0
49,2136.0
215,2136.0
169,2136.1
269,2136.2
167,2136.5
230,2136.6
357,2136.6
128,2136.6
313,2136.7
20,2137.0
190,2137.0
127,2137.3
120,2137.4
353,2138.1
238,2139.2
359,2139.3
191,2139.3
335,2139.4
276,2139.6
94,2139.6
223,2140.4
150,2140.5
126,2140.8
383,2140.9
280,2141.2
184,2141.4
288,2141.6
91,2141.6
125,2142.4
260,2142.6
171,2142.6
19,2143.3
134,2143.4
219,2143.5
104,2143.6
328,2145.0
267,2515.9
156,2516.4
40,2518.0
277,2518.3
189,2518.4
87,2518.7
262,2518.8
273,2518.9
268,2519.3
371,2519.7
177,2519.7
119,2519.8
30,2520.9
80,2520.9
368,2521.2
169,2521.3
269,2521.5
167,2521.6
128,2521.7
230,2521.7
313,2521.8
357,2521.8
215,2521.9
190,2522.1
20,2522.1
49,2522.1
127,2522.4
120,2522.4
353,2524.0
335,2524.1
191,2524.1
94,2524.3
276,2524.6
383,2525.1
223,2525.2
150,2525.4
238,2525.6
288,2525.8
171,2526.2
260,2526.9
359,2527.6
328,2527.6
104,2527.8
366,2528.6
267,2595.3
156,2595.8
40,2597.4
189,2597.8
277,2597.8
87,2598.1
262,2598.2
273,2598.4
268,2598.7
177,2599.2
119,2599.2
371,2599.3
30,2600.4
80,2600.5
368,2600.8
169,2600.8
269,2601.0
167,2601.2
128,2601.3
357,2601.3
230,2601.3
215,2601.4
313,2601.5
20,2601.7
49,2601.7
190,2601.7
127,2602.0
120,2602.0
353,2603.7
191,2603.8
335,2603.8
94,2604.0
276,2604.2
126,2604.8
223,2604.9
150,2604.9
184,2605.2
280,2605.2
383,2605.2
238,2605.3
91,2605.4
288,2605.5
116,2605.5
125,2605.8
19,2606.3
171,2606.5
134,2606.6
260,2606.7
123,2607.1
219,2607.1
104,2607.6
328,2607.8
356,2608.4
359,2608.5
283,2608.5
366,2611.5
156,2675.3
267,2675.3
40,2677.4
262,2677.7
277,2677.8
189,2677.8
87,2678.1
273,2678.4
177,2678.6
268,2678.7
371,2679.2
30,2679.2
119,2679.3
80,2679.9
49,2680.1
215,2680.2
368,2680.8
169,2680.9
269,2681.1
167,2681.2
128,2681.3
230,2681.3
357,2681.4
313,2681.5
190,2681.7
20,2681.8
353,2682.0
127,2682.0
120,2682.1
238,2682.8
191,2683.8
335,2684.1
94,2684.2
276,2684.3
223,2685.1
150,2685.1
383,2685.4
288,2685.8
114,2686.5
171,2686.8
260,2687.0
116,2687.4
104,2687.8
328,2688.6
359,2689.6
123,2693.6
267,2755.3
156,2755.5
40,2757.4
277,2757.8
189,2757.9
262,2758.0
87,2758.2
273,2758.4
268,2758.8
177,2759.0
371,2759.3
119,2759.4
30,2759.8
80,2760.2
215,2760.9
368,2760.9
49,2760.9
169,2761.0
269,2761.2
167,2761.3
128,2761.4
230,2761.4
357,2761.6
313,2761.6
20,2761.9
190,2761.9
127,2762.2
120,2762.2
353,2763.0
238,2763.9
191,2764.0
335,2764.3
94,2764.4
276,2764.5
126,2765.3
150,2765.3
223,2765.3
366,2765.4
280,2765.7
383,2765.7
91,2765.9
184,2765.9
288,2766.2
125,2766.6
171,2767.2
260,2767.3
19,2767.4
134,2767.8
219,2768.0
104,2768.3
328,2769.3
267,3140.9
156,3141.4
40,3143.0
277,3143.3
189,3143.3
87,3143.7
262,3143.8
273,3143.9
268,3144.3
177,3144.6
371,3144.7
119,3144.8
30,3145.8
80,3145.9
368,3146.1
169,3146.3
269,3146.4
167,3146.5
230,3146.6
128,3146.7
313,3146.7
357,3146.8
215,3146.9
190,3147.0
49,3147.1
20,3147.1
127,3147.3
120,3147.4
353,3148.9
335,3149.0
191,3149.0
94,3149.2
276,3149.5
383,3149.9
223,3150.1
150,3150.3
238,3150.4
288,3150.6
171,3151.1
260,3151.8
328,3152.4
359,3152.5
104,3152.6
366,3153.4
267,3220.3
156,3220.8
40,3222.3
189,3222.8
277,3222.8
87,3223.1
262,3223.2
273,3223.3
268,3223.7
371,3224.2
177,3224.2
119,3224.2
30,3225.4
80,3225.4
368,3225.7
169,3225.8
269,3226.0
167,3226.1
128,3226.2
230,3226.2
357,3226.3
313,3226.4
215,3226.4
49,3226.6
20,3226.6
190,3226.7
127,3226.9
120,3227.0
353,3228.6
191,3228.7
335,3228.7
94,3228.9
276,3229.2
126,3229.5
223,3229.8
150,3229.8
383,3230.0
280,3230.0
184,3230.0
91,3230.1
238,3230.2
288,3230.4
116,3230.4
125,3230.5
19,3230.9
171,3231.3
134,3231.4
260,3231.6
123,3231.7
219,3231.9
104,3232.4
328,3232.6
356,3232.7
283,3233.0
359,3233.2
366,3235.5
267,3300.3
156,3300.3
40,3302.4
262,3302.6
189,3302.8
277,3302.8
87,3303.1
273,3303.3
177,3303.6
268,3303.7
30,3304.1
371,3304.2
119,3304.3
80,3304.8
49,3305.0
215,3305.2
169,3305.8
368,3305.8
269,3306.0
167,3306.1
128,3306.2
230,3306.2
357,3306.4
313,3306.5
190,3306.7
20,3306.7
127,3306.9
353,3306.9
120,3307.1
238,3307.7
191,3308.7
335,3308.9
94,3309.1
276,3309.2
150,3309.9
223,3310.0
383,3310.2
288,3310.6
114,3311.2
171,3311.6
260,3311.8
116,3312.0
104,3312.6
328,3313.3
359,3314.2
123,3318.4
267,3380.3
156,3380.5
40,3382.4
277,3382.8
262,3382.9
189,3382.9
87,3383.2
273,3383.4
268,3383.8
177,3383.9
119,3384.3
371,3384.3
30,3384.7
80,3385.2
169,3385.9
215,3385.9
368,3385.9
49,3385.9
269,3386.1
128,3386.3
167,3386.3
230,3386.4
357,3386.5
313,3386.6
190,3386.8
20,3386.9
127,3387.1
120,3387.2
353,3387.9
238,3388.8
191,3388.9
335,3389.2
94,3389.3
276,3389.4
126,3390.0
223,3390.2
150,3390.2
366,3390.3
383,3390.4
280,3390.5
91,3390.6
184,3390.6
288,3391.0
125,3391.3
171,3391.8
19,3392.1
260,3392.1
134,3392.4
219,3392.7
104,3393.0
328,3394.0
267,3765.9
119,3767.0
215,3767.2
40,3768.0
189,3768.3
277,3768.3
156,3768.4
356,3768.5
87,3768.6
262,3768.7
273,3768.9
268,3769.3
371,3769.6
177,3769.6
30,3770.8
80,3770.8
368,3771.1
169,3771.2
146,3771.4
269,3771.4
167,3771.5
313,3771.6
128,3771.6
230,3771.6
357,3771.7
190,3771.9
212,3772.0
120,3772.3
127,3772.3
353,3773.8
335,3773.9
191,3773.9
94,3774.1
276,3774.4
383,3774.8
223,3775.0
150,3775.2
238,3775.3
171,3776.0
260,3776.6
118,3776.7
104,3777.1
328,3777.3
359,3777.4
366,3778.3
267,3845.3
119,3846.3
215,3846.6
40,3847.3
189,3847.8
277,3847.8
156,3847.8
262,3848.1
356,3848.1
87,3848.1
273,3848.3
268,3848.7
177,3849.1
371,3849.2
80,3850.4
30,3850.4
169,3850.7
368,3850.7
269,3850.9
167,3851.1
128,3851.1
230,3851.2
146,3851.2
313,3851.3
357,3851.3
190,3851.6
212,3851.7
120,3851.9
127,3851.9
353,3853.5
191,3853.6
335,3853.7
94,3853.8
276,3854.1
126,3854.4
150,3854.7
184,3854.8
223,3854.8
280,3854.9
383,3854.9
91,3855.0
238,3855.1
116,3855.2
125,3855.4
171,3856.2
134,3856.2
123,3856.4
260,3856.5
219,3856.8
104,3856.9
118,3857.4
328,3857.5
283,3857.8
359,3858.1
366,3860.2
114,3861.0
267,3925.3
215,3925.9
119,3926.3
156,3927.0
40,3927.3
262,3927.6
277,3927.8
189,3927.8
87,3928.1
356,3928.1
273,3928.3
177,3928.5
268,3928.7
30,3929.1
371,3929.2
80,3929.8
169,3930.8
368,3930.8
269,3931.0
167,3931.1
128,3931.2
230,3931.2
313,3931.4
146,3931.4
357,3931.4
190,3931.6
353,3931.9
127,3931.9
212,3931.9
120,3932.0
238,3932.6
191,3933.7
335,3933.9
94,3934.0
276,3934.2
223,3934.9
150,3934.9
383,3935.2
171,3936.4
260,3936.7
116,3936.8
104,3937.2
118,3937.9
328,3938.1
359,3938.9
123,3943.2
114,3946.3
267,4005.3
215,4006.3
119,4006.4
156,4007.4
40,4007.4
277,4007.8
189,4007.8
262,4007.9
356,4008.1
87,4008.2
273,4008.4
268,4008.8
177,4008.9
371,4009.2
30,4009.7
80,4010.2
368,4010.8
169,4010.9
269,4011.1
167,4011.3
230,4011.3
128,4011.3
357,4011.5
313,4011.5
146,4011.7
190,4011.8
127,4012.0
120,4012.1
212,4012.1
353,4012.8
238,4013.8
191,4013.9
335,4014.1
94,4014.2
276,4014.3
126,4014.9
150,4015.1
223,4015.1
366,4015.2
91,4015.4
184,4015.4
383,4015.4
280,4015.4
125,4016.0
171,4016.7
260,4017.0
134,4017.2
219,4017.5
104,4017.6
328,4018.8
118,4019.0
283,4020.8
267,4390.9
189,4391.1
277,4391.5
40,4391.8
215,4392.2
127,4392.6
119,4393.2
190,4393.2
230,4393.3
156,4393.4
135,4393.5
356,4393.5
87,4393.6
262,4393.7
191,4393.7
79,4394.1
268,4394.3
371,4394.6
177,4394.6
91,4394.9
363,4395.2
134,4395.6
30,4395.8
368,4396.1
169,4396.2
132,4396.2
167,4396.4
128,4396.6
313,4396.6
273,4396.8
146,4397.0
276,4398.0
353,4398.7
335,4398.9
94,4399.1
383,4399.8
238,4400.3
171,4401.0
328,4402.3
359,4402.3
331,4402.6
366,4403.2
267,4470.3
189,4470.4
277,4470.9
40,4471.1
215,4471.6
127,4472.0
119,4472.6
190,4472.7
230,4472.8
156,4472.8
135,4473.1
87,4473.1
191,4473.1
262,4473.1
356,4473.2
79,4473.6
268,4473.7
177,4474.1
371,4474.2
91,4474.5
363,4474.8
134,4475.1
30,4475.4
368,4475.7
169,4475.7
132,4475.9
167,4476.1
128,4476.1
313,4476.3
273,4476.4
146,4476.9
276,4477.6
353,4478.5
335,4478.6
94,4478.8
126,4479.3
184,4479.7
383,4479.8
280,4479.8
238,4480.0
125,4480.1
171,4481.0
123,4481.3
278,4481.5
328,4482.3
283,4482.9
359,4483.0
331,4484.7
366,4485.0
267,4550.3
189,4550.4
277,4550.9
215,4551.0
40,4551.1
127,4552.0
156,4552.0
262,4552.6
119,4552.6
230,4552.7
190,4552.7
135,4553.0
87,4553.1
191,4553.1
356,4553.1
177,4553.5
268,4553.7
79,4553.7
30,4554.0
371,4554.2
91,4554.5
363,4554.8
134,4555.1
368,4555.7
169,4555.7
132,4556.0
167,4556.1
128,4556.2
313,4556.4
273,4556.4
353,4556.9
146,4557.0
238,4557.5
276,4557.5
335,4558.8
94,4559.0
383,4560.1
171,4561.4
328,4562.9
359,4563.8
80,4564.0
123,4568.1
278,4573.4
267,4630.3
189,4630.5
277,4630.9
40,4631.2
215,4631.3
127,4632.1
156,4632.4
190,4632.7
119,4632.7
230,4632.8
262,4632.9
135,4633.1
356,4633.2
87,4633.2
191,4633.2
268,4633.8
79,4633.8
177,4633.9
371,4634.2
91,4634.6
30,4634.7
363,4634.9
134,4635.2
368,4635.8
169,4635.9
167,4636.2
128,4636.2
132,4636.2
313,4636.5
273,4636.5
146,4637.3
276,4637.7
353,4637.8
238,4638.7
335,4639.1
94,4639.2
126,4639.8
331,4640.0
366,4640.1
280,4640.3
184,4640.3
383,4640.3
125,4640.8
171,4641.6
328,4643.5
189,5016.1
40,5016.8
215,5017.2
127,5017.6
190,5018.2
119,5018.2
230,5018.3
267,5018.5
135,5018.6
87,5018.6
191,5018.7
262,5018.7
277,5018.9
268,5019.3
177,5019.6
363,5020.4
134,5020.6
169,5021.2
167,5021.5
132,5021.6
156,5022.4
146,5022.4
276,5022.9
233,5023.5
353,5023.7
85,5023.9
335,5023.9
250,5024.0
94,5024.1
223,5024.2
356,5024.5
124,5024.6
238,5025.2
205,5026.0
15,5026.9
315,5027.1
328,5027.2
359,5027.3
371,5027.4
170,5027.5
61,5027.6
366,5028.2
104,5029.7
189,5095.4
40,5096.2
215,5096.6
127,5097.0
190,5097.7
119,5097.7
230,5097.8
267,5098.0
87,5098.1
262,5098.1
135,5098.1
191,5098.2
277,5098.4
268,5098.7
177,5099.1
363,5099.9
134,5100.1
169,5100.7
167,5101.1
132,5101.3
156,5101.9
233,5102.2
146,5102.2
223,5102.6
85,5102.6
276,5102.6
250,5102.7
124,5103.2
353,5103.5
335,5103.6
94,5103.8
184,5104.7
356,5104.8
238,5105.0
331,5105.0
205,5105.3
79,5105.5
15,5106.1
315,5106.2
123,5106.4
170,5106.8
61,5106.8
9,5107.3
328,5107.3
283,5107.7
371,5107.9
359,5108.0
104,5108.7
366,5109.8
189,5175.4
215,5176.0
40,5176.2
127,5177.1
262,5177.6
119,5177.7
190,5177.7
230,5177.8
267,5178.0
135,5178.1
191,5178.1
87,5178.1
277,5178.4
177,5178.5
268,5178.7
363,5180.0
134,5180.2
156,5180.3
169,5180.7
167,5181.2
132,5181.4
353,5181.8
233,5182.3
146,5182.4
238,5182.5
276,5182.6
223,5182.8
85,5182.9
250,5183.0
124,5183.5
335,5183.8
94,5183.9
356,5184.9
170,5185.2
61,5185.2
205,5185.8
278,5186.2
15,5186.5
315,5186.6
328,5188.0
371,5188.4
359,5188.8
104,5189.3
123,5193.2
9,5193.3
189,5255.5
40,5256.2
215,5256.3
127,5257.1
119,5257.7
190,5257.8
230,5257.9
262,5257.9
267,5258.1
87,5258.2
191,5258.2
135,5258.2
277,5258.5
268,5258.8
177,5258.9
363,5260.1
134,5260.3
169,5260.9
156,5261.1
167,5261.3
132,5261.6
233,5262.6
146,5262.6
276,5262.8
353,5262.8
223,5262.9
85,5263.1
250,5263.2
238,5263.7
124,5263.8
335,5264.1
94,5264.2
366,5265.1
184,5265.3
356,5265.3
331,5266.0
205,5266.3
79,5266.5
170,5266.6
61,5266.6
315,5267.0
15,5267.1
328,5268.5
371,5269.6
283,5270.2
104,5270.2
359,5270.8
127,5641.3
215,5642.2
363,5642.8
189,5643.0
167,5643.0
190,5643.3
230,5643.4
124,5643.6
135,5643.7
191,5643.7
205,5644.1
268,5644.3
40,5644.4
366,5644.6
308,5644.7
123,5645.1
21,5645.7
106,5645.7
265,5645.7
177,5645.8
306,5646.1
220,5646.3
169,5646.5
218,5647.4
146,5647.7
276,5647.9
116,5647.9
297,5647.9
362,5648.3
335,5648.9
251,5649.0
94,5649.1
119,5649.1
233,5649.2
73,5649.3
323,5649.3
256,5649.3
27,5649.4
223,5649.5
85,5649.6
356,5649.7
250,5650.1
277,5650.2
238,5650.2
173,5650.5
267,5652.1
328,5652.2
304,5652.4
371,5652.6
315,5652.9
15,5653.4
63,5653.7
61,5653.9
170,5654.0
127,5720.7
215,5721.6
363,5722.2
189,5722.4
167,5722.5
230,5722.8
190,5722.8
124,5722.9
191,5723.1
135,5723.2
205,5723.5
40,5723.7
268,5723.7
366,5724.0
308,5724.1
123,5724.5
21,5725.3
265,5725.3
177,5725.4
106,5725.4
306,5725.8
169,5725.9
220,5726.1
297,5726.6
218,5727.3
146,5727.4
233,5727.6
276,5727.6
116,5727.7
223,5727.8
85,5728.1
362,5728.2
250,5728.5
335,5728.6
119,5728.8
94,5728.8
25,5729.3
251,5729.4
256,5729.4
323,5729.5
73,5729.5
27,5729.8
356,5729.9
277,5729.9
238,5730.0
208,5730.8
173,5730.9
331,5730.9
79,5731.1
304,5731.8
315,5732.0
328,5732.3
15,5732.6
219,5732.7
267,5732.7
283,5732.8
371,5733.0
61,5733.1
170,5733.3
9,5733.4
87,5734.1
127,5800.7
215,5801.0
363,5802.2
167,5802.4
189,5802.5
190,5802.7
230,5802.8
124,5803.0
191,5803.1
135,5803.2
308,5803.6
205,5803.6
123,5803.6
268,5803.7
40,5803.8
366,5804.0
265,5804.1
21,5804.3
177,5804.7
106,5805.6
169,5806.0
116,5806.0
306,5806.0
220,5806.2
297,5806.9
63,5807.1
238,5807.5
218,5807.5
276,5807.6
146,5807.6
233,5807.8
223,5808.0
85,5808.3
362,5808.4
250,5808.7
173,5808.8
335,5808.8
94,5809.0
119,5809.0
251,5809.9
323,5809.9
73,5809.9
256,5810.0
356,5810.0
277,5810.1
27,5810.3
25,5810.7
61,5811.1
170,5811.2
315,5812.4
304,5812.6
328,5812.9
278,5813.0
15,5813.1
267,5813.2
80,5813.4
371,5813.4
9,5819.5
127,5880.7
215,5881.3
363,5882.2
189,5882.5
167,5882.5
190,5882.8
230,5882.9
124,5883.1
191,5883.2
135,5883.3
205,5883.7
40,5883.8
268,5883.8
308,5884.0
366,5884.1
123,5884.1
265,5884.9
21,5885.0
177,5885.1
106,5885.8
169,5886.2
306,5886.2
220,5886.4
116,5887.1
297,5887.1
146,5887.8
276,5887.8
218,5887.9
233,5887.9
223,5888.1
85,5888.5
238,5888.7
362,5888.8
250,5888.9
335,5889.1
119,5889.2
94,5889.2
356,5890.3
173,5890.4
323,5890.4
73,5890.5
277,5890.5
251,5890.6
256,5890.7
27,5890.9
331,5892.0
79,5892.1
208,5892.7
170,5892.7
61,5892.7
315,5892.8
328,5893.5
304,5893.6
15,5893.8
267,5894.4
371,5894.6
127,6266.3
363,6267.8
276,6267.9
167,6267.9
94,6268.0
189,6268.1
190,6268.3
230,6268.4
191,6268.7
135,6268.8
124,6268.8
91,6268.9
331,6269.1
268,6269.3
205,6269.3
40,6269.4
366,6269.6
382,6270.6
215,6271.1
106,6271.2
320,6271.4
169,6271.5
306,6271.6
220,6271.7
367,6271.8
146,6272.8
218,6273.3
335,6273.9
297,6273.9
362,6274.0
119,6274.1
44,6274.1
233,6274.5
356,6274.7
223,6274.8
323,6275.1
85,6275.1
277,6275.1
73,6275.4
250,6275.5
285,6275.6
330,6275.7
251,6275.7
308,6275.8
256,6275.9
27,6276.0
267,6277.0
328,6277.2
371,6277.4
377,6277.7
315,6278.3
15,6279.4
304,6280.0
127,6345.7
363,6347.2
276,6347.4
94,6347.4
189,6347.4
167,6347.5
190,6347.8
230,6347.8
124,6348.1
191,6348.2
135,6348.3
91,6348.4
331,6348.6
205,6348.7
268,6348.7
40,6348.8
366,6349.0
382,6350.4
215,6350.7
106,6350.9
169,6351.0
320,6351.2
306,6351.3
220,6351.5
367,6351.9
297,6352.3
146,6352.5
233,6352.9
223,6353.0
218,6353.2
85,6353.5
335,6353.6
119,6353.8
250,6353.8
362,6353.9
44,6354.5
277,6354.8
356,6354.8
171,6355.3
323,6355.4
73,6355.7
79,6356.1
308,6356.1
256,6356.2
251,6356.4
27,6356.5
285,6356.7
330,6356.9
328,6357.2
315,6357.4
267,6357.5
283,6357.6
177,6357.6
371,6357.9
208,6358.3
15,6358.7
87,6359.5
304,6360.2
127,6425.7
363,6427.2
94,6427.3
276,6427.4
189,6427.5
167,6427.5
190,6427.7
230,6427.8
191,6428.1
135,6428.2
124,6428.2
91,6428.4
331,6428.6
268,6428.7
40,6428.8
205,6428.8
366,6429.1
382,6430.5
215,6430.7
106,6431.1
169,6431.1
320,6431.3
306,6431.4
220,6431.7
367,6432.0
297,6432.5
146,6432.6
233,6433.0
223,6433.1
218,6433.4
85,6433.7
335,6433.8
119,6433.9
250,6434.1
362,6434.2
377,6434.3
356,6434.9
44,6434.9
277,6435.1
323,6435.9
73,6436.2
308,6436.4
256,6436.8
251,6437.1
27,6437.1
285,6437.6
315,6437.8
267,6437.9
330,6437.9
328,6437.9
371,6438.4
15,6439.1
304,6442.8
127,6505.7
363,6507.3
94,6507.4
276,6507.4
189,6507.5
167,6507.5
190,6507.8
230,6507.9
191,6508.2
135,6508.3
124,6508.3
91,6508.5
331,6508.7
268,6508.8
40,6508.9
205,6508.9
366,6509.2
215,6510.8
382,6510.8
169,6511.2
106,6511.3
306,6511.6
320,6511.6
220,6511.9
367,6512.2
297,6512.7
146,6512.8
223,6513.2
233,6513.2
218,6513.7
85,6513.9
335,6514.0
119,6514.1
250,6514.3
362,6514.5
356,6515.3
277,6515.3
44,6515.6
171,6515.8
323,6516.4
73,6516.8
308,6517.0
79,6517.1
256,6517.8
251,6518.1
27,6518.1
315,6518.2
328,6518.4
267,6518.7
371,6519.6
15,6520.0
283,6520.1
276,6891.5
363,6891.8
189,6893.0
167,6893.0
94,6893.0
190,6893.3
230,6893.4
127,6893.5
171,6893.6
191,6893.7
135,6893.8
91,6894.0
328,6894.0
224,6894.0
331,6894.2
205,6894.4
277,6894.8
371,6894.9
227,6895.7
382,6896.2
169,6896.5
106,6896.6
278,6896.6
320,6896.9
367,6897.5
146,6897.8
370,6898.2
232,6898.8
119,6898.9
297,6899.3
356,6899.7
233,6899.7
124,6899.8
85,6900.3
44,6900.6
250,6900.8
228,6900.8
212,6901.7
268,6901.8
251,6902.0
27,6902.2
256,6902.3
366,6902.5
285,6902.9
70,6903.6
315,6903.6
330,6904.6
15,6905.1
304,6908.2
276,6970.9
363,6971.2
189,6972.4
94,6972.4
167,6972.5
190,6972.8
230,6972.8
171,6973.0
127,6973.0
191,6973.2
135,6973.3
328,6973.4
91,6973.6
331,6973.7
205,6973.8
224,6973.9
277,6974.2
371,6974.4
227,6975.6
382,6975.9
169,6976.0
278,6976.3
106,6976.3
320,6976.7
367,6977.4
146,6977.6
297,6977.6
233,6978.0
124,6978.1
370,6978.5
85,6978.6
119,6978.7
232,6979.1
250,6979.1
90,6979.8
356,6979.8
335,6980.1
377,6980.3
44,6980.9
79,6981.2
177,6982.0
268,6982.2
228,6982.3
315,6982.6
283,6982.7
256,6982.8
40,6982.9
27,6983.0
366,6983.1
251,6983.1
70,6983.2
87,6983.3
212,6983.9
15,6984.5
276,7050.9
363,7051.2
189,7052.4
94,7052.4
167,7052.5
190,7052.7
230,7052.8
127,7053.0
191,7053.1
171,7053.1
135,7053.3
328,7053.4
91,7053.6
331,7053.7
205,7053.9
224,7054.0
277,7054.2
371,7054.4
227,7055.8
382,7056.0
169,7056.1
106,7056.4
278,7056.5
320,7057.0
367,7057.6
146,7057.7
297,7057.8
233,7058.1
124,7058.3
85,7058.8
285,7058.8
119,7058.8
370,7059.1
250,7059.3
330,7059.5
232,7059.6
356,7059.8
44,7061.8
304,7061.8
268,7062.5
315,7063.0
27,7063.8
256,7063.8
366,7064.0
251,7064.2
70,7064.2
228,7064.4
15,7065.0
276,7131.0
363,7131.2
94,7132.4
189,7132.5
167,7132.6
190,7132.8
230,7132.9
127,7133.1
171,7133.2
191,7133.2
135,7133.3
328,7133.5
91,7133.7
331,7133.8
205,7134.0
224,7134.2
277,7134.3
371,7134.5
227,7136.0
169,7136.2
382,7136.3
106,7136.6
278,7136.6
320,7137.2
367,7137.9
146,7137.9
297,7138.0
233,7138.3
124,7138.5
212,7138.9
85,7139.0
119,7139.0
250,7139.5
370,7139.7
356,7140.2
232,7140.2
335,7140.9
90,7141.1
377,7141.8
79,7142.1
44,7142.8
268,7143.0
177,7143.3
315,7143.4
40,7144.3
283,7145.1
366,7145.5
70,7145.8
15,7146.7
276,7516.5
251,7517.8
189,7518.0
363,7518.3
230,7518.4
127,7518.5
171,7518.8
91,7519.1
205,7519.5
256,7519.6
224,7519.7
288,7519.8
357,7521.1
299,7521.2
227,7521.5
106,7521.8
278,7521.9
320,7522.4
6,7522.5
94,7522.7
146,7522.8
289,7522.9
367,7523.0
135,7523.3
119,7523.9
297,7524.6
356,7524.6
370,7524.8
233,7524.8
124,7525.0
85,7525.3
328,7525.3
8,7525.6
250,7525.9
167,7526.2
268,7526.9
366,7527.7
27,7527.8
197,7528.7
315,7528.7
228,7529.0
212,7529.1
15,7530.5
285,7530.7
70,7531.0
161,7531.7
276,7596.0
251,7597.3
189,7597.4
230,7597.8
363,7597.8
127,7598.0
171,7598.2
91,7598.7
205,7598.9
256,7599.1
288,7599.5
224,7599.5
357,7600.9
299,7601.0
227,7601.3
106,7601.5
278,7601.7
320,7602.1
94,7602.3
6,7602.5
146,7602.6
297,7602.8
367,7602.9
233,7603.1
135,7603.1
289,7603.1
124,7603.2
119,7603.7
85,7603.7
250,7604.2
56,7604.2
190,7604.8
356,7604.8
330,7604.9
331,7605.3
328,7605.3
370,7605.4
79,7606.2
167,7606.5
8,7606.5
304,7606.5
377,7606.7
40,7607.1
268,7607.2
87,7607.2
90,7607.5
315,7607.8
366,7608.4
27,7609.2
15,7610.1
276,7676.0
251,7677.3
189,7677.4
363,7677.8
230,7677.8
127,7678.0
171,7678.3
91,7678.7
205,7678.9
256,7679.2
288,7679.6
224,7679.7
357,7681.1
299,7681.2
227,7681.5
106,7681.6
278,7681.9
320,7682.3
94,7682.5
6,7682.6
146,7682.7
367,7683.0
297,7683.0
135,7683.2
233,7683.2
289,7683.4
124,7683.4
119,7683.7
85,7683.9
197,7684.3
250,7684.4
285,7684.5
212,7684.5
228,7684.8
356,7684.8
328,7685.5
370,7686.1
70,7686.1
161,7687.1
167,7687.1
268,7687.5
8,7687.9
315,7688.1
366,7689.3
191,7690.0
15,7690.7
276,7756.0
251,7757.4
189,7757.5
230,7757.9
363,7757.9
127,7758.1
171,7758.4
91,7758.8
205,7759.0
256,7759.3
288,7759.8
224,7759.8
357,7761.3
299,7761.4
106,7761.7
227,7761.7
278,7762.0
320,7762.5
94,7762.6
146,7762.9
6,7763.0
297,7763.1
367,7763.2
233,7763.3
135,7763.4
124,7763.5
289,7763.8
119,7764.0
85,7764.0
27,7764.1
250,7764.6
190,7765.2
356,7765.2
56,7765.5
330,7765.7
328,7765.8
331,7766.2
370,7767.0
79,7767.1
304,7767.5
268,7767.9
167,7767.9
40,7768.1
315,7768.6
87,7768.6
377,7770.1
366,7771.2
276,8141.6
251,8142.9
189,8143.0
278,8143.3
363,8143.4
230,8143.4
127,8143.5
171,8143.9
330,8144.1
91,8144.2
119,8144.3
205,8144.5
366,8144.6
224,8145.2
382,8145.8
357,8146.6
270,8146.7
299,8146.9
227,8147.0
320,8147.6
137,8147.6
94,8147.8
266,8148.0
6,8148.2
367,8148.2
135,8148.3
321,8148.4
180,8148.8
289,8148.8
223,8149.4
356,8149.6
279,8149.6
297,8149.7
233,8149.9
124,8150.0
85,8150.4
328,8150.4
34,8150.7
250,8151.0
258,8151.1
256,8151.1
370,8151.1
268,8151.8
81,8152.4
231,8153.1
27,8153.2
315,8153.9
15,8155.6
276,8221.0
251,8222.4
189,8222.4
278,8222.7
363,8222.8
230,8222.8
127,8223.0
171,8223.3
330,8223.5
119,8223.7
91,8223.7
205,8223.9
366,8224.0
224,8224.9
382,8225.3
357,8226.5
270,8226.5
299,8226.7
227,8226.8
320,8227.3
137,8227.4
94,8227.4
223,8227.8
266,8227.9
297,8227.9
135,8228.1
233,8228.1
367,8228.1
6,8228.2
124,8228.2
321,8228.5
85,8228.7
289,8228.9
180,8228.9
250,8229.3
285,8229.4
279,8229.6
212,8229.7
190,8229.7
197,8229.8
356,8229.8
258,8230.1
228,8230.2
221,8230.2
331,8230.3
328,8230.4
70,8230.9
256,8231.1
79,8231.2
56,8231.2
34,8231.3
40,8231.7
304,8231.8
268,8232.0
370,8232.0
87,8232.1
161,8232.4
174,8232.5
315,8232.9
377,8233.1
81,8233.5
231,8234.4
191,8234.4
27,8234.7
15,8235.3
276,8301.0
251,8302.4
189,8302.5
278,8302.7
363,8302.9
230,8302.9
127,8303.0
330,8303.4
171,8303.4
119,8303.6
91,8303.7
205,8304.0
366,8304.0
224,8305.1
382,8305.2
270,8306.5
357,8306.7
299,8306.8
227,8307.0
320,8307.5
94,8307.5
137,8307.5
223,8307.9
266,8307.9
297,8308.0
135,8308.2
367,8308.2
233,8308.3
124,8308.4
6,8308.4
321,8308.7
85,8309.0
180,8309.1
289,8309.2
250,8309.5
356,8309.8
279,8310.1
258,8310.4
328,8310.6
256,8311.6
34,8312.0
268,8312.4
370,8313.3
315,8313.3
81,8315.7
15,8316.1
276,8381.0
251,8382.5
189,8382.5
278,8382.8
363,8382.9
230,8382.9
127,8383.1
171,8383.4
330,8383.5
119,8383.7
91,8383.8
366,8384.0
205,8384.0
224,8385.2
382,8385.4
270,8386.7
357,8386.9
299,8387.1
227,8387.1
94,8387.6
137,8387.7
320,8387.7
223,8387.9
297,8388.2
266,8388.2
233,8388.3
135,8388.4
124,8388.5
367,8388.5
6,8388.7
321,8389.0
85,8389.1
27,8389.2
180,8389.5
289,8389.6
250,8389.7
285,8389.9
190,8390.0
356,8390.2
212,8390.3
279,8390.5
231,8390.7
197,8390.7
258,8390.8
328,8390.9
221,8391.1
228,8391.2
331,8391.2
70,8391.8
256,8392.2
79,8392.2
40,8392.5
268,8392.8
304,8392.8
34,8393.1
87,8393.3
315,8393.7
161,8394.1
56,8394.5
205,8766.2
366,8766.7
357,8767.4
251,8767.9
363,8768.3
278,8768.4
171,8768.9
330,8769.2
119,8769.3
21,8769.8
276,8769.9
224,8770.4
209,8771.0
382,8771.0
189,8771.5
260,8771.5
227,8772.3
299,8772.3
214,8772.3
94,8772.7
320,8772.7
137,8773.1
77,8773.2
125,8773.5
6,8773.6
16,8773.9
162,8773.9
321,8774.5
289,8774.5
223,8774.6
180,8774.8
297,8774.8
124,8775.0
63,8775.2
85,8775.4
328,8775.4
279,8775.7
250,8776.0
265,8776.2
256,8776.6
213,8776.7
258,8776.9
370,8776.9
61,8777.0
91,8777.1
3,8777.8
27,8778.1
146,8778.1
257,8778.5
315,8778.8
231,8779.5
81,8779.5
205,8845.6
366,8846.1
357,8846.9
251,8847.4
363,8847.8
278,8847.8
171,8848.4
330,8848.6
119,8848.8
276,8849.4
21,8849.5
224,8850.2
382,8850.5
209,8850.9
189,8851.0
260,8851.3
227,8852.0
299,8852.1
214,8852.3
94,8852.3
320,8852.4
297,8852.9
137,8852.9
223,8853.0
124,8853.2
77,8853.6
6,8853.6
85,8853.7
125,8853.7
162,8854.3
22,8854.4
250,8854.4
16,8854.4
285,8854.5
321,8854.7
289,8854.7
127,8854.8
180,8854.9
212,8855.1
331,8855.2
362,8855.4
328,8855.4
230,8855.6
228,8855.6
258,8855.9
213,8855.9
279,8855.9
63,8855.9
197,8856.1
70,8856.2
61,8856.2
40,8856.2
3,8856.5
256,8856.6
265,8856.9
304,8856.9
91,8857.7
315,8857.9
257,8858.0
370,8858.2
161,8858.2
377,8858.7
27,8859.2
56,8859.6
205,8925.6
366,8926.1
357,8926.9
251,8927.5
278,8927.8
363,8927.9
171,8928.5
330,8928.6
119,8928.7
276,8929.4
21,8929.6
224,8930.3
382,8930.4
209,8931.0
189,8931.2
260,8931.3
227,8932.1
299,8932.3
94,8932.4
214,8932.5
320,8932.7
137,8933.0
297,8933.1
223,8933.2
124,8933.4
146,8933.6
6,8933.8
85,8934.0
77,8934.1
125,8934.1
250,8934.6
289,8934.9
321,8935.0
16,8935.0
162,8935.1
180,8935.1
328,8935.6
231,8936.2
258,8936.2
81,8936.3
279,8936.4
213,8936.5
63,8936.7
3,8936.9
61,8936.9
256,8937.4
265,8938.4
315,8938.4
91,8938.9
257,8939.1
205,9005.6
366,9006.1
357,9006.9
251,9007.5
278,9007.8
363,9007.9
171,9008.5
330,9008.6
119,9008.8
276,9009.5
21,9009.8
224,9010.3
382,9010.6
189,9011.3
209,9011.3
260,9011.5
227,9012.2
299,9012.5
94,9012.6
214,9012.8
320,9012.8
137,9013.1
223,9013.2
297,9013.3
370,9013.5
124,9013.6
27,9014.1
85,9014.1
6,9014.2
125,9014.5
77,9014.5
250,9014.7
285,9015.1
289,9015.4
127,9015.4
22,9015.4
321,9015.4
180,9015.5
162,9015.5
212,9015.7
16,9015.8
328,9015.8
331,9016.0
362,9016.5
230,9016.5
258,9016.6
228,9016.8
40,9016.9
279,9016.9
213,9017.1
70,9017.2
3,9017.4
61,9017.5
197,9017.6
256,9017.8
63,9017.9
304,9017.9
315,9018.7
257,9020.4
161,9020.7
357,9390.8
205,9391.2
6,9392.5
251,9392.9
363,9393.3
209,9393.3
278,9393.4
61,9393.7
366,9393.7
180,9393.8
330,9394.3
276,9394.9
21,9395.2
224,9395.6
169,9395.8
65,9395.8
313,9395.9
382,9396.1
1,9396.8
53,9396.9
260,9397.2
227,9397.4
299,9397.6
320,9397.7
122,9398.2
214,9398.3
28,9398.4
294,9398.4
77,9399.5
125,9399.6
171,9399.6
223,9399.7
289,9399.8
297,9399.8
124,9400.0
321,9400.3
162,9400.3
85,9400.4
16,9400.6
250,9401.1
352,9401.2
279,9401.7
256,9401.7
63,9402.0
91,9402.2
370,9402.3
258,9402.4
265,9402.7
119,9402.9
213,9403.1
170,9403.1
27,9403.2
3,9403.6
146,9403.6
257,9405.4
357,9470.3
205,9470.6
6,9471.9
251,9472.5
363,9472.8
278,9472.9
209,9472.9
61,9473.1
366,9473.2
180,9473.3
330,9473.7
276,9474.3
21,9474.8
224,9475.3
169,9475.4
382,9475.7
65,9475.7
313,9475.9
1,9476.6
122,9476.7
53,9476.8
260,9476.9
227,9477.1
299,9477.3
320,9477.4
297,9478.0
223,9478.1
28,9478.2
124,9478.2
214,9478.3
294,9478.7
85,9478.8
55,9478.9
250,9479.4
285,9479.4
171,9479.6
127,9479.7
125,9479.9
331,9480.0
289,9480.0
212,9480.1
77,9480.1
321,9480.4
228,9481.0
22,9481.0
123,9481.0
162,9481.0
62,9481.1
258,9481.3
362,9481.4
70,9481.4
319,9481.5
16,9481.6
256,9481.7
197,9481.8
304,9481.9
279,9481.9
352,9482.1
3,9482.5
213,9482.7
91,9482.8
170,9482.9
315,9483.2
119,9483.5
221,9483.6
377,9483.6
161,9483.8
63,9483.8
370,9484.0
27,9484.5
265,9485.0
257,9487.0
357,9550.3
205,9550.6
6,9551.9
251,9552.5
278,9552.8
209,9552.9
363,9552.9
366,9553.1
61,9553.2
180,9553.2
330,9553.6
276,9554.4
21,9554.9
224,9555.4
169,9555.5
382,9555.5
65,9556.0
313,9556.1
122,9556.9
53,9557.0
260,9557.0
1,9557.0
227,9557.2
299,9557.5
320,9557.7
297,9558.1
223,9558.3
124,9558.4
28,9558.4
214,9558.5
146,9558.9
85,9559.0
294,9559.2
250,9559.6
171,9560.1
289,9560.2
125,9560.5
77,9560.7
321,9560.8
258,9561.7
162,9562.2
256,9562.4
279,9562.4
16,9562.8
3,9562.9
352,9563.4
213,9563.5
91,9564.0
170,9564.3
119,9565.4
357,9630.3
205,9630.7
6,9632.0
251,9632.5
363,9632.9
278,9632.9
209,9633.0
366,9633.2
180,9633.3
61,9633.3
330,9633.7
276,9634.4
21,9635.1
224,9635.4
169,9635.6
382,9635.7
65,9636.3
313,9636.4
122,9637.0
260,9637.1
227,9637.3
1,9637.3
53,9637.3
299,9637.7
320,9637.8
297,9638.3
223,9638.3
124,9638.6
370,9638.7
214,9638.7
28,9638.7
85,9639.1
63,9639.1
27,9639.1
265,9639.4
250,9639.7
294,9639.8
171,9640.1
55,9640.1
285,9640.1
127,9640.3
289,9640.6
331,9640.8
125,9640.8
212,9640.8
77,9641.1
321,9641.1
257,9641.5
258,9642.0
228,9642.2
70,9642.3
123,9642.4
62,9642.7
22,9642.7
256,9642.9
304,9642.9
162,9642.9
279,9643.0
319,9643.3
362,9643.4
3,9643.4
213,9644.4
197,9644.6
16,9645.0
315,9645.1
170,9645.8
