1,88.7
2,88.8
5,89.2
6,89.4
4,96.2
1,99.7
2,100.8
6,104.9
5,106.3
2,108.4
0,109.9
7,110.0
1,110.3
3,110.7
6,114.2
2,115.2
1,117.7
2,122.0
5,122.4
1,126.0
2,130.5
1,168.4
2,168.5
5,168.9
6,169.0
4,173.2
1,178.0
2,179.1
6,183.8
5,185.8
2,186.9
7,188.3
1,188.4
0,188.9
3,189.6
6,193.0
2,193.5
1,195.6
4,195.8
0,198.8
7,200.0
2,200.1
3,201.3
5,201.4
1,202.7
6,206.2
2,207.9
1,212.0
2,230.5
1,230.9
1,248.8
6,248.9
2,249.0
5,249.0
4,252.3
1,258.3
2,259.2
5,262.9
6,263.6
0,263.9
3,265.4
7,265.9
2,266.3
1,266.6
4,271.7
5,272.5
2,272.7
0,273.5
6,273.6
1,273.7
3,277.9
2,278.9
1,280.8
7,282.8
5,283.7
2,285.4
1,290.9
2,293.4
1,309.4
2,310.0
1,633.4
2,633.5
5,633.8
6,634.0
4,637.0
1,643.2
2,644.3
6,648.9
5,649.8
2,652.0
7,652.7
1,653.3
0,653.7
3,654.4
6,657.7
2,658.5
4,659.1
1,660.6
5,661.0
0,663.8
2,664.7
1,668.0
6,669.4
2,671.2
1,679.0
2,679.8
2,713.2
1,713.2
5,713.5
6,713.8
4,716.4
1,722.1
0,722.4
2,722.8
5,725.2
6,726.3
2,730.7
1,731.7
7,732.3
3,733.5
6,735.3
0,735.9
5,736.6
2,737.4
1,738.9
4,739.4
2,743.6
7,743.9
3,745.2
1,746.0
6,746.4
0,747.4
2,750.1
1,755.7
2,758.1
4,771.3
2,775.3
1,775.3
2,793.4
1,793.5
5,793.6
6,793.7
4,797.5
0,799.1
1,802.4
2,802.8
5,804.8
6,806.2
3,806.2
7,809.7
2,809.9
1,810.6
0,811.6
5,814.1
4,814.5
6,814.7
2,816.1
3,817.2
1,817.5
0,822.2
2,822.2
7,822.7
1,824.2
6,825.2
5,826.0
2,828.6
1,832.4
2,836.4
4,851.7
1,852.4
2,853.2
1,873.0
2,873.1
5,873.6
6,873.7
4,876.8
0,878.1
3,878.4
1,881.6
2,882.1
5,884.3
6,885.8
2,889.4
1,889.9
7,890.6
0,891.2
3,894.1
6,894.5
5,894.8
4,895.5
2,895.7
1,896.9
7,901.1
0,901.1
2,901.5
1,904.2
5,904.8
3,905.3
6,906.7
2,907.4
2,913.6
1,914.7
4,915.4
2,921.2
1,933.6
5,937.9
2,938.0
4,983.2
1,1258.2
2,1258.3
5,1258.6
6,1258.7
4,1260.9
0,1263.0
1,1267.3
2,1268.2
5,1270.3
6,1273.5
2,1276.2
7,1276.7
1,1277.2
3,1278.8
0,1279.6
5,1281.5
6,1282.0
4,1282.8
2,1282.9
1,1284.4
7,1287.8
2,1289.1
3,1289.2
0,1290.7
1,1291.4
5,1292.0
6,1293.4
2,1295.6
1,1301.1
2,1304.2
2,1338.0
1,1338.1
5,1338.3
6,1338.5
4,1340.6
0,1341.9
3,1342.3
1,1346.5
2,1346.8
5,1348.8
6,1350.1
2,1355.0
1,1355.6
7,1356.4
3,1358.9
5,1359.0
6,1359.0
0,1359.1
2,1361.6
4,1361.8
1,1362.6
2,1367.5
7,1368.0
3,1368.0
6,1368.9
1,1369.2
0,1369.7
2,1373.6
1,1376.6
2,1380.1
2,1388.7
1,1388.9
4,1395.6
2,1404.8
1,1406.7
5,1406.7
0,1407.3
6,1418.5
2,1419.1
1,1419.5
5,1420.6
4,1421.1
3,1421.8
2,1427.8
1,1428.0
0,1428.7
6,1430.1
5,1430.3
2,1434.8
7,1435.4
1,1435.7
3,1437.9
0,1438.0
4,1438.2
5,1438.6
6,1438.8
2,1440.9
1,1442.3
2,1446.8
7,1447.4
3,1448.2
6,1448.4
1,1448.6
0,1448.6
5,1448.7
2,1452.9
1,1455.5
2,1459.4
4,1461.0
1,1465.6
2,1468.6
2,1481.5
1,1482.1
5,1483.0
0,1483.2
2,1498.4
6,1498.5
1,1498.6
5,1499.5
3,1500.1
4,1500.2
7,1504.1
0,1506.1
1,1506.8
2,1506.9
5,1509.2
6,1509.7
2,1514.0
1,1514.6
0,1516.6
3,1517.1
6,1517.9
4,1519.3
5,1519.4
7,1519.5
2,1520.1
1,1521.5
0,1525.7
2,1525.9
6,1526.3
1,1528.3
5,1529.4
3,1529.5
2,1531.5
1,1536.4
2,1537.2
4,1537.3
0,1539.0
2,1543.1
2,1549.8
1,1557.3
2,1558.7
4,1559.6
5,1562.2
0,1563.4
4,1607.2
2,1883.1
1,1883.1
5,1883.4
6,1883.6
4,1885.3
0,1886.6
3,1887.8
1,1891.6
2,1892.3
5,1894.2
6,1895.6
2,1900.6
1,1901.0
7,1902.0
0,1904.0
6,1904.2
3,1904.5
5,1904.7
4,1906.9
2,1907.2
1,1908.0
2,1913.2
7,1913.3
5,1914.3
1,1914.5
0,1914.8
6,1914.9
3,1915.4
2,1919.2
1,1921.8
2,1925.6
1,1933.8
2,1934.2
1,1962.9
2,1962.9
5,1963.1
6,1963.4
4,1964.9
0,1966.2
3,1966.7
7,1968.7
1,1970.9
2,1971.3
5,1973.0
6,1974.4
2,1979.3
1,1979.5
5,1982.2
6,1983.4
3,1983.5
0,1983.6
7,1984.4
4,1985.6
2,1986.0
1,1986.4
2,1992.1
1,1992.8
3,1993.0
6,1993.7
0,1994.0
5,1994.0
7,1997.3
2,1998.4
1,2000.3
2,2005.2
3,2010.0
1,2013.0
2,2016.2
4,2020.3
1,2030.3
5,2030.7
0,2031.0
2,2034.1
6,2043.3
1,2044.0
2,2044.5
5,2045.0
4,2045.5
3,2046.0
7,2048.3
0,2051.0
1,2052.1
2,2052.6
6,2054.2
5,2054.5
2,2059.4
1,2059.6
0,2061.3
3,2061.8
6,2062.5
5,2062.7
4,2063.3
7,2063.9
2,2065.4
1,2066.1
6,2071.0
2,2071.1
0,2071.4
3,2072.3
1,2072.3
5,2073.0
7,2076.1
2,2076.7
1,2078.9
2,2082.5
1,2087.4
2,2088.6
2,2096.0
4,2100.4
1,2103.8
2,2106.0
5,2107.4
0,2107.5
1,2122.9
2,2123.1
6,2123.3
5,2124.1
4,2125.2
3,2125.3
7,2128.0
0,2129.1
1,2130.8
2,2131.3
5,2133.6
6,2133.9
2,2138.2
1,2138.3
0,2141.3
3,2141.5
6,2141.9
5,2143.5
7,2144.0
4,2144.1
2,2144.3
1,2144.9
2,2150.0
6,2150.3
0,2150.5
1,2151.3
3,2152.4
5,2153.0
2,2155.5
7,2156.5
1,2158.4
2,2161.2
6,2163.2
2,2167.0
1,2169.4
2,2173.5
4,2180.3
2,2182.6
1,2186.0
5,2186.6
0,2187.4
4,2231.8
2,2508.0
1,2508.0
5,2508.3
6,2508.4
4,2509.9
0,2511.1
3,2511.8
7,2514.1
1,2516.2
2,2516.8
5,2518.7
6,2519.8
1,2525.1
2,2525.1
6,2528.5
5,2528.6
0,2528.7
3,2529.1
7,2530.0
4,2531.3
2,2531.6
1,2532.0
2,2537.5
5,2537.6
1,2538.4
3,2538.7
6,2538.8
0,2539.4
2,2543.3
1,2545.3
2,2549.4
5,2550.9
1,2555.6
2,2556.3
2,2569.5
1,2587.9
2,2588.1
5,2588.1
6,2588.3
4,2589.7
0,2590.7
3,2590.9
7,2592.7
1,2595.7
2,2596.2
5,2597.6
6,2598.8
2,2603.9
1,2603.9
5,2606.6
6,2607.7
3,2608.1
0,2608.3
7,2609.0
4,2610.1
2,2610.4
1,2610.6
2,2616.4
1,2616.9
6,2617.3
5,2617.9
0,2618.6
3,2618.7
7,2621.9
2,2622.4
1,2623.4
2,2628.9
1,2631.8
2,2637.4
4,2645.1
1,2649.9
2,2652.8
0,2655.3
5,2655.4
1,2667.9
6,2668.2
2,2668.4
5,2669.8
4,2670.1
3,2670.8
7,2672.4
0,2674.8
1,2675.7
2,2676.5
6,2678.7
5,2679.1
1,2683.0
2,2683.2
0,2685.9
6,2686.7
3,2687.0
5,2687.5
4,2687.9
7,2688.5
2,2689.2
1,2689.5
2,2694.7
6,2694.8
1,2695.5
0,2695.9
3,2697.5
5,2697.6
2,2700.1
7,2700.5
1,2701.8
2,2705.5
6,2706.4
1,2708.8
2,2711.0
2,2717.0
1,2721.0
2,2723.8
4,2725.1
0,2732.0
5,2732.2
2,2733.5
1,2747.8
6,2748.2
2,2748.5
5,2748.9
4,2749.8
3,2751.2
7,2752.3
0,2753.2
1,2755.5
2,2756.5
5,2758.2
6,2758.5
1,2762.8
2,2763.3
0,2765.7
6,2766.4
3,2767.1
5,2768.0
7,2768.6
4,2768.7
1,2769.4
2,2769.4
6,2774.5
0,2774.8
2,2775.0
1,2775.7
5,2777.1
3,2777.5
2,2780.5
7,2781.0
1,2782.5
2,2786.0
6,2786.5
5,2790.1
2,2791.7
1,2792.3
2,2797.9
4,2805.1
2,2805.8
1,2809.2
5,2811.6
0,2811.7
4,2856.6
2,3132.3
1,3132.3
5,3132.5
6,3132.6
4,3133.3
0,3133.8
3,3134.0
7,3134.7
1,3139.2
2,3139.3
5,3139.9
6,3140.5
4,3145.0
1,3145.1
2,3145.1
0,3146.3
5,3146.5
3,3147.4
6,3147.7
2,3150.5
1,3151.0
5,3153.4
7,3153.7
6,3154.8
2,3155.8
0,3156.4
1,3156.9
3,3158.4
2,3160.7
5,3161.1
4,3161.3
1,3162.6
6,3163.5
2,3165.5
1,3168.4
2,3170.4
3,3171.6
5,3172.8
1,3174.7
2,3175.5
2,3180.8
1,3183.3
2,3186.5
2,3192.9
2,3204.9
1,3212.2
5,3212.3
6,3212.4
2,3212.8
4,3213.1
0,3213.7
3,3213.8
7,3214.5
1,3219.0
2,3219.3
5,3219.6
6,3220.1
4,3224.0
1,3224.7
2,3224.9
0,3225.2
5,3226.0
3,3226.7
6,3226.9
2,3229.9
1,3230.2
5,3232.5
7,3233.2
6,3233.7
2,3234.8
1,3235.5
0,3235.7
3,3237.7
4,3239.4
2,3239.5
5,3240.2
1,3240.6
6,3242.1
2,3244.1
1,3245.6
0,3248.3
2,3248.8
1,3250.7
2,3253.5
7,3255.2
1,3256.0
2,3258.6
1,3261.6
2,3264.0
1,3267.7
4,3268.6
2,3269.8
1,3274.3
2,3275.9
0,3278.5
5,3278.6
2,3282.7
1,3283.0
2,3292.4
6,3292.4
1,3292.8
5,3292.9
4,3293.1
3,3293.5
7,3294.5
0,3295.2
2,3299.2
1,3299.5
6,3300.0
5,3300.2
4,3303.5
2,3304.8
3,3305.0
1,3305.2
5,3306.5
0,3306.6
6,3306.8
2,3309.9
1,3310.7
7,3311.9
5,3312.8
6,3313.7
2,3314.7
1,3315.9
0,3315.9
3,3316.7
4,3317.0
2,3319.4
5,3319.6
1,3320.9
6,3321.8
2,3323.9
1,3325.9
2,3328.5
5,3330.1
1,3331.0
2,3333.2
1,3336.4
2,3338.1
1,3342.0
2,3343.4
1,3348.3
4,3348.8
2,3349.1
2,3355.0
1,3355.1
5,3355.2
0,3355.3
2,3361.6
1,3365.7
2,3372.0
6,3372.5
5,3372.6
1,3372.8
4,3373.3
3,3373.8
0,3374.3
7,3374.6
2,3378.8
1,3379.0
5,3379.9
6,3380.1
4,3384.0
1,3384.5
2,3384.5
3,3385.5
0,3386.0
5,3386.3
6,3387.0
2,3389.6
1,3389.7
7,3392.0
5,3392.8
6,3393.8
2,3394.4
1,3394.7
0,3395.7
3,3397.6
4,3398.3
2,3399.1
1,3399.5
5,3400.1
6,3402.7
2,3403.6
1,3404.4
2,3408.2
1,3409.5
7,3409.5
5,3411.4
2,3412.9
1,3414.9
2,3417.8
1,3420.7
2,3423.1
1,3427.1
4,3428.7
2,3428.8
1,3434.2
5,3434.7
2,3434.8
0,3435.0
2,3441.3
1,3445.5
2,3453.3
4,3480.1
1,3757.2
2,3757.3
5,3757.5
4,3757.6
6,3757.6
0,3758.8
3,3759.0
7,3759.7
1,3764.0
2,3764.3
5,3764.9
6,3765.5
4,3765.8
1,3769.7
2,3770.0
0,3771.1
5,3771.5
3,3772.5
6,3772.7
1,3775.1
4,3775.4
2,3775.5
5,3778.3
7,3778.8
6,3780.1
1,3780.3
0,3780.3
2,3780.8
3,3783.2
1,3785.3
5,3785.7
4,3785.8
2,3785.9
6,3789.5
1,3790.4
2,3790.9
0,3791.5
1,3795.7
2,3796.0
5,3796.3
1,3801.2
2,3801.4
2,3807.1
1,3807.1
2,3813.5
1,3814.3
2,3825.6
1,3837.1
5,3837.3
4,3837.4
6,3837.4
2,3837.8
0,3838.7
3,3838.8
7,3839.5
1,3843.8
5,3844.5
2,3844.7
6,3845.0
4,3845.3
1,3849.3
0,3850.2
2,3850.4
5,3850.8
6,3851.9
3,3852.5
4,3853.7
1,3854.5
2,3855.7
5,3857.3
7,3858.2
6,3858.9
1,3859.5
0,3859.8
2,3860.8
3,3862.8
4,3863.3
1,3864.3
5,3864.5
2,3865.7
6,3867.1
1,3869.1
2,3870.7
0,3871.2
1,3873.9
2,3875.8
5,3876.6
1,3878.9
2,3881.3
1,3884.1
4,3886.4
2,3887.1
1,3889.7
2,3893.8
4,3894.8
1,3895.7
2,3901.1
1,3901.8
0,3903.5
5,3903.5
4,3907.2
1,3908.8
2,3913.3
1,3917.3
6,3917.4
5,3917.9
3,3918.5
4,3919.1
7,3919.4
2,3919.9
0,3920.2
1,3923.8
6,3925.0
5,3925.2
2,3925.6
4,3927.3
1,3929.1
2,3930.7
5,3931.5
0,3931.7
6,3931.8
3,3932.3
1,3934.1
4,3935.0
2,3935.5
5,3937.9
7,3938.8
1,3938.9
6,3938.9
2,3940.2
0,3940.5
1,3943.5
3,3943.8
4,3944.1
2,3944.8
5,3945.1
6,3947.7
1,3948.1
2,3949.2
1,3952.6
0,3952.8
2,3953.7
5,3956.2
1,3957.1
2,3958.4
1,3961.8
2,3963.2
1,3966.8
2,3968.5
1,3972.1
4,3973.7
2,3974.1
1,3977.4
5,3979.9
2,3980.1
0,3980.2
1,3982.7
4,3985.9
2,3986.7
1,3988.3
1,3994.2
2,3997.2
5,3997.4
6,3997.5
3,3998.6
4,3998.8
0,3999.3
7,3999.4
1,3999.7
2,4004.0
1,4004.5
5,4004.7
6,4005.1
4,4007.0
1,4009.3
2,4009.6
0,4010.5
5,4011.0
3,4011.3
6,4011.9
4,4014.7
2,4014.7
5,4017.3
6,4019.1
7,4019.1
0,4019.3
2,4019.6
3,4023.0
5,4024.2
2,4024.3
4,4024.4
6,4028.7
2,4029.1
0,4029.3
2,4033.9
5,4035.1
1,4035.2
2,4039.0
1,4039.4
1,4043.9
2,4044.5
3,4044.8
1,4048.5
2,4050.4
4,4052.9
1,4053.4
2,4056.6
1,4058.4
5,4059.8
0,4060.0
1,4063.5
2,4064.3
4,4066.0
1,4068.8
1,4074.5
1,4080.9
1,4093.4
4,4100.8
4,4112.2
1,4382.2
2,4382.4
5,4382.5
4,4382.6
6,4382.6
3,4383.4
0,4383.8
7,4384.7
1,4389.0
2,4389.8
5,4389.9
6,4390.5
4,4390.8
3,4394.3
1,4394.7
2,4396.2
0,4396.3
5,4396.5
6,4397.8
1,4400.2
4,4400.6
2,4402.4
5,4403.5
7,4404.1
3,4404.6
1,4405.5
6,4405.6
0,4406.3
2,4409.1
1,4410.7
4,4411.2
5,4412.2
3,4415.8
1,4415.8
6,4417.9
2,4419.2
1,4421.1
1,4426.7
5,4431.1
1,4432.7
1,4439.9
4,4455.4
1,4457.9
5,4462.3
2,4462.3
6,4462.4
3,4463.2
0,4463.7
4,4464.4
7,4464.4
1,4464.5
2,4469.5
5,4469.5
1,4469.9
6,4470.1
4,4472.1
3,4473.3
1,4474.8
0,4475.2
2,4475.7
5,4475.9
6,4476.9
1,4479.5
4,4479.8
2,4481.8
5,4482.3
7,4483.0
3,4483.2
6,4483.9
1,4484.0
0,4485.2
2,4488.2
1,4488.6
5,4489.2
4,4489.2
1,4493.0
3,4493.9
6,4494.0
2,4496.6
0,4497.4
1,4497.5
5,4498.9
1,4502.1
1,4506.9
1,4512.0
4,4515.9
1,4517.5
1,4523.0
2,4524.4
4,4527.3
5,4528.5
0,4528.5
1,4529.0
1,4535.4
1,4542.2
2,4542.4
6,4542.4
5,4542.8
3,4543.2
4,4543.2
7,4544.4
0,4545.3
1,4548.3
2,4549.7
6,4550.0
5,4550.1
4,4551.3
3,4552.5
1,4553.4
2,4555.9
5,4556.4
0,4556.6
6,4556.9
1,4558.2
4,4558.7
7,4561.4
2,4562.1
3,4562.2
5,4562.6
1,4562.9
6,4564.2
0,4566.3
4,4566.9
1,4567.5
2,4568.4
5,4569.4
1,4572.0
3,4572.8
6,4575.7
2,4575.9
1,4576.5
5,4579.7
1,4581.0
0,4583.9
4,4584.7
1,4585.6
1,4590.4
1,4595.6
4,4600.2
1,4600.9
2,4601.9
5,4605.1
0,4605.7
1,4606.4
1,4612.1
1,4618.4
5,4622.4
2,4622.4
6,4622.5
4,4622.6
3,4623.2
1,4624.1
7,4624.4
0,4624.6
1,4629.0
2,4629.6
5,4629.7
6,4630.1
4,4630.3
3,4632.6
1,4633.8
0,4635.9
2,4635.9
5,4636.0
6,4637.0
4,4637.6
1,4638.4
7,4641.3
2,4642.0
5,4642.1
3,4642.3
6,4644.2
0,4645.7
4,4646.0
2,4648.6
5,4648.8
3,4653.4
6,4655.2
2,4658.0
5,4659.0
1,4659.9
1,4664.1
1,4668.6
1,4673.3
4,4678.0
1,4678.3
2,4681.7
1,4683.4
5,4684.9
0,4685.0
1,4688.6
4,4691.0
1,4694.0
1,4699.9
1,4706.9
4,4725.9
1,4726.7
4,4737.2
1,5007.2
2,5007.4
6,5007.6
4,5007.6
5,5007.8
3,5008.3
0,5008.8
7,5009.7
1,5014.0
2,5014.8
6,5015.5
4,5015.8
5,5016.0
3,5019.4
1,5019.7
2,5021.2
0,5021.3
6,5022.9
5,5025.1
1,5025.2
4,5025.8
2,5027.5
1,5030.4
7,5030.4
0,5031.2
3,5031.3
6,5031.6
5,5034.4
2,5034.8
1,5035.6
4,5036.6
1,5040.8
0,5044.1
1,5046.2
1,5052.1
1,5058.7
4,5080.4
1,5081.7
2,5087.3
6,5087.4
5,5087.6
3,5088.2
1,5088.3
0,5088.7
4,5089.4
7,5089.5
1,5093.9
2,5094.5
6,5095.1
5,5095.5
4,5097.1
3,5098.3
1,5098.9
0,5100.3
2,5100.8
6,5102.1
1,5103.7
5,5103.7
4,5105.1
2,5107.1
1,5108.2
7,5109.1
0,5109.7
6,5109.8
3,5109.9
1,5112.9
2,5114.0
5,5114.4
4,5115.2
1,5117.4
0,5122.0
1,5122.1
2,5125.7
1,5127.0
1,5132.2
7,5132.6
1,5137.8
4,5141.6
1,5143.9
2,5149.1
1,5150.1
5,5153.5
0,5153.5
4,5154.0
1,5157.1
1,5167.2
2,5167.3
6,5167.4
3,5168.2
4,5168.3
5,5168.4
7,5169.2
0,5170.4
1,5173.9
2,5174.6
6,5175.1
4,5176.3
5,5176.6
3,5178.0
1,5179.3
2,5181.0
0,5181.4
6,5182.1
4,5183.8
1,5184.2
5,5184.4
7,5186.0
2,5187.2
3,5188.8
1,5189.0
6,5190.2
0,5190.7
4,5192.6
5,5193.2
1,5193.7
2,5193.8
1,5198.4
2,5202.3
1,5203.1
0,5203.8
7,5203.9
1,5208.1
1,5213.3
1,5219.0
4,5223.7
1,5225.0
2,5226.8
0,5230.2
5,5230.4
1,5231.6
4,5236.1
1,5240.4
2,5247.4
6,5247.5
1,5247.6
5,5248.0
3,5248.2
4,5248.9
7,5249.4
0,5249.4
1,5253.8
2,5254.6
6,5255.2
5,5255.9
4,5257.1
3,5258.2
1,5259.0
0,5260.9
2,5261.0
6,5262.2
5,5263.5
1,5263.9
4,5264.9
7,5266.5
2,5267.2
1,5268.7
3,5269.5
0,5270.2
6,5271.0
5,5271.8
1,5273.4
2,5274.3
4,5274.3
1,5278.2
1,5283.1
5,5283.9
2,5286.7
1,5288.4
1,5294.0
1,5300.0
4,5303.0
1,5306.4
2,5307.0
0,5310.0
5,5310.0
1,5314.1
4,5316.0
4,5350.8
1,5352.3
4,5362.1
1,5632.3
2,5632.4
4,5632.6
5,5632.8
6,5632.9
3,5633.1
0,5633.8
1,5639.3
2,5639.8
4,5640.8
5,5641.0
3,5642.2
6,5642.7
1,5645.5
2,5646.2
0,5646.3
5,5649.9
1,5651.6
4,5651.7
3,5652.1
2,5652.5
6,5653.2
7,5654.1
0,5656.7
1,5658.0
5,5658.8
2,5659.1
4,5663.4
3,5664.8
1,5665.1
6,5666.1
2,5668.8
1,5676.4
5,5676.5
0,5678.6
4,5705.4
1,5707.1
2,5712.3
5,5712.6
6,5712.7
3,5712.9
0,5713.7
1,5713.9
4,5714.4
2,5719.5
1,5719.8
5,5720.3
3,5721.3
6,5721.7
4,5722.2
0,5725.3
1,5725.3
2,5725.7
5,5728.0
3,5729.6
1,5730.7
4,5730.8
2,5731.8
6,5731.9
7,5733.8
0,5735.7
1,5735.9
5,5737.1
2,5738.1
3,5739.2
1,5741.2
6,5743.0
4,5743.4
2,5745.5
1,5746.6
0,5749.4
1,5752.3
1,5758.7
4,5766.2
1,5767.4
2,5774.3
1,5776.1
4,5778.0
0,5778.5
5,5778.6
1,5792.2
2,5792.3
6,5792.7
3,5792.8
4,5793.3
5,5793.4
0,5795.3
1,5799.2
2,5799.6
3,5800.9
4,5801.2
5,5801.4
6,5802.0
1,5805.0
2,5805.8
0,5806.5
5,5808.6
3,5808.7
4,5808.8
7,5810.2
6,5810.4
1,5810.7
2,5811.9
1,5816.2
5,5816.4
0,5816.9
4,5818.1
3,5818.2
2,5818.3
6,5819.4
1,5821.7
2,5825.7
7,5826.9
1,5827.4
5,5828.6
1,5833.5
1,5841.4
4,5848.8
2,5851.9
1,5852.9
5,5855.3
0,5855.3
4,5861.4
1,5872.2
2,5872.4
6,5872.8
5,5872.9
3,5873.0
4,5874.0
0,5874.4
1,5879.1
2,5879.6
5,5880.9
3,5881.6
6,5882.0
4,5882.3
1,5885.0
2,5885.8
0,5886.0
5,5888.1
6,5890.3
4,5890.3
3,5890.3
7,5890.7
1,5890.8
2,5891.9
5,5895.5
1,5896.5
0,5896.7
2,5898.3
6,5899.9
4,5901.1
3,5901.6
1,5902.4
2,5906.0
5,5906.8
1,5908.8
1,5918.4
4,5928.0
2,5931.9
1,5932.3
0,5935.0
5,5935.0
4,5941.1
1,5951.2
4,5975.7
1,5976.4
4,5987.0
1,6257.3
4,6257.6
2,6257.8
5,6257.8
3,6258.4
6,6258.5
0,6258.8
1,6264.3
4,6265.8
5,6266.0
2,6266.2
3,6268.3
6,6270.2
1,6270.5
0,6271.7
2,6274.1
5,6274.6
4,6276.0
1,6276.6
7,6277.8
6,6280.8
3,6281.9
0,6282.2
5,6282.9
1,6283.1
2,6284.0
4,6288.2
1,6290.7
5,6293.6
7,6296.2
3,6303.3
2,6305.5
4,6330.4
1,6332.2
5,6337.6
2,6337.7
3,6338.3
6,6338.4
0,6338.7
1,6339.0
4,6339.4
1,6344.9
5,6345.4
2,6345.6
4,6347.2
3,6347.4
6,6349.3
0,6350.3
1,6350.4
2,6352.7
5,6353.0
4,6355.2
1,6355.8
7,6357.0
3,6358.6
6,6360.2
5,6360.4
0,6360.6
2,6360.8
1,6361.1
4,6366.2
1,6366.4
5,6369.5
1,6371.8
7,6376.3
1,6377.6
3,6380.0
1,6384.2
4,6391.5
1,6393.6
2,6399.4
1,6402.3
5,6403.5
0,6403.5
4,6404.0
1,6417.3
2,6417.8
3,6418.2
5,6418.3
6,6418.4
4,6418.5
0,6420.3
1,6424.2
2,6425.9
5,6426.4
4,6426.8
3,6427.1
6,6429.5
1,6430.1
0,6431.6
2,6433.0
5,6433.4
7,6433.8
4,6434.4
1,6435.7
3,6437.5
6,6440.1
5,6440.4
1,6441.2
2,6441.3
0,6442.1
4,6444.4
7,6445.4
1,6446.7
5,6449.6
1,6452.3
1,6458.2
1,6465.0
4,6473.8
1,6476.4
2,6476.9
5,6480.3
0,6480.3
4,6486.5
1,6488.9
2,6497.7
5,6497.9
1,6498.0
3,6498.2
6,6498.5
4,6499.0
0,6499.4
1,6504.7
5,6505.8
2,6505.8
3,6507.1
4,6507.4
6,6509.4
1,6510.6
0,6510.9
5,6512.8
2,6512.9
7,6513.8
4,6515.2
1,6516.4
3,6517.1
5,6520.0
6,6520.3
2,6521.5
0,6521.7
1,6522.3
7,6526.5
4,6526.8
1,6528.4
5,6528.7
3,6533.8
1,6535.9
4,6553.0
1,6554.2
2,6556.9
0,6560.0
5,6560.0
1,6565.9
4,6566.4
4,6600.7
1,6602.4
4,6612.2
1,6882.3
2,6882.6
4,6882.6
5,6883.3
3,6883.4
6,6883.5
1,6889.3
2,6890.3
4,6890.8
3,6893.3
5,6894.0
6,6895.2
1,6895.5
2,6897.7
4,6900.3
7,6900.9
1,6901.7
0,6902.5
5,6905.5
2,6905.8
6,6906.0
3,6908.1
1,6908.2
4,6911.8
1,6916.2
2,6917.0
5,6917.4
1,6929.3
4,6955.4
1,6956.7
2,6962.4
5,6963.2
3,6963.3
6,6963.4
1,6963.5
4,6964.4
1,6969.5
2,6969.9
4,6972.2
3,6972.5
5,6973.0
6,6974.4
1,6975.1
2,6976.7
4,6980.1
1,6980.6
0,6980.7
7,6981.7
5,6984.0
2,6984.1
3,6984.4
6,6985.1
1,6985.9
4,6990.5
1,6991.3
2,6994.9
1,6997.0
7,6998.2
5,7000.4
1,7003.2
1,7012.4
4,7015.9
2,7024.2
1,7025.3
4,7027.5
1,7042.2
2,7042.5
5,7043.1
4,7043.2
3,7043.2
6,7043.4
1,7049.1
2,7050.1
4,7051.2
3,7051.8
5,7052.9
6,7054.5
1,7055.0
2,7056.7
4,7058.6
0,7058.6
7,7060.6
1,7060.8
5,7062.7
3,7063.3
2,7063.6
6,7065.0
1,7066.5
4,7068.8
1,7072.1
5,7074.6
2,7075.1
0,7076.8
1,7078.0
1,7084.7
1,7096.9
4,7098.8
2,7101.9
1,7106.1
4,7111.8
2,7117.7
1,7122.3
5,7123.2
3,7123.2
6,7123.5
4,7124.1
2,7125.0
1,7129.2
2,7131.4
3,7132.3
4,7132.6
5,7133.2
6,7134.5
1,7135.0
2,7137.9
0,7139.2
7,7140.5
4,7140.8
1,7140.8
5,7143.7
3,7144.1
6,7145.0
2,7145.1
1,7146.5
4,7152.4
1,7152.6
2,7157.4
1,7160.0
5,7160.7
7,7162.2
4,7178.0
1,7179.4
2,7181.7
4,7191.3
1,7191.4
4,7225.7
1,7227.6
4,7236.8
1,7507.4
2,7507.6
4,7507.6
3,7508.4
6,7508.5
5,7509.4
1,7515.0
2,7515.4
4,7515.8
3,7518.3
6,7520.3
1,7522.0
2,7522.6
5,7523.4
4,7525.3
7,7525.6
0,7528.2
1,7529.0
2,7530.1
6,7532.9
3,7534.6
1,7538.1
4,7538.3
5,7538.3
2,7541.0
7,7542.8
4,7580.5
1,7582.3
2,7587.5
3,7588.3
6,7588.4
5,7589.2
4,7589.5
1,7589.6
2,7595.0
1,7595.9
4,7597.3
3,7597.5
6,7599.6
2,7601.9
1,7602.2
5,7602.7
4,7604.8
0,7605.7
1,7608.6
7,7609.4
2,7609.4
3,7610.0
6,7612.0
4,7614.9
1,7615.9
2,7621.2
5,7622.9
1,7628.8
4,7641.2
1,7648.5
2,7649.2
4,7653.0
1,7667.3
2,7667.5
3,7668.2
4,7668.3
6,7668.4
5,7669.3
1,7674.7
2,7675.1
4,7676.4
3,7677.2
6,7680.0
1,7681.0
2,7681.8
5,7682.8
0,7683.7
4,7683.8
7,7685.5
1,7687.1
2,7689.1
3,7689.2
6,7692.0
1,7693.7
4,7694.1
5,7695.2
2,7701.2
0,7701.7
1,7702.5
7,7706.6
3,7713.0
4,7723.8
1,7726.4
2,7726.8
4,7736.6
2,7742.5
1,7747.2
3,7748.3
6,7748.5
4,7749.0
5,7749.4
2,7749.8
1,7754.6
2,7756.3
4,7757.3
3,7757.4
6,7759.7
1,7760.9
5,7761.2
2,7762.8
0,7764.3
4,7765.1
7,7765.7
1,7767.3
3,7769.5
2,7770.1
6,7771.5
5,7774.0
1,7774.4
4,7776.7
2,7781.2
1,7786.7
4,7803.0
1,7806.1
2,7806.8
4,7816.3
4,7850.7
1,7852.8
4,7862.1
4,8132.6
1,8132.8
2,8133.0
3,8133.4
0,8134.3
4,8140.8
1,8140.9
2,8142.2
3,8143.3
1,8149.5
4,8149.9
5,8151.7
2,8153.5
0,8155.3
7,8155.4
6,8156.2
1,8159.5
3,8160.9
4,8161.7
1,8180.0
4,8205.4
1,8206.8
2,8212.9
0,8213.2
3,8213.3
4,8214.5
1,8214.8
2,8221.4
1,8222.0
4,8222.3
3,8222.5
1,8229.2
5,8229.3
4,8229.9
0,8231.1
2,8232.0
7,8234.7
6,8236.0
3,8237.3
1,8237.3
4,8239.4
2,8244.8
1,8249.8
4,8266.8
1,8269.9
0,8272.8
2,8274.4
4,8279.9
1,8280.3
2,8293.2
3,8293.2
4,8293.4
1,8293.8
0,8295.2
4,8301.4
1,8301.6
2,8301.8
3,8302.3
1,8308.9
4,8309.0
5,8309.1
7,8309.9
0,8311.6
2,8312.5
3,8314.4
6,8315.7
1,8316.4
4,8320.4
1,8327.7
5,8329.5
4,8348.7
1,8349.5
0,8349.5
2,8351.9
1,8360.7
4,8361.6
2,8368.5
3,8373.2
4,8373.7
1,8373.8
0,8374.2
2,8376.7
1,8381.6
4,8381.7
3,8382.2
2,8385.1
5,8387.4
1,8388.7
4,8389.3
7,8390.5
0,8391.3
6,8392.9
3,8393.9
2,8396.0
1,8396.4
4,8400.6
1,8409.4
4,8428.0
1,8430.6
2,8432.0
0,8432.5
1,8443.5
4,8450.1
4,8475.5
1,8477.6
0,8481.1
4,8486.6
1,8757.8
2,8758.0
4,8758.2
3,8758.4
0,8759.2
1,8765.9
2,8767.2
3,8768.3
4,8770.0
1,8774.1
5,8776.8
0,8779.9
7,8780.0
2,8780.1
6,8781.4
1,8783.1
4,8785.6
2,8802.4
1,8804.7
1,8829.8
0,8830.5
4,8830.7
2,8837.9
3,8838.3
1,8839.5
4,8840.9
0,8846.4
2,8846.5
1,8847.1
3,8847.7
4,8851.0
5,8853.9
1,8854.4
7,8855.3
2,8857.2
6,8860.3
1,8861.9
0,8862.5
4,8862.8
3,8863.8
2,8869.6
1,8873.1
7,8880.0
4,8883.6
0,8891.4
1,8891.7
2,8899.4
1,8901.8
1,8918.0
4,8918.0
2,8918.2
3,8918.2
0,8918.8
1,8925.9
2,8926.9
3,8927.6
4,8928.6
1,8933.2
5,8935.1
7,8935.8
0,8936.5
2,8937.3
1,8940.4
3,8940.7
6,8940.9
4,8948.7
1,8949.7
0,8956.3
5,8956.5
1,8976.6
2,8977.0
4,8977.2
0,8980.7
1,8989.4
2,8993.9
3,8998.2
4,8998.2
1,8999.4
0,9000.9
2,9002.2
1,9007.0
3,9007.4
4,9008.6
2,9011.0
1,9014.0
5,9014.5
7,9015.6
6,9017.5
0,9017.5
2,9020.9
4,9020.9
1,9021.3
3,9025.9
1,9031.4
1,9052.6
0,9052.9
4,9054.0
2,9057.0
1,9063.0
0,9098.6
1,9099.9
4,9100.9
4,9383.2
3,9383.4
2,9383.9
1,9383.9
0,9384.3
3,9393.4
4,9395.1
2,9400.2
1,9401.2
0,9401.6
5,9402.4
6,9408.8
4,9409.8
1,9417.2
5,9426.5
0,9455.0
1,9455.2
4,9455.6
3,9463.3
2,9463.8
4,9466.2
1,9470.0
0,9471.1
3,9472.9
4,9476.6
2,9477.0
5,9480.7
1,9482.2
6,9484.1
0,9486.5
7,9487.4
4,9487.5
2,9489.2
3,9491.2
1,9493.9
1,9516.0
0,9516.5
4,9516.7
2,9522.3
4,9543.0
3,9543.2
1,9543.8
0,9543.8
2,9544.7
3,9552.6
4,9553.6
2,9558.5
5,9559.5
1,9559.7
0,9560.0
6,9563.2
7,9563.7
4,9565.4
1,9569.7
5,9580.5
0,9580.6
4,9587.5
2,9602.5
1,9603.4
0,9605.2
4,9605.6
3,9623.2
2,9623.9
4,9623.9
1,9624.5
0,9625.6
3,9632.7
4,9634.9
2,9638.2
5,9638.7
1,9639.6
0,9641.2
6,9641.9
7,9642.7
4,9646.0
3,9649.8
1,9651.3
0,9677.9
1,9678.7
4,9679.0
2,9682.3
0,9723.6
1,9725.3
4,9725.9
