28,14.4
30,15.0
21,15.0
6,16.3
0,18.3
25,19.6
29,19.8
22,20.0
17,20.2
28,21.5
21,21.7
18,22.5
0,23.1
5,23.7
2,24.6
3,25.3
22,25.4
12,25.6
1,26.1
16,26.4
30,27.3
19,27.4
21,27.5
17,28.0
29,28.1
28,28.9
18,29.5
6,29.9
2,29.9
12,29.9
27,30.4
22,30.8
0,30.8
5,31.2
19,31.6
20,32.0
25,32.0
17,32.3
3,32.8
7,33.4
18,34.5
12,34.8
19,34.8
29,35.1
2,36.6
0,36.7
17,36.8
22,36.9
10,37.1
6,37.3
27,37.4
26,37.5
19,37.7
11,37.9
16,38.3
21,38.3
28,38.7
12,39.8
18,39.9
23,40.6
8,40.7
19,40.9
17,41.2
10,41.5
20,41.7
4,41.8
7,42.2
26,42.3
0,42.4
15,42.6
21,42.9
1,42.9
16,43.2
3,43.4
29,43.8
12,44.0
2,44.2
6,44.5
27,44.6
28,44.6
19,44.9
18,45.2
10,45.3
9,45.4
11,45.5
21,46.3
17,46.6
24,46.6
1,47.1
22,47.1
7,47.2
0,47.4
23,47.5
8,47.9
16,48.1
4,48.2
14,48.3
12,48.8
19,49.0
15,49.1
10,49.1
20,49.2
21,49.2
2,49.4
9,49.5
6,49.8
28,50.2
26,50.3
11,50.5
5,50.6
27,50.6
18,51.0
17,51.1
0,51.2
3,51.2
1,51.5
22,51.9
29,51.9
19,52.5
10,52.8
21,52.9
7,53.0
24,53.3
12,54.4
9,54.5
17,55.3
2,55.3
0,55.5
14,55.6
8,55.6
1,55.8
11,55.8
16,55.8
22,56.3
19,56.6
21,56.9
28,57.0
10,57.2
5,57.2
29,57.8
26,57.8
3,57.9
18,58.0
27,58.2
6,58.3
25,58.6
17,59.6
4,59.8
9,60.1
1,60.2
0,60.4
7,60.7
22,60.9
19,61.1
10,61.9
11,62.1
2,62.2
31,63.0
5,63.0
23,63.2
21,63.4
8,63.6
12,65.1
28,65.3
26,65.7
17,65.8
1,65.9
19,66.1
27,66.3
0,66.4
10,66.6
22,66.7
30,66.8
9,67.0
15,67.1
6,67.2
29,67.5
25,67.8
21,68.3
7,68.6
11,69.0
5,69.3
18,69.4
4,69.7
2,69.7
17,69.9
31,70.1
0,70.3
8,70.3
28,70.4
22,70.5
1,71.1
27,71.8
19,71.8
9,72.1
3,72.1
10,72.5
21,72.5
25,72.9
29,73.5
30,73.6
0,73.7
6,74.1
22,74.3
17,74.4
26,74.4
28,74.8
5,74.9
11,75.4
31,76.3
23,76.6
21,76.6
22,77.4
0,78.0
18,78.1
27,78.6
9,78.9
17,79.4
29,79.4
19,79.5
16,79.7
1,79.8
6,79.8
28,79.9
10,80.2
3,80.2
7,80.6
25,80.8
21,81.0
22,81.4
30,81.4
5,81.9
31,83.6
23,84.1
0,84.2
22,85.5
6,85.5
8,85.8
28,86.2
4,87.6
17,87.6
21,87.6
26,89.0
3,89.4
5,89.7
29,89.8
1,90.0
11,90.7
6,90.9
22,91.6
31,92.4
9,92.5
19,93.0
23,93.1
26,94.3
0,94.5
30,94.7
10,95.0
18,95.5
1,95.5
5,95.6
21,95.8
3,95.8
27,96.0
28,96.2
7,96.4
6,96.5
24,96.6
25,97.6
23,98.4
9,98.5
26,99.1
31,99.1
10,99.1
15,99.2
19,99.3
1,100.3
0,100.3
6,100.8
17,101.3
28,101.8
4,102.1
12,102.3
10,102.7
2,102.7
24,102.8
21,103.1
23,103.1
9,103.7
1,103.8
22,103.8
27,103.9
29,103.9
14,104.2
18,104.6
19,105.0
7,105.2
6,105.7
26,106.3
10,106.4
31,106.4
1,107.0
3,107.4
17,107.5
5,107.7
2,107.7
12,107.7
0,107.8
28,108.1
15,108.3
4,108.9
9,109.0
23,109.1
19,109.3
25,110.0
27,110.7
10,110.7
6,111.3
1,111.6
29,113.1
18,113.2
0,113.5
12,114.3
19,114.3
2,115.0
14,115.4
1,115.6
25,115.7
17,116.2
26,116.2
27,116.8
3,117.3
10,117.3
23,117.8
7,117.9
28,117.9
9,118.1
24,118.4
20,118.6
30,119.1
21,119.3
1,119.4
19,119.6
0,120.2
26,121.0
6,121.0
4,121.3
10,121.4
25,121.4
27,121.5
12,122.3
1,122.4
23,122.8
2,123.2
17,123.4
9,124.3
7,124.4
19,124.7
16,124.8
28,124.9
24,125.3
10,125.6
1,125.9
0,126.4
26,126.6
30,127.2
27,127.3
22,128.2
21,128.3
14,128.3
12,128.6
15,128.8
13,129.1
2,129.4
4,129.5
23,129.9
1,130.0
9,130.4
28,130.4
10,131.0
19,131.7
25,132.2
3,132.9
21,133.2
7,133.3
24,133.6
5,133.8
22,133.8
12,133.9
16,134.2
17,134.3
0,134.4
20,134.7
27,135.3
30,135.4
26,135.5
1,135.6
28,135.8
18,136.0
23,136.0
13,136.0
14,136.1
2,136.2
21,137.0
10,137.3
9,137.4
7,137.6
22,137.6
12,137.8
19,138.1
5,138.4
3,138.8
4,139.5
24,140.4
27,140.6
15,141.2
13,141.4
21,141.4
0,141.5
22,142.1
1,142.2
7,142.6
23,142.7
28,142.8
2,142.8
12,143.1
26,143.3
9,143.6
10,143.7
5,144.1
31,144.1
6,145.0
21,146.0
3,146.3
20,146.3
19,146.3
27,146.5
1,146.7
24,146.9
22,147.3
9,148.3
2,148.4
12,148.5
0,148.6
10,149.0
7,151.0
5,151.2
28,151.6
1,152.0
27,152.7
13,152.9
21,153.3
19,153.5
9,155.0
17,155.0
18,155.3
22,155.5
20,155.8
2,156.3
10,156.6
23,157.0
30,157.0
27,157.4
1,157.7
12,157.8
19,158.4
26,158.7
6,158.8
31,159.4
3,159.9
22,160.9
17,160.9
18,161.2
9,161.5
27,162.1
1,162.9
20,163.2
2,163.4
19,163.8
23,164.0
10,164.0
0,164.5
25,164.8
22,165.3
29,166.2
27,166.2
17,166.3
6,166.4
31,166.7
21,166.9
1,167.1
26,167.2
18,167.5
5,167.6
24,168.2
0,168.9
25,169.2
22,169.3
9,169.7
7,170.1
20,170.2
23,170.8
27,171.0
19,171.5
17,171.6
1,172.2
29,173.0
18,173.2
12,174.5
0,174.5
2,174.8
25,175.0
27,175.3
19,175.4
22,175.5
10,175.6
28,175.8
3,176.0
4,176.1
17,176.1
6,176.2
1,176.4
26,176.9
20,177.1
9,177.5
31,178.0
8,179.1
19,180.1
12,180.5
25,180.5
27,180.6
1,180.7
18,180.7
17,181.0
23,182.0
0,182.1
2,182.1
7,182.4
21,182.4
10,182.8
14,183.4
22,183.5
6,183.6
4,184.0
12,184.0
20,184.0
13,184.2
29,184.4
9,184.6
27,184.7
28,184.8
19,184.9
21,185.7
11,185.8
25,186.1
1,186.2
7,186.2
2,186.4
3,186.5
26,186.7
18,186.9
17,186.9
14,187.2
5,187.2
23,187.5
22,187.6
15,187.7
27,187.8
10,188.0
12,188.0
6,188.3
4,188.5
13,188.5
19,188.6
8,188.6
28,188.8
0,188.8
21,189.2
7,190.8
2,191.1
20,191.1
14,191.2
25,191.2
17,191.4
27,191.5
18,191.7
26,191.8
10,191.9
23,192.1
12,192.7
1,192.7
29,192.7
19,192.8
22,192.8
28,193.1
6,193.9
21,193.9
4,194.0
11,194.2
13,195.0
5,196.4
27,196.4
17,196.5
8,196.8
14,197.0
7,197.3
28,197.4
10,197.5
16,197.6
22,197.9
21,198.3
3,198.3
2,198.7
26,199.0
19,199.2
23,199.3
18,199.6
25,199.7
12,200.3
9,200.9
15,200.9
17,201.2
5,201.6
0,201.6
1,201.9
8,202.0
6,202.2
4,202.3
28,202.8
21,203.0
3,203.0
22,203.1
27,203.2
16,204.0
26,204.4
20,204.9
5,205.9
13,206.4
14,206.4
6,206.8
18,207.1
1,207.1
10,207.1
21,207.4
12,207.4
4,207.7
3,207.9
15,208.1
7,208.2
28,208.2
19,208.6
17,208.7
26,209.4
22,209.9
29,210.5
6,210.9
23,211.0
21,211.1
30,211.3
28,211.5
18,211.7
5,212.1
27,212.1
0,212.1
20,213.0
4,213.1
12,213.2
8,213.5
17,213.6
10,213.6
15,214.0
11,214.1
26,214.5
1,215.0
19,215.0
21,215.1
28,215.3
7,215.3
22,215.4
6,215.8
30,216.1
29,216.4
3,216.6
0,216.7
18,216.8
9,216.8
23,217.9
27,217.9
10,217.9
2,219.0
17,219.0
4,219.1
24,219.1
26,219.2
12,219.3
21,219.4
28,219.8
11,220.0
22,220.1
16,220.1
15,220.3
0,220.5
7,220.8
9,221.0
20,221.1
1,221.1
19,221.2
5,221.3
13,221.4
6,221.5
27,221.8
18,221.9
10,222.0
30,222.2
29,223.4
2,224.2
26,224.3
12,224.4
22,224.4
9,224.6
25,224.6
0,224.8
27,225.0
24,225.5
1,225.6
21,225.6
17,225.8
19,226.1
28,226.2
10,226.3
18,226.7
4,226.8
7,226.9
23,227.7
13,227.8
20,228.1
6,228.1
27,228.3
9,228.4
30,228.4
5,228.6
22,229.1
15,229.3
2,229.4
0,229.6
1,229.8
31,229.8
10,230.5
19,230.6
17,230.6
28,231.1
12,231.2
21,231.2
18,231.2
11,231.5
24,231.8
4,231.8
6,231.9
27,232.1
26,232.2
8,232.8
9,233.2
29,233.4
22,233.6
7,233.7
14,233.8
31,233.8
23,234.0
25,234.2
1,234.2
30,234.6
2,234.8
10,234.9
17,234.9
6,234.9
15,235.1
20,235.3
18,235.3
28,235.3
5,235.6
4,235.7
12,235.9
0,236.2
21,236.2
22,236.7
19,236.7
31,237.2
27,237.4
29,238.1
10,238.1
6,238.2
9,238.4
23,238.6
18,238.7
8,238.8
24,238.9
17,239.1
1,239.3
7,239.3
4,239.4
0,239.5
28,239.8
22,240.2
15,240.2
25,240.2
12,240.6
13,240.8
30,240.8
31,241.2
2,241.3
6,241.7
10,242.3
21,242.3
23,242.5
29,242.5
17,242.7
14,242.9
18,243.0
0,243.5
8,243.8
22,244.0
20,244.0
5,244.1
4,244.8
1,244.8
9,245.1
7,245.3
6,245.3
12,245.6
19,245.9
31,246.2
27,246.2
25,246.2
28,246.4
10,246.8
23,247.0
17,247.1
0,247.2
26,247.4
2,247.4
29,247.7
18,247.8
22,247.9
24,248.1
30,248.2
8,248.4
15,248.6
6,249.0
1,249.3
12,249.3
7,249.8
4,249.9
19,250.0
10,250.5
0,250.6
25,250.7
23,250.9
17,251.0
28,251.1
20,251.8
14,252.1
22,252.5
29,252.6
21,252.6
27,252.7
6,252.7
12,252.8
18,253.0
2,253.2
19,253.2
31,253.4
26,253.7
1,254.0
0,254.4
17,254.5
3,254.6
23,254.7
10,254.7
7,255.8
25,255.8
8,256.0
12,256.3
22,256.3
9,257.1
6,257.2
19,257.3
28,257.5
1,257.6
2,257.7
29,258.7
27,258.8
0,258.8
4,258.9
17,259.0
10,259.2
16,259.3
30,259.6
20,259.8
18,259.8
12,259.9
23,260.3
22,260.8
19,260.8
31,261.2
1,261.2
9,261.5
2,261.7
6,263.0
12,263.0
25,263.0
27,263.0
10,263.6
3,263.9
0,263.9
29,263.9
17,264.1
26,264.5
28,264.5
4,265.1
18,265.1
14,265.3
1,265.5
19,265.6
2,265.7
9,266.0
23,266.1
7,266.4
22,267.1
12,267.2
16,267.8
27,268.2
10,268.6
6,269.2
15,269.9
19,270.2
5,270.4
28,270.7
29,271.0
21,271.0
1,271.6
24,271.7
2,271.9
26,272.0
0,272.3
23,272.4
17,272.5
4,272.6
13,272.7
22,273.3
12,273.4
14,273.6
18,273.8
10,274.1
9,274.1
27,274.4
31,274.6
8,274.8
25,275.2
6,275.5
20,275.7
28,275.8
22,276.7
19,277.0
21,277.1
23,277.4
4,277.5
15,277.5
7,277.9
0,278.5
11,278.9
31,279.3
5,279.5
22,280.2
29,280.2
17,280.7
13,280.9
14,281.1
25,281.6
18,282.1
1,282.1
28,282.4
22,283.0
10,283.1
0,283.2
2,283.3
21,283.4
6,283.7
4,283.7
5,283.9
12,283.9
26,284.3
16,284.4
31,284.4
3,284.9
27,285.8
23,285.9
29,285.9
7,286.0
17,286.4
22,286.5
28,288.7
5,288.7
21,288.8
19,289.0
12,289.3
0,289.4
1,289.4
2,290.1
22,290.5
9,290.5
20,290.9
18,291.4
25,291.8
31,292.2
4,292.2
10,292.7
3,293.0
16,293.1
15,293.2
21,293.3
6,293.3
5,293.6
1,293.6
7,293.6
14,293.7
27,294.0
28,294.3
12,294.5
22,294.8
2,294.9
30,295.1
11,295.3
17,295.9
21,296.5
19,296.5
29,296.8
9,297.1
6,297.8
7,298.8
28,298.8
12,299.2
1,299.3
4,299.4
14,299.6
21,299.7
20,299.8
31,300.0
10,300.5
18,300.7
0,301.2
22,301.3
15,301.5
27,301.5
5,301.8
2,302.2
26,302.3
23,302.4
11,302.5
19,302.6
6,302.8
28,303.0
30,303.4
25,303.5
21,303.6
12,303.7
4,304.8
17,305.1
1,305.5
10,305.8
8,305.8
20,306.3
18,306.8
28,307.3
7,307.3
15,307.5
0,307.7
21,308.0
27,308.1
25,308.3
19,308.4
6,308.7
26,308.8
12,309.0
9,309.8
14,310.1
23,310.5
10,311.9
4,312.0
16,312.6
22,312.9
17,313.2
28,313.2
25,313.5
27,313.5
1,313.9
0,314.3
21,314.9
8,314.9
19,315.3
26,316.0
20,316.3
9,316.5
18,317.2
27,317.6
12,318.1
10,318.1
5,318.1
25,318.3
28,318.5
15,318.6
1,318.7
6,318.9
3,319.0
23,319.3
22,320.1
17,320.3
21,320.3
19,320.3
2,321.3
26,321.6
27,322.0
1,323.4
25,323.4
7,323.7
28,323.9
4,323.9
20,324.2
5,324.3
12,324.4
30,324.9
3,325.0
29,325.1
22,325.1
0,325.2
18,325.3
10,325.4
23,325.4
17,326.0
8,326.1
6,326.3
19,326.3
21,326.6
9,326.7
14,326.8
27,327.9
1,328.3
25,328.6
26,329.2
12,329.4
28,329.7
29,329.7
2,329.9
22,330.0
7,330.0
17,330.0
4,330.1
18,330.4
23,330.5
11,330.7
10,331.4
30,331.9
0,332.1
1,332.5
6,332.5
19,332.9
3,333.0
17,333.9
27,335.4
12,335.5
5,335.6
29,335.6
2,335.8
28,335.8
9,335.8
1,335.9
14,335.9
8,336.2
21,336.3
10,336.7
25,337.3
6,337.3
18,337.6
22,337.6
23,338.0
26,338.2
4,338.2
17,338.2
30,338.2
1,339.0
3,339.0
19,339.0
7,340.2
28,340.5
5,341.2
6,341.5
27,342.0
21,342.1
20,342.4
1,342.5
2,343.0
17,343.4
9,343.8
26,343.8
10,344.0
19,344.6
18,344.6
30,345.6
3,345.6
28,346.1
27,346.4
0,346.9
12,347.1
1,347.3
6,347.7
23,347.8
29,347.9
17,348.3
19,348.4
26,348.7
10,349.3
5,349.6
20,349.9
18,350.1
31,350.6
27,350.7
15,350.7
21,351.7
28,351.9
19,352.4
22,352.7
6,353.0
12,354.0
26,354.4
27,354.7
9,354.7
3,355.0
10,355.0
17,355.1
1,355.2
23,355.8
19,356.3
20,356.4
4,357.8
31,357.9
15,358.1
11,358.7
25,358.9
27,359.2
18,359.4
28,359.4
26,359.5
10,359.7
0,359.9
6,360.2
12,360.3
19,360.4
9,361.4
2,362.5
7,362.9
19,363.5
12,364.6
11,365.3
10,365.3
26,365.7
27,365.7
3,365.9
0,366.1
6,366.1
20,366.2
19,366.5
1,367.1
8,367.1
17,368.0
2,368.2
12,368.5
9,368.7
25,369.2
10,369.2
19,369.9
6,371.1
7,371.2
0,371.4
23,371.4
22,371.5
27,371.5
31,372.2
18,372.3
29,372.4
1,372.6
10,372.6
12,372.6
4,372.7
11,372.7
2,372.8
28,372.8
26,373.3
19,373.9
14,374.4
17,374.4
0,374.8
8,374.8
9,375.5
6,375.6
22,375.7
10,376.0
25,376.6
23,376.8
29,376.9
12,377.5
18,377.6
2,378.3
1,378.5
17,378.5
4,378.9
0,378.9
19,379.2
8,379.5
6,379.5
31,379.6
22,379.8
10,379.9
27,379.9
28,380.1
11,380.4
21,380.5
23,381.4
25,382.3
26,382.4
29,382.7
17,382.9
20,383.2
14,384.2
12,384.2
18,384.5
1,384.6
8,384.7
6,385.2
0,385.5
10,385.7
22,385.9
2,387.3
19,387.8
23,388.6
9,388.7
31,388.8
17,389.2
4,389.3
25,390.6
7,391.2
1,394.4
8,394.6
28,394.7
6,395.1
10,395.9
29,396.0
17,396.1
22,396.4
12,396.8
18,398.4
27,398.4
1,398.6
16,398.8
4,398.9
0,399.0
23,399.1
26,399.9
2,399.9
25,400.0
17,400.1
8,400.5
14,400.7
20,401.3
6,401.7
1,402.1
28,403.2
10,403.2
17,404.7
27,404.8
12,405.6
16,405.9
19,406.0
21,406.3
7,406.5
26,406.6
1,406.6
25,406.6
23,406.8
8,407.0
29,407.1
0,407.4
11,407.4
10,408.0
4,410.3
18,410.4
22,410.5
0,410.7
17,410.8
6,411.0
25,411.1
23,411.3
31,411.8
1,412.3
7,412.4
10,412.5
26,412.7
29,413.0
8,413.2
19,413.5
11,413.6
0,414.0
21,414.0
30,414.1
14,414.2
2,414.2
17,414.5
12,414.6
22,414.9
6,414.9
20,415.2
27,415.2
28,415.2
18,415.4
23,415.5
25,415.7
10,415.9
1,416.2
7,416.6
0,417.3
9,417.4
4,417.4
19,418.0
17,418.0
29,418.2
6,418.3
11,418.5
5,418.6
21,418.8
8,418.8
22,418.9
26,418.9
31,419.1
14,419.3
3,419.4
1,419.5
23,419.5
27,419.7
10,419.9
18,419.9
2,419.9
7,420.4
30,421.6
25,421.7
6,421.9
0,421.9
17,422.0
20,422.6
19,422.7
22,423.2
1,423.3
5,423.3
31,424.1
26,424.2
27,424.8
23,424.9
4,425.1
7,425.4
18,425.4
10,425.9
9,426.0
11,426.3
21,426.3
3,426.6
12,426.9
6,427.0
0,427.1
22,427.7
29,427.7
17,427.8
25,428.0
14,428.1
5,428.4
1,429.0
8,429.3
31,429.4
2,429.8
19,430.0
28,430.5
7,432.4
27,432.6
0,432.8
26,433.0
23,433.7
4,434.2
6,434.7
22,435.1
18,435.2
25,435.6
20,436.9
10,437.1
17,437.8
5,437.9
1,438.8
31,439.7
21,440.4
30,442.0
0,443.3
27,444.1
22,444.2
7,444.3
19,444.9
26,445.2
5,445.4
13,445.6
2,445.7
12,445.8
10,446.9
23,447.0
31,447.2
28,447.6
4,447.7
27,448.2
22,448.3
7,448.4
26,449.8
6,449.8
12,450.2
5,450.6
30,450.7
19,451.0
10,451.3
14,451.3
2,451.4
23,451.6
25,451.8
18,452.1
13,452.5
7,452.6
4,452.7
22,453.0
20,453.2
28,453.3
29,453.5
31,453.5
27,453.8
12,454.6
17,454.8
1,455.1
8,455.5
6,455.6
10,456.5
23,456.5
26,456.9
2,457.8
15,458.0
4,458.1
9,458.2
5,458.2
7,458.5
31,458.7
30,459.1
25,459.4
18,459.7
28,459.8
12,460.0
6,460.3
22,460.5
0,460.7
14,460.8
8,461.1
10,461.5
27,462.5
19,462.7
17,462.9
13,463.4
15,463.5
21,463.7
4,463.8
23,464.1
29,464.1
1,464.5
31,464.7
25,465.1
28,465.7
8,465.9
12,466.0
6,466.1
9,466.2
22,466.7
14,467.0
20,467.1
0,467.6
10,467.9
27,468.4
15,468.5
7,469.0
17,469.8
4,470.0
2,470.2
13,470.8
8,470.8
25,470.9
21,471.0
22,471.1
12,471.3
18,471.6
26,471.8
29,472.0
0,472.2
28,472.3
6,472.5
31,472.6
27,473.2
10,473.5
5,473.5
23,473.7
14,473.7
22,474.2
17,474.8
2,475.2
12,475.8
13,475.9
25,475.9
4,476.0
0,476.0
1,476.0
9,476.1
6,476.5
7,476.7
29,476.9
28,476.9
30,477.2
18,477.2
15,477.4
22,477.5
21,477.5
31,478.6
27,478.7
23,479.4
8,479.5
2,479.6
16,480.2
12,480.4
26,480.7
0,481.2
6,481.3
17,481.7
28,481.8
10,481.8
22,481.9
1,482.7
25,482.8
21,484.0
13,484.2
30,484.2
23,484.5
31,484.8
2,485.1
5,485.1
7,485.2
29,485.6
12,486.0
22,486.3
6,486.8
14,487.1
18,487.5
27,488.1
20,488.1
4,488.4
0,489.6
23,490.1
28,490.1
30,490.3
16,490.9
1,491.0
10,491.4
22,491.5
9,491.5
7,491.6
21,491.7
24,491.8
5,492.6
8,492.7
25,492.8
0,493.3
3,493.7
6,494.7
31,494.9
2,495.1
28,495.8
10,496.1
26,496.1
21,496.2
12,496.3
1,496.3
5,496.7
17,496.7
30,496.7
22,496.8
9,497.2
0,497.4
8,498.1
24,498.1
3,498.4
23,498.4
25,499.0
6,499.2
1,500.0
28,500.6
21,500.9
5,501.0
27,501.1
7,501.2
26,501.6
10,502.1
0,502.3
9,502.5
30,502.7
17,502.9
8,503.2
22,503.5
12,503.6
3,504.3
1,504.3
20,504.5
6,504.8
29,505.0
24,505.1
25,505.8
18,505.9
0,506.2
9,506.9
17,507.2
28,507.3
21,507.6
5,507.8
27,507.9
10,508.6
22,508.8
8,509.0
1,509.0
0,510.1
25,510.7
26,511.1
29,511.5
17,511.7
9,512.5
19,513.1
1,513.1
0,513.5
24,513.7
10,513.8
2,514.2
6,514.4
27,514.7
25,515.1
12,515.1
30,515.3
8,515.3
18,516.2
9,516.4
22,516.7
0,516.9
31,516.9
1,517.1
15,517.5
3,517.9
10,518.1
5,518.4
17,519.2
7,519.6
4,520.4
25,520.5
6,520.6
21,521.0
31,521.1
20,521.4
0,521.5
28,522.1
8,522.2
9,522.3
22,522.4
27,522.4
12,522.4
19,522.5
24,522.9
1,523.1
23,523.1
2,523.2
31,524.6
10,524.8
15,525.3
5,525.4
6,526.1
29,526.5
22,526.6
17,527.4
16,527.8
8,528.0
7,528.3
0,528.8
31,529.0
4,529.8
25,530.2
23,530.4
22,531.1
6,532.3
9,533.4
1,533.6
17,533.6
31,533.7
16,534.4
8,534.5
22,535.3
21,535.7
5,535.9
15,536.1
28,536.5
14,536.5
13,536.5
12,536.6
4,536.7
10,537.2
26,537.6
0,537.9
23,538.4
31,538.6
24,538.6
7,538.9
22,539.3
6,539.4
27,539.5
18,539.8
9,540.0
4,540.7
20,540.9
2,541.2
28,541.2
1,541.6
10,541.6
14,542.2
21,542.3
29,542.4
19,543.1
30,543.3
23,543.5
0,543.6
12,544.0
6,544.2
28,544.6
24,544.6
10,544.8
15,545.2
4,545.3
22,545.4
26,545.4
7,545.5
31,545.7
9,546.0
17,546.0
5,546.0
13,546.5
21,546.7
25,546.8
27,547.4
28,547.6
18,547.6
23,547.8
30,547.9
14,547.9
0,548.2
8,548.2
6,548.2
10,548.9
2,549.7
19,550.2
4,550.4
15,550.5
1,550.9
31,551.5
28,551.9
7,552.1
21,552.4
29,552.5
22,552.5
6,552.7
0,552.7
12,552.8
24,553.1
25,553.3
10,553.4
9,553.5
23,553.6
30,554.1
26,554.5
14,555.7
15,556.3
13,556.4
28,556.8
4,556.8
0,557.6
21,558.2
10,559.0
31,559.5
27,559.5
6,559.9
25,560.0
22,560.0
19,560.3
16,560.4
1,560.4
9,560.7
23,560.8
28,561.3
18,561.4
4,562.3
26,562.3
14,562.7
24,562.9
12,563.0
10,563.3
2,563.5
0,563.9
15,564.5
29,564.9
27,565.1
9,565.6
7,565.6
6,566.0
28,567.0
23,567.4
10,567.9
30,568.3
22,568.9
21,569.1
1,569.3
31,569.4
0,569.5
24,569.9
25,570.5
13,570.7
4,570.8
9,571.1
19,571.8
6,572.1
18,572.7
23,573.1
27,573.3
10,574.9
14,575.9
22,575.9
31,577.1
12,577.1
28,577.9
6,578.2
26,578.4
23,578.8
1,579.5
0,580.2
15,580.5
27,581.0
25,581.4
31,581.8
9,581.9
20,582.6
22,582.7
6,583.5
1,584.8
26,585.7
27,587.6
15,587.9
31,587.9
8,588.6
17,588.6
23,588.6
16,588.8
25,589.7
10,590.7
6,591.2
4,592.7
1,592.7
28,593.3
24,593.9
8,594.0
17,594.0
12,594.0
0,594.1
10,594.2
26,594.4
2,594.5
18,594.5
9,594.6
23,594.7
19,595.0
27,595.3
25,595.5
16,595.7
14,595.9
29,595.9
22,596.2
6,597.7
10,597.8
1,597.9
31,597.9
0,598.3
5,598.5
4,598.7
28,598.7
17,599.0
20,599.0
26,599.0
19,599.6
18,599.9
8,600.0
23,600.2
25,600.3
24,600.3
27,600.3
7,600.4
3,600.5
9,600.5
10,601.0
11,601.2
12,601.3
6,601.9
1,602.1
0,602.2
26,602.5
16,602.6
17,602.8
5,603.0
2,603.3
28,603.7
22,603.8
19,603.8
27,604.4
10,604.6
18,604.6
31,604.7
4,604.9
8,604.9
21,605.4
25,605.7
30,605.8
29,605.8
6,605.9
9,606.1
17,606.3
1,606.4
20,606.7
26,606.9
0,607.2
19,607.4
7,607.5
14,607.6
11,607.9
3,608.1
5,608.2
12,608.4
28,608.4
27,608.9
10,609.0
16,609.2
23,609.3
17,609.7
8,609.8
6,609.9
22,609.9
18,610.4
1,611.2
2,611.2
19,611.5
0,611.6
21,611.9
24,611.9
29,612.1
26,612.2
9,612.5
30,612.5
17,612.8
31,613.5
28,613.5
4,614.1
6,614.1
7,614.2
25,614.8
12,615.0
22,615.1
10,615.2
27,615.4
17,616.1
1,616.1
11,616.2
18,616.6
5,616.8
0,616.8
19,616.9
8,617.8
29,618.5
22,619.3
17,619.6
31,620.2
6,620.4
7,620.9
16,621.0
26,621.1
1,621.9
21,621.9
28,622.3
4,622.3
0,622.5
9,622.8
2,623.6
17,624.3
30,624.4
10,624.6
18,624.8
22,625.0
12,625.7
5,625.7
27,626.0
29,626.1
19,626.2
20,626.9
23,627.4
6,628.6
28,629.0
1,629.7
21,629.9
12,630.7
2,631.3
17,631.4
16,632.1
8,632.2
0,632.2
30,632.3
31,632.4
22,632.4
7,632.6
3,633.6
19,633.8
29,634.0
5,634.1
6,634.4
12,634.6
18,635.1
2,635.3
22,635.3
28,635.6
21,635.6
27,635.9
25,636.1
4,636.1
1,636.3
13,636.4
17,636.5
26,637.0
16,637.6
7,637.7
12,637.9
22,638.2
5,638.3
20,638.7
0,638.8
2,639.4
8,639.6
19,639.8
31,639.9
21,639.9
30,639.9
6,639.9
11,640.1
10,640.1
29,640.2
28,640.4
17,640.6
12,641.3
3,641.4
22,641.6
27,641.7
26,642.4
13,642.6
16,642.7
5,642.8
7,642.9
2,643.6
9,643.6
0,643.6
1,643.7
19,644.2
10,644.4
18,644.6
27,645.2
12,645.6
22,645.6
21,645.9
24,646.0
6,646.1
17,646.2
28,646.5
11,646.6
9,647.1
8,647.4
2,647.7
1,647.9
0,648.0
10,648.2
26,648.5
30,648.5
19,648.7
27,648.8
5,649.1
7,649.5
13,650.5
9,650.6
12,650.7
22,651.1
6,651.1
16,651.2
21,651.9
29,651.9
24,652.2
2,652.3
28,652.4
1,652.9
10,653.3
19,653.4
0,653.6
4,653.8
27,653.9
9,655.4
17,655.5
30,655.8
6,657.5
12,657.8
7,657.9
26,659.4
21,659.4
0,659.9
28,660.0
10,660.1
2,660.4
8,660.4
22,660.8
3,660.8
20,660.8
25,660.9
1,660.9
11,661.2
5,661.5
19,661.6
31,662.0
27,662.0
9,663.2
0,664.1
21,665.4
25,666.1
24,666.5
28,666.7
10,666.9
22,667.8
8,668.1
5,668.4
0,668.5
19,668.7
26,668.8
23,668.8
3,669.7
27,669.8
6,670.2
10,671.1
21,671.2
25,671.2
28,671.2
0,672.7
30,673.3
18,673.4
22,674.2
13,674.5
28,674.7
1,675.0
21,675.0
4,675.1
12,675.5
8,675.5
19,675.6
14,675.7
15,676.1
26,676.6
17,676.6
5,677.0
6,677.0
10,677.3
25,677.6
28,677.8
21,678.1
0,678.5
3,678.6
7,679.3
4,679.6
27,679.7
2,679.9
20,680.4
12,680.5
23,680.5
6,680.5
22,680.7
18,680.7
30,680.8
1,681.1
15,681.2
19,681.5
26,681.7
28,681.8
21,681.9
5,682.2
0,682.8
8,682.9
25,683.0
10,683.6
13,683.8
6,684.1
4,684.3
3,684.4
9,684.5
12,685.1
1,685.4
2,685.5
19,685.8
14,686.2
21,686.6
28,687.0
15,687.1
27,687.3
7,687.7
18,688.1
6,688.5
26,688.7
0,688.9
10,689.3
25,689.5
5,690.1
1,690.5
20,690.5
2,691.4
19,691.4
12,691.5
9,691.7
21,691.9
8,692.3
4,692.3
6,693.2
11,693.7
14,693.7
22,693.8
7,694.1
1,694.9
17,695.3
0,695.7
28,696.3
21,696.5
3,696.8
27,697.1
25,697.3
19,697.4
10,697.7
15,698.2
6,698.8
26,698.9
12,699.4
1,699.6
0,700.5
8,700.6
14,700.9
11,701.1
23,701.1
7,701.2
17,701.4
19,701.6
10,702.2
25,702.4
28,702.8
21,703.0
31,703.2
6,703.5
27,704.4
2,704.4
15,704.8
26,705.1
1,705.4
30,705.6
3,705.7
0,705.7
18,705.8
19,706.0
5,706.3
6,707.0
28,707.4
12,707.9
25,708.0
21,708.2
9,708.8
10,708.8
26,709.9
1,710.4
8,710.5
3,710.7
27,710.8
31,710.9
6,711.0
19,711.6
17,712.1
5,712.3
0,712.4
28,713.5
30,713.7
15,714.0
26,715.2
23,715.6
21,715.7
6,715.7
1,715.8
9,715.8
3,716.1
27,717.5
7,717.6
25,717.7
22,718.0
4,718.1
5,718.5
31,718.5
19,718.9
10,719.2
6,719.7
12,719.7
26,720.3
28,720.5
23,721.0
15,721.5
0,722.1
1,722.2
3,722.4
9,722.7
21,722.9
19,723.2
18,723.3
10,723.5
24,723.5
6,723.7
31,723.8
27,723.8
14,723.9
4,724.6
20,724.7
12,725.1
22,725.3
26,725.4
28,725.6
23,725.8
15,726.4
6,727.0
21,727.4
10,727.5
1,727.7
0,727.7
5,728.0
31,728.1
9,728.1
19,728.3
7,728.7
3,728.9
26,729.4
18,729.5
24,729.9
23,730.0
6,730.7
12,731.0
15,731.0
28,731.1
27,731.1
4,731.1
21,732.0
22,732.7
10,732.9
1,733.7
20,734.0
31,734.3
26,734.8
5,735.3
19,735.5
7,735.6
6,735.8
23,735.8
27,736.0
9,736.2
13,736.3
2,736.5
0,736.6
3,736.7
12,737.0
28,737.7
22,738.0
26,738.2
10,738.3
15,738.7
1,739.4
21,739.5
5,740.2
27,740.8
6,741.7
18,741.8
7,742.3
26,742.7
23,743.0
19,743.0
13,743.1
4,743.4
12,743.6
28,744.5
2,744.5
22,744.5
10,744.7
15,745.4
31,745.6
3,745.7
27,745.9
21,746.1
6,746.4
20,746.8
5,747.3
26,747.4
12,748.5
1,748.6
18,749.1
13,749.6
24,749.7
17,749.7
7,750.5
22,750.5
15,750.7
6,750.8
4,751.4
19,751.5
26,751.6
27,751.7
28,751.7
31,752.2
5,752.4
3,752.5
2,752.6
23,752.9
10,753.5
21,753.7
12,754.8
7,755.7
1,755.7
13,756.2
6,756.3
26,756.7
22,756.7
15,757.5
27,757.9
21,759.0
5,759.1
18,760.0
12,760.1
4,760.1
23,760.7
2,761.0
28,761.1
20,761.2
7,761.3
6,762.1
13,762.4
22,762.6
31,763.0
15,763.1
26,763.2
27,763.9
21,764.1
0,764.4
9,764.8
1,765.0
10,765.2
24,765.7
4,766.0
12,766.4
14,766.8
3,767.3
28,767.3
13,768.0
22,768.2
17,768.3
5,768.5
15,768.6
21,768.9
1,769.2
18,769.3
7,769.4
27,770.2
19,770.3
0,770.3
9,770.5
20,771.0
6,771.2
17,772.0
10,772.2
4,772.4
2,772.5
24,772.5
16,773.3
1,773.5
8,773.6
28,774.2
22,774.6
26,774.6
14,774.6
21,774.6
18,774.7
13,774.7
17,774.9
19,775.1
15,775.3
27,775.4
0,775.7
12,775.7
9,776.6
29,777.3
17,778.0
22,778.1
20,778.4
1,778.8
4,779.0
18,779.1
7,779.6
3,779.6
24,779.9
16,779.9
10,780.0
13,780.0
21,780.2
12,780.2
27,780.3
5,780.4
23,780.5
6,780.6
0,780.6
19,780.7
2,780.8
28,780.8
15,781.0
22,781.3
8,781.4
17,781.8
31,782.1
26,783.5
12,783.7
18,784.2
29,784.4
6,784.4
21,784.5
22,784.9
1,784.9
2,784.9
19,784.9
30,785.2
28,785.4
4,785.5
7,785.5
13,785.7
27,785.9
17,786.1
20,786.5
16,786.8
12,786.8
23,787.2
9,787.2
15,787.4
21,787.6
6,787.6
0,788.2
14,788.6
22,788.7
1,789.1
2,789.2
18,789.3
19,789.3
31,789.3
8,789.8
7,789.9
12,789.9
28,790.0
17,790.3
24,791.0
10,791.2
6,791.2
16,791.4
21,791.4
3,791.7
23,791.9
4,792.0
5,792.2
12,793.2
1,793.7
9,793.7
22,794.0
20,794.1
2,794.2
30,794.3
0,794.4
17,795.0
15,795.0
6,795.6
7,795.7
19,795.9
28,796.1
18,796.1
27,796.2
10,796.4
8,796.4
12,796.5
16,796.7
13,796.9
21,797.0
23,797.3
4,797.3
24,797.5
29,797.7
26,798.6
31,798.7
1,799.1
0,799.3
14,799.5
2,799.9
12,800.0
9,800.1
17,800.2
6,800.5
25,800.5
8,801.5
22,801.6
10,801.7
20,801.7
16,802.2
28,802.2
23,802.5
18,802.5
4,802.8
12,803.8
0,804.2
6,804.5
1,804.5
17,804.7
21,805.2
7,805.3
31,805.4
29,805.5
25,805.5
2,805.6
19,805.6
27,807.3
18,807.4
12,807.9
8,807.9
22,808.0
23,808.1
10,808.1
24,808.5
20,808.6
6,808.8
17,809.0
28,810.5
19,810.5
9,810.7
1,811.0
2,811.2
16,811.2
14,811.4
0,811.5
4,811.6
25,811.7
12,812.2
18,812.2
17,812.3
8,812.5
27,813.5
22,814.0
29,814.4
7,815.0
10,815.0
6,815.4
20,815.8
0,815.8
17,815.8
19,816.4
1,816.6
18,817.1
25,817.1
2,817.2
12,817.3
8,817.7
31,817.9
23,818.4
21,818.5
15,818.7
27,819.0
22,819.7
16,819.8
26,819.9
17,820.1
0,820.3
1,820.4
29,820.5
9,821.3
25,821.5
6,821.7
12,821.9
2,822.5
8,822.6
20,822.7
10,822.8
19,822.8
27,822.8
7,824.0
1,824.5
18,824.5
0,825.1
17,825.2
26,826.0
22,826.0
25,826.4
29,826.8
3,827.0
5,827.0
6,827.6
27,827.8
1,828.4
9,829.1
28,829.1
0,829.4
12,829.4
8,830.0
4,830.8
17,830.9
26,830.9
25,831.0
22,831.1
18,831.5
21,831.6
14,831.7
20,832.1
13,832.3
16,832.3
15,832.4
2,832.5
19,832.5
27,832.7
29,833.0
5,833.5
1,833.5
0,833.6
3,834.4
6,834.5
10,835.3
17,835.4
12,835.5
22,835.9
28,836.2
18,837.1
20,837.6
25,837.7
21,837.9
27,838.1
26,838.2
4,838.5
19,838.9
14,839.5
0,839.5
1,839.7
6,839.8
17,840.3
13,840.4
28,840.5
30,840.6
5,840.8
15,840.9
3,841.4
7,841.4
21,841.6
22,842.0
29,842.6
25,842.9
8,843.0
18,843.6
1,843.9
12,844.1
6,844.2
26,844.2
9,844.4
17,844.5
0,844.8
21,844.8
23,844.8
28,845.3
20,845.4
14,845.5
27,845.8
7,845.9
24,845.9
10,846.3
4,846.6
5,847.0
11,847.0
22,847.2
25,847.3
31,847.5
6,847.8
8,847.9
0,848.0
3,848.0
21,848.1
1,848.2
19,849.5
30,849.6
23,850.0
9,850.1
14,850.5
7,850.7
26,851.0
17,851.0
10,851.4
0,851.6
6,851.7
24,852.0
21,852.1
1,852.3
25,852.5
22,853.0
5,853.4
28,853.5
13,853.5
8,854.1
31,854.5
3,854.5
15,854.8
11,854.9
23,855.1
17,855.2
18,855.3
1,855.6
6,855.7
0,855.8
9,856.5
25,856.6
27,857.3
10,857.7
7,858.2
26,858.3
21,858.3
8,858.4
22,859.1
1,859.2
17,859.3
31,859.7
14,859.7
6,860.0
0,860.9
12,861.0
15,861.3
20,861.9
9,862.3
25,862.8
23,863.0
27,863.1
1,863.9
5,864.3
17,864.6
8,864.9
2,865.1
22,865.2
6,865.2
31,865.4
13,865.6
24,865.6
4,865.9
12,866.1
7,866.7
26,866.7
27,867.8
10,868.6
22,868.8
21,869.3
23,869.4
6,869.7
15,869.8
3,870.0
0,870.1
28,870.3
9,870.5
31,870.6
1,871.1
30,871.9
19,872.2
13,872.4
27,872.5
11,872.6
12,872.7
5,872.7
2,872.7
14,872.9
7,873.0
21,873.0
22,873.7
6,873.7
17,873.8
28,874.2
25,874.2
26,874.3
23,876.0
21,876.1
10,876.1
19,876.3
4,876.9
27,877.1
14,877.1
15,877.4
28,878.0
6,878.3
13,878.4
7,878.7
22,878.8
11,878.8
12,879.1
21,879.6
30,880.1
26,880.3
20,880.4
8,880.4
9,880.6
3,880.7
31,880.9
19,881.2
14,882.7
27,882.7
23,882.8
28,882.9
6,883.5
22,883.6
10,883.7
1,884.2
21,884.8
7,885.9
4,886.5
12,886.5
19,886.8
15,887.0
30,887.7
23,887.7
31,887.9
13,888.1
9,889.0
27,889.2
18,889.2
3,889.2
26,889.3
22,889.4
6,889.4
5,889.6
28,890.4
21,890.6
11,890.7
1,891.6
7,891.6
17,892.3
14,892.9
23,892.9
3,893.5
5,893.6
21,894.5
26,894.5
6,894.7
30,894.7
22,895.0
19,896.0
0,896.0
7,896.4
8,896.7
28,896.8
16,896.9
27,897.1
3,897.6
12,898.0
1,898.3
5,898.3
9,898.6
23,898.7
17,898.8
21,899.0
10,899.7
26,900.1
2,900.3
11,900.7
19,901.0
7,902.0
22,902.4
16,902.5
6,903.5
8,903.6
30,903.7
0,903.8
3,904.0
12,904.1
23,904.5
31,904.7
1,904.9
21,905.7
26,906.0
5,906.2
15,906.5
10,906.5
20,907.3
11,907.4
19,907.4
17,907.4
2,907.4
22,907.6
6,908.2
12,908.5
16,908.5
7,909.1
28,909.2
31,909.3
23,910.0
1,911.2
15,912.6
12,913.0
6,913.1
4,913.1
21,913.3
18,913.9
26,914.0
0,914.1
22,914.5
27,914.7
11,914.9
10,915.2
2,915.3
19,915.5
20,915.6
31,915.9
12,916.8
30,916.8
13,916.8
17,916.8
28,917.2
29,917.5
7,917.6
25,917.6
15,917.7
5,917.9
0,918.1
22,918.2
16,918.3
4,918.6
6,918.6
18,918.6
21,918.7
26,919.3
3,919.8
12,920.0
23,920.2
27,920.5
11,921.1
20,921.2
2,921.3
8,921.4
0,921.8
28,922.0
10,922.2
22,922.4
17,922.9
13,923.0
1,923.0
21,923.2
19,923.2
30,923.7
6,923.8
12,924.5
29,924.5
15,924.5
18,924.7
25,925.1
5,925.7
26,925.8
4,925.9
28,925.9
21,926.4
22,926.7
7,926.7
0,927.2
20,927.8
27,928.4
3,928.9
18,929.2
6,929.3
12,929.5
17,929.7
19,929.8
21,930.1
2,930.3
28,930.5
15,931.1
1,931.1
10,931.1
22,931.2
5,931.3
11,931.5
9,931.7
27,932.5
30,933.3
20,933.5
18,933.9
19,934.0
4,934.5
31,934.6
17,934.9
21,935.1
2,935.7
13,936.0
6,936.0
12,936.0
1,936.8
28,937.1
0,937.1
27,937.3
7,937.4
19,938.2
3,938.3
22,938.4
17,938.6
25,938.7
26,939.0
10,939.1
9,939.8
5,939.8
8,940.3
1,940.7
18,940.9
6,941.7
12,941.8
2,941.9
17,942.3
20,942.6
19,942.7
21,943.1
0,943.4
25,943.5
22,944.3
29,944.5
1,944.5
7,945.2
27,945.2
17,945.2
23,946.1
6,946.7
31,947.0
8,947.1
18,947.7
0,948.1
22,948.1
15,948.3
17,948.7
25,948.7
1,949.7
19,950.3
29,950.5
28,950.6
12,950.7
21,951.7
5,951.9
22,952.0
3,952.8
6,953.2
2,953.3
23,953.5
17,953.6
31,954.3
0,954.7
22,956.0
18,956.3
10,956.7
4,956.9
25,957.0
28,957.2
6,957.9
12,958.0
1,958.1
29,958.2
23,958.3
21,958.4
5,958.8
19,959.2
27,959.3
26,959.9
14,960.2
22,960.8
3,961.1
10,961.2
2,961.4
17,961.4
8,961.5
28,961.6
23,962.7
6,963.0
18,963.4
4,963.4
12,964.2
7,964.6
21,965.0
28,965.1
19,965.4
31,965.8
10,965.8
29,965.9
30,966.6
26,967.3
27,967.6
6,968.0
22,968.3
28,968.7
23,968.7
0,969.1
17,969.4
5,969.4
1,970.2
21,970.4
25,970.5
10,970.9
8,971.2
18,971.7
19,972.0
29,972.1
2,972.3
30,972.5
14,972.6
28,973.2
22,973.8
23,973.9
17,973.9
7,974.1
4,974.5
26,974.5
12,975.0
6,975.2
27,975.8
0,976.0
10,976.8
29,978.1
30,978.3
21,979.3
28,979.3
19,979.5
17,979.5
22,979.8
18,979.8
23,979.9
7,980.3
27,981.5
26,981.7
13,981.8
12,981.9
2,982.3
1,982.6
5,983.1
3,983.6
6,983.8
14,984.1
22,984.2
7,984.4
25,984.5
11,984.5
21,984.8
19,985.1
0,985.8
29,986.1
17,986.2
8,987.1
27,987.2
10,987.7
12,988.0
30,988.4
18,988.8
13,988.9
22,988.9
7,989.3
26,990.0
28,990.5
19,990.7
23,990.7
2,990.9
21,990.9
6,991.0
14,991.1
17,992.0
9,992.1
11,992.2
29,992.2
0,993.2
3,993.7
22,994.3
12,995.2
5,997.4
7,997.7
27,998.3
20,999.2
19,999.4
18,999.6
17,1000.5
12,1000.6
21,1001.2
6,1002.4
4,1002.5
29,1002.8
16,1002.9
8,1003.2
15,1003.6
28,1003.9
22,1004.0
12,1005.1
20,1005.1
18,1006.1
17,1006.3
21,1007.3
0,1008.0
4,1008.3
15,1009.7
16,1009.8
6,1010.0
12,1010.1
8,1010.5
17,1012.1
20,1012.2
28,1012.7
18,1013.0
1,1013.0
25,1013.5
27,1013.7
19,1014.2
14,1014.4
21,1015.4
26,1015.8
17,1016.3
27,1017.1
8,1017.2
20,1017.2
6,1017.7
1,1017.9
12,1017.9
18,1018.3
9,1018.3
28,1018.5
4,1018.7
30,1018.8
19,1018.9
7,1019.3
25,1019.4
17,1020.2
27,1020.5
21,1020.8
2,1020.8
16,1021.1
8,1021.9
6,1022.5
1,1022.7
20,1022.8
15,1022.8
19,1023.1
26,1023.1
17,1023.8
12,1024.2
28,1024.2
11,1024.4
27,1024.8
25,1024.9
10,1025.0
21,1025.3
30,1025.6
9,1025.7
7,1025.8
18,1025.8
0,1026.0
6,1026.3
19,1026.4
8,1026.7
14,1027.2
16,1027.4
17,1028.3
11,1028.3
26,1029.1
3,1029.4
21,1029.4
12,1029.8
22,1029.8
1,1030.0
19,1030.1
6,1030.2
27,1030.6
10,1030.7
8,1030.8
0,1031.0
7,1031.0
25,1031.2
28,1031.7
2,1031.8
23,1032.1
31,1032.7
11,1033.1
14,1033.3
9,1033.8
21,1033.8
6,1033.9
20,1034.6
19,1035.0
17,1035.1
27,1035.3
30,1035.3
22,1035.5
12,1035.8
7,1036.2
8,1036.6
26,1037.0
13,1037.2
0,1037.7
28,1038.1
6,1038.2
10,1038.4
21,1038.5
2,1038.6
25,1038.8
27,1038.8
18,1039.0
22,1039.1
16,1039.1
23,1039.1
5,1039.5
11,1039.6
19,1039.7
31,1039.8
17,1040.5
12,1041.4
14,1041.5
7,1042.1
8,1042.2
27,1042.9
20,1043.0
6,1043.7
22,1044.0
13,1044.3
18,1044.8
0,1044.8
26,1045.1
19,1045.3
1,1045.3
2,1045.4
3,1045.5
10,1045.6
23,1045.9
4,1045.9
21,1046.0
17,1046.1
28,1046.1
12,1046.2
30,1047.1
27,1047.8
29,1048.4
25,1048.8
9,1048.8
6,1049.0
14,1049.1
16,1050.0
2,1050.1
18,1050.2
12,1050.5
22,1051.3
10,1051.7
8,1052.0
7,1052.0
4,1052.4
23,1052.6
1,1052.6
28,1052.8
31,1053.4
20,1053.5
19,1053.6
17,1054.6
2,1054.7
6,1054.9
12,1055.0
11,1055.4
27,1055.8
18,1057.3
16,1058.6
29,1058.7
1,1059.8
26,1060.0
5,1060.2
14,1060.4
10,1060.5
0,1060.6
2,1061.2
12,1061.3
13,1061.7
25,1061.8
27,1062.4
1,1063.6
20,1063.6
4,1064.4
17,1064.4
8,1064.8
21,1064.8
22,1064.9
6,1065.3
28,1065.7
23,1065.8
26,1065.9
2,1066.2
12,1066.3
27,1066.4
25,1066.5
7,1066.9
16,1067.6
1,1067.8
13,1068.1
5,1070.4
22,1070.6
27,1071.2
2,1071.5
12,1072.0
26,1072.4
17,1072.9
1,1073.0
25,1074.3
13,1074.7
9,1074.9
19,1075.0
8,1075.2
27,1075.5
2,1076.1
14,1076.5
21,1076.5
1,1076.6
4,1076.7
22,1076.7
16,1076.7
28,1076.9
20,1077.1
15,1077.4
10,1077.5
12,1077.6
18,1077.6
7,1077.7
17,1078.2
6,1078.4
27,1079.4
9,1079.6
2,1079.9
8,1080.1
31,1080.6
1,1080.7
13,1080.9
19,1081.1
23,1081.3
4,1081.7
17,1081.8
16,1082.0
29,1082.2
25,1082.4
14,1082.4
18,1082.5
28,1082.5
15,1082.7
10,1082.7
27,1082.9
6,1083.3
12,1083.5
21,1084.0
22,1084.1
9,1084.7
2,1084.8
20,1085.2
17,1085.7
8,1085.8
28,1086.4
1,1086.6
27,1086.7
19,1086.7
18,1086.8
26,1086.9
4,1087.0
6,1087.3
30,1087.4
10,1088.5
31,1088.5
16,1088.7
17,1088.9
21,1089.4
8,1089.9
14,1090.1
23,1090.2
12,1090.3
15,1090.3
28,1090.8
25,1090.8
2,1091.6
27,1092.1
29,1092.4
1,1092.5
6,1092.8
17,1092.9
9,1093.0
19,1093.1
18,1093.2
22,1093.8
13,1094.0
8,1095.0
16,1095.1
10,1095.3
20,1096.1
31,1096.2
0,1096.3
17,1096.4
23,1096.5
21,1096.7
4,1096.8
30,1096.9
12,1097.1
1,1097.5
27,1097.6
2,1097.7
3,1097.8
29,1097.8
19,1097.8
22,1097.9
28,1098.1
6,1098.4
7,1098.8
9,1099.3
18,1099.3
17,1100.0
23,1100.9
1,1101.3
22,1101.6
31,1101.9
8,1102.0
19,1102.1
21,1102.4
10,1102.4
5,1102.6
7,1102.7
17,1103.4
6,1103.5
30,1103.6
2,1103.7
12,1103.7
4,1103.9
27,1104.0
16,1104.0
25,1104.0
23,1104.2
1,1104.5
29,1104.6
28,1104.7
3,1104.8
22,1104.9
0,1105.4
18,1105.8
14,1105.8
9,1106.3
7,1106.8
17,1106.9
31,1107.0
21,1107.1
19,1107.5
10,1107.5
1,1107.6
5,1107.7
8,1107.8
26,1107.9
23,1108.1
22,1108.3
25,1108.6
20,1109.1
6,1109.1
27,1109.3
4,1109.9
28,1110.2
12,1110.3
2,1110.4
1,1110.8
0,1111.1
3,1111.4
17,1111.6
30,1111.8
7,1112.0
5,1112.0
31,1112.4
22,1112.4
21,1112.8
8,1112.8
25,1113.3
10,1113.3
26,1113.7
23,1113.8
29,1114.0
1,1114.2
6,1114.7
27,1115.6
18,1116.1
5,1116.2
3,1116.3
0,1116.6
7,1116.7
19,1116.8
17,1116.9
8,1117.1
1,1117.5
14,1117.6
21,1117.9
25,1117.9
22,1118.3
4,1118.4
26,1118.5
30,1118.6
11,1118.8
6,1119.0
28,1120.0
20,1120.0
10,1120.5
23,1120.8
9,1120.9
7,1121.0
5,1121.3
31,1121.5
1,1121.9
8,1121.9
21,1122.6
25,1122.8
3,1122.9
17,1122.9
0,1122.9
14,1123.5
12,1123.6
6,1123.7
22,1124.2
2,1125.5
11,1125.9
26,1126.0
7,1126.0
16,1126.6
27,1126.7
4,1126.9
5,1127.1
8,1128.0
1,1128.3
31,1128.9
10,1129.5
21,1130.0
25,1130.2
0,1130.6
6,1131.9
17,1132.9
22,1133.1
7,1134.1
14,1134.2
25,1134.3
8,1134.5
12,1134.8
1,1135.0
20,1135.4
23,1135.9
0,1136.5
5,1137.9
19,1137.9
25,1139.6
17,1139.8
8,1141.3
1,1142.3
3,1144.1
0,1144.4
26,1144.5
25,1144.6
8,1145.4
17,1145.4
12,1145.5
11,1146.0
10,1146.1
21,1146.5
27,1146.5
20,1146.5
6,1146.8
18,1147.1
16,1147.4
1,1148.2
5,1148.2
19,1148.5
17,1149.1
8,1149.4
3,1150.3
4,1150.4
26,1150.5
25,1151.7
0,1152.0
22,1152.3
20,1152.3
27,1152.3
12,1153.2
7,1153.3
18,1153.4
6,1153.4
17,1153.4
1,1153.8
5,1153.8
16,1153.8
8,1155.0
13,1155.5
2,1155.7
26,1155.9
19,1156.6
27,1156.9
22,1158.1
10,1158.2
26,1159.3
3,1159.4
12,1159.4
17,1159.5
5,1159.8
11,1160.0
28,1160.2
0,1160.2
18,1160.3
27,1160.5
19,1160.6
20,1160.8
6,1161.1
23,1161.2
21,1161.3
7,1161.5
4,1161.7
13,1161.8
22,1162.1
10,1162.1
29,1162.3
15,1162.5
26,1162.7
2,1162.9
1,1163.0
12,1163.1
17,1163.2
19,1163.6
18,1164.0
28,1164.1
30,1164.1
27,1164.2
0,1164.8
8,1165.3
21,1165.5
6,1166.1
20,1166.4
22,1166.5
11,1166.8
26,1167.2
10,1167.2
12,1167.3
4,1167.5
19,1167.6
25,1167.6
5,1167.8
17,1167.9
18,1168.2
15,1168.3
28,1168.4
3,1168.5
29,1169.2
27,1169.4
21,1170.4
13,1170.8
0,1171.3
1,1171.5
16,1171.6
19,1171.6
12,1172.1
17,1172.2
7,1172.2
8,1172.3
10,1172.3
26,1172.7
6,1172.8
30,1172.9
23,1173.0
22,1173.6
28,1173.6
9,1173.9
11,1174.2
24,1174.3
27,1174.5
20,1174.5
18,1174.6
25,1174.9
2,1175.1
1,1175.5
19,1175.5
0,1175.6
10,1175.9
26,1176.5
4,1177.0
17,1177.5
21,1178.6
27,1178.8
1,1178.8
8,1179.0
10,1179.3
9,1179.4
0,1179.4
25,1179.5
22,1179.5
15,1179.6
19,1179.6
23,1179.6
28,1179.7
26,1179.9
12,1179.9
3,1180.3
6,1180.3
29,1180.4
11,1180.5
24,1180.6
17,1180.7
31,1181.1
1,1181.4
20,1181.8
5,1181.8
18,1182.3
26,1183.4
0,1183.6
22,1183.6
10,1183.8
17,1184.1
27,1184.3
1,1184.3
6,1185.1
19,1185.3
23,1185.8
25,1186.1
3,1186.1
29,1186.3
26,1187.6
1,1187.7
5,1187.7
22,1187.9
17,1188.0
31,1188.5
0,1189.2
8,1189.7
9,1189.7
6,1190.1
10,1190.8
28,1190.8
11,1190.8
18,1191.0
1,1191.8
22,1191.9
23,1192.1
17,1192.3
26,1192.8
29,1193.0
27,1193.3
3,1193.4
5,1194.2
7,1194.3
1,1195.3
0,1195.4
6,1195.5
19,1195.6
20,1196.1
25,1196.1
26,1197.0
12,1197.2
22,1197.8
31,1198.3
1,1198.3
21,1198.4
17,1198.4
27,1199.0
3,1199.2
6,1199.4
10,1199.4
2,1199.5
24,1199.8
9,1200.0
5,1200.2
15,1200.5
19,1200.8
18,1201.3
1,1201.4
23,1201.7
26,1201.8
7,1202.1
6,1203.1
27,1203.2
25,1203.4
29,1203.7
30,1204.1
31,1204.1
12,1204.4
2,1204.5
1,1204.7
20,1205.0
22,1205.6
19,1205.7
26,1205.7
5,1205.9
3,1206.2
7,1206.3
13,1206.7
6,1206.7
27,1207.1
0,1207.3
10,1207.3
15,1207.9
9,1208.4
1,1208.5
2,1209.1
12,1209.3
4,1209.4
26,1209.7
17,1209.7
23,1209.8
7,1210.1
22,1210.2
27,1210.8
25,1210.8
5,1211.3
30,1211.4
6,1211.6
8,1211.9
19,1212.1
0,1212.2
1,1212.7
29,1213.0
21,1213.2
13,1213.5
18,1213.9
7,1214.1
31,1214.2
10,1214.5
22,1214.6
26,1214.7
20,1214.9
17,1215.5
23,1215.6
2,1215.6
27,1216.2
12,1216.6
3,1216.8
0,1216.9
25,1217.4
1,1217.7
8,1218.0
7,1218.3
30,1218.9
17,1219.0
29,1219.4
6,1219.4
16,1219.7
22,1220.7
5,1221.3
0,1221.9
21,1222.0
10,1222.1
8,1222.2
1,1222.7
17,1222.7
23,1222.9
19,1222.9
26,1223.3
7,1224.4
18,1224.8
27,1224.9
25,1225.7
16,1226.3
17,1227.0
1,1227.6
13,1227.8
2,1227.8
8,1228.0
22,1228.0
0,1228.3
12,1228.5
9,1228.6
10,1229.6
24,1230.1
27,1230.6
7,1230.8
5,1231.3
26,1231.3
1,1232.8
17,1233.4
22,1233.4
0,1233.5
13,1234.0
9,1234.4
2,1234.8
6,1235.3
10,1235.8
24,1236.5
12,1236.6
21,1237.2
5,1237.7
27,1237.8
22,1238.7
1,1239.0
3,1239.0
8,1239.3
28,1239.6
7,1239.7
0,1239.8
9,1240.7
10,1241.0
19,1241.1
29,1241.6
2,1241.6
25,1241.7
23,1242.5
26,1242.8
16,1242.9
1,1242.9
5,1243.1
27,1243.2
21,1243.2
22,1244.6
17,1244.8
0,1246.0
10,1246.3
8,1246.4
1,1246.6
9,1246.8
20,1246.8
13,1246.8
30,1247.1
27,1247.6
3,1247.6
25,1247.8
2,1248.2
28,1248.9
19,1249.0
5,1249.3
21,1249.5
26,1249.8
1,1250.6
22,1251.0
12,1252.9
27,1252.9
10,1253.5
3,1254.0
19,1254.4
9,1254.8
1,1255.4
25,1255.6
21,1255.8
22,1256.0
23,1256.4
2,1256.7
6,1256.7
7,1257.0
28,1257.1
31,1257.2
0,1257.7
4,1257.9
15,1257.9
14,1258.1
13,1258.2
27,1258.8
19,1259.2
5,1259.3
24,1259.9
21,1259.9
22,1260.4
1,1260.4
3,1260.4
26,1260.7
6,1261.2
23,1261.3
20,1261.5
10,1261.7
31,1262.0
12,1262.0
7,1262.2
15,1262.9
9,1264.1
30,1264.4
22,1264.7
28,1264.7
5,1264.8
1,1264.9
6,1264.9
21,1265.3
3,1265.4
23,1265.6
19,1265.8
26,1266.1
31,1266.9
8,1267.0
7,1267.7
4,1267.8
14,1268.3
13,1269.5
6,1270.0
15,1270.4
27,1270.6
2,1270.9
23,1271.2
1,1271.2
22,1271.5
30,1272.0
3,1272.2
19,1272.8
5,1273.0
12,1274.0
26,1274.7
31,1275.0
21,1275.0
7,1275.0
27,1277.0
17,1277.1
22,1277.1
13,1277.4
1,1278.3
6,1278.3
2,1278.7
26,1279.6
25,1279.6
23,1279.8
7,1279.9
12,1280.2
5,1280.2
27,1281.2
20,1281.4
19,1281.6
21,1282.3
22,1282.9
3,1283.1
1,1283.3
13,1284.2
7,1284.3
10,1284.9
26,1285.0
14,1285.9
0,1285.9
6,1286.1
21,1286.2
9,1286.2
11,1286.3
27,1286.5
24,1286.9
23,1287.0
25,1287.2
12,1287.5
15,1287.6
4,1287.8
7,1287.8
1,1288.1
28,1288.3
18,1288.6
30,1288.9
20,1289.0
2,1289.0
21,1289.9
6,1291.4
0,1291.9
10,1291.9
7,1292.2
9,1292.2
14,1292.9
22,1293.2
12,1293.3
24,1293.5
4,1293.6
11,1293.7
15,1293.7
21,1294.0
5,1294.2
1,1294.4
26,1294.5
18,1295.0
23,1295.4
27,1295.7
20,1296.5
7,1296.7
28,1297.2
21,1298.5
6,1298.6
30,1298.6
19,1300.3
17,1300.7
18,1300.8
7,1301.4
27,1301.8
23,1301.9
12,1302.5
1,1303.0
0,1303.1
21,1303.2
20,1303.2
25,1303.5
15,1303.5
9,1303.8
4,1303.9
8,1304.1
19,1304.5
14,1304.5
17,1304.6
11,1305.2
6,1305.5
10,1305.6
7,1305.8
18,1306.0
21,1306.7
3,1306.9
15,1307.6
28,1307.8
27,1308.0
12,1308.1
13,1308.2
31,1308.6
4,1308.6
17,1308.8
14,1308.8
20,1309.1
6,1309.2
21,1309.4
22,1309.4
7,1309.6
19,1309.7
1,1309.8
23,1310.3
25,1310.9
8,1311.1
15,1311.1
18,1311.7
9,1311.8
11,1311.9
21,1312.2
12,1312.3
28,1312.7
6,1312.9
2,1313.0
27,1313.3
30,1313.5
19,1313.6
4,1313.8
14,1313.8
3,1313.8
7,1314.0
5,1314.0
22,1314.6
17,1315.1
21,1315.5
15,1316.0
31,1316.2
13,1316.8
12,1317.0
6,1317.3
28,1318.0
19,1318.4
1,1318.8
21,1318.8
18,1319.4
20,1319.4
7,1319.6
8,1319.6
4,1319.8
25,1320.1
3,1320.1
5,1320.2
22,1320.4
17,1320.5
15,1320.8
9,1320.9
27,1321.4
12,1321.9
14,1321.9
6,1322.2
21,1322.9
23,1323.7
2,1323.7
28,1324.1
1,1324.3
19,1324.9
17,1326.0
10,1326.7
11,1327.1
9,1327.1
21,1327.3
5,1327.4
4,1327.5
22,1327.6
15,1327.9
27,1328.0
1,1328.0
26,1328.2
18,1328.3
3,1328.6
7,1328.8
6,1329.0
12,1329.2
2,1329.5
19,1329.6
8,1330.2
17,1330.4
28,1331.1
16,1331.7
20,1332.0
1,1332.1
25,1332.7
21,1333.3
17,1334.5
19,1334.8
10,1335.0
9,1335.1
22,1335.3
6,1335.9
14,1336.1
8,1336.1
27,1336.3
13,1336.3
2,1336.4
11,1336.5
1,1336.5
5,1336.5
4,1336.6
15,1336.9
0,1337.4
12,1337.5
28,1337.6
26,1337.8
16,1337.9
21,1338.7
7,1339.0
19,1339.3
17,1339.3
10,1339.9
22,1341.2
1,1341.4
2,1341.4
27,1341.6
13,1342.0
9,1342.2
8,1343.0
12,1343.0
19,1343.3
6,1343.4
11,1343.6
14,1343.7
26,1343.8
7,1344.5
4,1344.6
3,1344.6
28,1345.3
15,1345.4
5,1345.4
21,1345.5
2,1345.6
22,1345.8
27,1346.1
10,1346.3
16,1346.4
13,1346.5
17,1346.8
0,1347.1
1,1348.0
12,1349.0
19,1349.1
22,1349.9
21,1350.1
5,1351.0
28,1351.1
14,1351.5
7,1352.0
2,1352.2
26,1352.2
13,1352.7
27,1353.0
4,1353.1
9,1353.7
3,1353.9
12,1354.2
6,1354.3
20,1354.5
22,1355.1
21,1355.5
15,1355.7
5,1356.7
28,1357.3
19,1358.7
10,1358.7
4,1358.8
12,1358.9
18,1359.2
22,1359.3
21,1359.7
27,1360.0
7,1360.3
26,1360.4
1,1360.9
31,1361.0
5,1361.2
13,1361.3
8,1361.4
2,1361.8
28,1361.8
20,1361.8
15,1361.8
23,1362.0
6,1362.3
12,1363.1
4,1363.4
22,1363.5
3,1364.2
21,1364.3
10,1364.4
27,1364.6
19,1364.6
17,1364.7
7,1365.3
26,1365.6
18,1365.8
5,1365.9
0,1366.7
9,1366.7
12,1366.8
28,1367.0
22,1367.2
13,1367.3
24,1367.4
20,1367.8
30,1368.0
31,1368.1
15,1368.6
4,1368.6
23,1368.9
2,1369.0
1,1369.4
10,1369.6
7,1369.9
27,1370.3
21,1370.9
12,1371.2
6,1371.7
5,1371.9
9,1372.3
22,1372.7
0,1372.7
18,1373.2
26,1373.3
28,1373.5
4,1373.5
24,1374.1
20,1374.2
15,1374.8
19,1374.8
1,1375.2
7,1375.7
30,1375.7
27,1375.9
14,1376.2
23,1376.5
12,1376.6
31,1376.9
10,1376.9
25,1377.1
22,1377.8
21,1378.0
9,1378.0
6,1378.2
13,1378.5
26,1379.2
27,1380.0
20,1380.1
1,1380.1
3,1380.8
19,1380.9
12,1381.4
4,1381.4
5,1382.1
7,1382.3
23,1382.5
31,1382.6
22,1382.6
9,1383.9
30,1384.9
27,1384.9
0,1385.3
28,1385.5
6,1385.5
1,1385.6
25,1385.6
18,1385.7
19,1386.1
12,1386.4
2,1386.8
22,1386.9
20,1387.0
10,1387.2
31,1387.3
23,1387.5
15,1388.2
7,1388.5
27,1388.7
26,1388.9
9,1389.2
19,1389.9
17,1390.0
1,1390.4
4,1391.2
25,1391.3
0,1391.5
3,1391.5
21,1391.7
18,1391.9
27,1392.4
5,1392.5
22,1393.1
20,1393.2
31,1393.7
19,1393.8
6,1393.9
10,1394.2
12,1394.3
17,1394.9
2,1395.0
1,1395.0
26,1395.1
11,1395.8
7,1396.0
23,1396.2
9,1396.7
15,1396.8
25,1396.8
5,1397.0
0,1397.1
8,1397.1
27,1397.5
3,1397.5
24,1397.9
31,1397.9
19,1398.0
6,1398.1
18,1398.5
26,1398.9
1,1398.9
22,1399.0
17,1399.4
10,1399.7
4,1400.3
20,1400.4
5,1400.9
27,1401.2
30,1401.7
13,1401.8
7,1402.0
28,1402.1
12,1402.2
31,1402.2
6,1402.3
11,1402.5
21,1402.7
2,1402.7
19,1403.0
22,1403.0
26,1403.2
1,1404.0
25,1404.3
17,1404.4
0,1404.6
15,1404.9
3,1404.9
5,1405.3
27,1405.3
8,1405.6
18,1406.6
10,1407.3
28,1407.4
12,1407.5
26,1407.6
19,1407.6
22,1407.8
6,1407.8
31,1407.9
20,1408.1
7,1408.4
30,1408.4
13,1408.4
2,1408.6
1,1408.9
23,1409.4
21,1409.5
27,1409.5
17,1409.9
19,1410.5
26,1411.3
12,1411.3
11,1411.4
10,1411.5
4,1411.6
16,1411.6
5,1411.9
28,1412.8
3,1413.1
9,1413.1
18,1413.3
0,1413.4
25,1413.5
27,1413.6
1,1414.1
19,1414.1
2,1414.2
20,1414.3
22,1415.2
17,1415.5
12,1415.7
26,1415.8
7,1416.0
10,1416.2
6,1416.6
8,1416.6
23,1416.7
30,1416.8
11,1417.6
19,1418.5
31,1419.1
27,1419.9
16,1420.4
0,1421.0
1,1421.0
7,1421.1
5,1421.2
28,1421.2
2,1421.6
12,1421.6
26,1421.7
10,1422.1
4,1422.1
22,1422.5
23,1422.7
17,1422.7
18,1422.7
30,1423.4
21,1423.4
6,1423.7
13,1423.8
14,1425.1
19,1425.4
1,1426.1
31,1426.2
29,1426.5
12,1427.3
7,1427.5
4,1427.7
10,1427.8
17,1428.1
28,1428.2
20,1428.3
2,1428.8
23,1429.1
11,1429.8
18,1429.9
6,1430.0
5,1431.0
22,1431.4
27,1431.5
1,1432.0
25,1432.5
26,1432.7
0,1432.8
12,1433.7
21,1433.8
4,1434.1
10,1434.2
28,1434.2
3,1434.3
19,1434.6
6,1435.2
2,1435.3
14,1435.3
7,1435.3
17,1435.8
5,1436.8
29,1436.8
23,1436.8
22,1437.7
18,1437.8
12,1438.4
16,1438.9
6,1439.1
28,1439.2
30,1439.2
31,1439.3
8,1439.3
25,1439.3
21,1439.8
19,1439.8
0,1440.0
17,1440.5
4,1440.5
10,1441.0
2,1441.1
27,1441.4
22,1441.6
23,1441.9
3,1442.0
1,1442.4
7,1442.5
14,1442.7
20,1442.8
12,1443.1
18,1443.2
19,1443.4
6,1443.4
5,1443.5
28,1443.7
13,1443.7
15,1443.8
21,1444.0
16,1444.7
17,1444.8
22,1445.2
2,1446.2
4,1446.2
27,1446.4
8,1446.5
31,1446.8
23,1446.8
12,1446.9
7,1447.5
19,1447.6
22,1448.1
3,1448.4
6,1448.4
30,1448.5
13,1448.7
28,1448.9
18,1449.1
21,1449.2
5,1449.2
26,1449.6
1,1449.7
27,1450.0
14,1450.0
9,1450.2
17,1450.3
12,1450.4
2,1450.4
16,1450.9
22,1451.6
23,1451.9
7,1451.9
19,1452.1
20,1452.4
27,1453.7
13,1454.0
15,1454.3
12,1454.5
4,1454.7
31,1454.9
2,1455.1
10,1455.3
25,1455.5
22,1455.5
28,1455.6
21,1455.7
30,1455.9
6,1456.1
5,1456.4
14,1457.6
3,1457.7
1,1457.8
9,1457.8
7,1457.9
0,1458.1
23,1458.7
19,1458.9
27,1459.1
16,1459.4
17,1459.4
22,1459.7
26,1459.8
13,1460.4
12,1460.7
18,1461.4
31,1461.6
21,1462.6
6,1462.8
4,1462.8
28,1463.0
2,1463.1
15,1463.4
30,1463.5
7,1463.5
23,1463.6
22,1463.8
14,1464.8
27,1466.5
19,1467.7
13,1467.7
8,1468.2
17,1468.4
20,1468.7
18,1469.1
22,1469.7
21,1470.1
4,1470.2
12,1470.3
28,1470.4
5,1470.5
23,1470.6
1,1470.8
6,1471.1
10,1471.9
29,1472.0
2,1472.1
3,1472.5
27,1472.5
18,1472.7
17,1472.7
14,1472.8
31,1473.2
7,1473.5
19,1473.7
22,1473.7
0,1474.2
12,1475.7
28,1475.8
6,1475.9
21,1476.1
4,1476.7
29,1476.8
5,1476.9
18,1476.9
20,1476.9
17,1477.0
22,1477.6
9,1477.6
2,1477.8
23,1478.0
19,1478.8
10,1478.8
12,1480.2
6,1480.2
0,1480.3
27,1480.4
3,1480.6
7,1481.0
14,1481.2
28,1481.3
24,1481.7
15,1481.7
22,1482.0
1,1482.4
26,1482.4
18,1482.4
21,1482.7
29,1482.9
23,1483.3
9,1483.5
31,1483.5
17,1483.6
2,1483.6
6,1483.6
10,1483.6
30,1484.1
5,1484.1
19,1484.2
4,1484.3
11,1485.2
0,1485.5
22,1485.7
7,1485.9
14,1486.4
21,1486.5
1,1486.7
12,1486.8
6,1487.0
31,1487.3
27,1487.3
9,1487.7
10,1487.9
28,1487.9
24,1488.0
2,1488.9
15,1489.1
5,1489.1
3,1489.4
19,1489.6
0,1489.8
22,1490.0
8,1490.0
6,1490.5
23,1490.6
7,1490.6
25,1490.9
21,1491.0
18,1491.3
31,1491.4
4,1491.5
11,1491.6
14,1491.8
10,1492.3
1,1492.4
27,1493.3
17,1493.4
9,1493.7
12,1494.0
22,1494.1
29,1494.1
6,1494.1
28,1494.3
2,1494.7
20,1494.8
19,1494.8
5,1494.9
21,1495.0
7,1495.3
4,1495.5
15,1495.5
14,1495.6
13,1495.7
0,1495.8
31,1495.9
18,1495.9
10,1496.4
11,1496.6
6,1497.7
8,1497.9
23,1498.1
21,1498.3
28,1498.5
19,1498.5
22,1498.6
26,1498.9
27,1499.0
17,1499.7
0,1499.8
14,1499.8
12,1499.8
7,1499.9
25,1500.0
10,1500.1
4,1500.1
2,1500.7
11,1500.8
5,1500.9
18,1501.0
30,1501.0
6,1501.1
21,1501.2
28,1501.9
15,1502.0
1,1502.0
19,1502.2
3,1502.3
31,1503.0
24,1503.0
20,1503.1
22,1503.3
9,1503.6
10,1503.9
23,1504.2
7,1504.3
21,1504.3
14,1504.6
13,1504.7
4,1504.7
6,1504.8
29,1504.8
12,1504.9
0,1505.6
28,1505.6
2,1505.9
18,1506.2
8,1506.3
27,1506.4
11,1507.3
19,1507.3
26,1507.9
21,1508.1
17,1508.3
6,1508.7
7,1508.7
12,1508.9
16,1508.9
5,1508.9
10,1509.1
1,1509.5
30,1509.7
23,1510.1
28,1510.3
2,1510.5
22,1510.8
19,1511.3
4,1512.1
14,1512.6
21,1513.1
27,1513.2
12,1513.4
10,1513.7
26,1513.8
6,1514.2
18,1514.2
19,1514.9
28,1515.2
0,1515.3
7,1515.3
23,1516.0
25,1516.0
2,1516.1
15,1516.2
20,1516.3
17,1516.4
1,1516.7
16,1517.5
27,1518.0
31,1518.9
19,1518.9
10,1519.0
8,1519.9
12,1519.9
18,1520.1
17,1520.2
9,1520.3
1,1520.4
2,1520.6
11,1520.7
21,1521.7
27,1522.1
26,1522.2
19,1522.9
25,1523.1
6,1523.2
28,1523.4
20,1523.4
1,1523.5
22,1523.6
10,1524.4
3,1525.0
27,1525.0
17,1525.1
2,1525.2
16,1525.5
9,1525.6
23,1526.3
18,1526.4
4,1526.5
7,1526.9
1,1526.9
19,1526.9
5,1527.3
12,1527.4
26,1527.6
27,1527.8
25,1528.6
20,1528.7
31,1529.0
8,1529.1
10,1529.4
17,1529.8
22,1530.2
1,1530.6
9,1531.0
28,1531.1
27,1531.2
19,1531.6
2,1532.8
26,1533.8
25,1534.5
7,1534.8
5,1535.1
18,1535.6
17,1535.6
1,1535.6
31,1535.8
4,1535.8
27,1535.9
0,1536.0
10,1536.0
23,1536.4
22,1536.7
14,1536.8
19,1537.1
11,1537.1
30,1538.1
8,1538.6
20,1538.7
26,1539.4
12,1539.5
9,1539.6
6,1539.8
21,1539.8
7,1540.2
4,1541.2
10,1541.4
28,1541.4
15,1541.4
18,1542.3
19,1543.4
27,1543.4
11,1543.5
0,1543.7
1,1544.1
23,1544.2
30,1545.3
12,1545.6
31,1546.1
21,1546.1
7,1546.2
4,1546.3
17,1546.4
20,1546.4
25,1546.4
22,1546.6
6,1546.9
15,1546.9
5,1546.9
26,1547.1
2,1548.2
13,1548.5
18,1548.6
28,1549.0
27,1549.0
10,1550.1
31,1550.6
12,1550.7
7,1550.8
22,1550.9
19,1551.3
6,1551.5
15,1551.7
26,1551.8
21,1551.8
4,1551.9
5,1552.2
11,1552.3
14,1552.9
23,1553.0
0,1553.1
27,1553.2
8,1553.4
10,1554.3
1,1554.4
13,1554.7
7,1554.8
3,1555.0
2,1555.0
6,1555.0
26,1555.2
28,1555.2
25,1555.7
22,1555.8
31,1556.1
5,1556.3
21,1556.4
12,1556.7
19,1557.3
27,1557.7
15,1558.5
11,1558.5
14,1558.9
6,1559.0
26,1559.1
7,1559.4
4,1559.6
10,1559.8
13,1560.1
21,1560.1
9,1560.2
1,1560.3
0,1560.4
8,1560.6
28,1560.7
20,1560.8
22,1560.8
18,1561.0
23,1561.4
5,1561.6
2,1561.8
12,1562.1
3,1562.1
14,1562.6
6,1562.6
17,1563.1
16,1563.5
19,1563.7
4,1563.8
25,1563.9
21,1564.2
10,1564.3
26,1564.6
27,1564.6
15,1564.6
29,1564.9
8,1565.0
28,1565.3
7,1565.3
11,1565.5
13,1566.2
31,1566.4
22,1566.6
12,1566.8
6,1567.0
14,1567.0
0,1568.2
4,1568.4
18,1568.5
2,1568.6
23,1568.7
21,1569.0
17,1569.2
10,1569.2
1,1569.5
8,1569.7
19,1569.9
16,1570.2
3,1570.3
28,1570.6
7,1571.2
5,1571.3
14,1571.6
6,1571.6
12,1571.7
25,1571.9
11,1572.0
26,1574.4
21,1574.5
4,1574.8
15,1574.8
17,1574.9
8,1575.3
22,1575.4
29,1575.6
13,1575.9
14,1576.9
19,1577.0
28,1577.1
10,1577.1
1,1577.8
27,1578.4
7,1578.6
6,1578.9
23,1578.9
12,1579.5
18,1580.2
30,1580.2
2,1580.3
21,1580.4
11,1581.3
4,1581.4
17,1581.6
25,1581.7
8,1582.1
0,1582.6
15,1582.9
14,1582.9
22,1583.0
19,1583.2
13,1583.4
26,1583.5
28,1583.5
10,1583.6
3,1584.6
7,1584.6
1,1585.3
27,1585.7
20,1586.0
17,1586.2
16,1586.3
18,1586.6
11,1586.9
23,1587.0
21,1587.6
30,1587.7
19,1587.8
10,1590.6
4,1590.6
26,1591.0
0,1591.1
27,1591.1
25,1591.4
17,1591.6
8,1592.0
1,1592.2
20,1592.6
14,1593.2
7,1593.2
6,1593.2
18,1593.6
19,1593.9
11,1594.7
21,1595.2
27,1595.4
2,1595.5
28,1595.7
1,1595.7
12,1595.7
22,1596.1
9,1596.7
7,1596.9
10,1597.4
26,1597.4
6,1597.7
19,1598.1
25,1598.1
23,1598.5
15,1598.7
14,1598.9
21,1599.0
27,1599.3
1,1599.7
20,1599.7
17,1599.9
11,1600.4
7,1600.5
2,1600.6
19,1601.3
18,1601.5
6,1601.7
13,1602.5
27,1602.6
12,1602.7
21,1602.9
26,1603.0
10,1603.1
1,1603.9
31,1604.4
7,1604.5
23,1604.6
19,1604.7
14,1604.8
17,1605.0
28,1605.2
9,1605.2
22,1605.5
25,1605.6
0,1605.6
29,1605.6
6,1605.7
20,1606.2
15,1606.2
27,1606.3
11,1607.0
18,1607.2
26,1608.0
2,1608.3
10,1608.4
21,1608.7
19,1609.2
17,1610.0
1,1610.1
7,1610.4
6,1611.0
31,1611.4
27,1611.8
29,1612.5
22,1612.7
0,1612.7
23,1612.8
12,1614.0
25,1614.1
19,1614.4
15,1615.1
28,1616.2
6,1616.2
18,1616.3
14,1616.3
26,1616.5
7,1616.6
2,1617.2
17,1617.3
1,1617.8
10,1618.1
0,1618.3
21,1618.5
19,1619.8
27,1620.3
25,1620.7
23,1620.9
20,1621.1
7,1621.9
17,1623.0
1,1623.3
26,1623.6
11,1623.9
12,1624.3
6,1624.6
28,1624.8
21,1625.2
10,1625.5
19,1626.2
23,1627.6
17,1627.7
0,1627.9
8,1628.3
16,1628.3
7,1628.6
22,1629.3
1,1630.5
26,1631.0
27,1631.1
17,1631.5
11,1631.6
10,1631.7
29,1631.9
21,1632.1
19,1632.3
28,1632.3
9,1632.8
0,1632.8
6,1633.5
4,1633.6
18,1633.8
30,1633.8
22,1634.2
15,1634.6
14,1634.7
16,1635.2
13,1635.3
8,1635.7
17,1635.7
21,1635.9
25,1635.9
28,1636.0
26,1636.1
10,1636.9
1,1637.1
27,1637.4
19,1637.6
0,1637.8
29,1637.9
23,1638.1
11,1639.0
22,1639.2
31,1639.3
20,1639.8
28,1640.0
26,1640.2
21,1640.9
4,1641.4
17,1641.4
27,1642.0
10,1642.0
7,1642.0
1,1642.1
30,1642.7
25,1642.9
6,1643.0
19,1643.0
14,1643.2
15,1643.5
28,1645.1
18,1645.2
26,1645.4
22,1646.0
21,1646.1
13,1646.4
0,1646.5
5,1647.3
23,1648.1
3,1648.8
27,1649.2
1,1649.9
10,1650.1
28,1650.4
22,1650.6
21,1650.7
4,1650.9
5,1651.5
17,1651.5
29,1651.6
20,1652.3
31,1652.4
12,1652.4
7,1652.6
19,1652.7
15,1652.9
6,1653.3
18,1653.4
8,1653.7
16,1653.9
26,1654.4
21,1654.5
28,1654.6
4,1655.7
11,1655.7
22,1655.8
30,1656.6
12,1656.6
5,1657.2
0,1657.4
10,1657.4
20,1657.7
17,1657.8
25,1657.9
21,1658.2
15,1658.4
28,1658.6
6,1658.6
27,1658.7
3,1659.2
9,1659.5
31,1659.5
19,1659.6
16,1659.9
18,1660.0
4,1660.0
8,1660.2
2,1660.7
7,1660.7
26,1660.9
12,1661.0
10,1661.1
1,1661.1
22,1661.7
11,1661.8
23,1661.8
21,1662.0
28,1662.6
14,1663.0
6,1663.2
27,1663.3
9,1664.1
4,1664.3
29,1664.4
30,1664.5
12,1664.7
5,1664.9
10,1664.9
20,1665.1
19,1665.2
2,1665.5
18,1665.9
17,1665.9
21,1666.2
7,1666.4
28,1666.7
23,1666.7
0,1666.8
1,1666.9
26,1667.9
27,1667.9
10,1668.2
6,1668.8
15,1669.1
19,1669.4
12,1669.5
11,1669.6
8,1669.9
4,1670.0
9,1670.9
16,1670.9
31,1671.0
28,1671.2
10,1671.6
17,1671.7
23,1671.9
1,1672.1
25,1672.1
26,1672.3
21,1672.3
22,1672.3
27,1672.5
2,1672.8
6,1674.0
14,1674.1
20,1674.2
19,1674.4
18,1675.5
15,1675.7
7,1675.7
0,1675.8
1,1676.0
8,1676.0
10,1676.6
25,1676.7
17,1676.8
31,1676.9
29,1677.0
26,1677.1
12,1677.2
27,1677.3
28,1678.1
11,1678.6
4,1679.7
19,1680.2
23,1680.3
6,1680.4
1,1680.7
10,1681.3
21,1681.7
26,1681.9
20,1682.5
25,1682.8
9,1683.7
27,1683.8
28,1683.9
30,1684.0
0,1684.7
15,1684.9
17,1685.2
12,1685.7
8,1685.7
6,1686.5
31,1686.8
21,1686.9
11,1687.6
1,1688.0
7,1688.7
10,1689.6
22,1689.7
19,1689.7
28,1689.8
27,1689.8
26,1690.1
23,1690.3
9,1691.1
20,1691.2
21,1691.7
30,1692.3
27,1695.1
25,1695.2
12,1695.7
7,1696.0
18,1696.0
17,1696.1
6,1696.8
2,1697.4
19,1697.6
21,1698.4
20,1698.5
23,1699.5
27,1699.9
31,1700.9
9,1700.9
22,1700.9
28,1701.2
17,1701.9
18,1702.1
6,1703.9
5,1704.3
21,1704.5
1,1704.5
19,1704.6
22,1705.9
3,1706.1
10,1706.4
23,1706.6
11,1707.0
27,1707.0
26,1707.2
20,1707.8
0,1708.0
31,1708.0
28,1709.0
21,1710.0
22,1710.0
5,1710.6
17,1710.8
6,1710.8
19,1710.9
8,1712.9
7,1713.1
10,1713.1
23,1713.5
25,1713.5
4,1713.5
1,1713.6
11,1713.6
18,1713.9
21,1714.1
14,1714.4
27,1714.5
22,1714.5
15,1714.6
13,1714.7
28,1714.9
12,1715.0
2,1715.2
26,1715.3
9,1715.4
31,1715.6
17,1715.7
0,1716.3
3,1716.4
6,1716.7
16,1716.9
19,1717.0
21,1717.1
7,1717.3
8,1717.4
27,1717.8
1,1717.9
10,1718.0
5,1718.2
20,1718.3
22,1718.4
11,1718.6
25,1718.6
14,1719.0
13,1719.2
24,1719.4
2,1719.5
15,1719.6
9,1719.7
12,1719.8
0,1720.1
23,1720.2
17,1720.3
21,1720.4
26,1720.6
6,1721.0
7,1721.1
31,1721.2
18,1721.3
4,1721.7
27,1721.7
10,1722.0
1,1722.4
28,1722.5
19,1722.7
11,1722.7
8,1722.9
22,1723.0
0,1723.6
9,1723.9
14,1724.2
21,1724.5
12,1724.9
27,1725.1
2,1725.1
25,1725.2
20,1725.2
17,1725.3
13,1725.4
10,1725.7
16,1725.8
7,1725.8
24,1726.0
6,1726.0
26,1726.4
15,1726.5
1,1726.9
11,1727.0
0,1727.5
5,1727.6
18,1727.9
8,1728.1
21,1728.2
19,1728.3
31,1728.3
17,1729.1
22,1729.1
28,1729.2
9,1729.5
30,1730.1
27,1730.1
6,1730.2
14,1730.4
12,1730.8
10,1731.0
29,1731.4
1,1731.4
0,1731.5
21,1732.1
7,1732.1
17,1732.4
23,1732.9
20,1733.4
11,1733.5
22,1734.1
18,1734.2
15,1734.3
25,1734.6
28,1735.1
6,1735.2
17,1735.6
21,1735.9
8,1735.9
2,1736.0
13,1736.0
26,1736.1
1,1736.1
14,1736.3
0,1736.5
31,1737.8
19,1737.9
4,1738.0
27,1738.1
7,1738.1
29,1738.1
30,1738.8
9,1739.0
22,1739.2
10,1739.4
24,1739.5
11,1739.7
21,1739.8
17,1739.8
28,1740.8
1,1740.9
12,1741.2
0,1741.2
15,1741.3
14,1741.4
6,1741.7
25,1742.4
18,1743.3
13,1743.4
8,1744.1
21,1744.5
4,1745.1
22,1745.2
17,1745.6
9,1745.7
10,1746.4
24,1746.9
0,1746.9
1,1747.1
7,1747.9
28,1748.4
20,1748.4
14,1748.7
12,1749.0
30,1750.3
6,1750.7
23,1750.9
15,1751.1
2,1751.7
19,1751.7
21,1751.8
4,1752.1
10,1752.2
9,1752.6
29,1752.6
27,1752.9
12,1752.9
11,1753.0
7,1753.0
18,1753.1
0,1754.0
6,1754.6
22,1754.7
17,1754.7
1,1754.7
28,1755.0
23,1755.2
31,1755.7
14,1755.9
25,1756.2
8,1756.4
24,1756.5
12,1757.0
4,1757.2
2,1757.2
30,1757.3
13,1757.3
7,1757.8
10,1757.8
19,1757.9
6,1758.3
1,1758.7
21,1758.8
17,1759.3
23,1759.7
22,1759.8
28,1760.1
18,1760.4
15,1760.5
12,1760.8
29,1761.1
14,1761.4
16,1761.7
2,1761.7
1,1762.0
4,1762.2
6,1762.4
31,1763.2
26,1763.4
20,1763.6
22,1763.9
17,1764.0
25,1764.1
7,1764.2
23,1764.3
27,1764.5
19,1764.6
12,1764.7
21,1765.1
1,1765.2
13,1765.3
10,1765.5
2,1766.0
28,1766.3
6,1766.7
18,1768.2
27,1768.6
17,1768.7
8,1768.8
1,1768.9
9,1769.0
0,1769.2
20,1769.2
14,1769.2
25,1769.7
19,1769.7
12,1769.8
22,1769.8
4,1769.9
16,1770.9
15,1770.9
23,1771.4
26,1771.4
17,1772.2
29,1772.6
18,1772.7
31,1772.8
2,1772.9
10,1773.1
7,1773.1
27,1773.2
6,1773.2
0,1773.8
1,1774.0
22,1774.7
8,1775.3
20,1775.4
19,1775.8
17,1775.9
21,1776.0
25,1776.1
30,1776.6
18,1777.7
28,1777.7
12,1778.0
0,1778.5
29,1778.8
27,1780.5
17,1781.1
22,1781.2
10,1781.3
8,1781.3
1,1781.8
20,1781.8
25,1783.2
23,1783.2
7,1783.5
21,1784.0
0,1784.5
6,1784.5
12,1785.3
28,1786.1
17,1786.1
18,1786.5
30,1787.1
19,1787.2
1,1788.0
21,1788.2
14,1789.3
2,1790.2
20,1790.4
26,1790.8
27,1790.8
7,1791.0
4,1791.2
17,1791.3
6,1791.6
25,1791.6
8,1791.7
1,1791.8
28,1791.9
23,1792.0
12,1792.4
21,1792.6
22,1792.6
30,1793.8
16,1793.9
29,1794.0
0,1795.0
10,1795.1
11,1795.1
17,1795.9
1,1795.9
14,1796.1
21,1796.4
7,1796.6
20,1796.7
6,1796.8
27,1797.4
8,1797.6
25,1798.4
26,1798.7
28,1799.9
16,1800.3
21,1801.1
1,1801.5
17,1801.7
11,1802.5
12,1803.2
14,1803.6
7,1803.8
27,1804.5
6,1804.5
20,1804.6
30,1805.4
25,1805.8
1,1806.0
2,1806.9
26,1807.0
8,1807.1
16,1807.4
23,1807.5
12,1807.9
21,1809.0
7,1810.0
1,1811.1
17,1812.1
20,1812.2
30,1812.3
27,1812.7
12,1812.9
2,1813.4
9,1813.7
16,1814.6
23,1815.2
6,1815.5
10,1815.6
22,1815.7
4,1815.8
1,1815.8
7,1815.9
31,1816.3
28,1816.5
25,1816.5
0,1816.6
18,1816.8
14,1816.9
8,1817.2
24,1817.4
5,1817.7
12,1817.7
9,1818.1
17,1818.1
27,1819.0
29,1819.0
23,1819.9
2,1820.0
10,1820.3
22,1820.5
6,1820.6
1,1820.6
4,1821.2
31,1821.5
7,1821.7
30,1821.9
18,1822.3
0,1822.7
19,1823.0
12,1823.0
9,1823.1
17,1823.4
20,1823.5
28,1823.7
24,1823.8
27,1823.9
23,1823.9
10,1824.5
22,1824.7
5,1825.3
6,1825.3
31,1825.7
8,1825.9
25,1825.9
26,1826.0
14,1826.1
1,1826.2
21,1826.4
4,1826.9
7,1826.9
18,1827.0
23,1827.3
17,1827.3
19,1827.3
27,1827.9
2,1828.5
10,1828.7
22,1829.1
28,1829.7
12,1829.9
29,1830.2
13,1831.1
7,1831.1
23,1831.2
20,1831.4
26,1831.4
9,1831.5
27,1831.6
31,1832.3
6,1832.7
17,1832.7
5,1832.9
19,1832.9
21,1833.1
22,1833.2
18,1834.0
0,1834.1
1,1834.4
2,1834.5
10,1834.8
30,1835.2
8,1836.0
27,1836.1
7,1836.1
12,1836.4
23,1836.7
25,1837.2
24,1837.8
13,1838.2
4,1838.3
26,1838.7
22,1839.2
19,1839.4
9,1839.8
6,1840.1
28,1840.4
10,1840.4
0,1840.4
2,1840.9
7,1841.1
17,1841.9
1,1842.1
12,1842.4
31,1843.4
27,1843.5
25,1843.8
19,1843.9
11,1844.1
0,1844.1
6,1844.4
5,1844.6
10,1844.8
26,1845.2
24,1845.2
15,1845.4
21,1845.6
9,1846.4
7,1847.1
23,1847.5
0,1847.7
2,1848.3
6,1848.7
19,1848.7
10,1849.2
11,1849.4
31,1849.5
12,1849.6
14,1849.8
22,1849.9
1,1849.9
21,1850.9
26,1851.0
28,1851.4
15,1851.9
7,1852.1
25,1852.1
27,1852.2
18,1852.3
13,1852.5
6,1852.6
19,1852.7
0,1852.9
4,1853.0
10,1853.6
14,1853.9
24,1854.2
11,1854.2
21,1854.7
9,1855.3
23,1855.5
28,1856.2
26,1856.6
12,1856.7
2,1856.9
22,1857.0
19,1857.1
7,1857.3
6,1857.4
15,1858.3
14,1858.9
10,1859.5
21,1859.5
13,1860.1
4,1860.4
27,1861.4
31,1861.7
0,1861.9
28,1861.9
11,1862.4
7,1863.5
19,1863.9
21,1864.0
23,1864.6
6,1864.6
22,1865.5
1,1865.8
14,1866.0
17,1866.3
12,1866.4
26,1867.1
15,1867.2
2,1867.7
7,1868.2
21,1869.2
19,1869.3
10,1869.6
27,1870.4
18,1870.6
17,1870.8
1,1871.8
6,1872.0
20,1872.2
28,1872.7
4,1873.2
23,1873.8
19,1874.6
17,1874.9
7,1875.5
13,1876.4
27,1876.5
18,1876.9
22,1877.6
11,1878.4
21,1878.5
1,1878.6
12,1878.8
31,1878.8
5,1878.9
14,1878.9
17,1879.1
0,1879.2
10,1879.4
25,1879.5
26,1879.8
19,1879.8
8,1880.5
20,1882.5
7,1882.9
4,1883.0
11,1884.4
17,1884.5
22,1884.6
31,1885.5
10,1886.5
5,1886.6
19,1886.6
1,1886.8
27,1887.8
0,1887.9
6,1888.1
26,1888.7
18,1889.0
25,1889.7
8,1889.8
17,1890.0
7,1892.8
1,1893.4
22,1894.0
2,1894.1
31,1895.0
17,1895.4
12,1895.5
4,1896.2
19,1896.3
10,1896.3
29,1896.8
16,1896.8
0,1897.0
9,1897.0
15,1897.2
1,1897.4
6,1897.7
27,1897.8
11,1898.5
2,1898.6
18,1898.6
22,1899.3
17,1900.4
21,1900.7
31,1900.9
5,1900.9
1,1901.6
8,1902.6
12,1902.6
25,1902.7
10,1902.8
19,1902.8
28,1902.9
9,1903.0
3,1903.2
0,1903.3
2,1903.5
29,1904.0
22,1904.2
27,1904.5
24,1905.1
21,1905.4
7,1905.5
1,1905.7
15,1905.7
5,1906.0
6,1906.6
13,1907.2
12,1907.3
23,1907.5
9,1907.7
2,1907.8
19,1907.9
16,1908.0
10,1908.2
26,1908.2
22,1908.3
17,1908.4
0,1908.6
27,1909.0
7,1909.5
21,1909.6
28,1910.0
3,1910.1
18,1910.5
1,1911.0
19,1911.3
6,1911.4
12,1911.5
24,1911.5
5,1911.7
30,1912.1
31,1912.2
2,1912.4
22,1912.8
20,1913.1
27,1913.3
21,1913.4
9,1914.0
17,1914.0
19,1914.1
7,1914.2
23,1914.4
10,1914.5
28,1914.5
13,1914.6
6,1914.9
0,1915.0
12,1915.7
26,1915.8
11,1916.0
3,1916.3
22,1916.4
18,1916.5
5,1917.3
19,1917.4
2,1917.4
21,1917.6
30,1917.6
1,1917.9
27,1918.3
7,1918.5
12,1919.1
31,1919.3
23,1919.5
20,1919.5
6,1919.8
10,1919.9
17,1920.2
16,1920.5
28,1920.7
0,1920.9
22,1920.9
19,1921.2
1,1921.3
26,1921.4
11,1922.0
7,1922.1
2,1922.6
21,1922.7
12,1922.9
27,1923.0
6,1923.3
30,1923.4
25,1923.4
5,1923.6
31,1923.7
23,1923.9
14,1924.4
22,1924.7
1,1924.8
7,1925.2
19,1925.3
20,1925.4
17,1925.6
18,1925.8
10,1925.9
11,1926.1
4,1926.1
9,1926.2
26,1926.3
21,1926.4
0,1926.7
6,1927.0
12,1927.4
2,1927.8
3,1927.8
1,1928.0
25,1928.2
27,1928.5
7,1928.5
23,1928.9
31,1929.1
16,1929.3
22,1929.4
24,1929.8
5,1929.9
21,1930.5
14,1931.1
19,1931.1
20,1931.4
17,1931.5
12,1931.5
0,1931.7
11,1931.8
1,1932.1
7,1932.2
6,1932.4
28,1932.5
30,1932.9
26,1933.3
25,1933.5
2,1934.3
27,1934.9
22,1935.3
23,1935.3
31,1935.3
10,1935.3
19,1936.0
4,1936.0
21,1936.1
1,1936.1
9,1936.4
18,1936.6
17,1936.6
13,1936.9
7,1937.3
12,1937.4
20,1937.7
8,1938.9
0,1939.1
27,1939.2
25,1939.4
5,1939.4
1,1939.7
17,1939.8
2,1940.0
19,1940.5
29,1940.5
22,1940.6
6,1941.2
18,1941.4
10,1942.7
11,1942.9
17,1942.9
9,1943.0
27,1944.0
20,1944.6
1,1944.8
0,1944.9
21,1945.0
7,1945.2
19,1945.6
22,1945.8
14,1946.3
18,1946.4
29,1946.5
17,1946.8
16,1946.9
12,1947.2
25,1947.5
31,1947.9
23,1948.4
27,1949.3
19,1949.6
26,1949.7
8,1949.9
17,1950.0
2,1950.0
3,1950.4
18,1951.1
1,1951.2
0,1951.7
10,1951.9
28,1952.2
20,1952.3
22,1953.0
19,1953.1
17,1953.2
27,1954.3
25,1954.4
29,1955.0
12,1955.3
23,1955.8
1,1955.8
26,1956.1
10,1956.9
19,1956.9
17,1957.1
6,1957.1
4,1957.3
18,1957.5
28,1958.1
9,1958.7
2,1959.5
8,1960.0
14,1960.2
1,1960.6
12,1961.0
27,1961.2
17,1961.3
3,1961.5
10,1961.9
7,1962.1
19,1962.3
23,1962.4
29,1962.7
4,1962.9
28,1963.3
18,1963.5
6,1963.6
21,1963.9
22,1964.3
13,1965.5
0,1965.6
14,1965.7
25,1966.0
17,1966.1
15,1966.3
1,1966.4
12,1967.4
2,1967.4
4,1968.0
26,1968.1
8,1968.2
28,1968.3
10,1968.3
21,1970.5
9,1970.9
24,1971.2
19,1971.3
1,1971.7
22,1971.9
17,1971.9
14,1972.3
0,1972.3
23,1972.3
18,1973.3
6,1973.4
10,1973.8
13,1973.9
4,1973.9
29,1974.0
28,1974.2
27,1974.6
15,1974.8
20,1975.3
12,1975.9
25,1976.0
9,1976.7
0,1977.0
2,1977.4
10,1977.4
21,1977.5
24,1977.5
1,1977.9
14,1978.1
23,1978.2
19,1978.3
26,1978.4
28,1978.5
4,1979.5
22,1979.7
6,1981.0
5,1981.0
12,1981.2
18,1981.5
10,1981.6
25,1981.9
0,1982.1
17,1982.2
3,1982.3
28,1982.4
27,1982.4
21,1982.5
15,1983.7
31,1984.3
30,1985.2
19,1985.2
23,1985.3
6,1985.5
28,1985.8
8,1985.8
22,1985.9
21,1986.3
26,1986.6
29,1986.8
20,1986.9
9,1987.2
5,1987.4
10,1988.0
12,1988.6
1,1988.8
13,1989.9
2,1989.9
14,1989.9
4,1990.1
31,1990.3
15,1990.4
28,1990.4
0,1990.5
7,1990.7
22,1990.7
6,1991.0
27,1991.4
25,1991.5
21,1991.6
5,1992.0
30,1992.0
12,1992.3
3,1992.3
11,1992.4
26,1992.4
19,1992.9
16,1993.0
10,1993.5
24,1993.9
23,1994.2
2,1994.4
22,1994.8
7,1995.2
1,1995.7
13,1995.9
31,1996.1
12,1996.2
5,1996.8
27,1996.9
0,1997.0
26,1997.2
28,1997.5
30,1998.3
17,1998.5
16,1998.6
22,1998.8
4,1999.0
11,1999.3
7,1999.3
2,1999.4
20,1999.5
8,1999.5
10,2000.1
19,2000.5
21,2000.5
6,2000.8
18,2000.9
29,2001.6
12,2001.9
17,2002.5
0,2002.6
22,2002.7
31,2002.9
23,2002.9
5,2003.5
16,2003.7
7,2004.1
14,2004.9
13,2005.3
11,2005.5
26,2005.6
21,2005.7
27,2005.8
1,2006.1
15,2006.3
8,2006.6
6,2007.0
17,2007.1
22,2008.0
2,2008.0
29,2008.1
30,2008.7
18,2008.8
7,2008.8
4,2009.0
12,2009.1
10,2009.4
0,2009.6
28,2009.7
14,2009.8
23,2011.4
6,2011.8
21,2011.8
11,2012.0
16,2012.7
31,2013.6
17,2014.8
29,2014.9
4,2015.3
2,2015.3
12,2015.4
18,2015.6
10,2015.7
15,2015.8
6,2015.9
14,2016.2
22,2016.4
7,2016.6
28,2017.0
19,2017.1
5,2018.0
25,2019.1
1,2019.3
23,2019.4
27,2019.8
31,2019.9
26,2020.0
0,2020.1
8,2020.2
6,2021.0
21,2021.0
10,2021.6
4,2021.6
15,2021.9
20,2022.0
14,2022.4
13,2022.5
28,2023.2
22,2023.9
25,2024.3
12,2024.4
1,2024.6
29,2025.6
27,2025.7
2,2026.2
18,2026.5
21,2027.0
26,2027.0
4,2027.8
7,2027.8
13,2027.8
22,2027.9
0,2028.0
8,2028.4
15,2028.5
5,2028.5
31,2028.9
11,2029.1
14,2029.2
6,2029.7
10,2029.8
28,2030.0
25,2030.5
27,2030.5
22,2031.1
12,2031.2
17,2031.4
13,2032.1
21,2032.5
2,2032.6
4,2033.2
0,2033.3
1,2033.4
26,2033.9
7,2034.0
29,2034.2
28,2034.5
22,2034.5
30,2034.6
5,2034.7
18,2035.7
8,2035.9
31,2035.9
6,2036.6
15,2036.9
27,2037.2
17,2037.2
21,2037.2
20,2037.3
12,2037.6
14,2037.9
22,2038.0
2,2038.1
0,2038.6
16,2038.8
13,2039.0
28,2039.8
4,2040.0
25,2040.0
1,2040.4
10,2040.5
29,2040.8
7,2041.7
5,2042.3
26,2042.6
19,2042.6
0,2043.0
22,2043.1
30,2043.3
27,2043.4
23,2043.4
2,2043.6
12,2043.7
17,2044.3
18,2044.5
31,2044.5
8,2044.6
25,2044.7
21,2044.8
10,2045.0
28,2045.0
20,2045.8
19,2047.2
0,2047.2
27,2048.0
16,2048.2
6,2048.5
12,2049.0
1,2049.0
17,2049.5
26,2049.6
18,2049.7
22,2050.1
25,2050.6
29,2051.1
10,2051.2
0,2051.8
20,2051.8
27,2052.2
28,2052.9
9,2053.0
19,2053.1
8,2053.8
2,2054.0
17,2054.1
4,2054.3
18,2054.4
23,2054.8
12,2055.2
21,2055.4
22,2055.9
15,2056.0
0,2056.1
27,2056.9
29,2057.1
10,2057.5
9,2057.5
20,2057.7
6,2057.8
24,2057.9
1,2058.2
18,2059.1
28,2059.3
4,2059.5
25,2059.7
17,2059.9
13,2060.0
26,2060.1
21,2060.1
0,2060.3
15,2060.6
12,2060.7
7,2060.8
27,2061.3
14,2061.4
22,2061.7
9,2062.0
1,2062.4
20,2062.7
10,2063.3
19,2063.9
4,2064.0
28,2064.2
24,2064.2
21,2064.5
27,2064.9
18,2064.9
15,2065.5
26,2065.6
0,2065.8
25,2066.1
6,2066.5
9,2067.3
1,2067.4
22,2067.6
10,2067.7
12,2067.8
13,2068.0
29,2068.0
23,2068.4
28,2068.4
8,2068.7
20,2068.7
4,2068.8
27,2068.8
17,2069.0
21,2069.0
19,2069.3
14,2069.5
15,2070.4
26,2070.7
0,2070.7
1,2070.8
18,2070.8
2,2070.9
10,2071.4
5,2071.5
31,2071.6
25,2072.1
9,2072.2
27,2072.3
22,2072.4
7,2072.4
17,2073.3
12,2073.5
4,2073.7
1,2073.7
28,2073.8
8,2074.1
13,2074.5
19,2074.5
2,2075.6
27,2075.8
21,2075.9
22,2076.1
10,2076.4
26,2076.4
5,2076.6
6,2076.8
1,2077.3
20,2077.4
17,2077.7
7,2078.0
31,2078.0
25,2078.3
15,2078.4
24,2078.4
0,2078.7
9,2078.9
12,2079.2
28,2079.6
18,2079.7
4,2079.9
27,2080.1
13,2080.5
22,2080.6
30,2080.7
23,2080.7
1,2080.8
5,2080.8
26,2081.0
3,2081.2
21,2081.2
8,2081.4
6,2081.6
2,2081.7
19,2082.5
10,2082.8
25,2083.2
17,2083.4
27,2083.4
28,2083.5
1,2083.5
0,2083.7
9,2084.0
26,2084.2
14,2084.2
21,2084.8
11,2084.8
5,2084.9
22,2085.2
20,2085.2
19,2085.7
3,2085.7
4,2085.9
15,2086.0
7,2086.2
18,2086.2
1,2086.3
13,2086.4
27,2086.5
12,2086.6
25,2087.0
6,2087.0
10,2087.1
28,2087.2
17,2087.5
2,2087.9
26,2087.9
8,2088.1
0,2088.2
21,2088.4
9,2088.5
30,2088.6
19,2088.8
27,2089.1
5,2089.2
1,2089.3
22,2089.5
31,2089.7
3,2090.3
20,2090.3
14,2091.3
25,2091.3
11,2091.4
15,2091.4
28,2091.5
26,2092.1
18,2092.1
19,2092.2
6,2092.2
27,2092.3
17,2092.4
21,2092.5
10,2092.5
1,2092.8
4,2093.6
12,2094.2
13,2094.4
9,2094.4
5,2094.7
22,2094.9
0,2095.3
3,2095.8
31,2095.9
27,2096.4
19,2096.6
15,2096.9
2,2097.0
6,2097.5
1,2097.6
20,2097.6
25,2097.6
28,2098.1
26,2098.6
21,2098.9
17,2099.6
7,2100.9
8,2101.2
10,2101.3
18,2102.1
1,2102.2
19,2102.3
27,2102.6
12,2103.2
6,2103.7
22,2104.0
5,2104.1
9,2104.8
17,2105.0
31,2105.3
23,2105.3
30,2105.4
2,2105.7
7,2106.2
15,2106.3
3,2106.4
28,2106.4
11,2106.7
19,2106.9
1,2107.1
14,2107.2
21,2107.2
4,2107.2
26,2107.4
6,2107.8
0,2108.7
10,2108.7
25,2108.7
27,2109.0
12,2109.3
30,2110.0
28,2110.4
7,2110.5
19,2110.6
17,2110.8
13,2110.9
23,2111.0
22,2111.5
2,2111.5
26,2112.1
8,2112.8
6,2112.9
21,2112.9
27,2113.1
10,2113.3
1,2113.4
5,2113.5
12,2114.6
7,2114.7
0,2114.7
22,2115.6
30,2115.6
28,2115.6
25,2116.0
19,2116.0
31,2116.5
13,2116.9
26,2117.5
2,2117.6
27,2117.7
20,2117.8
4,2119.1
1,2119.1
23,2119.2
0,2119.2
5,2119.6
25,2119.6
10,2119.8
7,2119.8
8,2120.0
6,2120.5
22,2120.6
17,2120.8
31,2121.8
27,2122.2
12,2122.4
26,2122.8
21,2123.3
28,2123.4
25,2123.5
0,2123.7
22,2123.8
4,2123.8
23,2123.9
1,2124.0
2,2124.1
13,2124.3
18,2124.4
10,2124.8
14,2124.9
6,2124.9
5,2125.0
19,2125.1
7,2125.2
20,2126.3
27,2126.6
15,2127.0
29,2127.0
31,2127.0
22,2127.2
30,2127.2
12,2127.5
8,2127.9
4,2128.0
28,2128.2
21,2128.4
6,2128.7
23,2128.8
14,2128.8
25,2128.9
26,2128.9
13,2129.3
2,2129.7
7,2130.1
10,2130.4
22,2130.4
11,2130.5
0,2130.7
1,2131.4
27,2131.8
18,2131.9
6,2132.2
21,2132.3
31,2132.3
12,2132.3
14,2132.4
4,2132.5
5,2132.8
9,2133.1
28,2133.3
24,2134.0
23,2134.0
13,2134.2
22,2134.2
7,2134.8
2,2135.1
10,2135.2
0,2136.1
26,2136.1
29,2136.8
15,2137.1
6,2137.2
1,2137.7
21,2137.8
14,2137.8
11,2138.0
27,2138.4
9,2138.7
25,2138.8
12,2139.2
22,2139.4
4,2139.6
24,2140.2
10,2141.0
31,2141.8
28,2141.8
7,2142.1
0,2142.4
5,2142.7
13,2142.8
17,2142.8
23,2142.9
1,2143.5
21,2143.6
18,2144.5
6,2144.7
22,2144.7
2,2144.8
19,2145.5
3,2145.5
27,2147.4
14,2147.7
5,2148.0
9,2148.0
22,2148.6
1,2148.6
12,2148.7
26,2148.7
28,2148.9
21,2149.0
17,2149.2
13,2149.8
7,2150.7
3,2151.3
10,2151.4
27,2151.9
2,2152.1
19,2152.3
22,2153.1
12,2153.3
5,2153.5
8,2154.1
17,2154.2
9,2154.3
24,2154.3
0,2154.4
1,2154.7
20,2155.3
16,2155.6
4,2155.9
13,2156.0
27,2156.3
25,2156.4
21,2157.0
26,2157.7
12,2157.8
17,2158.0
8,2158.5
22,2158.8
3,2158.8
19,2158.9
28,2159.5
5,2159.8
6,2159.9
7,2160.1
2,2161.4
1,2161.8
16,2162.6
27,2162.9
17,2163.2
21,2163.5
12,2163.7
9,2164.1
11,2164.1
8,2164.5
10,2164.7
19,2164.8
22,2165.2
25,2165.7
26,2165.7
0,2165.9
3,2166.4
20,2166.9
1,2167.3
5,2167.7
17,2168.3
19,2169.4
10,2169.5
13,2169.5
12,2169.6
2,2169.8
27,2169.9
11,2169.9
9,2170.8
8,2171.8
0,2171.9
1,2172.0
25,2172.2
28,2172.3
26,2173.5
19,2175.4
10,2175.5
17,2176.4
21,2176.9
2,2177.2
22,2177.5
12,2177.5
0,2177.6
27,2177.7
4,2178.0
6,2178.2
25,2178.2
23,2178.9
1,2179.2
18,2179.6
9,2179.6
14,2180.4
28,2180.8
10,2181.1
29,2181.3
11,2182.9
5,2183.1
4,2183.4
7,2183.5
12,2183.9
31,2184.1
2,2184.3
22,2184.7
6,2185.0
19,2185.8
10,2186.7
0,2186.9
8,2187.1
23,2187.2
18,2187.5
25,2187.9
17,2188.3
16,2188.5
28,2188.6
3,2188.8
27,2189.4
4,2189.4
12,2189.6
9,2190.1
5,2190.7
31,2190.9
22,2191.2
8,2191.3
14,2191.4
29,2192.2
1,2192.2
7,2192.4
19,2192.9
10,2193.0
0,2193.8
6,2194.0
21,2194.4
27,2194.5
25,2194.6
26,2194.6
16,2194.8
17,2194.8
28,2195.6
8,2195.7
23,2195.8
2,2196.0
20,2196.3
30,2196.6
1,2196.9
12,2197.1
31,2197.2
9,2197.3
22,2197.3
4,2198.1
7,2198.5
21,2198.6
27,2198.6
6,2198.8
19,2199.2
25,2199.6
3,2199.7
17,2200.0
10,2200.6
0,2200.6
23,2201.0
1,2201.1
28,2201.7
8,2201.8
26,2202.3
22,2203.5
31,2203.8
27,2204.3
6,2204.5
12,2204.7
20,2204.8
21,2204.8
5,2205.1
17,2205.4
1,2205.6
23,2206.0
30,2206.0
25,2207.2
9,2207.4
19,2207.5
7,2208.8
27,2210.0
1,2210.1
12,2210.4
22,2210.4
26,2210.7
28,2210.8
6,2211.1
3,2211.1
21,2211.4
16,2211.7
20,2211.8
31,2211.9
2,2213.1
4,2213.5
14,2213.7
30,2213.7
8,2213.7
23,2213.9
17,2214.0
15,2214.3
0,2214.4
13,2214.4
1,2214.5
21,2214.8
25,2214.8
12,2215.1
28,2215.1
6,2215.2
19,2215.9
22,2216.5
26,2216.7
20,2217.0
5,2217.1
7,2217.1
18,2217.5
3,2217.5
27,2217.6
1,2217.6
4,2217.6
31,2217.8
21,2217.9
15,2217.9
6,2218.4
12,2218.5
10,2218.8
28,2219.0
25,2219.0
30,2219.2
2,2219.6
23,2219.7
0,2219.7
16,2219.8
1,2221.1
21,2221.1
26,2221.1
14,2221.6
8,2221.7
15,2221.8
7,2221.9
6,2222.0
4,2222.2
20,2222.3
12,2222.4
25,2223.4
5,2223.7
28,2223.9
18,2224.2
3,2224.4
31,2224.8
30,2224.9
0,2224.9
21,2225.3
13,2225.3
1,2225.6
23,2225.7
22,2226.0
27,2226.6
15,2226.9
6,2227.0
17,2227.5
7,2227.6
12,2227.7
26,2228.2
4,2228.7
20,2229.8
1,2230.1
10,2230.2
21,2230.4
25,2230.7
2,2230.8
28,2231.3
14,2231.3
6,2231.5
8,2231.7
18,2232.3
11,2232.5
7,2232.6
23,2233.0
12,2233.0
30,2233.9
17,2234.0
4,2234.0
19,2234.3
0,2234.4
21,2234.6
1,2234.7
6,2235.5
15,2235.6
5,2235.8
16,2235.9
14,2236.0
29,2236.1
22,2236.6
10,2236.9
2,2237.0
27,2237.1
13,2237.2
12,2237.3
7,2237.4
26,2237.7
28,2237.8
18,2238.9
11,2239.2
4,2239.5
23,2240.0
6,2240.1
17,2240.1
21,2240.3
31,2240.5
27,2240.9
20,2241.2
3,2241.7
1,2241.7
2,2241.9
14,2242.0
12,2242.1
8,2242.2
22,2242.4
19,2242.8
7,2242.9
16,2243.1
13,2243.3
18,2243.8
5,2243.8
17,2243.9
27,2244.6
10,2244.7
6,2245.0
26,2245.2
28,2245.8
12,2246.2
19,2246.3
2,2246.5
29,2247.1
17,2247.3
25,2247.5
22,2247.6
23,2247.9
7,2248.1
4,2248.4
27,2248.4
1,2248.5
18,2248.6
20,2248.7
6,2248.8
15,2248.9
8,2249.0
21,2249.3
19,2249.7
16,2249.9
0,2249.9
31,2250.0
13,2250.0
14,2250.0
10,2250.1
12,2250.2
28,2250.4
26,2250.5
17,2250.6
11,2251.0
22,2251.4
6,2251.9
2,2251.9
15,2252.3
7,2252.4
29,2252.4
18,2252.6
21,2252.7
4,2252.7
27,2253.4
19,2253.5
12,2254.2
14,2254.3
17,2254.4
28,2254.7
0,2254.9
6,2255.3
22,2255.4
20,2255.7
21,2255.7
8,2255.8
15,2255.8
10,2256.0
13,2256.1
1,2256.4
4,2256.5
18,2256.6
5,2257.0
23,2257.3
31,2257.4
11,2257.4
19,2257.6
7,2257.7
25,2257.8
12,2257.8
3,2258.2
29,2258.2
17,2258.3
2,2258.5
26,2258.8
27,2259.0
14,2259.0
21,2259.3
6,2259.4
28,2259.6
16,2259.6
0,2260.2
15,2260.5
18,2260.7
22,2260.8
20,2261.4
19,2261.4
12,2261.5
4,2262.2
1,2262.8
7,2263.0
17,2263.1
8,2263.6
21,2263.7
11,2263.9
10,2264.2
2,2264.4
6,2264.5
14,2264.6
0,2265.7
12,2265.7
27,2266.3
18,2266.4
25,2266.6
16,2266.6
19,2266.6
13,2266.9
28,2267.0
15,2267.1
22,2267.6
4,2268.0
21,2268.4
7,2268.7
20,2268.8
5,2269.0
31,2269.2
29,2269.2
12,2269.2
2,2269.6
6,2270.0
1,2270.1
17,2270.2
26,2270.3
8,2270.4
27,2271.1
3,2271.4
18,2271.7
22,2271.8
10,2272.1
19,2272.2
13,2272.6
9,2273.2
12,2273.4
4,2273.5
15,2273.5
2,2273.6
0,2273.6
7,2274.0
17,2274.3
27,2274.5
5,2274.5
1,2274.7
21,2274.8
20,2275.1
22,2275.1
14,2275.1
31,2276.0
18,2276.1
28,2276.2
25,2276.3
29,2276.5
8,2276.9
19,2277.0
17,2277.8
22,2278.2
11,2278.3
13,2278.4
4,2278.5
2,2278.7
27,2278.9
10,2279.0
6,2279.2
12,2279.5
1,2279.6
26,2279.9
0,2279.9
21,2280.3
15,2280.3
7,2280.5
17,2281.2
18,2281.5
16,2281.6
9,2281.7
5,2281.8
14,2281.9
22,2282.0
28,2282.7
25,2283.0
8,2283.0
29,2283.1
1,2283.7
4,2283.8
23,2283.9
19,2284.0
27,2284.6
13,2284.7
17,2284.8
2,2285.0
31,2285.4
20,2286.5
10,2286.5
21,2286.9
1,2287.3
22,2287.4
9,2287.8
0,2287.8
15,2288.3
12,2288.9
17,2289.1
24,2289.6
1,2290.3
27,2290.7
19,2291.0
18,2291.2
10,2291.4
2,2291.4
25,2292.0
9,2292.1
0,2292.1
14,2292.5
4,2292.9
28,2293.1
7,2293.4
8,2293.8
17,2294.0
1,2294.1
22,2295.9
20,2296.0
24,2296.1
0,2296.3
12,2296.6
13,2296.8
16,2296.9
9,2297.8
10,2297.9
25,2298.2
17,2298.5
6,2298.9
1,2299.2
8,2299.7
21,2300.1
19,2300.6
27,2301.1
29,2301.6
0,2302.7
16,2303.1
12,2303.5
17,2303.7
2,2304.2
3,2304.8
8,2305.8
20,2306.6
19,2307.4
10,2307.8
1,2307.9
9,2308.6
25,2308.7
12,2309.1
0,2309.2
26,2309.5
28,2309.7
21,2310.2
8,2310.4
11,2310.5
17,2310.6
27,2310.6
16,2310.7
6,2310.7
19,2310.8
23,2310.9
18,2311.0
4,2311.1
14,2311.1
7,2311.1
15,2311.2
10,2311.3
24,2313.3
12,2313.8
20,2314.0
0,2314.0
21,2314.2
26,2314.3
11,2314.3
19,2314.8
8,2315.0
10,2315.1
28,2315.5
6,2315.7
3,2316.2
4,2316.8
5,2316.9
25,2317.0
15,2317.3
18,2317.4
22,2317.6
17,2317.6
14,2317.7
16,2318.0
7,2318.1
0,2318.5
21,2318.6
12,2318.9
11,2319.5
10,2319.8
8,2320.3
19,2320.3
26,2321.1
27,2321.3
6,2322.7
20,2322.8
28,2323.7
23,2324.0
1,2325.4
21,2325.6
0,2325.6
7,2325.6
4,2326.0
10,2326.1
12,2326.5
30,2326.7
19,2326.9
15,2327.1
9,2327.2
27,2327.3
26,2328.3
18,2328.4
11,2329.2
8,2329.7
25,2330.2
23,2330.2
20,2330.9
10,2331.0
2,2331.2
27,2331.3
17,2331.5
28,2331.6
7,2331.7
9,2331.8
1,2331.8
19,2332.1
14,2333.5
12,2333.6
30,2334.6
27,2335.8
1,2336.5
9,2336.5
8,2336.7
10,2337.2
6,2337.2
17,2337.5
25,2338.3
21,2338.8
19,2339.2
28,2340.1
2,2340.4
26,2340.4
1,2341.0
23,2341.0
27,2341.1
20,2341.2
8,2341.2
12,2341.3
30,2341.3
16,2341.5
17,2341.7
0,2342.3
7,2343.4
25,2343.4
9,2343.9
6,2344.8
21,2344.9
1,2345.2
8,2345.8
28,2346.0
27,2346.1
17,2346.2
16,2347.6
26,2347.7
20,2347.9
22,2348.7
10,2349.2
25,2349.3
30,2349.3
23,2349.8
31,2350.0
1,2350.1
6,2350.7
12,2350.7
2,2351.8
21,2352.0
14,2352.4
4,2352.9
27,2353.2
7,2353.2
8,2353.4
11,2353.5
28,2353.5
17,2353.6
16,2353.8
6,2354.1
19,2354.4
18,2354.4
23,2354.5
1,2354.6
12,2355.4
26,2355.6
21,2355.6
22,2355.9
10,2356.0
29,2356.1
3,2356.3
5,2356.3
2,2356.7
6,2357.0
14,2357.3
7,2357.3
20,2357.6
31,2357.7
23,2358.1
12,2358.2
1,2358.3
4,2359.3
11,2359.4
6,2359.6
21,2359.7
26,2360.1
19,2360.3
28,2360.4
10,2360.7
25,2360.9
2,2361.0
16,2361.2
7,2361.2
12,2361.7
14,2362.0
18,2362.2
6,2362.6
0,2362.6
23,2362.8
22,2363.1
5,2363.3
1,2363.4
11,2363.6
19,2363.8
3,2363.8
9,2363.9
27,2364.0
17,2364.5
10,2364.6
21,2364.9
26,2365.0
20,2365.3
7,2365.8
12,2366.1
24,2366.2
6,2366.3
2,2366.4
29,2366.6
0,2367.4
18,2367.6
19,2367.7
31,2368.2
1,2368.7
23,2369.1
10,2369.1
11,2369.3
14,2369.4
4,2369.4
9,2369.8
27,2369.9
17,2370.0
6,2370.2
22,2370.3
28,2371.2
21,2371.8
12,2371.9
19,2372.0
7,2372.3
20,2372.3
24,2372.5
0,2372.6
26,2372.7
30,2373.1
2,2373.5
6,2373.9
18,2374.2
10,2375.2
23,2375.9
31,2376.1
1,2376.1
28,2376.5
8,2376.9
21,2377.0
19,2377.3
9,2377.3
6,2377.8
12,2378.0
17,2378.8
22,2379.0
4,2379.2
27,2379.4
18,2380.1
2,2380.1
14,2380.2
11,2380.2
10,2380.5
30,2380.6
7,2381.0
28,2381.1
6,2381.1
5,2381.2
23,2381.4
0,2381.5
29,2381.8
21,2382.0
12,2382.2
20,2382.6
15,2382.7
31,2383.3
16,2384.0
4,2384.1
6,2384.6
22,2385.1
28,2385.1
18,2385.2
21,2386.0
12,2386.8
19,2386.8
23,2387.8
30,2387.9
6,2388.6
15,2388.7
4,2389.3
28,2389.5
10,2389.8
24,2390.4
21,2390.4
20,2390.4
1,2390.7
18,2391.3
2,2391.8
6,2392.8
14,2393.3
12,2393.6
7,2393.8
11,2393.9
21,2394.0
26,2394.3
28,2394.9
30,2395.2
9,2395.4
22,2396.1
31,2396.6
17,2396.7
0,2396.7
27,2396.8
6,2397.0
19,2397.0
10,2397.1
21,2397.7
11,2397.9
4,2398.9
14,2399.3
15,2400.5
7,2400.8
28,2401.5
26,2401.7
23,2401.8
9,2402.3
6,2402.8
21,2402.8
12,2403.1
11,2403.3
2,2403.6
18,2403.8
1,2403.8
27,2403.9
10,2404.4
0,2404.4
16,2404.7
30,2405.7
22,2405.7
19,2405.8
17,2406.0
29,2406.0
2,2408.3
1,2408.3
14,2408.4
21,2408.8
9,2409.2
11,2409.5
12,2409.6
6,2409.7
7,2409.8
0,2410.3
27,2410.6
10,2410.8
18,2411.7
17,2412.3
19,2412.6
29,2412.7
22,2412.9
1,2413.1
2,2413.4
21,2413.7
16,2414.0
25,2414.4
14,2414.6
28,2414.7
6,2415.0
4,2415.1
12,2415.4
0,2415.5
11,2415.5
9,2416.0
7,2416.0
20,2416.1
15,2416.3
18,2417.6
26,2417.8
21,2418.4
31,2418.5
5,2418.8
22,2418.9
27,2419.1
12,2419.7
1,2419.7
4,2420.0
10,2420.4
25,2420.6
20,2420.9
6,2420.9
0,2422.1
15,2422.2
7,2422.3
2,2422.3
28,2422.7
31,2423.4
21,2423.5
12,2423.6
18,2423.7
17,2424.1
19,2424.1
1,2424.2
6,2424.6
26,2425.0
22,2425.0
27,2425.0
14,2425.1
5,2425.2
4,2425.2
25,2425.4
20,2425.7
11,2426.4
3,2426.4
8,2426.7
15,2427.2
12,2427.3
1,2427.4
9,2427.9
6,2428.0
31,2428.1
7,2428.1
19,2428.2
26,2429.5
0,2429.6
2,2430.1
27,2430.1
5,2430.1
10,2430.6
24,2430.7
25,2430.9
1,2430.9
17,2431.3
12,2431.3
6,2431.5
3,2431.7
9,2432.0
21,2432.3
20,2432.5
19,2432.6
1,2434.4
15,2434.4
4,2434.5
22,2434.7
8,2434.9
31,2435.0
0,2435.0
12,2435.1
5,2435.2
7,2435.3
26,2435.6
28,2435.9
27,2435.9
6,2436.4
18,2436.5
3,2436.6
25,2436.7
9,2436.8
17,2437.1
24,2437.3
10,2437.6
19,2437.7
21,2438.1
5,2439.3
1,2439.3
22,2439.4
12,2440.6
31,2441.0
20,2441.7
0,2442.0
3,2442.2
7,2442.5
2,2442.7
25,2442.9
4,2443.0
5,2443.4
28,2444.1
22,2444.1
9,2444.3
6,2444.4
21,2444.6
8,2445.2
19,2446.3
1,2446.9
27,2446.9
31,2447.3
17,2447.4
0,2447.7
26,2448.4
25,2448.7
14,2449.7
5,2449.8
12,2450.0
22,2451.3
7,2452.2
24,2452.7
3,2452.9
1,2453.1
10,2453.2
17,2454.1
4,2455.6
15,2456.3
21,2456.7
0,2457.3
1,2458.4
6,2458.5
25,2459.1
17,2459.9
9,2461.3
31,2461.5
28,2462.6
5,2462.8
0,2463.5
18,2464.1
8,2464.2
25,2464.6
19,2465.0
17,2465.6
16,2465.8
22,2465.8
12,2465.9
1,2466.0
27,2466.9
10,2467.0
7,2467.0
6,2467.1
2,2467.7
0,2467.7
9,2467.9
8,2468.5
20,2469.1
24,2469.9
25,2470.7
12,2470.8
17,2471.4
19,2471.4
0,2471.7
1,2472.5
9,2472.5
10,2472.6
16,2472.7
8,2473.2
6,2473.4
27,2474.5
7,2475.3
0,2475.7
24,2476.2
25,2477.5
10,2477.7
12,2477.7
9,2478.0
2,2478.1
19,2478.4
11,2479.3
8,2479.4
1,2479.5
26,2479.9
0,2479.9
30,2480.1
6,2480.3
23,2480.4
10,2480.8
7,2480.8
12,2481.2
2,2481.3
4,2481.6
16,2482.1
17,2482.2
19,2482.2
1,2482.7
27,2482.7
28,2483.2
9,2483.2
18,2483.2
5,2483.6
3,2483.7
14,2484.2
6,2484.3
10,2484.4
26,2484.4
29,2484.6
2,2484.7
12,2485.1
0,2485.2
1,2485.7
11,2486.1
7,2486.2
23,2486.3
19,2487.0
30,2487.8
4,2488.1
6,2488.2
10,2488.3
2,2488.6
12,2489.5
26,2489.6
1,2489.7
16,2490.0
9,2490.2
5,2490.3
3,2490.9
18,2491.1
28,2491.2
27,2491.7
25,2492.8
24,2493.4
8,2493.5
6,2494.2
10,2494.4
2,2494.5
0,2494.6
19,2494.9
23,2495.1
29,2495.3
1,2495.6
7,2496.3
12,2496.4
22,2496.7
14,2496.7
17,2496.9
26,2498.8
18,2498.9
4,2500.5
0,2500.6
29,2500.7
17,2501.7
27,2502.8
19,2503.3
22,2503.8
18,2503.9
20,2504.2
6,2504.9
9,2505.2
10,2505.3
1,2505.5
2,2505.5
11,2505.9
17,2506.5
27,2507.6
19,2508.2
5,2508.9
18,2509.2
12,2509.5
1,2510.5
0,2510.5
29,2510.6
2,2510.9
6,2511.1
3,2511.8
9,2512.0
7,2512.0
19,2512.1
26,2512.3
10,2512.7
27,2513.0
17,2513.0
28,2513.2
21,2513.7
20,2514.1
30,2514.2
6,2514.3
1,2514.7
5,2514.9
15,2515.0
31,2515.4
22,2515.8
4,2515.9
12,2516.0
2,2516.1
14,2516.5
28,2516.7
19,2516.7
6,2516.9
18,2517.0
21,2517.9
7,2517.9
23,2518.0
13,2518.0
26,2518.2
10,2518.4
3,2518.5
15,2519.7
31,2519.7
4,2519.9
5,2520.1
6,2520.2
29,2520.3
1,2520.4
28,2520.7
22,2521.0
12,2521.4
14,2521.8
2,2521.9
27,2522.1
21,2522.2
30,2522.3
6,2523.2
9,2523.3
19,2523.3
7,2523.3
10,2523.9
4,2523.9
5,2524.0
18,2524.0
28,2524.4
31,2524.5
3,2525.0
11,2525.0
22,2525.0
0,2525.3
21,2525.5
12,2525.8
15,2525.9
6,2526.0
17,2526.0
14,2526.0
24,2526.3
1,2526.6
23,2526.7
19,2527.1
7,2527.3
2,2527.5
9,2527.6
5,2528.2
27,2528.8
10,2528.9
21,2528.9
28,2529.1
22,2529.4
6,2529.6
31,2529.7
4,2529.7
29,2529.9
13,2530.0
26,2530.1
3,2530.1
12,2530.2
0,2531.1
14,2531.3
19,2531.5
9,2531.6
7,2531.6
11,2532.2
2,2532.7
24,2532.8
5,2532.9
27,2533.0
1,2533.5
15,2533.5
22,2533.6
21,2533.6
18,2534.2
6,2534.3
12,2534.5
10,2535.4
13,2535.7
28,2536.5
9,2536.8
7,2537.0
19,2537.0
27,2537.0
1,2537.1
25,2537.2
26,2537.3
3,2537.4
2,2537.5
17,2537.7
8,2537.9
22,2539.0
5,2539.0
31,2539.3
4,2539.7
20,2540.0
10,2540.1
27,2540.1
1,2540.2
23,2540.7
12,2540.7
0,2540.7
14,2540.9
19,2541.1
21,2541.4
26,2541.5
9,2541.7
6,2541.9
25,2542.3
28,2542.6
2,2542.6
27,2543.5
7,2543.7
1,2543.9
11,2544.0
10,2544.2
19,2544.5
13,2545.1
17,2546.1
26,2546.2
21,2546.5
14,2546.6
3,2546.9
1,2547.0
27,2547.2
24,2547.2
22,2547.2
12,2547.4
9,2548.0
6,2548.0
25,2548.3
10,2548.7
19,2548.7
20,2548.8
8,2549.1
2,2549.4
7,2549.6
1,2549.6
0,2550.1
17,2550.2
11,2550.4
23,2550.5
28,2551.0
27,2551.6
5,2551.6
26,2551.7
15,2552.0
1,2552.3
21,2552.4
4,2552.5
14,2552.5
10,2552.6
9,2552.8
6,2553.3
12,2553.6
18,2553.6
24,2553.9
25,2553.9
19,2554.2
2,2554.3
17,2554.5
1,2555.1
29,2555.6
22,2555.6
31,2555.7
7,2555.9
10,2556.1
0,2556.3
9,2556.7
27,2556.7
4,2557.2
28,2557.4
14,2558.1
23,2558.3
8,2558.3
1,2558.6
21,2558.6
6,2558.9
13,2559.4
5,2559.5
10,2559.6
2,2559.6
12,2559.7
25,2560.6
17,2560.7
22,2560.9
0,2561.0
7,2561.0
4,2561.2
11,2561.2
18,2561.2
15,2561.5
24,2561.9
19,2561.9
28,2562.1
26,2562.2
9,2562.4
21,2562.6
14,2563.0
31,2563.1
1,2563.4
10,2564.0
23,2564.0
29,2564.3
8,2564.8
27,2564.9
4,2565.9
22,2566.3
3,2566.3
7,2566.4
6,2566.6
0,2567.4
5,2567.4
1,2567.8
17,2567.8
21,2567.9
28,2567.9
2,2567.9
10,2568.0
20,2568.3
25,2568.4
19,2568.6
13,2568.8
12,2569.4
23,2569.8
26,2570.0
8,2570.6
14,2571.0
27,2571.8
10,2572.1
19,2572.8
31,2573.0
9,2573.2
4,2573.5
15,2573.6
1,2573.8
28,2573.9
0,2574.1
7,2574.6
18,2575.0
22,2575.9
17,2576.3
21,2577.1
23,2577.2
26,2577.2
6,2577.6
10,2577.9
3,2578.0
19,2578.8
25,2579.2
12,2579.3
8,2581.9
1,2582.4
27,2582.5
2,2582.7
12,2584.7
28,2584.8
19,2584.8
16,2585.1
10,2586.9
0,2587.3
11,2587.9
26,2588.0
1,2588.9
2,2589.1
19,2589.3
12,2589.3
17,2589.4
20,2589.5
18,2590.1
24,2590.4
27,2590.4
3,2591.8
10,2592.9
14,2592.9
19,2593.0
11,2593.0
21,2593.3
7,2593.4
6,2593.8
12,2594.0
0,2594.9
17,2595.3
26,2595.3
16,2595.3
20,2595.6
18,2596.3
27,2596.5
19,2597.2
4,2597.4
11,2597.6
1,2598.6
21,2598.7
14,2598.8
23,2599.8
7,2600.3
12,2600.4
2,2600.5
10,2600.9
6,2601.0
19,2602.0
11,2602.3
20,2602.7
18,2603.1
22,2603.2
26,2603.2
4,2603.4
0,2603.5
21,2603.6
15,2603.9
5,2604.1
28,2604.1
12,2604.4
31,2604.5
17,2605.2
7,2605.4
3,2607.4
30,2607.6
6,2607.7
11,2607.8
4,2608.1
10,2608.2
19,2608.2
20,2608.2
27,2608.3
21,2608.7
12,2608.8
18,2608.8
26,2609.6
1,2609.8
15,2610.0
23,2610.1
7,2610.2
22,2610.5
14,2610.5
25,2610.6
31,2611.3
5,2611.6
0,2611.9
17,2612.5
28,2612.7
8,2612.7
20,2613.8
4,2613.9
1,2613.9
27,2614.6
11,2615.2
30,2615.3
12,2615.4
26,2615.4
21,2615.5
25,2615.6
7,2615.6
6,2615.8
19,2617.5
10,2617.7
14,2618.1
18,2618.3
28,2618.9
21,2619.2
1,2619.5
23,2619.6
7,2620.1
6,2620.3
27,2620.4
17,2620.5
11,2620.5
26,2620.5
22,2621.0
30,2621.1
25,2621.6
15,2621.9
8,2621.9
20,2622.0
21,2622.4
28,2622.8
19,2623.1
1,2623.3
10,2623.4
5,2623.4
7,2623.5
31,2623.7
23,2623.9
26,2624.0
4,2624.3
6,2624.5
3,2625.1
27,2625.1
14,2625.4
30,2626.2
21,2626.3
1,2627.0
25,2627.4
7,2627.6
17,2627.7
5,2627.8
26,2627.9
22,2628.0
9,2628.0
28,2628.5
12,2628.6
11,2629.2
6,2629.4
27,2629.9
23,2630.1
21,2630.5
1,2631.3
4,2631.3
19,2631.7
10,2631.7
3,2632.2
14,2632.4
13,2632.5
7,2632.8
15,2633.2
31,2633.2
26,2633.3
9,2633.3
20,2633.5
8,2633.5
2,2633.7
21,2633.7
28,2633.9
22,2634.2
5,2634.2
27,2634.3
0,2634.8
6,2634.9
1,2634.9
25,2635.2
30,2635.5
11,2636.7
14,2637.0
7,2637.1
23,2637.2
21,2637.2
9,2637.3
12,2637.7
10,2637.8
4,2637.8
15,2638.3
1,2638.4
16,2638.4
2,2638.6
6,2638.7
27,2638.7
19,2638.7
0,2639.1
31,2639.4
18,2639.6
24,2639.8
28,2639.9
21,2640.2
25,2640.8
9,2641.5
7,2641.6
12,2642.1
1,2642.1
14,2642.3
15,2642.3
26,2642.6
6,2642.6
17,2642.7
13,2643.0
10,2643.0
20,2643.0
4,2643.2
22,2643.3
21,2643.6
0,2643.8
11,2643.9
2,2644.1
27,2644.1
23,2644.5
28,2645.1
19,2645.4
7,2645.8
12,2645.8
5,2645.8
24,2646.0
18,2646.1
1,2646.2
9,2646.4
15,2646.6
6,2646.6
21,2647.1
31,2647.2
26,2647.4
10,2647.4
25,2647.8
27,2648.0
14,2648.1
8,2648.3
13,2648.7
2,2648.7
22,2648.9
4,2649.0
16,2649.1
17,2649.2
1,2650.1
28,2650.2
19,2650.4
7,2650.4
12,2650.4
0,2650.6
10,2651.3
23,2651.3
9,2651.4
27,2651.6
11,2651.6
21,2651.7
20,2652.0
26,2652.2
6,2652.3
8,2652.4
15,2653.0
25,2653.5
2,2653.9
17,2654.4
5,2654.5
16,2654.8
1,2655.2
10,2655.2
18,2655.3
19,2655.9
12,2656.0
28,2656.1
0,2656.2
8,2656.3
4,2656.3
14,2656.5
27,2656.6
22,2656.7
13,2656.8
23,2657.6
7,2657.7
6,2657.7
3,2657.7
26,2658.5
24,2658.8
21,2659.1
2,2659.4
10,2659.4
29,2659.8
9,2660.0
25,2660.1
1,2660.1
17,2660.5
27,2661.2
12,2661.2
8,2661.2
16,2661.5
28,2661.6
4,2661.7
18,2662.1
0,2662.3
20,2662.5
6,2662.9
10,2663.3
14,2664.1
23,2664.4
26,2664.4
1,2664.8
25,2664.8
19,2665.7
11,2666.3
27,2666.4
2,2666.4
21,2666.7
6,2666.7
7,2666.7
22,2666.8
8,2666.8
31,2666.8
15,2667.3
18,2668.8
12,2668.8
17,2669.0
10,2669.1
20,2669.2
14,2669.5
23,2669.6
28,2670.1
6,2670.4
4,2670.5
0,2670.6
1,2670.9
27,2671.0
31,2671.5
25,2671.8
21,2671.9
19,2672.1
11,2672.3
22,2672.4
29,2672.5
26,2673.0
7,2673.1
6,2674.1
18,2674.2
15,2674.5
27,2674.5
17,2674.7
23,2675.1
13,2675.6
9,2675.9
20,2675.9
2,2676.0
31,2676.0
22,2676.8
12,2676.9
14,2677.1
5,2677.7
27,2677.9
6,2678.0
8,2678.2
21,2678.4
28,2679.0
7,2679.2
19,2679.7
30,2679.8
10,2680.2
26,2680.4
18,2680.5
27,2681.1
17,2681.2
1,2681.6
13,2681.8
22,2682.0
6,2682.7
31,2682.9
2,2683.1
20,2683.3
9,2683.3
11,2683.4
21,2683.6
15,2683.8
16,2684.3
28,2684.8
0,2685.1
12,2685.1
23,2685.2
27,2685.5
19,2685.6
26,2686.4
25,2686.7
10,2686.8
30,2688.0
18,2688.7
11,2688.8
7,2688.8
6,2690.0
22,2690.1
17,2690.4
5,2690.9
27,2690.9
13,2691.3
26,2692.3
19,2692.5
2,2692.5
21,2692.6
0,2693.4
12,2693.8
22,2694.7
31,2694.7
10,2694.7
7,2695.1
28,2695.6
11,2696.3
4,2696.3
27,2696.4
5,2696.7
9,2697.7
26,2697.7
13,2698.2
1,2698.3
30,2698.8
17,2699.0
22,2699.2
8,2699.3
7,2699.3
2,2699.7
23,2699.8
19,2700.1
25,2700.1
12,2700.8
27,2700.9
20,2701.1
31,2701.4
0,2701.6
10,2701.9
5,2702.1
11,2702.8
6,2703.5
26,2703.6
7,2703.6
22,2704.2
4,2704.2
17,2704.7
9,2704.9
12,2704.9
19,2705.3
1,2705.6
30,2705.6
23,2705.9
18,2706.2
8,2706.2
27,2706.3
31,2706.4
14,2706.7
10,2706.8
2,2707.0
6,2707.3
28,2707.4
25,2707.4
15,2707.8
13,2708.3
22,2708.5
3,2708.8
12,2708.9
29,2709.1
7,2709.2
17,2709.4
19,2709.4
4,2710.3
6,2710.3
23,2710.4
31,2710.4
1,2710.8
5,2711.8
11,2712.0
2,2712.2
10,2712.2
12,2712.4
0,2712.7
26,2713.2
6,2713.3
18,2713.4
17,2713.6
19,2713.7
28,2713.7
22,2713.7
21,2714.0
27,2714.3
20,2714.3
29,2715.0
31,2715.0
30,2715.0
15,2715.2
7,2715.3
23,2715.3
12,2715.7
9,2716.0
1,2716.2
6,2716.3
14,2716.8
17,2716.9
22,2717.1
19,2717.2
18,2717.5
2,2717.7
4,2717.9
27,2717.9
28,2718.4
12,2719.0
3,2719.1
0,2719.1
13,2719.3
6,2719.6
5,2719.8
26,2720.1
17,2720.2
20,2720.2
29,2720.2
21,2720.3
10,2720.4
8,2720.5
22,2720.7
31,2720.7
19,2720.8
7,2721.0
1,2721.0
27,2721.3
23,2721.3
30,2721.7
18,2721.9
2,2722.1
12,2722.4
6,2722.8
26,2723.5
19,2723.6
9,2723.7
11,2723.9
3,2724.1
5,2724.1
1,2724.5
27,2724.8
17,2724.8
22,2724.9
10,2725.0
0,2725.2
13,2725.7
25,2725.9
28,2725.9
2,2726.0
19,2726.8
12,2726.8
6,2726.9
7,2726.9
26,2727.3
27,2728.2
9,2728.3
18,2728.3
1,2728.8
10,2728.8
29,2729.1
20,2729.4
11,2729.9
19,2730.0
23,2730.2
21,2730.6
5,2730.8
26,2730.8
27,2731.1
2,2731.1
22,2731.2
17,2731.6
31,2731.8
1,2732.0
28,2732.1
10,2732.3
0,2732.3
3,2732.5
6,2732.9
9,2733.3
19,2733.5
12,2733.5
25,2734.0
27,2734.4
26,2734.5
4,2734.7
1,2735.1
7,2735.2
10,2735.6
24,2736.3
20,2736.4
30,2736.5
28,2736.8
9,2737.1
23,2737.2
19,2737.2
2,2737.3
13,2737.3
0,2737.6
27,2737.6
1,2738.2
21,2738.3
26,2738.4
6,2738.5
10,2739.0
25,2741.2
9,2741.2
28,2741.3
22,2741.3
1,2741.4
11,2741.4
17,2741.6
19,2741.6
27,2742.0
24,2742.2
18,2742.5
30,2743.1
10,2743.2
12,2743.4
0,2743.4
5,2743.8
26,2744.2
3,2745.0
1,2745.1
21,2745.2
2,2745.2
6,2745.9
19,2746.2
9,2746.7
8,2747.1
27,2747.6
17,2747.6
0,2747.9
10,2748.0
23,2748.1
28,2748.2
25,2748.8
7,2748.9
20,2748.9
1,2749.1
18,2751.1
27,2751.4
19,2751.4
12,2751.8
4,2752.2
9,2752.2
17,2752.2
21,2752.6
15,2752.8
6,2753.6
0,2753.6
8,2753.9
10,2754.1
20,2754.1
1,2754.8
24,2754.9
28,2755.0
27,2755.2
18,2755.3
26,2755.3
17,2756.0
25,2756.3
16,2756.3
12,2756.5
19,2756.6
21,2756.8
2,2756.8
7,2757.2
23,2757.9
8,2758.1
4,2758.1
9,2758.6
15,2758.9
0,2758.9
1,2759.0
17,2759.2
20,2759.6
10,2759.7
18,2759.8
6,2760.0
12,2760.4
16,2760.6
27,2760.9
28,2761.4
2,2761.6
21,2761.6
24,2761.7
30,2761.9
8,2762.1
25,2762.3
17,2762.7
4,2762.8
1,2763.0
19,2763.3
29,2763.5
14,2763.5
18,2763.6
23,2763.8
12,2764.1
10,2764.1
0,2764.5
9,2764.5
6,2765.4
7,2765.5
20,2765.8
22,2766.2
3,2766.3
27,2766.3
16,2766.6
2,2766.8
17,2767.0
28,2767.6
1,2767.8
18,2767.9
24,2767.9
4,2768.0
12,2768.2
19,2768.2
8,2768.2
10,2768.4
21,2768.9
15,2769.4
14,2770.3
6,2770.3
25,2770.9
9,2771.1
0,2771.1
11,2771.4
17,2771.4
23,2771.4
7,2772.1
1,2772.6
12,2772.8
19,2773.1
29,2773.5
21,2773.7
27,2773.7
8,2774.0
18,2774.2
20,2774.4
26,2774.9
2,2775.2
10,2775.3
17,2775.7
14,2775.7
6,2775.7
25,2776.1
3,2776.4
1,2776.9
11,2777.5
4,2777.6
19,2777.6
27,2778.0
28,2778.0
12,2778.2
20,2778.7
7,2778.9
21,2779.0
16,2779.4
0,2779.6
26,2779.9
18,2780.4
22,2780.8
10,2780.9
14,2781.0
15,2781.4
13,2781.5
17,2781.6
24,2781.7
1,2782.0
25,2782.3
11,2782.4
19,2782.4
21,2782.7
28,2783.0
5,2783.3
27,2783.7
6,2783.9
9,2784.0
4,2784.0
12,2784.5
20,2784.8
3,2784.8
8,2785.3
26,2785.7
22,2785.8
31,2786.4
21,2786.6
15,2786.7
14,2787.4
0,2787.4
10,2787.6
28,2788.3
5,2788.7
19,2788.9
23,2789.3
7,2789.6
18,2789.6
1,2789.6
17,2789.7
27,2789.8
6,2790.0
11,2790.1
22,2790.2
31,2790.5
13,2790.8
4,2791.1
20,2791.4
21,2791.9
15,2792.4
12,2793.2
3,2793.7
25,2794.5
5,2794.8
2,2795.5
22,2795.8
31,2796.2
19,2796.3
26,2796.7
28,2796.9
17,2796.9
1,2797.1
27,2797.5
18,2797.7
7,2798.1
12,2798.2
20,2798.6
4,2798.9
16,2799.0
8,2799.1
6,2799.1
21,2801.0
5,2801.7
1,2802.0
31,2802.1
2,2802.1
25,2802.1
10,2802.2
22,2802.2
17,2802.6
15,2803.5
12,2803.7
14,2803.9
8,2804.6
16,2804.7
27,2805.3
1,2805.5
26,2806.3
20,2806.6
17,2806.7
25,2806.9
6,2807.2
19,2807.4
31,2807.5
22,2807.7
23,2807.8
3,2807.9
0,2808.2
1,2808.6
5,2808.7
8,2809.1
12,2809.6
16,2809.8
7,2810.0
26,2810.6
4,2810.9
6,2811.2
31,2811.2
15,2811.4
27,2811.5
17,2811.6
1,2812.1
11,2812.3
22,2812.4
2,2812.5
3,2813.0
5,2813.0
25,2813.1
31,2814.6
23,2814.7
6,2814.8
19,2814.9
26,2815.8
8,2816.1
1,2816.1
12,2816.4
20,2816.7
16,2816.7
22,2817.4
3,2817.7
5,2818.0
28,2818.3
10,2818.5
6,2818.8
15,2818.9
27,2818.9
31,2819.1
19,2819.3
17,2819.4
18,2819.5
26,2819.6
2,2819.6
4,2820.1
1,2820.2
23,2820.2
21,2820.3
12,2820.6
7,2823.2
6,2823.3
3,2823.7
28,2823.8
26,2824.0
16,2824.2
5,2824.2
15,2824.5
20,2824.5
19,2824.7
8,2825.0
1,2825.0
22,2825.4
12,2825.5
10,2825.6
25,2825.6
4,2825.7
18,2826.0
17,2826.3
21,2826.4
31,2826.5
27,2826.9
23,2827.9
6,2828.0
26,2829.5
1,2829.5
2,2829.9
16,2829.9
15,2830.7
28,2830.8
19,2830.9
9,2831.0
8,2831.2
3,2831.4
4,2831.9
12,2831.9
10,2832.0
5,2832.2
21,2832.3
17,2832.8
27,2833.0
1,2833.5
14,2833.7
13,2833.9
22,2833.9
2,2834.5
20,2835.0
6,2835.3
28,2835.3
16,2835.5
19,2835.5
26,2835.5
18,2835.7
15,2836.4
10,2837.1
23,2837.1
4,2837.7
21,2838.0
12,2838.1
1,2838.3
27,2839.3
9,2839.5
2,2840.5
28,2840.6
14,2841.1
10,2842.0
6,2842.0
4,2842.7
22,2842.7
19,2843.0
8,2843.3
12,2843.5
18,2843.6
16,2844.4
23,2844.4
29,2844.7
26,2844.7
13,2844.7
1,2844.9
17,2845.1
21,2845.3
2,2845.3
28,2845.5
5,2845.7
27,2846.2
15,2846.6
3,2846.8
31,2847.3
20,2847.4
10,2847.5
12,2847.8
4,2847.9
18,2847.9
6,2847.9
14,2848.7
22,2848.8
19,2849.1
28,2850.4
21,2850.8
2,2850.8
17,2851.0
27,2851.6
5,2851.7
23,2852.8
18,2853.0
1,2853.0
12,2854.3
22,2854.6
6,2854.8
3,2854.8
16,2855.6
20,2855.8
10,2856.0
29,2856.5
31,2856.6
19,2856.6
4,2857.0
28,2857.3
21,2857.6
5,2858.5
22,2859.0
23,2859.0
17,2859.7
2,2860.0
27,2860.3
1,2861.0
18,2861.5
9,2861.7
6,2861.9
7,2862.4
31,2863.4
22,2863.4
10,2863.4
3,2863.6
19,2863.7
23,2864.6
21,2865.2
2,2866.5
28,2866.5
8,2866.5
27,2866.6
0,2866.7
1,2866.8
25,2867.7
12,2868.1
5,2868.6
6,2868.6
10,2869.2
9,2869.4
22,2870.2
21,2870.4
19,2870.9
30,2870.9
28,2871.1
4,2871.3
18,2872.0
15,2872.4
12,2872.7
20,2872.9
6,2873.1
31,2873.9
8,2874.0
23,2874.1
0,2874.2
3,2874.2
10,2874.6
21,2874.7
28,2874.9
4,2875.4
2,2875.5
14,2875.9
25,2876.2
18,2876.4
12,2876.6
6,2877.1
1,2877.1
19,2877.6
29,2878.2
15,2878.5
27,2878.9
28,2879.1
21,2879.2
4,2879.5
10,2879.8
30,2880.4
12,2880.4
6,2880.6
14,2881.1
23,2881.3
20,2881.4
18,2881.4
7,2881.9
11,2882.0
8,2882.2
2,2882.5
17,2882.7
21,2883.1
22,2883.8
0,2883.9
3,2884.2
19,2884.3
6,2884.7
28,2884.9
4,2885.6
12,2885.7
1,2886.1
26,2886.1
25,2886.6
14,2886.6
10,2886.8
7,2886.9
21,2887.0
27,2887.5
20,2887.9
23,2888.1
18,2889.9
15,2890.0
11,2890.2
12,2890.5
6,2890.8
1,2891.4
29,2891.4
21,2891.4
7,2892.1
14,2893.2
26,2893.9
25,2893.9
20,2894.6
27,2894.7
28,2895.0
21,2895.4
23,2895.7
7,2897.0
6,2897.2
11,2897.3
1,2897.7
4,2897.7
2,2897.8
12,2898.3
19,2898.9
17,2899.0
14,2899.3
21,2899.7
7,2901.7
10,2901.7
20,2902.1
1,2902.8
12,2902.8
6,2902.9
19,2903.2
23,2904.3
21,2904.7
17,2905.1
3,2905.3
11,2906.7
7,2906.7
2,2907.1
12,2907.3
19,2907.3
6,2908.3
1,2909.1
14,2909.3
27,2909.9
26,2910.5
5,2910.9
12,2911.2
3,2911.3
22,2911.5
19,2911.9
7,2912.0
13,2912.3
21,2912.5
2,2912.7
6,2913.0
1,2914.1
26,2914.7
25,2914.9
17,2915.4
5,2915.4
27,2915.6
12,2915.8
0,2916.4
3,2917.1
4,2917.6
18,2917.6
20,2917.7
22,2917.7
6,2917.8
28,2918.2
7,2918.2
19,2918.5
21,2918.6
15,2918.8
13,2919.2
2,2919.6
27,2920.3
12,2920.3
5,2920.3
26,2920.8
1,2920.8
25,2921.6
17,2921.8
18,2922.1
21,2922.7
3,2923.0
20,2923.0
6,2923.2
4,2923.3
22,2923.4
28,2923.5
19,2924.2
0,2924.7
15,2925.0
5,2925.2
12,2925.3
27,2925.4
18,2926.7
21,2926.9
17,2928.8
20,2929.2
1,2930.0
3,2930.0
26,2930.1
27,2930.1
22,2930.1
28,2930.4
7,2930.7
25,2930.9
6,2931.8
5,2932.1
9,2932.2
4,2932.5
19,2932.8
21,2933.2
27,2933.9
12,2934.0
18,2934.6
1,2935.2
20,2935.6
2,2936.3
26,2937.0
25,2937.3
28,2937.7
15,2937.7
27,2938.7
21,2938.8
0,2938.9
30,2939.2
6,2939.3
8,2939.6
9,2940.1
10,2940.9
1,2941.6
27,2942.9
13,2943.0
28,2943.4
19,2943.8
25,2944.2
17,2944.5
2,2945.0
21,2945.1
9,2945.2
22,2945.5
20,2945.7
8,2945.8
1,2946.0
0,2946.1
18,2946.2
10,2946.4
27,2946.5
5,2948.1
30,2948.4
6,2948.8
25,2949.0
17,2949.1
19,2949.2
1,2949.7
26,2949.8
27,2949.9
8,2951.0
9,2951.1
20,2951.3
3,2951.6
18,2952.4
1,2953.1
27,2953.3
17,2953.8
28,2954.0
5,2954.1
0,2954.3
10,2954.4
26,2954.5
25,2954.5
6,2954.5
12,2954.8
21,2955.1
2,2955.2
19,2955.9
22,2956.0
29,2956.2
1,2956.7
27,2957.4
17,2957.5
30,2957.6
3,2958.0
18,2958.1
20,2958.2
8,2958.3
25,2959.1
9,2959.2
26,2959.4
28,2959.9
6,2959.9
0,2960.4
1,2960.5
21,2961.1
17,2961.7
5,2962.1
27,2962.9
22,2963.2
29,2963.4
15,2964.3
31,2964.4
6,2964.7
25,2965.5
1,2965.7
30,2966.4
26,2967.3
18,2967.3
8,2967.4
17,2967.8
28,2968.4
19,2969.2
6,2969.2
4,2969.6
20,2969.7
10,2969.8
12,2970.0
2,2970.3
21,2970.8
29,2971.3
23,2971.4
1,2971.5
27,2971.6
31,2971.9
15,2972.0
9,2972.1
14,2972.1
0,2972.3
6,2973.6
10,2974.7
18,2974.7
2,2975.2
28,2975.4
3,2975.6
4,2976.0
1,2976.6
12,2976.7
19,2977.0
7,2977.0
22,2977.1
31,2978.0
27,2978.2
5,2978.6
6,2978.7
17,2979.1
9,2979.3
25,2979.3
29,2979.6
23,2980.6
10,2980.6
8,2980.7
15,2980.7
16,2981.4
2,2981.9
4,2982.6
21,2983.2
7,2983.4
31,2984.2
14,2984.2
22,2984.6
1,2984.6
18,2985.2
17,2985.3
28,2985.9
5,2986.0
6,2986.1
7,2987.5
8,2987.5
21,2987.7
23,2987.8
16,2988.5
11,2989.0
12,2989.3
14,2990.1
4,2990.5
27,2991.4
31,2991.7
6,2992.0
21,2992.1
7,2992.3
10,2992.6
17,2992.6
19,2993.1
22,2993.9
1,2994.1
8,2994.1
25,2994.8
2,2996.1
14,2996.6
12,2997.1
11,2997.2
4,2997.4
6,2997.5
23,2997.6
5,2997.8
7,2998.2
18,2998.3
28,2998.4
29,2998.6
27,2998.7
13,2998.9
21,2999.1
26,2999.4
22,2999.7
17,2999.9
