11,86.6
26,86.7
27,86.8
10,86.8
5,86.9
12,86.9
13,87.1
24,87.2
3,87.2
28,87.3
19,87.3
14,87.7
17,87.8
29,87.9
6,88.0
7,88.0
8,88.0
20,88.0
18,88.1
4,88.2
2,88.2
25,88.5
30,88.7
11,93.1
26,93.4
27,93.5
12,93.6
10,93.7
5,93.8
13,93.9
3,94.1
19,94.2
24,94.4
28,94.5
17,97.3
18,97.5
29,97.6
14,97.6
20,97.8
7,98.0
11,98.0
8,98.3
2,98.9
12,98.9
26,98.9
6,99.0
27,99.1
5,99.2
10,99.4
13,99.6
3,99.7
30,99.9
19,99.9
24,100.8
28,100.9
4,101.5
16,102.3
11,102.8
12,103.9
25,104.1
23,104.1
26,104.2
5,104.2
27,104.6
10,105.0
13,105.0
3,105.2
19,105.4
31,105.9
9,106.3
17,106.8
29,107.0
7,107.5
28,107.9
14,108.0
24,108.1
6,108.6
12,108.8
5,109.2
26,109.3
22,110.3
27,110.4
13,110.5
10,110.7
3,110.9
19,111.2
21,111.5
11,111.7
15,112.9
0,112.9
12,113.8
5,114.3
26,114.7
11,115.9
13,116.3
27,116.8
10,117.0
8,117.0
3,117.0
19,117.5
12,119.3
5,119.8
11,120.3
26,120.6
13,122.9
11,124.8
12,125.4
5,125.7
3,126.7
26,127.6
10,128.3
11,129.7
19,131.2
5,133.7
11,135.0
12,135.3
11,140.8
11,147.5
11,166.4
26,166.6
5,166.7
27,166.7
10,166.7
12,166.8
13,166.9
3,167.0
28,167.1
24,167.1
19,167.2
14,167.5
17,167.6
7,167.7
29,167.7
6,167.7
20,167.8
8,167.8
18,167.8
4,167.9
2,168.1
25,168.3
30,168.5
11,172.8
26,173.2
27,173.3
12,173.4
5,173.5
10,173.5
13,173.7
3,173.9
19,174.0
24,174.1
28,174.2
17,176.4
7,176.7
14,176.7
29,176.7
18,177.0
20,177.2
8,177.4
11,177.5
6,177.6
2,178.5
12,178.6
26,178.6
5,178.7
27,178.8
10,179.1
30,179.1
13,179.2
3,179.4
19,179.7
24,180.4
28,180.5
4,180.6
25,181.2
16,181.7
12,183.4
5,183.5
26,183.7
27,184.0
13,184.3
10,184.4
3,184.6
23,184.8
19,184.9
7,185.1
17,185.2
29,185.6
9,186.2
14,186.5
6,186.7
31,186.7
28,187.1
24,187.3
5,188.1
12,188.1
26,188.7
22,189.3
27,189.4
13,189.4
10,189.8
3,189.9
19,190.3
21,191.3
0,191.8
5,192.8
12,192.9
26,193.7
15,194.3
8,194.6
13,194.7
27,195.1
10,195.5
3,195.6
19,196.1
5,197.7
12,198.1
26,199.2
28,199.6
11,199.6
13,200.4
27,201.5
10,201.9
3,201.9
19,202.9
5,203.1
12,203.6
11,203.9
26,205.1
13,206.9
11,208.5
5,208.9
12,209.9
26,212.8
11,213.4
27,215.2
5,216.0
3,216.2
11,218.7
13,220.5
12,223.4
10,223.4
8,223.8
11,224.0
2,224.2
26,224.3
27,226.7
24,228.7
11,228.9
26,232.4
12,232.8
5,232.9
28,232.9
18,233.1
30,233.7
11,233.7
27,235.1
11,238.5
24,242.3
11,243.4
26,244.2
5,244.9
28,245.8
10,246.7
13,246.9
27,246.9
12,247.0
3,247.0
19,247.2
14,247.5
17,247.6
29,247.7
20,247.7
7,247.7
6,247.8
4,247.9
8,247.9
2,248.2
25,248.2
11,248.5
18,249.2
24,249.3
30,250.1
26,250.7
5,251.3
28,252.7
10,253.5
27,253.6
12,253.7
13,253.7
3,253.9
19,254.0
24,255.3
26,255.8
5,256.3
17,256.6
14,256.6
7,256.6
29,256.7
20,256.9
8,257.5
6,257.7
2,258.4
28,258.4
12,258.8
27,258.9
10,259.0
13,259.1
18,259.2
3,259.4
4,259.5
19,259.6
16,259.9
25,260.1
30,260.4
26,260.6
24,261.2
5,261.2
23,261.4
31,262.6
9,263.5
12,263.5
27,264.0
28,264.0
7,264.1
13,264.1
10,264.2
3,264.5
19,264.9
17,265.0
26,265.2
29,265.3
5,265.8
14,266.0
1,266.3
6,266.6
24,267.4
0,268.0
12,268.2
13,269.0
27,269.2
10,269.5
28,269.6
26,269.7
3,269.7
15,269.8
22,269.8
5,270.2
19,270.2
21,270.7
12,272.8
13,274.1
8,274.2
26,274.3
5,274.5
27,274.5
10,275.0
3,275.2
24,275.4
28,275.9
19,275.9
12,277.8
5,279.0
26,279.2
13,279.6
27,280.3
10,281.0
3,281.3
19,282.3
12,283.1
5,283.7
26,284.5
13,285.6
27,287.0
28,288.8
5,288.9
12,289.0
10,289.4
26,290.3
3,290.5
13,293.5
5,294.6
12,296.6
26,297.0
5,301.2
27,303.5
8,303.5
26,303.6
2,303.8
10,304.2
24,306.1
12,308.3
18,309.5
5,309.5
28,309.8
30,310.1
26,310.2
27,311.5
26,318.2
5,319.8
27,322.5
28,323.1
11,343.8
11,348.2
11,353.0
26,354.9
10,355.1
27,355.5
8,355.6
2,355.9
11,358.0
11,363.1
26,366.7
11,368.5
11,374.4
11,381.5
11,631.5
26,631.7
27,631.8
10,631.8
5,631.9
12,631.9
13,632.0
24,632.2
3,632.2
28,632.3
19,632.3
14,632.6
17,632.8
29,632.8
7,632.8
8,632.9
6,633.0
20,633.0
18,633.0
4,633.1
2,633.2
25,633.4
30,633.7
11,637.9
26,638.3
27,638.5
12,638.6
10,638.6
5,638.7
13,638.9
3,639.0
19,639.2
24,639.4
28,639.5
17,642.1
29,642.3
7,642.5
14,642.5
18,642.6
20,642.7
11,642.8
8,643.0
26,643.8
12,643.8
27,643.9
6,643.9
5,644.0
2,644.0
10,644.2
13,644.5
3,644.6
30,644.8
19,644.8
24,645.7
28,645.9
4,646.3
16,647.2
12,648.7
5,649.0
26,649.0
27,649.2
25,649.3
10,649.7
13,649.8
23,650.0
3,650.0
19,650.3
17,651.4
7,651.5
29,651.5
9,651.9
14,652.6
24,652.6
31,652.6
28,652.7
6,653.1
12,653.6
5,653.8
22,653.9
26,654.2
27,654.7
13,655.0
21,655.1
10,655.2
3,655.5
15,655.8
19,656.0
0,656.3
8,657.7
12,658.5
5,658.8
26,659.7
13,660.6
27,660.7
11,660.7
10,661.1
3,661.3
19,662.1
12,663.8
5,664.0
11,664.9
26,665.5
24,666.4
13,666.6
3,668.2
27,668.3
10,668.5
11,669.3
12,669.6
5,669.7
19,672.5
26,672.6
11,674.0
13,674.8
5,676.2
12,676.7
11,679.1
11,684.6
11,690.8
11,701.0
26,711.6
10,711.7
5,711.7
27,711.7
12,711.8
11,711.8
13,711.9
3,712.0
24,712.1
19,712.1
28,712.1
14,712.5
17,712.6
6,712.7
29,712.7
7,712.7
18,712.8
20,712.8
8,712.8
4,713.0
2,713.1
25,713.3
30,713.5
11,718.1
26,718.2
27,718.3
5,718.4
12,718.4
10,718.5
13,718.7
3,718.9
19,719.0
24,719.1
28,719.2
17,721.4
29,721.7
7,721.7
14,721.8
18,722.0
20,722.2
8,722.2
6,722.6
11,722.8
2,723.4
12,723.5
26,723.5
5,723.6
27,723.7
10,724.0
30,724.1
13,724.1
3,724.3
19,724.6
24,725.4
28,725.4
4,725.8
25,726.2
16,726.8
5,728.3
12,728.3
26,728.5
27,728.8
13,729.2
10,729.3
3,729.5
19,729.8
7,730.1
17,730.1
29,730.6
9,730.8
14,731.5
6,731.5
31,731.7
24,732.0
28,732.0
5,733.0
12,733.0
22,733.2
26,733.5
27,734.1
13,734.2
10,734.6
21,734.7
3,734.7
15,735.1
19,735.2
0,736.8
5,737.6
12,737.7
26,738.7
13,739.4
27,739.6
10,740.2
3,740.3
19,740.9
5,742.4
12,742.8
28,743.5
26,744.2
11,744.8
13,744.9
24,745.5
27,745.7
3,746.4
10,746.5
19,747.4
5,747.7
12,748.3
11,749.0
26,750.2
13,751.0
5,753.4
11,753.4
12,754.5
27,754.8
3,757.0
11,758.1
26,758.4
10,759.8
13,759.8
5,760.0
11,763.3
12,765.4
8,768.2
11,768.4
2,768.6
26,768.9
27,769.8
10,770.3
11,773.1
24,773.5
12,776.1
26,776.8
5,777.3
28,777.5
27,777.6
18,777.7
11,777.9
30,778.3
11,782.6
11,787.5
26,787.7
27,788.2
5,788.8
28,790.3
10,791.7
12,791.9
13,791.9
11,791.9
3,792.0
19,792.2
24,792.3
14,792.5
17,792.7
29,792.7
20,792.7
7,792.7
8,792.9
6,792.9
4,792.9
2,793.2
25,793.2
18,794.1
26,794.2
27,794.6
30,795.0
5,795.1
28,797.0
10,798.5
12,798.5
13,798.7
3,798.9
19,799.0
26,799.3
24,799.4
27,799.7
5,800.3
14,801.7
7,801.7
29,801.7
17,801.7
20,801.9
8,802.4
28,802.6
6,802.8
2,803.5
12,803.6
10,803.9
18,804.0
13,804.0
26,804.2
3,804.3
4,804.5
27,804.5
19,804.6
16,804.9
25,805.2
30,805.3
5,805.3
24,805.7
23,806.2
9,808.0
28,808.1
12,808.3
26,808.8
13,809.0
10,809.0
31,809.1
7,809.1
27,809.1
3,809.4
19,809.8
17,810.2
29,810.3
1,811.1
14,811.2
6,812.0
24,812.3
0,812.8
12,812.9
22,812.9
26,813.1
27,813.6
28,813.7
13,813.8
15,814.0
10,814.1
21,814.2
3,814.6
19,815.1
26,817.4
12,817.5
27,818.3
5,818.4
13,818.9
10,819.5
28,819.6
3,820.0
19,820.7
26,821.9
12,822.3
5,822.7
24,823.2
27,823.3
13,824.3
10,825.3
3,826.0
26,826.7
19,826.9
28,826.9
5,827.2
12,827.5
27,828.7
13,830.1
5,832.0
26,832.0
10,832.1
12,833.3
3,834.0
27,834.8
13,837.1
5,837.4
26,837.8
19,840.1
12,840.1
27,843.2
5,843.2
26,844.6
8,848.4
10,848.5
2,848.8
27,850.7
5,850.8
26,850.9
24,851.1
12,852.6
28,854.3
18,854.5
30,855.1
26,857.3
27,858.2
5,858.3
24,864.5
26,865.6
28,866.7
5,869.5
27,870.3
10,871.7
12,871.8
13,871.9
3,872.1
26,872.1
19,872.2
14,872.5
20,872.7
17,872.7
29,872.8
6,872.8
7,872.8
8,872.9
4,873.0
25,873.2
24,873.2
2,873.3
18,873.5
28,873.6
30,874.1
5,875.9
27,876.8
26,877.9
12,878.4
10,878.5
13,878.7
3,878.9
19,879.0
28,879.7
24,880.0
5,880.7
17,881.5
14,881.7
7,881.8
29,881.9
20,881.9
27,881.9
8,882.5
26,882.9
6,882.9
18,883.1
12,883.5
2,883.7
10,883.9
13,884.1
30,884.2
3,884.3
19,884.6
25,885.2
16,885.2
4,885.4
28,885.6
5,885.7
24,886.2
23,886.4
27,886.6
26,887.5
12,888.2
10,889.0
13,889.1
7,889.4
3,889.4
19,889.8
9,889.9
17,890.4
29,890.7
14,891.2
27,891.2
28,891.4
26,892.1
6,892.4
24,892.7
12,892.8
13,894.0
22,894.0
10,894.1
3,894.6
19,895.1
27,895.9
26,896.8
12,897.4
0,897.5
28,897.7
5,898.8
13,899.1
10,899.5
3,900.0
27,900.8
19,900.8
26,901.7
12,902.2
5,903.1
24,904.0
13,904.5
10,905.2
3,905.9
27,906.2
26,906.9
19,907.1
12,907.5
5,907.6
28,909.8
13,910.5
10,912.0
27,912.0
5,912.5
26,912.7
12,913.3
3,913.5
5,917.9
13,918.4
27,919.1
26,919.4
12,920.2
5,923.9
26,928.2
10,928.3
8,928.4
2,928.7
27,929.3
24,931.1
5,932.3
12,932.6
28,934.1
18,934.2
30,934.9
26,935.9
27,937.3
5,940.8
24,944.6
28,946.6
26,946.7
27,949.3
11,978.3
26,979.1
10,979.3
27,979.5
8,979.8
2,980.1
11,982.6
11,986.8
26,990.5
11,991.1
11,995.7
11,1000.8
11,1006.3
11,1012.7
11,1256.5
26,1256.6
10,1256.8
27,1256.8
5,1256.9
12,1256.9
13,1257.0
3,1257.2
24,1257.2
19,1257.3
28,1257.3
14,1257.6
17,1257.8
7,1257.8
29,1257.8
8,1257.9
6,1258.0
18,1258.0
20,1258.0
4,1258.1
2,1258.2
25,1258.4
30,1258.7
11,1262.9
26,1263.3
27,1263.4
12,1263.5
10,1263.6
5,1263.6
13,1263.8
3,1264.0
19,1264.2
24,1264.3
28,1264.5
17,1267.1
29,1267.3
14,1267.5
7,1267.5
18,1267.6
20,1267.7
11,1267.7
8,1268.1
26,1268.6
12,1268.7
27,1268.8
5,1268.9
6,1268.9
2,1269.0
10,1269.1
13,1269.3
3,1269.5
30,1269.8
19,1269.8
24,1270.6
28,1270.8
4,1271.4
16,1272.1
12,1273.5
26,1273.7
5,1273.9
27,1274.0
25,1274.3
13,1274.5
10,1274.5
23,1274.8
3,1274.8
19,1275.2
7,1276.4
9,1276.4
17,1276.4
29,1276.5
31,1277.1
24,1277.3
28,1277.4
14,1277.4
6,1277.8
12,1278.3
22,1278.4
5,1278.6
26,1278.8
27,1279.4
21,1279.7
13,1279.7
10,1279.9
15,1280.0
3,1280.2
19,1280.8
0,1280.8
8,1283.1
12,1283.1
5,1283.4
26,1284.0
27,1285.1
13,1285.1
10,1285.6
3,1285.9
19,1286.7
12,1288.1
5,1288.4
26,1289.6
28,1289.7
13,1290.9
24,1290.9
27,1291.6
10,1292.1
3,1292.2
12,1293.7
11,1293.9
5,1293.9
19,1294.6
26,1295.9
13,1297.6
11,1298.3
12,1299.9
5,1300.0
11,1303.0
11,1308.1
26,1308.4
5,1309.2
12,1313.7
11,1313.7
11,1320.1
11,1332.7
26,1336.5
10,1336.6
5,1336.7
27,1336.7
12,1336.8
13,1336.9
3,1337.0
24,1337.1
19,1337.1
28,1337.2
14,1337.5
17,1337.6
7,1337.7
29,1337.7
6,1337.7
8,1337.8
20,1337.8
18,1337.9
4,1338.0
2,1338.1
25,1338.3
30,1338.6
11,1339.0
26,1343.1
27,1343.3
12,1343.4
5,1343.4
10,1343.4
13,1343.7
3,1343.8
19,1344.0
24,1344.1
11,1344.1
28,1344.3
17,1346.3
14,1346.7
7,1346.7
29,1346.7
18,1347.1
8,1347.2
20,1347.2
6,1347.6
12,1348.4
2,1348.4
26,1348.4
5,1348.5
27,1348.5
10,1348.9
30,1349.0
13,1349.1
3,1349.2
19,1349.5
24,1350.3
28,1350.4
4,1350.8
25,1351.2
16,1351.8
12,1353.1
26,1353.3
5,1353.3
27,1353.6
13,1354.0
10,1354.0
23,1354.3
3,1354.3
19,1354.7
9,1354.9
17,1355.0
7,1355.1
29,1355.7
31,1356.3
6,1356.4
14,1356.4
24,1356.9
28,1356.9
22,1357.7
12,1357.8
5,1357.8
26,1358.2
27,1358.8
13,1358.9
10,1359.1
21,1359.2
3,1359.5
15,1359.9
19,1360.0
0,1360.7
12,1362.4
5,1362.4
26,1363.1
13,1364.0
27,1364.2
10,1364.6
3,1364.9
19,1365.5
5,1367.0
12,1367.3
28,1367.6
26,1368.3
24,1369.4
13,1369.5
27,1370.0
10,1370.4
3,1370.8
19,1371.7
5,1372.0
12,1372.6
26,1374.0
13,1375.3
27,1376.9
5,1377.4
10,1377.6
12,1378.4
3,1378.8
26,1380.3
13,1382.1
19,1383.1
5,1383.4
12,1385.6
11,1390.1
5,1391.8
26,1391.9
8,1393.3
10,1393.4
27,1393.5
2,1393.6
11,1394.7
24,1398.5
26,1399.2
12,1399.9
27,1400.9
28,1402.5
18,1402.7
30,1403.3
5,1403.4
26,1407.0
27,1408.9
24,1411.9
28,1415.0
5,1415.6
11,1415.9
10,1416.7
12,1416.8
13,1416.9
26,1416.9
3,1417.0
19,1417.1
27,1417.1
14,1417.4
17,1417.6
20,1417.7
7,1417.7
29,1417.7
8,1417.9
6,1417.9
4,1418.0
2,1418.2
25,1418.2
24,1418.8
18,1419.1
30,1420.0
28,1421.7
5,1422.1
12,1423.4
10,1423.4
27,1423.4
26,1423.5
13,1423.7
3,1423.8
19,1424.0
24,1424.9
14,1426.5
17,1426.6
29,1426.7
7,1426.7
20,1426.9
5,1426.9
28,1427.3
8,1427.5
6,1427.8
12,1428.4
2,1428.5
27,1428.6
26,1428.6
10,1428.8
13,1428.9
18,1429.0
3,1429.2
19,1429.5
4,1430.0
16,1430.0
25,1430.2
30,1430.3
24,1430.7
23,1431.1
5,1431.8
28,1432.8
12,1433.1
26,1433.3
9,1433.4
27,1433.5
13,1433.8
10,1433.8
31,1434.0
7,1434.1
3,1434.2
19,1434.6
17,1435.2
29,1435.4
14,1435.5
1,1436.2
5,1436.5
24,1436.6
6,1436.9
12,1437.6
22,1437.6
26,1438.0
15,1438.1
27,1438.3
28,1438.3
13,1438.5
10,1438.7
0,1438.7
21,1438.8
3,1439.3
19,1439.7
5,1440.7
12,1442.1
26,1442.6
24,1443.2
27,1443.4
13,1443.4
10,1443.9
28,1444.2
3,1444.6
5,1444.9
8,1444.9
19,1445.2
12,1446.8
26,1447.6
13,1448.5
27,1448.8
5,1449.3
10,1449.4
3,1450.3
19,1451.1
28,1451.4
12,1451.9
26,1452.9
5,1454.0
13,1454.1
27,1454.7
10,1455.5
3,1456.9
24,1457.3
12,1457.5
26,1458.7
19,1459.1
5,1459.1
13,1460.2
27,1461.7
12,1463.8
5,1464.8
10,1465.6
26,1465.6
13,1469.3
5,1471.2
26,1473.3
8,1473.4
2,1473.8
27,1474.3
10,1474.8
12,1476.1
24,1476.5
5,1479.2
28,1479.3
18,1479.5
30,1480.1
26,1480.5
27,1482.3
5,1488.8
26,1489.7
24,1489.8
28,1491.4
27,1493.6
10,1496.7
12,1496.8
13,1496.9
26,1497.0
3,1497.0
19,1497.2
5,1497.3
14,1497.5
17,1497.7
20,1497.7
7,1497.8
29,1497.8
8,1497.9
6,1497.9
4,1498.0
24,1498.1
2,1498.2
25,1498.2
28,1498.3
18,1498.5
30,1499.1
27,1500.0
26,1503.1
12,1503.4
10,1503.4
13,1503.7
5,1503.7
3,1503.8
19,1504.0
28,1504.5
24,1504.8
27,1504.9
17,1506.5
14,1506.7
29,1506.9
7,1506.9
20,1507.0
8,1507.4
6,1507.8
18,1508.1
26,1508.2
12,1508.4
5,1508.7
2,1508.7
10,1508.8
13,1509.0
3,1509.2
30,1509.3
19,1509.5
4,1509.5
27,1509.6
25,1510.2
28,1510.4
16,1510.4
24,1510.9
23,1511.3
26,1512.9
12,1513.1
5,1513.5
10,1513.8
13,1513.9
27,1514.1
3,1514.2
7,1514.4
19,1514.6
9,1515.2
17,1515.6
29,1515.7
14,1516.0
28,1516.1
6,1517.1
24,1517.1
26,1517.5
12,1517.6
5,1517.9
27,1518.6
10,1518.7
13,1518.7
22,1518.9
3,1519.2
19,1519.8
26,1522.1
12,1522.1
0,1522.2
5,1522.3
28,1522.4
27,1523.1
13,1523.6
10,1523.8
3,1524.5
19,1525.4
24,1525.9
5,1526.7
12,1526.8
26,1527.1
27,1527.8
13,1528.8
10,1529.4
3,1530.2
19,1531.4
5,1531.5
12,1531.9
26,1532.4
27,1533.0
28,1533.2
13,1534.4
10,1535.5
5,1536.6
3,1536.7
12,1537.5
26,1538.2
27,1538.6
13,1540.7
19,1540.9
5,1542.2
12,1543.8
27,1545.0
26,1545.2
10,1545.8
5,1548.6
26,1553.2
13,1553.2
8,1553.3
27,1553.3
2,1553.7
10,1554.7
24,1556.1
12,1556.7
5,1558.8
28,1559.0
18,1559.2
30,1559.8
27,1560.5
26,1560.6
27,1568.7
24,1569.3
5,1569.3
26,1570.0
28,1571.3
11,1598.4
11,1602.7
26,1604.1
10,1604.2
27,1604.5
8,1604.8
2,1605.1
11,1607.5
11,1612.2
26,1615.3
11,1617.1
11,1622.5
11,1628.3
11,1635.7
11,1881.5
26,1881.6
27,1881.7
10,1881.8
5,1881.8
12,1881.8
13,1882.0
3,1882.1
24,1882.2
28,1882.2
19,1882.3
14,1882.6
17,1882.8
7,1882.8
29,1882.8
8,1882.9
20,1883.0
6,1883.0
18,1883.1
4,1883.1
2,1883.2
25,1883.4
30,1883.7
11,1887.8
26,1888.2
27,1888.4
10,1888.5
12,1888.5
5,1888.6
13,1888.8
3,1889.0
19,1889.1
24,1889.3
28,1889.4
17,1892.1
29,1892.3
14,1892.5
7,1892.5
18,1892.6
11,1892.7
20,1892.7
8,1893.1
26,1893.5
12,1893.5
27,1893.7
5,1893.8
6,1893.9
10,1894.0
2,1894.0
13,1894.3
3,1894.4
19,1894.7
30,1894.9
24,1895.5
28,1895.7
4,1896.3
16,1897.0
12,1898.3
26,1898.4
5,1898.7
27,1898.8
25,1899.2
10,1899.3
13,1899.4
23,1899.5
3,1899.7
19,1900.1
9,1900.4
7,1901.3
17,1901.4
29,1901.5
31,1901.7
24,1902.1
28,1902.2
14,1902.3
6,1902.7
12,1903.0
22,1903.1
26,1903.3
5,1903.3
27,1904.0
13,1904.4
21,1904.4
10,1904.6
15,1904.8
3,1904.9
0,1905.4
19,1905.5
12,1907.6
5,1908.0
26,1908.3
27,1909.5
13,1909.7
10,1910.0
3,1910.5
19,1911.3
12,1912.5
24,1912.8
5,1912.8
26,1913.6
28,1913.6
13,1915.2
27,1915.5
10,1916.1
3,1916.5
12,1917.9
19,1918.0
5,1918.1
26,1919.4
13,1921.3
11,1922.9
27,1923.6
12,1923.7
5,1923.8
10,1924.7
26,1926.3
3,1926.6
11,1927.3
13,1930.5
5,1930.6
12,1931.5
11,1932.0
11,1937.1
11,1942.8
11,1949.2
11,1961.2
26,1961.5
10,1961.6
27,1961.6
5,1961.7
12,1961.7
13,1961.8
3,1962.0
24,1962.1
19,1962.1
28,1962.1
14,1962.5
17,1962.6
7,1962.7
6,1962.7
29,1962.7
20,1962.8
8,1962.8
18,1962.9
4,1962.9
2,1963.1
25,1963.3
30,1963.5
11,1967.4
26,1968.1
27,1968.2
10,1968.3
12,1968.3
5,1968.4
13,1968.6
3,1968.8
19,1968.9
24,1969.1
28,1969.2
17,1971.3
7,1971.7
29,1971.7
14,1971.7
18,1972.1
20,1972.2
11,1972.2
8,1972.2
6,1972.6
12,1973.2
26,1973.2
5,1973.4
2,1973.4
27,1973.4
10,1973.7
30,1973.9
13,1973.9
3,1974.2
19,1974.4
24,1975.2
28,1975.3
4,1975.8
25,1976.3
16,1976.7
12,1977.9
26,1978.0
5,1978.1
27,1978.3
13,1978.7
10,1978.7
3,1979.2
23,1979.2
19,1979.5
9,1979.5
17,1980.0
7,1980.1
29,1980.7
31,1981.0
14,1981.1
6,1981.3
24,1981.6
28,1981.7
22,1982.5
12,1982.5
5,1982.7
26,1982.8
27,1983.3
13,1983.5
10,1983.7
21,1984.0
3,1984.3
19,1984.6
15,1984.7
0,1985.2
12,1987.0
5,1987.1
26,1987.5
13,1988.5
27,1988.6
10,1988.9
8,1989.6
3,1989.6
19,1990.1
28,1991.2
5,1991.6
12,1991.7
26,1992.5
24,1992.5
13,1993.7
27,1994.2
10,1994.5
3,1995.4
19,1996.0
5,1996.4
12,1996.8
26,1998.0
13,1999.3
27,2000.4
10,2000.6
5,2001.6
12,2002.3
3,2002.4
26,2003.9
19,2004.1
13,2005.5
11,2006.4
5,2007.3
12,2008.7
11,2010.7
10,2011.2
26,2011.5
27,2011.5
5,2013.8
11,2015.3
13,2016.4
8,2018.2
26,2018.4
2,2018.6
10,2019.6
11,2020.1
27,2020.5
24,2023.5
12,2023.9
11,2024.9
26,2025.0
28,2027.5
5,2027.5
18,2027.7
27,2027.8
30,2028.3
11,2029.4
26,2032.0
10,2033.1
11,2033.8
27,2036.8
24,2036.9
11,2038.2
5,2038.5
28,2039.7
12,2041.7
26,2041.7
13,2041.8
3,2042.0
19,2042.1
10,2042.3
14,2042.5
17,2042.6
7,2042.7
20,2042.7
29,2042.7
6,2042.8
8,2042.9
4,2043.0
27,2043.0
2,2043.2
25,2043.2
24,2043.8
18,2044.1
5,2044.9
30,2045.0
28,2046.4
26,2048.1
27,2048.2
12,2048.3
13,2048.6
3,2048.8
19,2048.9
10,2048.9
24,2049.8
5,2049.9
14,2051.6
29,2051.7
7,2051.7
17,2051.7
20,2051.9
28,2051.9
8,2052.4
6,2052.7
27,2053.0
12,2053.2
26,2053.2
2,2053.4
13,2053.8
18,2054.0
3,2054.1
10,2054.2
19,2054.3
16,2054.9
4,2055.1
25,2055.1
30,2055.2
24,2055.7
23,2056.0
28,2057.5
27,2057.6
26,2057.8
12,2057.9
9,2058.1
13,2058.6
31,2058.9
7,2059.0
3,2059.1
10,2059.2
19,2059.4
17,2060.1
29,2060.4
1,2060.5
14,2060.5
24,2061.5
27,2061.9
6,2061.9
26,2062.4
12,2062.4
22,2062.7
15,2062.9
28,2063.1
13,2063.3
21,2063.6
3,2064.0
10,2064.1
0,2064.3
19,2064.4
27,2066.2
12,2066.8
26,2067.0
24,2067.9
13,2068.0
8,2068.3
28,2069.0
3,2069.1
10,2069.3
19,2069.7
27,2070.7
12,2071.4
26,2071.8
7,2072.7
13,2073.0
3,2074.7
10,2074.8
27,2075.4
19,2075.5
12,2076.2
5,2076.3
28,2076.5
26,2076.9
13,2078.3
24,2080.2
5,2080.4
27,2080.6
3,2080.8
10,2081.0
12,2081.6
19,2082.2
26,2082.6
13,2084.1
5,2085.0
27,2086.2
12,2087.5
26,2088.9
5,2090.0
13,2091.1
10,2091.1
27,2092.6
3,2092.7
12,2095.4
5,2095.5
26,2097.8
8,2098.5
2,2098.8
27,2099.3
10,2099.7
24,2101.2
5,2101.6
12,2103.1
28,2104.3
18,2104.5
30,2105.1
26,2105.2
27,2105.8
5,2108.0
27,2113.0
26,2113.9
24,2114.1
5,2115.3
12,2115.6
28,2116.3
10,2121.7
13,2121.9
27,2121.9
3,2122.0
26,2122.0
5,2122.1
19,2122.1
12,2122.2
14,2122.6
17,2122.7
20,2122.8
6,2122.8
29,2122.8
7,2122.8
8,2123.0
4,2123.0
24,2123.1
25,2123.2
2,2123.2
28,2123.2
18,2123.5
30,2124.1
12,2127.9
5,2128.1
27,2128.3
26,2128.3
10,2128.4
13,2128.7
3,2128.8
19,2129.0
28,2129.4
24,2129.8
17,2131.5
14,2131.8
29,2131.9
7,2131.9
20,2132.0
8,2132.5
12,2132.8
6,2132.8
5,2133.0
18,2133.1
27,2133.3
26,2133.3
2,2133.6
10,2133.6
13,2133.9
3,2134.1
30,2134.2
19,2134.4
4,2134.5
28,2135.2
25,2135.2
16,2135.3
24,2135.9
23,2136.1
12,2137.5
5,2137.8
26,2138.0
27,2138.1
10,2138.6
13,2138.7
3,2139.1
7,2139.4
19,2139.5
31,2139.6
9,2139.9
17,2140.5
29,2140.7
28,2140.9
14,2141.2
12,2142.0
6,2142.1
24,2142.2
26,2142.5
27,2142.9
10,2143.4
13,2143.4
22,2143.5
3,2144.0
19,2144.6
15,2144.9
1,2145.1
12,2146.2
5,2146.5
0,2146.7
28,2147.0
26,2147.1
27,2147.7
13,2148.2
10,2148.4
3,2149.2
19,2150.0
12,2150.5
24,2150.6
5,2150.7
26,2152.0
27,2152.9
13,2153.2
10,2153.8
3,2154.7
5,2155.1
12,2155.1
28,2155.6
19,2155.9
26,2157.3
27,2158.4
13,2158.8
10,2159.7
5,2159.8
12,2160.0
3,2160.9
26,2163.0
19,2163.4
27,2164.7
13,2164.8
5,2165.0
12,2165.5
10,2167.1
26,2169.6
5,2170.7
12,2171.7
13,2173.9
3,2174.3
27,2175.5
5,2177.2
26,2178.0
8,2178.3
2,2178.7
10,2179.1
12,2181.0
24,2181.0
27,2182.4
5,2183.9
28,2184.0
18,2184.2
30,2184.8
26,2185.3
27,2189.0
5,2192.0
12,2193.5
24,2193.7
26,2194.2
28,2196.0
27,2198.4
11,2223.2
11,2227.6
26,2229.1
10,2229.2
27,2229.4
8,2229.8
2,2230.1
11,2232.3
11,2236.9
26,2240.0
11,2241.8
11,2247.1
11,2252.9
11,2259.8
11,2506.4
26,2506.6
10,2506.7
27,2506.7
12,2506.8
5,2506.8
13,2507.0
3,2507.1
28,2507.2
24,2507.2
19,2507.2
14,2507.6
7,2507.8
29,2507.8
17,2507.8
8,2507.9
6,2508.0
20,2508.0
4,2508.1
18,2508.1
2,2508.2
25,2508.4
30,2508.7
11,2512.8
26,2513.2
27,2513.3
12,2513.4
10,2513.4
5,2513.5
13,2513.8
3,2513.9
19,2514.1
24,2514.3
28,2514.4
17,2517.1
29,2517.3
7,2517.5
14,2517.5
11,2517.6
18,2517.6
20,2517.8
8,2518.1
26,2518.4
12,2518.4
27,2518.5
5,2518.6
6,2518.9
10,2518.9
2,2519.0
13,2519.2
3,2519.3
19,2519.6
30,2519.8
24,2520.5
28,2520.6
4,2521.4
16,2521.9
12,2523.2
26,2523.2
5,2523.5
27,2523.5
10,2524.0
25,2524.1
13,2524.2
23,2524.4
3,2524.5
19,2524.9
9,2525.2
7,2526.3
17,2526.4
29,2526.5
31,2526.6
28,2526.9
24,2526.9
14,2527.3
6,2527.6
12,2527.7
22,2528.0
26,2528.0
5,2528.1
27,2528.6
10,2529.1
21,2529.2
13,2529.2
3,2529.6
15,2529.6
0,2530.2
19,2530.2
1,2530.5
12,2532.3
5,2532.6
26,2532.8
27,2533.9
13,2534.3
10,2534.4
3,2535.0
19,2535.8
12,2536.9
28,2537.0
24,2537.2
5,2537.3
26,2538.0
27,2539.7
13,2539.7
10,2540.1
3,2540.9
19,2541.9
12,2542.0
5,2542.4
26,2543.6
13,2545.6
27,2546.5
10,2546.5
12,2547.6
5,2547.9
3,2548.3
26,2549.8
11,2551.9
13,2552.6
19,2553.0
5,2554.0
12,2554.0
11,2556.3
11,2561.0
26,2561.9
5,2564.1
11,2566.2
11,2571.8
11,2578.3
11,2586.4
26,2586.4
10,2586.6
27,2586.6
12,2586.7
5,2586.7
13,2586.8
3,2587.0
24,2587.1
19,2587.1
28,2587.1
14,2587.5
29,2587.7
6,2587.7
7,2587.7
17,2587.7
8,2587.8
20,2587.8
18,2587.9
4,2588.0
2,2588.1
25,2588.3
30,2588.6
11,2592.4
26,2593.0
27,2593.2
10,2593.3
5,2593.3
12,2593.3
13,2593.5
3,2593.7
19,2593.9
24,2594.0
28,2594.2
17,2596.4
29,2596.7
14,2596.7
7,2596.7
18,2597.1
11,2597.2
8,2597.2
20,2597.2
6,2597.6
26,2598.1
12,2598.1
27,2598.3
2,2598.3
5,2598.3
10,2598.6
13,2598.7
30,2599.1
3,2599.1
19,2599.3
24,2600.1
28,2600.2
4,2600.9
25,2601.3
16,2601.7
26,2602.8
12,2602.8
5,2603.0
27,2603.1
10,2603.5
13,2603.6
3,2604.1
23,2604.2
19,2604.3
9,2604.4
17,2605.0
7,2605.1
29,2605.7
31,2605.9
14,2606.1
6,2606.3
28,2606.5
24,2606.5
22,2607.4
12,2607.4
26,2607.5
5,2607.6
27,2608.0
13,2608.3
10,2608.4
21,2608.9
3,2609.1
19,2609.4
15,2609.5
0,2609.9
12,2611.8
5,2611.9
26,2612.1
27,2613.1
13,2613.1
8,2613.3
10,2613.5
3,2614.3
28,2614.5
19,2614.7
5,2616.3
12,2616.3
24,2616.4
26,2617.0
13,2618.1
27,2618.5
10,2618.9
3,2620.0
19,2620.5
5,2621.0
12,2621.2
26,2622.3
13,2623.6
27,2624.4
10,2624.9
5,2626.0
3,2626.5
12,2626.6
19,2627.4
26,2628.0
13,2629.6
5,2631.5
27,2631.9
12,2632.6
10,2632.7
26,2634.7
11,2635.5
13,2637.5
5,2637.5
11,2639.8
12,2641.2
26,2642.9
8,2643.3
2,2643.6
10,2644.2
27,2644.4
11,2644.5
5,2647.1
24,2648.4
26,2649.9
12,2650.3
27,2651.8
28,2652.5
18,2652.7
30,2653.3
5,2654.5
26,2657.4
27,2660.0
24,2661.3
11,2662.1
5,2663.0
28,2664.6
11,2666.1
10,2666.6
12,2666.7
13,2666.8
26,2666.8
27,2667.0
3,2667.0
19,2667.1
14,2667.5
17,2667.6
7,2667.7
29,2667.7
20,2667.8
6,2667.9
8,2667.9
4,2668.0
24,2668.2
2,2668.2
25,2668.2
18,2669.1
5,2669.3
30,2670.0
28,2671.2
27,2673.0
26,2673.2
10,2673.3
12,2673.3
13,2673.6
3,2673.8
19,2673.9
5,2674.3
24,2674.4
14,2676.6
29,2676.7
17,2676.7
7,2676.7
28,2676.8
20,2677.0
8,2677.4
6,2677.8
27,2678.0
12,2678.1
26,2678.2
2,2678.5
10,2678.5
13,2678.7
3,2679.0
18,2679.0
19,2679.3
25,2680.0
16,2680.0
30,2680.2
24,2680.3
4,2680.3
23,2681.1
28,2682.3
27,2682.7
12,2682.8
26,2682.8
9,2683.3
10,2683.4
13,2683.5
31,2683.7
3,2684.0
7,2684.1
19,2684.3
17,2685.2
29,2685.5
14,2685.6
1,2685.9
24,2686.2
6,2686.9
22,2687.1
27,2687.2
12,2687.3
26,2687.4
0,2687.5
15,2687.8
28,2687.9
13,2688.1
10,2688.1
21,2688.5
3,2688.9
19,2689.2
12,2691.6
27,2691.9
26,2691.9
24,2692.6
13,2692.8
10,2693.0
28,2693.7
3,2693.9
19,2694.5
12,2696.1
26,2696.5
27,2696.7
7,2697.5
13,2697.6
10,2698.2
3,2699.3
19,2700.1
12,2700.7
28,2700.8
26,2701.5
27,2702.0
13,2702.9
10,2703.9
24,2704.2
3,2705.2
12,2705.8
19,2706.6
26,2707.0
27,2707.8
13,2708.5
5,2708.7
10,2710.4
12,2711.5
26,2713.0
5,2713.1
3,2713.8
27,2714.3
13,2715.0
5,2717.9
12,2718.0
26,2721.5
5,2723.3
10,2723.4
8,2723.5
27,2723.6
2,2723.8
24,2726.1
12,2726.9
26,2728.3
5,2728.7
28,2729.3
18,2729.5
30,2730.1
27,2730.9
5,2734.5
26,2735.3
24,2738.5
27,2739.3
12,2740.1
5,2740.6
28,2741.2
26,2746.4
10,2746.7
5,2746.8
13,2746.9
3,2747.0
27,2747.0
12,2747.1
19,2747.1
14,2747.5
20,2747.7
7,2747.8
29,2747.8
17,2747.8
6,2747.9
8,2747.9
24,2748.1
4,2748.1
28,2748.1
25,2748.2
2,2748.3
18,2748.4
30,2749.1
5,2752.6
26,2752.9
12,2753.1
27,2753.2
10,2753.4
13,2753.6
3,2753.8
19,2753.9
28,2754.4
24,2755.0
17,2756.6
14,2756.7
29,2756.9
7,2756.9
20,2756.9
5,2757.3
8,2757.5
6,2757.8
26,2757.9
18,2757.9
12,2757.9
27,2758.2
10,2758.5
2,2758.7
13,2758.8
3,2759.0
30,2759.2
19,2759.3
4,2759.6
28,2760.2
25,2760.2
16,2760.3
24,2761.0
23,2761.3
26,2762.5
12,2762.6
27,2762.9
10,2763.4
13,2763.6
3,2763.9
31,2764.3
19,2764.3
7,2764.4
9,2764.7
17,2765.6
29,2765.7
28,2765.9
14,2766.0
26,2767.0
6,2767.1
12,2767.1
24,2767.2
27,2767.5
10,2768.2
13,2768.2
22,2768.3
3,2768.8
19,2769.4
15,2769.8
12,2771.4
26,2771.6
0,2771.6
28,2771.9
27,2772.2
13,2772.9
10,2773.1
3,2773.8
19,2774.7
5,2775.2
24,2775.4
12,2775.7
26,2776.3
27,2777.1
13,2777.9
10,2778.3
3,2779.2
5,2779.3
28,2779.9
12,2780.2
19,2780.4
26,2781.3
27,2782.5
13,2783.3
5,2783.7
10,2784.0
12,2785.1
3,2785.2
26,2786.8
19,2787.2
27,2788.4
5,2788.5
13,2789.2
12,2790.5
10,2790.6
26,2792.9
5,2793.7
3,2794.1
27,2795.6
12,2796.6
13,2796.7
5,2799.5
26,2801.8
8,2803.3
10,2803.5
2,2803.7
27,2804.0
12,2805.6
24,2806.0
5,2806.5
26,2808.8
28,2809.0
18,2809.2
30,2809.8
27,2811.2
5,2813.6
26,2816.1
12,2817.2
24,2818.6
27,2819.8
28,2821.0
5,2823.5
11,2848.3
11,2852.5
26,2854.0
10,2854.1
27,2854.4
8,2854.8
2,2855.1
11,2857.2
11,2861.8
26,2864.5
11,2866.6
11,2871.8
11,2877.4
11,2883.9
11,3131.4
26,3131.6
27,3131.7
10,3131.7
12,3131.8
5,3131.8
13,3132.0
3,3132.1
24,3132.1
28,3132.2
19,3132.2
14,3132.6
7,3132.8
29,3132.8
17,3132.8
8,3132.9
20,3133.0
6,3133.0
4,3133.1
18,3133.1
2,3133.2
25,3133.4
30,3133.7
11,3137.7
26,3138.1
27,3138.3
12,3138.4
10,3138.4
5,3138.5
13,3138.7
3,3138.9
19,3139.0
24,3139.2
28,3139.3
17,3142.1
29,3142.3
7,3142.5
14,3142.5
18,3142.6
11,3142.6
20,3142.8
8,3143.1
12,3143.3
26,3143.3
27,3143.4
5,3143.5
10,3143.8
6,3143.9
2,3144.0
13,3144.1
3,3144.3
19,3144.5
30,3144.8
24,3145.3
28,3145.5
4,3146.3
16,3146.9
12,3148.0
26,3148.1
27,3148.3
5,3148.4
10,3148.8
13,3149.1
25,3149.1
23,3149.3
3,3149.4
19,3149.7
9,3150.2
31,3151.3
7,3151.3
17,3151.4
29,3151.5
24,3151.7
28,3151.7
14,3152.2
12,3152.6
6,3152.6
26,3152.8
22,3152.8
5,3152.9
27,3153.3
10,3153.8
13,3154.0
21,3154.2
3,3154.4
15,3154.6
19,3154.9
0,3155.0
1,3155.1
12,3157.0
5,3157.4
26,3157.4
27,3158.5
10,3159.0
13,3159.0
3,3159.7
19,3160.4
28,3160.8
24,3161.3
12,3161.5
5,3162.0
26,3162.4
27,3164.1
13,3164.2
10,3164.5
3,3165.4
19,3166.3
12,3166.4
5,3166.9
26,3167.8
13,3169.9
27,3170.3
10,3170.5
12,3171.8
3,3172.1
5,3172.2
26,3173.6
19,3174.1
13,3176.4
12,3177.7
5,3178.1
10,3180.4
11,3181.0
26,3181.1
27,3182.7
5,3185.4
11,3185.4
12,3186.4
11,3190.2
13,3190.3
11,3195.5
11,3201.3
11,3208.3
26,3211.4
10,3211.6
27,3211.6
12,3211.6
5,3211.7
13,3211.8
3,3211.9
24,3212.0
19,3212.1
28,3212.1
14,3212.4
6,3212.7
29,3212.7
17,3212.7
7,3212.7
20,3212.8
8,3212.8
18,3212.9
4,3213.0
2,3213.1
25,3213.3
30,3213.6
11,3214.0
26,3218.0
27,3218.1
12,3218.2
5,3218.3
10,3218.3
13,3218.6
3,3218.7
19,3218.9
24,3219.0
28,3219.1
17,3221.4
7,3221.6
14,3221.6
29,3221.7
20,3222.1
18,3222.1
8,3222.1
6,3222.6
26,3223.0
12,3223.1
27,3223.2
5,3223.2
2,3223.3
10,3223.5
13,3223.7
3,3224.0
30,3224.1
19,3224.2
24,3225.0
28,3225.2
4,3225.9
25,3226.3
16,3226.7
12,3227.7
26,3227.7
5,3228.0
27,3228.0
10,3228.4
13,3228.5
3,3228.9
23,3229.1
19,3229.2
9,3229.5
17,3230.0
7,3230.1
29,3230.7
31,3230.9
14,3231.0
6,3231.2
28,3231.3
24,3231.3
22,3232.3
12,3232.3
26,3232.4
5,3232.5
27,3232.8
13,3233.2
10,3233.2
21,3233.7
3,3233.8
19,3234.2
15,3234.4
0,3234.8
12,3236.6
5,3236.8
26,3236.9
27,3237.7
13,3237.9
8,3237.9
10,3238.1
3,3239.0
28,3239.2
19,3239.4
24,3239.6
12,3241.0
5,3241.2
26,3241.5
13,3242.9
27,3243.0
10,3243.5
3,3244.5
19,3245.1
5,3245.7
12,3245.7
26,3246.5
13,3248.2
27,3248.7
10,3249.2
5,3250.5
3,3250.8
12,3250.9
19,3251.6
26,3252.0
13,3254.1
27,3255.3
5,3255.8
10,3256.0
12,3256.6
26,3258.0
13,3261.1
5,3261.7
12,3263.3
3,3264.7
26,3266.0
8,3268.3
10,3268.5
27,3268.5
2,3268.6
5,3268.9
26,3272.8
24,3273.4
12,3274.7
27,3275.7
28,3277.5
18,3277.7
5,3277.9
30,3278.3
26,3279.8
27,3282.9
24,3286.2
5,3288.2
28,3289.5
26,3290.6
10,3291.6
12,3291.7
13,3291.8
27,3291.8
3,3291.9
19,3292.1
14,3292.5
29,3292.7
17,3292.7
7,3292.7
20,3292.8
6,3292.9
8,3292.9
4,3293.0
24,3293.1
25,3293.2
2,3293.2
18,3294.1
5,3294.5
30,3295.0
28,3296.1
26,3297.0
12,3298.2
27,3298.2
10,3298.3
13,3298.5
3,3298.7
19,3298.9
24,3299.3
5,3299.5
14,3301.6
28,3301.7
29,3301.7
17,3301.7
7,3301.7
26,3301.9
20,3302.0
8,3302.4
6,3302.8
12,3303.1
27,3303.2
10,3303.4
2,3303.5
13,3303.6
3,3303.9
18,3304.0
19,3304.2
16,3304.8
25,3305.0
24,3305.2
30,3305.3
4,3305.3
23,3306.0
26,3306.6
28,3307.2
12,3307.8
27,3307.9
9,3308.2
10,3308.3
13,3308.4
3,3308.9
31,3308.9
7,3309.1
19,3309.2
17,3310.3
29,3310.6
14,3310.6
1,3311.0
24,3311.1
26,3311.1
6,3312.0
12,3312.3
27,3312.5
28,3312.7
15,3312.8
22,3312.9
13,3313.0
10,3313.0
21,3313.4
3,3313.7
19,3314.1
0,3314.1
26,3315.5
12,3316.6
27,3317.2
24,3317.5
13,3317.6
10,3317.8
28,3318.4
3,3318.6
19,3319.3
26,3320.0
12,3320.9
7,3321.5
27,3322.1
13,3322.3
10,3322.9
3,3323.9
26,3324.8
19,3324.8
28,3325.0
12,3325.4
13,3327.4
27,3327.5
10,3328.5
24,3329.4
3,3329.8
26,3330.0
12,3330.2
19,3331.1
13,3332.9
27,3333.3
5,3334.0
10,3334.7
12,3335.6
26,3335.6
3,3337.1
5,3338.4
13,3339.1
27,3340.2
12,3341.4
26,3342.0
5,3343.2
10,3346.9
26,3348.3
8,3348.4
5,3348.5
2,3348.8
27,3348.9
13,3349.0
12,3349.3
24,3351.1
5,3353.9
28,3354.3
18,3354.5
26,3354.5
30,3355.1
27,3356.1
12,3358.1
10,3358.7
5,3359.5
26,3361.2
24,3363.4
27,3364.5
5,3365.4
28,3366.2
26,3371.3
5,3371.6
13,3371.8
12,3371.9
27,3372.0
10,3372.0
3,3372.0
19,3372.1
14,3372.6
20,3372.7
17,3372.7
29,3372.8
6,3372.8
7,3372.8
8,3372.9
4,3373.1
24,3373.1
28,3373.1
25,3373.2
2,3373.3
18,3373.4
30,3374.1
5,3377.3
26,3377.7
27,3378.1
12,3378.5
13,3378.6
3,3378.8
10,3378.8
19,3378.9
28,3379.4
24,3379.9
17,3381.6
14,3381.8
7,3381.8
20,3381.9
29,3381.9
5,3382.0
8,3382.5
26,3382.7
6,3382.8
18,3382.9
27,3383.0
12,3383.3
2,3383.7
13,3383.7
10,3383.9
3,3384.0
30,3384.2
19,3384.3
4,3384.5
28,3385.1
16,3385.2
25,3385.2
24,3385.9
23,3386.2
26,3387.3
27,3387.8
12,3388.0
13,3388.5
10,3388.8
3,3388.9
19,3389.3
7,3389.3
9,3389.6
31,3389.7
29,3390.7
17,3390.7
28,3390.8
14,3391.2
26,3391.8
24,3392.1
6,3392.1
27,3392.3
12,3392.5
13,3393.1
22,3393.4
10,3393.5
3,3393.7
19,3394.3
21,3394.6
15,3394.7
1,3395.0
26,3396.3
28,3396.7
0,3396.7
12,3396.8
27,3396.9
13,3397.7
10,3398.4
3,3398.7
19,3399.5
24,3400.1
26,3400.9
12,3401.2
27,3401.8
13,3402.6
7,3403.0
10,3403.6
5,3404.0
28,3404.0
3,3404.1
19,3405.2
26,3405.8
12,3405.8
27,3407.1
13,3407.9
5,3408.2
10,3409.3
3,3410.0
12,3410.8
26,3411.2
19,3411.8
5,3412.7
27,3412.9
13,3413.7
10,3416.0
12,3416.4
26,3417.1
5,3417.7
3,3418.2
27,3419.6
13,3420.6
12,3422.7
5,3423.2
26,3424.7
8,3428.4
10,3428.5
27,3428.7
2,3428.7
5,3429.4
24,3431.0
26,3431.1
12,3431.4
28,3434.0
18,3434.2
30,3434.8
5,3435.6
27,3436.0
26,3437.3
5,3442.1
12,3443.5
24,3443.6
27,3444.4
26,3444.8
28,3446.0
5,3452.3
11,3473.1
11,3477.5
26,3479.0
10,3479.1
27,3479.4
8,3479.8
2,3480.1
11,3482.3
11,3487.1
26,3489.6
11,3492.0
11,3497.4
11,3503.2
11,3510.6
26,3756.3
11,3756.4
27,3756.7
12,3756.8
5,3756.8
10,3756.9
13,3757.0
8,3757.0
18,3757.1
19,3757.2
28,3757.2
3,3757.4
24,3757.5
9,3757.6
14,3757.6
17,3757.8
7,3757.8
29,3757.8
20,3758.0
6,3758.0
4,3758.1
2,3758.2
25,3758.4
30,3758.7
11,3762.7
26,3762.7
27,3763.3
12,3763.4
5,3763.5
13,3763.7
19,3764.0
10,3764.0
8,3764.1
28,3764.3
18,3764.3
3,3764.6
24,3765.4
17,3767.1
29,3767.3
14,3767.5
7,3767.5
26,3767.6
11,3767.6
20,3767.8
12,3768.3
27,3768.4
5,3768.6
6,3768.9
2,3769.0
13,3769.1
9,3769.5
19,3769.5
30,3770.0
10,3770.1
28,3770.5
3,3770.6
8,3771.0
4,3771.3
18,3771.3
16,3772.5
12,3773.0
27,3773.3
5,3773.5
25,3774.0
13,3774.1
19,3774.8
24,3774.8
17,3776.1
29,3776.1
7,3776.1
10,3776.5
28,3776.7
3,3776.8
12,3777.6
14,3777.8
5,3778.0
27,3778.2
15,3778.4
22,3778.6
6,3778.9
13,3779.0
0,3779.3
31,3779.3
21,3779.4
1,3779.6
8,3779.8
19,3780.1
23,3781.4
18,3781.7
12,3782.0
5,3782.4
27,3783.3
13,3783.9
28,3784.9
3,3785.4
19,3785.6
10,3786.3
12,3786.6
5,3786.9
27,3788.8
13,3789.2
26,3789.3
12,3791.5
5,3791.5
19,3791.8
26,3793.4
27,3794.9
13,3794.9
5,3796.6
12,3796.9
26,3797.9
13,3801.3
5,3802.1
26,3802.8
19,3802.9
12,3803.0
27,3803.9
11,3806.0
26,3808.2
5,3808.2
11,3810.2
26,3814.1
12,3814.4
11,3814.8
13,3815.4
5,3817.3
11,3819.8
26,3822.0
11,3825.4
11,3831.7
26,3836.4
27,3836.6
5,3836.7
12,3836.7
10,3836.8
8,3836.8
13,3836.9
18,3836.9
11,3837.0
28,3837.1
19,3837.1
3,3837.3
9,3837.3
24,3837.4
14,3837.5
17,3837.6
29,3837.7
7,3837.7
6,3837.8
20,3837.8
4,3838.0
2,3838.1
25,3838.3
30,3838.5
26,3842.7
27,3843.1
12,3843.3
5,3843.4
13,3843.6
8,3843.8
10,3843.8
19,3843.9
18,3844.0
28,3844.1
3,3844.3
24,3845.0
17,3846.4
29,3846.6
7,3846.7
14,3846.8
20,3847.2
9,3847.8
6,3847.8
26,3847.8
5,3848.2
12,3848.2
27,3848.2
2,3848.4
13,3848.8
30,3849.0
19,3849.3
10,3849.8
28,3850.1
8,3850.4
3,3850.4
18,3850.7
4,3851.0
25,3851.1
16,3852.5
12,3852.8
27,3853.0
5,3853.2
24,3853.4
13,3853.6
19,3854.3
17,3854.9
29,3854.9
7,3855.1
10,3855.9
28,3856.2
3,3856.5
14,3857.1
12,3857.3
6,3857.4
27,3857.7
15,3858.3
13,3858.3
8,3858.6
22,3858.6
0,3859.2
19,3859.3
21,3859.6
18,3859.7
31,3861.3
12,3861.7
27,3862.6
28,3863.0
13,3863.1
10,3864.2
3,3864.4
19,3864.6
5,3866.1
12,3866.2
27,3867.8
13,3868.2
19,3870.3
5,3870.4
12,3871.0
27,3873.5
13,3873.7
5,3875.0
12,3876.2
19,3876.8
26,3877.6
13,3879.7
27,3879.9
5,3880.0
26,3882.0
12,3882.1
5,3885.5
26,3886.8
13,3888.6
12,3889.4
5,3891.5
26,3891.6
8,3892.0
9,3892.3
18,3892.3
27,3892.4
10,3892.6
2,3893.6
26,3896.5
24,3898.4
27,3899.4
5,3900.2
12,3900.3
26,3901.3
8,3901.9
28,3902.5
30,3903.3
18,3903.7
26,3905.8
27,3906.3
5,3908.0
26,3910.4
24,3911.6
28,3914.1
26,3915.2
27,3916.4
12,3916.7
13,3916.8
10,3916.9
5,3916.9
19,3917.1
8,3917.2
3,3917.3
14,3917.5
18,3917.5
9,3917.6
7,3917.7
17,3917.7
29,3917.7
20,3917.8
6,3917.9
4,3918.0
25,3918.2
2,3918.2
24,3919.6
30,3919.9
28,3920.7
27,3922.8
5,3923.3
12,3923.3
13,3923.5
10,3923.9
19,3923.9
8,3924.3
3,3924.4
18,3924.6
28,3926.4
24,3926.5
29,3926.6
7,3926.7
17,3926.7
20,3926.8
14,3926.8
9,3927.6
27,3927.7
6,3927.9
12,3928.1
5,3928.1
13,3928.6
2,3929.0
19,3929.2
10,3929.9
30,3930.0
25,3930.0
4,3930.4
3,3930.4
8,3930.9
18,3931.1
28,3932.0
27,3932.4
16,3932.5
12,3932.8
13,3933.4
19,3934.1
24,3934.4
7,3934.4
29,3935.0
17,3935.4
10,3936.2
3,3936.4
27,3937.0
1,3937.0
0,3937.0
15,3937.1
14,3937.1
28,3937.3
12,3937.3
6,3938.0
13,3938.1
8,3938.2
18,3938.8
19,3939.0
9,3941.4
27,3941.5
12,3941.6
13,3942.7
28,3942.9
3,3944.1
19,3944.1
10,3945.0
12,3945.9
27,3946.3
13,3947.6
28,3948.9
19,3949.6
5,3950.1
12,3950.5
27,3951.4
13,3953.0
5,3954.4
12,3955.4
19,3955.7
27,3957.0
28,3957.3
13,3958.7
5,3959.1
12,3960.9
27,3963.2
5,3964.2
13,3965.6
19,3966.3
12,3967.0
5,3969.7
27,3972.4
10,3972.9
8,3973.4
2,3973.8
12,3975.7
9,3975.8
18,3975.8
5,3975.9
24,3976.0
28,3979.3
27,3979.4
30,3980.1
5,3982.2
8,3982.4
18,3984.5
27,3986.5
12,3987.0
24,3988.7
5,3988.9
28,3990.6
27,3996.6
10,3996.9
5,3996.9
13,3996.9
19,3997.1
8,3997.1
12,3997.1
3,3997.3
18,3997.5
9,3997.5
14,3997.6
17,3997.7
20,3997.7
7,3997.8
29,3997.8
6,3997.9
28,3998.0
4,3998.0
2,3998.2
25,3998.2
30,3999.1
24,3999.4
27,4003.1
5,4003.2
13,4003.6
12,4003.6
19,4003.9
10,4003.9
8,4004.1
3,4004.4
28,4004.4
18,4004.6
17,4006.5
29,4006.7
20,4006.7
24,4006.9
7,4006.9
14,4007.0
9,4007.3
6,4007.9
5,4008.0
27,4008.1
12,4008.5
13,4008.7
2,4009.0
30,4009.2
19,4009.2
25,4010.0
10,4010.0
28,4010.2
4,4010.3
3,4010.4
8,4010.5
18,4011.0
27,4012.8
12,4013.2
13,4013.5
19,4014.2
16,4014.3
7,4014.8
29,4015.2
17,4015.6
28,4015.8
24,4016.2
10,4016.3
3,4016.5
27,4017.4
14,4017.6
12,4017.7
6,4018.1
8,4018.1
13,4018.2
18,4018.9
19,4019.1
0,4019.1
31,4019.3
15,4021.7
28,4021.7
27,4022.0
12,4022.0
13,4022.9
3,4024.2
19,4024.3
10,4025.6
5,4025.8
12,4026.4
27,4026.9
13,4027.9
28,4028.6
19,4029.9
5,4030.0
12,4031.1
27,4032.2
13,4033.3
5,4034.5
19,4036.1
12,4036.1
27,4038.0
13,4039.3
5,4039.4
12,4041.8
5,4044.7
27,4044.8
13,4047.6
12,4048.2
19,4050.4
5,4050.6
8,4052.3
9,4052.6
18,4052.6
10,4052.8
27,4053.7
2,4053.7
24,4056.0
12,4056.6
5,4057.6
28,4059.0
30,4059.8
18,4060.7
27,4061.0
8,4062.1
5,4064.9
12,4068.9
24,4069.0
27,4069.3
28,4070.6
18,4072.9
5,4076.6
18,4099.3
8,4099.4
9,4099.5
10,4104.2
27,4104.4
2,4105.1
8,4107.9
11,4116.4
11,4120.5
26,4123.9
11,4125.0
26,4128.2
11,4129.9
26,4133.0
11,4135.4
26,4138.2
11,4141.5
26,4144.1
26,4151.7
11,4154.2
26,4381.3
11,4381.4
27,4381.7
12,4381.8
10,4381.9
13,4382.0
5,4382.0
8,4382.0
18,4382.1
28,4382.2
19,4382.4
3,4382.5
20,4382.5
24,4382.5
9,4382.6
14,4382.6
7,4382.8
17,4382.8
29,4382.8
15,4383.0
4,4383.1
22,4383.2
2,4383.2
25,4383.4
30,4383.7
26,4387.7
11,4387.7
27,4388.3
12,4388.4
13,4388.7
10,4389.0
5,4389.0
8,4389.1
19,4389.2
28,4389.3
18,4389.3
20,4389.6
3,4389.6
24,4390.4
17,4392.1
22,4392.3
29,4392.3
15,4392.4
7,4392.5
14,4392.6
26,4392.6
11,4392.6
12,4393.3
27,4393.4
2,4394.0
13,4394.1
9,4394.5
5,4394.8
30,4395.0
10,4395.1
19,4395.1
28,4395.4
3,4395.6
8,4395.9
18,4396.2
4,4396.3
20,4396.4
12,4398.0
27,4398.3
13,4399.1
25,4399.3
23,4400.0
24,4400.2
31,4400.3
5,4400.5
0,4400.8
29,4400.9
19,4401.0
6,4401.1
16,4401.1
7,4401.5
17,4401.5
10,4401.6
28,4401.7
3,4401.9
12,4402.6
14,4403.1
27,4403.1
13,4403.9
22,4404.7
8,4404.9
5,4406.4
18,4406.7
12,4407.0
20,4407.0
19,4407.9
27,4408.1
13,4408.9
28,4409.7
3,4410.8
12,4411.6
5,4413.3
27,4413.5
10,4413.7
13,4414.2
26,4414.2
12,4416.6
26,4418.6
27,4419.3
13,4420.0
12,4422.2
26,4423.3
27,4426.4
13,4426.7
11,4426.8
26,4428.4
12,4428.5
11,4431.2
26,4434.1
11,4435.9
26,4440.7
11,4441.2
11,4447.1
18,4454.1
9,4454.1
8,4454.2
26,4454.3
11,4454.5
11,4461.5
27,4461.6
26,4461.6
12,4461.7
10,4461.8
13,4461.8
5,4461.9
28,4462.1
19,4462.2
3,4462.3
20,4462.4
24,4462.4
14,4462.5
17,4462.6
7,4462.7
29,4462.7
15,4462.8
22,4462.9
4,4463.0
18,4463.1
2,4463.1
8,4463.2
25,4463.3
30,4463.6
9,4466.4
11,4467.3
26,4467.4
27,4468.1
12,4468.2
13,4468.5
5,4468.8
10,4468.8
28,4469.1
19,4469.1
3,4469.3
20,4469.5
24,4470.1
18,4470.1
8,4470.2
17,4471.4
22,4471.6
29,4471.6
7,4471.8
14,4471.9
15,4471.9
11,4472.2
27,4473.1
12,4473.1
2,4473.4
13,4473.7
30,4474.2
5,4474.5
19,4474.8
10,4474.9
28,4475.1
3,4475.4
4,4475.9
20,4476.1
25,4476.2
9,4476.5
18,4476.8
8,4477.0
12,4477.8
27,4477.9
13,4478.5
24,4478.9
5,4479.9
29,4480.1
17,4480.1
16,4480.4
7,4480.4
0,4480.6
19,4480.6
6,4481.1
28,4481.2
10,4481.4
3,4481.5
14,4482.3
12,4482.3
31,4482.4
27,4482.6
22,4483.0
13,4483.1
8,4484.7
18,4484.9
20,4485.3
5,4485.4
12,4486.7
19,4486.9
27,4487.3
13,4487.9
28,4488.2
23,4488.4
3,4489.5
12,4491.2
5,4491.2
10,4492.1
27,4492.2
13,4492.8
12,4496.0
27,4497.5
19,4497.6
5,4497.9
13,4498.3
12,4501.2
27,4503.3
13,4504.2
12,4507.0
27,4510.0
26,4510.2
11,4510.4
13,4511.7
12,4514.1
26,4514.5
11,4514.8
18,4515.4
9,4515.4
8,4515.5
10,4517.6
27,4518.5
2,4518.6
26,4519.4
11,4519.5
24,4523.4
11,4524.2
8,4524.7
12,4525.0
27,4525.4
5,4527.1
28,4527.5
18,4528.3
30,4528.3
27,4532.1
11,4533.0
24,4536.7
11,4537.1
5,4537.7
28,4539.1
26,4540.7
11,4541.3
27,4541.5
12,4541.7
13,4541.8
8,4541.9
10,4541.9
19,4542.2
18,4542.3
3,4542.3
20,4542.3
9,4542.4
14,4542.5
29,4542.7
7,4542.7
17,4542.7
15,4542.8
22,4542.9
4,4543.0
2,4543.2
25,4543.2
5,4544.3
24,4544.6
30,4544.9
28,4545.7
27,4547.8
12,4548.2
13,4548.5
8,4548.9
10,4548.9
19,4549.0
20,4549.4
3,4549.4
18,4549.5
5,4550.0
22,4551.4
28,4551.4
24,4551.5
29,4551.5
15,4551.6
17,4551.7
14,4551.8
7,4551.8
9,4552.5
27,4552.8
12,4553.1
13,4553.6
2,4553.8
19,4554.7
30,4555.0
10,4555.0
25,4555.0
5,4555.1
4,4555.4
8,4555.4
3,4555.4
20,4555.8
18,4555.9
28,4557.0
27,4557.4
12,4557.8
16,4557.9
13,4558.4
29,4559.7
24,4559.7
5,4559.8
7,4559.9
19,4560.3
17,4560.5
0,4561.1
10,4561.3
3,4561.5
27,4561.9
6,4562.1
14,4562.1
28,4562.3
12,4562.3
22,4562.5
13,4563.0
8,4563.3
18,4563.6
1,4563.7
5,4564.6
20,4565.1
19,4566.2
27,4566.4
12,4566.5
13,4567.7
28,4567.9
3,4569.1
5,4569.5
12,4570.9
27,4571.0
10,4571.3
13,4572.6
19,4573.2
28,4573.9
5,4574.7
12,4575.4
27,4576.0
13,4577.9
12,4580.4
5,4580.4
27,4581.4
28,4582.3
13,4583.7
12,4585.8
5,4586.8
27,4587.3
13,4590.6
12,4591.9
27,4594.5
10,4597.8
8,4598.4
2,4598.8
12,4600.4
9,4600.7
18,4600.7
27,4600.9
24,4601.0
5,4603.9
28,4604.2
30,4605.1
27,4607.3
8,4607.7
18,4609.3
12,4610.8
24,4613.9
5,4614.3
27,4614.7
28,4615.4
27,4621.9
13,4621.9
10,4621.9
12,4622.1
19,4622.2
20,4622.3
3,4622.3
8,4622.3
18,4622.5
9,4622.5
14,4622.5
5,4622.6
17,4622.7
29,4622.8
15,4622.8
7,4622.8
22,4622.9
4,4623.0
28,4623.0
25,4623.2
2,4623.3
30,4624.1
24,4624.4
27,4628.0
13,4628.6
12,4628.6
10,4628.9
19,4629.1
5,4629.2
8,4629.3
3,4629.4
20,4629.4
18,4629.5
28,4629.5
22,4631.4
17,4631.5
29,4631.7
15,4631.7
14,4631.9
24,4632.0
7,4632.0
9,4632.2
27,4632.9
12,4633.5
13,4633.8
2,4634.0
30,4634.3
4,4634.5
5,4634.8
19,4634.8
25,4635.0
10,4635.0
3,4635.4
28,4635.4
8,4635.8
20,4635.8
18,4636.0
27,4637.6
16,4638.0
12,4638.2
13,4638.5
5,4640.0
29,4640.1
7,4640.2
17,4640.4
19,4640.5
28,4641.1
24,4641.3
10,4641.4
3,4641.5
0,4642.1
27,4642.1
14,4642.3
12,4642.7
22,4642.8
13,4643.2
8,4644.3
18,4644.4
20,4645.0
5,4645.3
19,4646.6
27,4646.6
12,4647.0
28,4647.1
13,4647.9
3,4649.1
5,4650.8
27,4651.3
12,4651.4
10,4651.5
13,4652.9
28,4654.5
19,4655.3
12,4656.0
27,4656.4
5,4656.9
13,4658.3
12,4661.1
27,4661.9
13,4664.2
5,4665.3
12,4666.7
27,4668.0
13,4671.9
12,4673.0
27,4676.4
8,4677.3
10,4677.7
18,4677.7
9,4677.7
2,4678.7
24,4681.0
12,4681.4
27,4683.2
5,4683.9
28,4684.0
30,4684.8
18,4685.7
8,4687.1
27,4689.7
12,4693.4
24,4694.1
5,4694.8
28,4695.5
18,4698.0
27,4698.4
26,4715.5
26,4719.8
18,4724.3
26,4724.3
8,4724.5
9,4724.5
11,4725.9
26,4728.8
10,4729.2
27,4729.3
2,4730.1
11,4730.6
8,4733.0
26,4733.4
11,4734.8
26,4737.9
11,4739.1
26,4742.5
11,4743.6
26,4747.4
11,4748.4
26,4752.8
11,4753.8
26,4758.8
11,4759.9
26,4766.9
11,4770.1
26,5006.3
11,5006.5
27,5006.7
12,5007.0
5,5007.0
8,5007.0
18,5007.1
28,5007.2
9,5007.3
10,5007.3
19,5007.3
13,5007.4
17,5007.4
2,5007.5
24,5007.5
20,5007.5
14,5007.6
7,5007.8
29,5007.8
25,5007.8
15,5007.9
4,5008.1
22,5008.1
16,5008.3
3,5008.4
30,5008.7
26,5012.7
11,5012.9
27,5013.3
12,5013.7
5,5014.0
8,5014.1
19,5014.2
18,5014.3
28,5014.3
9,5014.5
13,5014.5
20,5014.6
2,5014.7
17,5014.9
25,5015.1
24,5015.4
10,5015.6
22,5017.1
15,5017.2
29,5017.3
7,5017.5
26,5017.6
14,5017.7
11,5017.8
27,5018.4
12,5019.3
5,5019.8
16,5019.8
19,5020.0
30,5020.1
28,5020.5
13,5020.8
8,5020.9
3,5021.0
18,5021.2
20,5021.4
4,5021.6
17,5021.9
9,5021.9
2,5022.5
11,5022.6
25,5022.8
27,5023.3
12,5024.7
23,5025.1
0,5025.1
24,5025.2
5,5025.5
31,5025.7
29,5025.7
19,5025.9
6,5026.0
7,5026.4
28,5026.6
11,5027.1
13,5027.5
27,5028.1
14,5028.7
10,5028.8
17,5029.4
12,5030.3
8,5030.7
20,5031.0
11,5031.3
5,5031.4
18,5031.9
19,5032.6
27,5033.2
9,5033.7
28,5034.3
26,5035.1
11,5035.7
12,5036.3
2,5036.6
5,5038.0
27,5038.6
26,5039.3
13,5039.3
11,5040.3
26,5043.7
27,5044.6
12,5045.2
11,5045.4
26,5048.5
11,5050.9
27,5052.7
26,5053.8
11,5057.2
26,5059.6
26,5066.7
9,5079.1
18,5079.1
8,5079.2
26,5079.7
11,5086.4
27,5086.6
26,5086.6
5,5086.9
12,5086.9
28,5087.1
10,5087.2
13,5087.2
19,5087.2
17,5087.3
2,5087.3
20,5087.4
24,5087.4
14,5087.5
25,5087.6
29,5087.7
7,5087.7
15,5087.8
22,5088.0
4,5088.0
8,5088.1
16,5088.1
18,5088.1
3,5088.3
9,5088.3
30,5088.6
26,5092.3
11,5092.8
27,5093.1
12,5093.6
5,5093.8
19,5094.1
28,5094.1
13,5094.3
20,5094.4
2,5094.5
17,5094.6
25,5094.8
18,5095.1
24,5095.1
8,5095.1
10,5095.3
9,5095.5
7,5096.7
22,5096.7
29,5096.7
15,5096.9
14,5097.1
11,5097.6
27,5098.1
16,5098.4
12,5099.1
30,5099.4
5,5099.5
19,5099.8
28,5100.1
13,5100.5
3,5100.7
20,5101.0
4,5101.1
17,5101.2
18,5101.7
2,5101.7
8,5101.8
25,5102.1
11,5102.4
9,5102.6
27,5102.9
24,5104.2
12,5104.3
5,5104.9
29,5105.2
7,5105.4
19,5105.5
28,5106.0
31,5106.6
0,5106.9
13,5106.9
10,5107.1
27,5107.6
14,5108.1
17,5108.7
22,5109.0
20,5109.4
12,5109.7
8,5109.9
6,5110.1
18,5110.1
5,5110.4
11,5111.1
19,5111.6
27,5112.5
28,5112.9
9,5114.0
2,5114.5
11,5115.3
12,5115.5
5,5116.2
13,5116.3
27,5117.6
11,5119.8
19,5120.5
12,5122.2
5,5123.0
27,5123.2
11,5124.6
27,5129.4
11,5129.9
26,5131.0
26,5135.4
11,5135.7
27,5139.9
26,5140.0
9,5140.3
18,5140.4
8,5140.4
11,5141.9
10,5142.7
2,5143.6
26,5144.8
11,5148.0
27,5148.1
24,5148.4
12,5148.6
8,5149.7
5,5152.1
28,5152.5
18,5153.4
30,5153.4
11,5154.2
27,5156.0
26,5158.2
11,5161.0
26,5162.3
5,5162.8
28,5164.1
26,5166.4
27,5166.7
12,5166.9
8,5166.9
11,5166.9
9,5167.1
13,5167.2
19,5167.2
17,5167.3
10,5167.3
20,5167.3
2,5167.4
18,5167.4
14,5167.5
25,5167.6
7,5167.7
29,5167.7
24,5167.8
15,5167.8
22,5167.9
4,5168.0
16,5168.1
3,5168.2
5,5169.4
30,5170.1
28,5170.7
11,5172.2
27,5173.1
12,5173.7
8,5174.0
19,5174.0
9,5174.2
13,5174.2
20,5174.3
18,5174.5
2,5174.6
17,5174.6
25,5174.8
5,5175.0
10,5175.5
24,5175.6
28,5176.4
15,5176.6
22,5176.6
7,5176.7
29,5176.7
14,5176.9
16,5178.1
27,5178.1
12,5179.1
19,5179.7
3,5180.0
30,5180.1
5,5180.2
4,5180.2
8,5180.3
13,5180.3
20,5180.7
9,5181.0
17,5181.0
18,5181.1
2,5181.7
25,5181.9
28,5182.0
27,5182.8
6,5183.5
12,5184.2
7,5184.5
31,5184.5
24,5184.9
5,5185.0
0,5185.1
29,5185.1
19,5185.2
13,5186.5
28,5187.4
27,5187.4
1,5187.5
14,5187.8
8,5187.9
17,5188.0
22,5188.1
10,5188.4
18,5188.7
12,5189.4
20,5189.6
5,5189.8
9,5190.3
19,5191.0
27,5191.9
28,5193.0
13,5193.7
5,5194.8
12,5194.9
27,5196.7
19,5197.5
7,5198.4
28,5199.1
5,5200.1
12,5200.9
27,5201.8
11,5202.8
5,5205.9
11,5207.0
27,5207.4
28,5208.7
12,5208.8
11,5211.5
5,5212.7
27,5213.6
11,5216.4
11,5221.8
27,5222.5
10,5222.9
8,5223.4
2,5223.8
18,5225.7
9,5225.7
24,5226.0
12,5226.7
11,5226.9
5,5229.1
28,5229.4
27,5229.5
30,5230.1
11,5231.7
8,5232.8
18,5234.4
11,5236.5
27,5236.6
24,5239.3
5,5239.6
28,5240.6
11,5241.4
11,5246.4
27,5246.7
12,5246.9
9,5247.1
19,5247.2
10,5247.2
8,5247.3
13,5247.3
17,5247.3
20,5247.3
2,5247.4
18,5247.5
25,5247.6
5,5247.6
14,5247.6
29,5247.8
7,5247.8
15,5247.8
22,5247.9
28,5247.9
4,5248.1
16,5248.1
3,5248.2
30,5249.3
24,5249.3
27,5253.1
12,5253.7
19,5254.1
9,5254.2
5,5254.2
13,5254.3
20,5254.3
8,5254.3
28,5254.4
17,5254.6
2,5254.6
18,5254.6
25,5254.8
10,5255.4
22,5256.5
15,5256.7
29,5256.8
7,5256.8
24,5256.8
14,5257.0
27,5258.1
16,5258.1
12,5259.1
30,5259.5
19,5259.8
5,5259.8
3,5260.0
4,5260.2
28,5260.2
13,5260.5
8,5260.7
20,5260.8
9,5260.9
17,5261.0
18,5261.1
2,5261.7
25,5262.0
27,5262.8
6,5263.8
12,5264.3
7,5264.7
5,5265.0
29,5265.3
19,5265.4
31,5265.6
28,5265.8
0,5266.1
24,5266.2
13,5266.8
27,5267.4
14,5267.9
17,5268.0
8,5268.2
10,5268.6
22,5268.8
12,5269.6
18,5269.9
20,5269.9
5,5270.2
9,5270.6
19,5271.3
28,5271.6
27,5272.1
13,5275.2
12,5275.2
5,5275.7
27,5277.0
28,5278.2
19,5278.7
12,5281.4
5,5281.7
27,5282.4
27,5288.2
5,5289.5
12,5293.7
27,5295.3
8,5302.3
18,5302.7
9,5302.7
10,5302.8
2,5303.7
27,5303.9
24,5306.0
12,5307.8
5,5308.7
28,5309.0
30,5309.9
18,5310.8
27,5311.1
8,5312.2
5,5319.2
24,5319.5
27,5319.6
28,5320.5
18,5323.2
11,5327.5
11,5331.8
11,5336.6
11,5341.8
11,5347.7
18,5349.4
9,5349.4
8,5349.5
26,5353.2
11,5353.8
10,5354.2
27,5354.4
2,5355.1
8,5358.0
11,5360.5
26,5366.2
26,5370.6
11,5371.9
26,5375.2
26,5380.3
26,5386.0
26,5392.7
26,5631.3
11,5631.5
27,5631.7
8,5632.0
5,5632.0
18,5632.1
12,5632.2
28,5632.2
9,5632.2
10,5632.3
15,5632.3
20,5632.3
13,5632.4
17,5632.4
2,5632.4
24,5632.5
19,5632.6
14,5632.6
25,5632.7
29,5632.8
7,5632.8
22,5633.1
4,5633.1
16,5633.2
3,5633.4
30,5633.7
21,5633.8
6,5634.0
23,5634.2
26,5637.7
11,5637.9
27,5638.3
5,5639.0
20,5639.1
8,5639.1
18,5639.3
15,5639.3
28,5639.3
12,5639.4
13,5639.4
9,5639.5
2,5639.6
17,5639.9
19,5639.9
25,5640.0
24,5640.4
10,5640.6
22,5642.1
29,5642.3
7,5642.5
26,5642.6
14,5642.7
11,5642.8
27,5643.4
21,5644.2
16,5644.5
20,5644.7
5,5644.8
30,5645.1
28,5645.4
13,5645.5
15,5645.7
12,5645.8
8,5645.9
3,5645.9
18,5646.2
4,5646.4
19,5646.4
9,5646.8
17,5646.9
2,5647.1
25,5647.3
11,5647.6
27,5648.3
23,5649.0
31,5649.7
0,5650.0
24,5650.1
5,5650.5
20,5650.5
6,5650.7
7,5650.8
29,5650.8
28,5651.6
13,5651.7
11,5652.2
14,5652.3
10,5652.9
27,5653.1
12,5653.3
15,5654.1
8,5654.4
19,5654.6
17,5654.7
22,5654.9
5,5656.4
11,5656.4
20,5656.7
18,5656.9
27,5658.3
13,5658.9
9,5659.0
28,5660.1
26,5660.3
11,5660.7
5,5663.0
27,5663.9
26,5664.3
11,5665.2
20,5665.9
26,5668.7
11,5670.0
27,5670.0
26,5673.5
11,5675.4
26,5678.7
11,5681.2
27,5681.7
26,5684.5
11,5688.6
26,5691.4
18,5704.1
9,5704.1
8,5704.2
26,5704.5
11,5711.3
27,5711.6
26,5711.6
5,5711.9
12,5712.1
28,5712.1
15,5712.2
20,5712.2
10,5712.2
2,5712.3
17,5712.3
13,5712.3
24,5712.4
19,5712.5
14,5712.5
25,5712.6
7,5712.7
29,5712.7
22,5712.9
4,5713.0
16,5713.1
8,5713.1
18,5713.1
3,5713.3
9,5713.4
30,5713.6
21,5713.7
6,5713.9
23,5714.0
26,5717.3
11,5717.8
27,5718.1
5,5718.8
20,5718.9
28,5719.1
13,5719.2
15,5719.2
12,5719.2
2,5719.5
17,5719.6
19,5719.7
25,5719.8
18,5720.1
24,5720.1
8,5720.1
10,5720.4
9,5720.5
7,5721.6
29,5721.7
22,5721.7
14,5722.0
11,5722.6
27,5723.2
16,5723.5
21,5723.6
30,5724.3
20,5724.4
5,5724.5
28,5725.1
13,5725.2
15,5725.4
12,5725.4
3,5725.6
4,5726.0
19,5726.1
17,5726.2
23,5726.6
8,5726.6
2,5726.6
18,5726.7
25,5726.8
11,5727.5
9,5727.7
27,5727.9
24,5729.0
31,5729.5
7,5729.8
5,5729.9
20,5729.9
6,5730.2
29,5730.4
28,5731.1
13,5731.2
14,5731.6
10,5732.1
12,5732.5
0,5732.5
15,5732.6
27,5732.7
19,5733.5
8,5734.0
17,5734.0
22,5734.2
18,5735.1
5,5735.4
20,5735.5
27,5737.6
13,5737.7
28,5738.0
9,5738.2
2,5738.7
25,5739.9
11,5740.3
5,5741.2
20,5741.4
27,5742.9
11,5744.6
5,5748.1
20,5748.6
27,5748.7
11,5749.1
13,5750.1
11,5754.0
27,5755.5
11,5759.5
26,5760.2
26,5764.4
18,5765.4
9,5765.4
11,5765.5
8,5765.5
10,5767.7
2,5768.6
27,5768.7
26,5769.4
11,5771.7
24,5773.4
12,5773.6
8,5774.7
27,5776.0
5,5777.1
28,5777.5
11,5777.6
30,5778.3
18,5778.4
27,5783.5
11,5783.7
24,5786.8
5,5787.7
28,5789.1
26,5790.5
11,5790.6
8,5791.9
27,5791.9
9,5792.1
15,5792.2
10,5792.2
20,5792.2
13,5792.2
12,5792.2
17,5792.3
18,5792.4
2,5792.4
19,5792.5
14,5792.5
25,5792.6
7,5792.7
29,5792.7
4,5793.0
22,5793.0
16,5793.1
3,5793.2
21,5793.6
6,5793.8
23,5793.9
5,5794.3
24,5794.7
30,5795.0
28,5795.7
11,5796.4
27,5798.2
20,5798.9
8,5798.9
15,5799.1
9,5799.2
13,5799.2
12,5799.5
18,5799.5
2,5799.6
17,5799.6
19,5799.7
25,5799.8
5,5799.9
10,5800.4
28,5801.4
24,5801.6
29,5801.6
22,5801.6
7,5801.6
14,5801.8
16,5803.0
21,5803.1
27,5803.2
20,5804.3
3,5804.6
30,5804.8
13,5805.0
8,5805.1
5,5805.1
15,5805.2
4,5805.2
23,5805.3
12,5805.8
9,5806.0
17,5806.0
19,5806.1
18,5806.1
25,5806.7
2,5806.8
28,5807.0
27,5807.9
7,5809.4
20,5809.7
24,5809.7
31,5809.8
5,5809.8
29,5810.0
6,5810.3
13,5810.7
0,5811.5
14,5811.7
15,5812.3
28,5812.4
27,5812.5
8,5812.5
12,5812.6
17,5813.1
22,5813.2
19,5813.3
18,5814.2
5,5814.5
9,5815.3
20,5815.3
13,5816.7
27,5817.2
28,5818.0
5,5819.3
25,5820.4
20,5821.4
27,5822.1
13,5824.1
28,5824.2
5,5824.5
27,5827.6
20,5829.9
5,5830.0
27,5833.5
28,5834.5
11,5835.4
5,5836.2
11,5839.6
27,5841.5
11,5844.3
5,5846.8
10,5847.9
8,5848.4
2,5848.8
11,5849.1
27,5849.5
18,5850.7
9,5850.7
24,5851.0
12,5851.2
11,5853.8
28,5854.5
5,5855.0
30,5855.2
27,5856.6
8,5857.7
11,5858.3
18,5859.4
11,5862.7
24,5864.0
5,5864.8
27,5865.5
28,5865.9
11,5867.3
11,5871.7
27,5872.0
9,5872.1
15,5872.2
20,5872.2
10,5872.3
8,5872.3
17,5872.3
13,5872.3
12,5872.3
2,5872.4
19,5872.5
18,5872.5
25,5872.6
5,5872.6
14,5872.6
7,5872.8
29,5872.8
22,5872.9
4,5873.0
28,5873.0
16,5873.1
3,5873.2
21,5873.6
6,5873.8
23,5873.9
30,5874.2
24,5874.4
27,5877.8
20,5878.9
15,5879.1
5,5879.1
9,5879.2
13,5879.2
8,5879.3
28,5879.3
12,5879.4
18,5879.6
2,5879.6
19,5879.7
17,5879.7
25,5879.8
10,5880.4
22,5881.5
29,5881.8
7,5881.8
24,5881.9
14,5881.9
27,5882.7
16,5883.0
21,5883.1
20,5884.3
30,5884.4
3,5884.7
5,5884.7
28,5885.1
13,5885.2
4,5885.2
15,5885.2
23,5885.5
8,5885.7
12,5885.7
9,5885.9
17,5886.1
19,5886.1
18,5886.2
2,5886.8
25,5886.8
27,5887.4
7,5889.6
20,5889.8
5,5889.9
6,5890.1
29,5890.3
28,5890.6
13,5891.0
24,5891.3
27,5891.9
14,5892.1
15,5892.3
12,5892.6
8,5892.9
31,5893.0
17,5893.1
19,5893.5
22,5893.6
0,5894.8
5,5895.1
9,5895.1
18,5895.1
20,5895.4
28,5896.3
27,5896.4
13,5897.4
25,5900.6
5,5900.6
27,5901.1
20,5901.6
28,5902.5
27,5906.2
5,5906.5
13,5908.8
20,5911.2
27,5911.9
5,5913.7
28,5914.3
27,5918.3
8,5927.3
9,5927.7
18,5927.7
10,5927.8
27,5928.2
2,5928.7
24,5931.0
12,5931.2
5,5933.6
28,5934.3
30,5934.8
27,5935.5
18,5935.8
8,5937.0
27,5943.8
5,5944.0
24,5944.3
28,5946.0
18,5948.3
11,5973.0
26,5973.2
8,5974.4
9,5974.4
18,5974.4
11,5977.5
26,5977.5
10,5979.2
27,5979.4
2,5980.1
26,5982.2
11,5982.3
8,5982.9
26,5986.5
11,5987.1
26,5990.9
11,5992.3
26,5995.4
11,5997.9
26,6000.2
11,6004.2
26,6005.6
26,6011.5
26,6020.0
26,6256.3
11,6256.6
27,6256.7
8,6257.0
18,6257.1
9,6257.2
5,6257.2
12,6257.2
28,6257.2
20,6257.3
19,6257.3
15,6257.3
10,6257.3
13,6257.4
17,6257.4
2,6257.4
22,6257.5
24,6257.5
25,6257.7
16,6258.2
3,6258.4
31,6258.6
30,6258.7
21,6258.8
6,6259.0
23,6259.2
26,6262.7
27,6263.1
11,6263.2
20,6264.1
19,6264.1
8,6264.1
5,6264.2
18,6264.3
15,6264.3
28,6264.3
12,6264.4
13,6264.4
9,6264.5
2,6264.6
22,6264.7
17,6264.9
25,6265.0
24,6265.4
10,6265.6
26,6267.6
27,6268.0
11,6268.8
16,6269.5
21,6269.5
19,6269.7
20,6269.7
30,6270.0
5,6270.1
28,6270.4
13,6270.5
3,6270.7
12,6270.8
15,6270.8
8,6270.9
18,6271.1
9,6271.6
17,6271.7
22,6272.0
2,6272.1
25,6272.4
27,6272.7
23,6273.9
11,6274.2
31,6274.4
19,6275.3
24,6275.4
20,6275.5
7,6275.6
6,6275.7
5,6276.5
28,6276.6
0,6276.7
13,6276.7
27,6277.2
12,6278.2
14,6278.2
15,6278.8
4,6278.8
10,6279.3
8,6279.6
17,6279.6
11,6279.8
18,6280.5
19,6281.2
27,6281.7
20,6281.8
9,6284.0
13,6284.5
28,6285.1
26,6285.1
5,6285.2
11,6285.9
22,6286.0
27,6286.4
19,6287.8
26,6289.3
20,6291.3
27,6291.4
26,6293.8
11,6295.6
27,6297.0
26,6298.7
27,6303.3
26,6304.2
26,6310.2
27,6316.5
26,6320.0
18,6329.1
9,6329.1
8,6329.2
26,6330.6
11,6336.4
27,6336.7
26,6336.9
12,6337.1
28,6337.1
5,6337.1
15,6337.2
10,6337.2
20,6337.2
19,6337.2
13,6337.3
17,6337.3
2,6337.3
22,6337.4
24,6337.4
25,6337.6
18,6338.1
16,6338.1
8,6338.1
3,6338.3
9,6338.4
31,6338.5
30,6338.6
21,6338.7
6,6338.9
23,6339.0
26,6342.2
11,6343.1
27,6343.1
19,6343.9
20,6343.9
5,6343.9
12,6344.1
28,6344.1
13,6344.2
15,6344.2
2,6344.5
22,6344.6
17,6344.6
25,6344.8
18,6345.0
8,6345.1
24,6345.1
10,6345.4
9,6345.6
27,6348.0
11,6348.5
16,6348.5
21,6349.0
30,6349.1
20,6349.4
19,6349.5
5,6349.8
28,6350.1
13,6350.2
12,6350.4
15,6350.4
3,6350.5
17,6351.1
18,6351.5
8,6351.6
2,6351.6
22,6351.6
23,6351.7
25,6351.9
27,6352.6
9,6352.8
11,6353.6
31,6354.1
24,6354.5
20,6354.9
19,6354.9
5,6355.6
7,6355.6
28,6356.2
13,6356.3
27,6357.1
12,6357.2
15,6357.6
6,6358.0
10,6358.4
17,6358.4
14,6358.5
18,6358.9
11,6359.0
8,6359.2
19,6360.5
20,6360.6
27,6361.5
5,6362.2
13,6363.1
22,6363.4
28,6363.4
2,6363.7
25,6364.6
11,6364.6
9,6365.7
27,6366.0
19,6366.4
20,6366.9
27,6370.8
11,6370.9
19,6374.0
5,6374.5
27,6376.0
20,6377.4
27,6381.7
11,6384.1
26,6384.8
27,6388.1
26,6389.1
9,6390.3
18,6390.4
8,6390.4
10,6392.7
11,6393.6
2,6393.6
26,6393.9
27,6394.8
24,6398.4
12,6398.6
8,6399.6
11,6400.5
27,6401.2
5,6402.1
28,6402.5
18,6403.2
30,6403.3
11,6407.1
27,6407.6
26,6411.1
5,6412.9
28,6414.3
26,6415.3
27,6416.3
11,6416.4
8,6416.9
9,6417.1
19,6417.1
13,6417.2
20,6417.2
15,6417.2
12,6417.2
10,6417.3
17,6417.3
18,6417.3
22,6417.4
2,6417.4
25,6417.5
24,6417.8
16,6418.1
3,6418.2
31,6418.4
21,6418.6
6,6418.8
23,6418.9
5,6419.6
30,6420.0
28,6420.9
27,6422.5
11,6422.8
19,6423.9
8,6423.9
20,6423.9
15,6424.1
13,6424.2
9,6424.3
12,6424.4
22,6424.5
18,6424.5
2,6424.6
17,6424.6
25,6424.7
5,6425.2
10,6425.5
24,6425.7
28,6426.5
27,6427.4
11,6428.0
16,6428.1
21,6428.1
20,6429.3
19,6429.3
3,6429.7
30,6429.9
13,6430.0
8,6430.2
15,6430.2
23,6430.4
5,6430.5
31,6430.6
12,6430.7
18,6430.9
9,6431.0
17,6431.1
22,6431.5
25,6431.7
2,6431.8
28,6432.1
11,6432.9
19,6434.4
20,6434.6
7,6435.1
24,6435.2
5,6435.6
13,6435.8
15,6437.2
12,6437.3
8,6437.4
6,6437.4
28,6437.5
11,6437.8
17,6438.1
18,6438.3
0,6438.9
19,6439.7
9,6440.0
20,6440.2
27,6440.7
5,6440.8
13,6441.9
11,6442.9
22,6442.9
28,6443.2
25,6444.2
27,6444.8
19,6445.3
2,6445.7
20,6446.1
5,6446.4
11,6448.5
27,6449.1
28,6449.5
13,6449.9
12,6450.4
19,6451.6
5,6452.5
20,6453.6
27,6453.8
11,6454.6
27,6458.8
5,6461.3
28,6461.9
19,6462.7
27,6464.4
11,6465.2
27,6470.6
10,6472.9
8,6473.4
2,6473.6
11,6473.6
9,6475.7
18,6475.7
24,6476.0
12,6476.2
27,6476.4
5,6479.2
28,6479.8
30,6480.1
11,6480.5
27,6482.2
8,6482.7
18,6484.3
11,6487.7
27,6488.3
24,6489.5
5,6489.8
28,6491.7
27,6495.8
11,6496.8
9,6497.1
19,6497.2
20,6497.2
15,6497.2
8,6497.3
13,6497.3
17,6497.3
12,6497.3
10,6497.3
2,6497.4
18,6497.4
22,6497.4
25,6497.5
5,6497.8
16,6498.1
3,6498.2
28,6498.4
31,6498.4
21,6498.6
6,6498.8
23,6498.9
30,6499.1
24,6499.4
27,6501.7
11,6503.2
20,6503.9
19,6503.9
15,6504.1
13,6504.2
9,6504.2
8,6504.3
12,6504.4
28,6504.4
5,6504.4
22,6504.5
2,6504.6
18,6504.6
17,6504.7
25,6504.8
10,6505.5
24,6507.0
16,6508.1
21,6508.2
11,6508.5
30,6509.2
20,6509.3
19,6509.4
3,6509.8
28,6510.0
15,6510.2
13,6510.2
5,6510.2
23,6510.5
31,6510.6
8,6510.6
12,6510.7
9,6510.9
17,6511.1
18,6511.1
22,6511.5
25,6511.8
2,6511.9
11,6513.5
19,6514.6
20,6514.6
28,6515.2
7,6516.0
5,6516.0
13,6516.0
15,6517.3
24,6517.5
12,6517.5
8,6517.9
17,6518.4
11,6518.6
18,6519.5
19,6520.0
20,6520.2
28,6520.7
9,6520.9
5,6522.2
13,6522.5
11,6524.0
22,6524.2
25,6524.2
2,6525.4
19,6525.8
20,6526.2
28,6526.5
27,6528.1
11,6529.8
5,6530.9
27,6532.3
19,6532.4
28,6533.4
20,6533.9
13,6534.0
27,6536.9
11,6537.1
27,6541.9
27,6547.4
8,6552.3
18,6552.7
9,6552.7
10,6552.8
11,6552.8
27,6553.0
2,6553.5
24,6556.0
12,6556.3
27,6558.6
5,6558.6
28,6559.0
30,6559.9
11,6560.0
18,6560.7
8,6562.0
27,6563.9
11,6567.1
5,6569.1
27,6569.4
24,6569.6
28,6570.6
18,6572.3
27,6575.4
11,6581.0
27,6583.2
26,6594.3
26,6598.6
18,6599.4
9,6599.4
8,6599.4
26,6603.2
11,6603.9
10,6604.2
27,6604.4
2,6605.1
26,6607.9
8,6608.0
26,6612.5
11,6614.9
26,6617.2
26,6622.3
26,6627.8
26,6634.1
26,6648.7
26,6881.3
27,6881.6
11,6881.6
12,6881.9
8,6882.0
17,6882.0
19,6882.1
9,6882.2
10,6882.3
20,6882.3
15,6882.3
13,6882.4
2,6882.4
18,6882.5
22,6882.5
24,6882.5
4,6882.6
25,6882.7
28,6882.8
16,6883.2
5,6883.3
3,6883.4
31,6883.6
21,6883.8
6,6884.0
23,6884.2
26,6887.7
27,6887.9
11,6888.2
19,6888.8
12,6888.8
17,6888.9
8,6889.1
20,6889.1
15,6889.3
13,6889.4
9,6889.5
2,6889.6
22,6889.7
25,6890.0
24,6890.4
10,6890.7
4,6891.3
18,6891.6
26,6892.6
28,6892.7
5,6893.5
11,6893.8
19,6893.9
17,6894.4
21,6894.4
12,6894.4
16,6894.5
20,6894.7
13,6895.5
15,6895.6
8,6895.7
3,6896.0
9,6896.4
22,6896.8
25,6897.3
2,6897.3
19,6898.6
11,6899.2
6,6899.2
12,6899.6
17,6899.7
24,6900.3
7,6900.6
20,6900.6
30,6900.7
0,6901.0
23,6901.3
4,6901.3
31,6901.7
13,6901.8
15,6903.1
14,6903.3
19,6903.4
8,6904.4
1,6904.5
11,6904.8
17,6905.0
12,6905.0
28,6905.9
20,6906.9
19,6908.3
9,6908.4
12,6910.6
13,6910.6
22,6910.6
17,6910.6
11,6910.9
19,6913.6
26,6914.3
17,6916.8
12,6917.1
20,6917.1
27,6918.5
26,6918.6
19,6919.4
11,6920.6
27,6922.8
26,6923.2
19,6926.5
27,6927.6
17,6927.7
26,6928.3
27,6932.8
26,6933.9
27,6938.5
26,6940.2
27,6945.4
26,6953.0
18,6954.1
8,6954.1
9,6954.1
26,6961.4
11,6961.4
27,6961.6
12,6961.8
17,6961.9
19,6962.0
20,6962.2
15,6962.2
10,6962.2
2,6962.3
13,6962.3
22,6962.4
4,6962.4
24,6962.4
25,6962.6
28,6962.7
16,6963.1
8,6963.1
5,6963.2
9,6963.3
3,6963.3
31,6963.5
21,6963.7
6,6963.9
23,6964.0
18,6964.7
26,6967.4
27,6967.9
11,6968.1
19,6968.6
12,6968.6
17,6968.7
20,6969.0
13,6969.2
15,6969.2
2,6969.5
22,6969.6
25,6969.8
8,6970.1
24,6970.1
10,6970.4
9,6970.5
4,6970.9
28,6972.0
5,6972.6
18,6973.1
16,6973.5
11,6973.5
19,6973.7
21,6973.9
12,6974.1
17,6974.2
20,6974.5
13,6975.2
15,6975.5
3,6975.8
22,6976.4
2,6976.8
8,6976.8
25,6976.9
9,6977.4
19,6978.4
11,6978.6
12,6979.1
6,6979.1
17,6979.3
24,6979.4
20,6980.0
31,6980.0
23,6980.1
7,6980.4
4,6980.4
30,6980.9
13,6981.3
15,6982.7
19,6983.0
28,6983.6
14,6983.7
10,6983.9
11,6984.0
12,6984.2
17,6984.4
18,6985.2
8,6985.3
20,6985.9
5,6986.4
19,6987.8
9,6988.7
13,6988.8
2,6988.8
22,6989.0
12,6989.6
11,6989.6
17,6989.8
25,6989.8
20,6992.6
19,6992.9
12,6995.5
17,6995.6
11,6995.8
19,6998.4
17,7002.3
27,7002.6
12,7002.9
19,7004.6
26,7006.2
27,7007.0
11,7009.1
26,7010.6
27,7011.8
26,7015.1
8,7015.4
18,7015.4
9,7015.4
19,7016.4
27,7016.9
10,7017.7
11,7018.6
2,7018.6
26,7019.9
27,7022.2
24,7023.4
12,7023.8
8,7024.8
11,7025.5
27,7027.4
11,7032.2
27,7032.5
26,7037.3
27,7037.8
26,7041.3
11,7041.4
17,7041.9
19,7041.9
12,7041.9
8,7042.0
9,7042.1
20,7042.2
15,7042.2
13,7042.2
10,7042.3
2,7042.4
18,7042.4
22,7042.4
27,7042.5
4,7042.5
25,7042.6
28,7042.7
24,7042.8
16,7043.1
5,7043.1
3,7043.2
31,7043.4
21,7043.6
6,7043.8
23,7043.9
11,7047.9
19,7048.6
12,7048.7
17,7048.7
20,7048.9
8,7049.0
15,7049.1
9,7049.2
13,7049.2
22,7049.5
2,7049.6
25,7049.8
10,7050.5
24,7050.7
4,7051.2
18,7051.2
5,7052.1
28,7052.4
11,7053.1
16,7053.2
21,7053.3
19,7053.5
17,7054.1
12,7054.2
20,7054.4
13,7055.1
15,7055.3
3,7055.4
8,7055.6
9,7055.8
22,7056.2
31,7056.3
23,7056.4
2,7056.9
25,7057.0
30,7057.8
11,7058.0
19,7058.2
7,7058.9
0,7059.0
17,7059.0
12,7059.2
20,7059.9
24,7060.3
13,7061.0
4,7061.1
1,7061.9
15,7062.5
19,7062.7
11,7063.0
18,7063.5
6,7063.8
17,7063.9
5,7064.0
28,7064.1
8,7064.1
12,7064.2
9,7064.8
20,7065.6
19,7067.3
22,7067.3
13,7067.4
11,7068.2
17,7068.9
12,7069.5
2,7070.0
25,7071.1
20,7071.9
19,7072.1
11,7073.9
17,7074.3
12,7075.2
19,7077.3
13,7078.8
17,7080.2
11,7080.5
12,7081.7
19,7083.0
20,7083.4
17,7087.3
19,7089.5
11,7097.6
10,7097.9
8,7098.4
2,7098.7
9,7100.7
18,7100.7
24,7101.0
12,7101.2
11,7104.7
8,7107.7
4,7111.5
17,7111.6
11,7111.7
12,7111.9
19,7112.1
24,7114.4
11,7121.6
12,7122.1
9,7122.1
17,7122.1
15,7122.2
20,7122.2
10,7122.3
13,7122.3
8,7122.3
19,7122.4
2,7122.4
22,7122.4
18,7122.6
25,7122.6
28,7122.8
16,7123.1
5,7123.1
3,7123.2
31,7123.4
21,7123.6
6,7123.8
23,7123.9
4,7124.0
24,7124.4
11,7128.1
17,7128.7
12,7128.7
20,7128.9
19,7129.0
15,7129.1
13,7129.2
9,7129.2
8,7129.3
22,7129.5
2,7129.6
25,7129.8
10,7130.5
18,7131.1
28,7131.9
5,7131.9
24,7132.0
16,7132.9
21,7133.2
11,7133.4
4,7133.7
19,7134.0
17,7134.1
12,7134.2
20,7134.4
13,7135.2
3,7135.4
15,7135.4
6,7135.6
8,7135.8
9,7135.8
22,7136.3
31,7136.3
23,7136.4
25,7136.9
2,7136.9
30,7137.8
11,7138.4
19,7138.8
17,7139.2
12,7139.4
20,7139.9
13,7141.1
7,7141.4
15,7142.6
24,7142.9
11,7143.5
18,7143.6
19,7143.6
17,7144.4
28,7144.5
12,7144.7
8,7144.9
5,7145.0
9,7145.7
20,7145.7
13,7147.7
22,7147.9
19,7148.6
11,7148.9
17,7150.0
12,7150.4
25,7150.5
20,7152.2
19,7154.0
11,7154.8
17,7155.9
12,7156.7
19,7159.9
11,7162.6
17,7163.7
19,7167.4
8,7177.3
18,7177.7
9,7177.7
10,7177.8
11,7178.0
2,7178.7
24,7181.0
12,7181.2
11,7185.2
8,7187.2
11,7192.6
24,7194.7
27,7206.0
27,7210.5
27,7215.3
26,7219.3
27,7220.7
26,7223.4
9,7224.4
18,7224.4
8,7224.5
27,7226.7
26,7227.9
11,7228.8
10,7229.2
2,7230.1
26,7232.5
8,7233.0
27,7233.1
26,7237.1
11,7239.7
27,7241.6
26,7241.6
26,7246.5
26,7251.8
26,7257.6
26,7264.8
26,7506.3
11,7506.5
27,7506.7
12,7506.9
19,7506.9
17,7507.0
8,7507.0
9,7507.2
4,7507.2
10,7507.3
15,7507.3
13,7507.4
2,7507.4
22,7507.5
16,7507.5
18,7507.5
24,7507.5
20,7507.8
28,7507.9
5,7508.3
25,7508.3
31,7508.6
21,7508.8
6,7509.0
23,7509.2
26,7512.7
27,7513.0
11,7513.1
19,7513.5
12,7513.7
17,7513.8
8,7514.1
15,7514.3
13,7514.4
4,7514.4
9,7514.5
2,7514.6
22,7514.7
16,7514.8
20,7515.0
24,7515.4
10,7515.7
18,7516.7
25,7517.5
26,7517.6
28,7517.8
11,7518.2
19,7518.3
5,7518.5
12,7519.3
21,7519.4
17,7519.4
13,7520.4
15,7520.7
8,7520.8
4,7520.9
9,7521.3
20,7521.8
22,7521.9
2,7522.0
16,7522.5
19,7523.0
11,7523.0
0,7523.2
6,7524.4
12,7524.4
17,7524.6
30,7525.0
1,7525.0
7,7525.0
24,7525.8
31,7526.4
13,7526.6
23,7527.2
19,7527.3
11,7527.9
15,7528.4
4,7529.0
12,7529.6
17,7529.8
14,7529.9
28,7531.1
8,7531.2
19,7531.7
20,7532.4
11,7532.9
9,7533.0
13,7534.3
2,7534.4
12,7535.0
17,7535.3
16,7535.9
19,7536.2
11,7538.4
26,7539.2
27,7539.5
19,7540.9
12,7540.9
17,7541.4
26,7543.5
27,7543.6
11,7544.4
19,7546.1
27,7548.1
26,7548.2
12,7548.6
17,7550.5
19,7551.7
27,7552.9
26,7553.3
11,7553.6
27,7558.3
19,7558.3
26,7558.9
27,7564.2
26,7565.4
27,7571.8
9,7579.1
18,7579.1
8,7579.2
26,7579.2
11,7586.4
26,7586.6
27,7586.7
19,7586.8
12,7586.8
17,7586.9
4,7587.1
10,7587.2
15,7587.2
16,7587.3
13,7587.3
2,7587.3
22,7587.4
24,7587.4
28,7587.7
20,7587.7
25,7588.2
8,7588.2
5,7588.2
9,7588.4
31,7588.5
21,7588.7
6,7588.9
23,7589.0
18,7589.8
26,7592.4
11,7592.9
27,7593.0
19,7593.3
12,7593.6
17,7593.7
4,7594.2
13,7594.2
15,7594.2
2,7594.5
16,7594.5
22,7594.6
20,7594.8
24,7595.1
8,7595.2
10,7595.3
9,7595.5
28,7597.0
25,7597.3
5,7597.6
11,7598.0
18,7598.2
19,7598.2
12,7599.0
21,7599.0
17,7599.2
13,7600.2
15,7600.4
4,7600.6
16,7601.4
20,7601.4
22,7601.4
2,7601.5
8,7602.0
30,7602.5
9,7602.6
11,7602.7
19,7602.9
12,7604.1
17,7604.3
6,7604.3
24,7604.8
31,7604.8
23,7605.2
7,7605.3
13,7606.2
10,7606.9
19,7607.2
11,7607.4
15,7607.9
4,7608.1
28,7608.7
12,7609.2
17,7609.5
2,7610.9
14,7611.0
5,7611.3
19,7611.5
16,7611.5
8,7611.6
20,7611.7
11,7612.3
13,7613.2
9,7614.4
12,7614.5
22,7614.5
17,7614.9
19,7615.8
11,7617.5
19,7620.3
12,7620.3
17,7620.7
11,7623.1
19,7625.2
12,7627.0
17,7627.6
27,7627.8
11,7629.6
19,7630.6
26,7631.1
27,7632.2
26,7635.5
19,7636.5
27,7636.9
26,7640.1
9,7640.3
8,7640.4
18,7640.4
27,7642.0
11,7642.7
10,7642.7
2,7643.6
19,7644.2
26,7644.9
27,7647.2
24,7648.4
12,7648.5
11,7649.6
8,7649.8
27,7652.3
11,7656.0
27,7657.4
26,7658.2
12,7662.0
26,7662.4
27,7662.7
11,7664.2
26,7666.5
19,7666.8
17,7666.9
8,7667.0
9,7667.1
4,7667.1
15,7667.2
13,7667.2
27,7667.3
16,7667.3
10,7667.3
18,7667.4
22,7667.4
2,7667.4
20,7667.6
28,7667.7
24,7667.8
5,7668.1
25,7668.2
31,7668.4
12,7668.6
21,7668.6
6,7668.8
23,7668.9
11,7670.3
19,7673.3
17,7673.7
12,7674.1
15,7674.1
8,7674.1
9,7674.2
13,7674.2
4,7674.2
22,7674.5
16,7674.5
2,7674.6
20,7674.7
11,7675.1
10,7675.5
24,7675.7
18,7676.3
5,7677.1
25,7677.2
28,7677.3
19,7678.1
21,7678.3
12,7679.0
17,7679.1
13,7680.1
15,7680.3
0,7680.5
4,7680.5
9,7680.7
8,7680.7
31,7681.0
16,7681.2
22,7681.2
20,7681.4
2,7681.6
23,7681.9
30,7682.5
12,7683.6
7,7683.8
17,7684.0
24,7685.8
13,7685.9
1,7687.2
4,7687.3
15,7687.4
10,7688.1
12,7688.2
6,7688.6
17,7688.9
28,7689.8
9,7689.8
16,7690.5
8,7690.8
19,7691.4
13,7692.1
22,7692.3
20,7692.6
11,7692.7
12,7692.8
2,7692.9
17,7694.0
19,7695.6
11,7697.1
12,7697.8
17,7699.6
19,7700.1
4,7701.0
13,7701.1
11,7701.8
12,7703.2
19,7704.8
17,7705.6
11,7706.9
12,7709.2
19,7709.9
11,7712.7
17,7714.2
19,7715.6
12,7718.4
11,7719.4
19,7722.0
10,7722.9
8,7723.4
2,7723.7
11,7725.6
9,7725.7
18,7725.7
24,7726.0
12,7728.0
11,7731.6
8,7733.0
4,7736.4
17,7736.5
19,7737.3
12,7737.3
11,7737.9
11,7746.2
12,7747.1
17,7747.1
15,7747.2
19,7747.2
9,7747.2
16,7747.3
13,7747.3
10,7747.3
2,7747.4
22,7747.4
8,7747.4
4,7747.5
20,7747.6
18,7747.6
24,7747.7
28,7747.8
5,7748.1
25,7748.2
31,7748.4
21,7748.6
6,7748.8
23,7748.9
11,7752.5
19,7753.5
17,7753.7
12,7753.8
15,7754.1
13,7754.2
9,7754.3
8,7754.4
22,7754.5
16,7754.5
4,7754.5
2,7754.6
20,7754.7
24,7755.5
10,7755.5
18,7756.3
28,7756.9
5,7757.0
25,7757.2
11,7757.4
21,7758.3
19,7758.4
17,7759.1
12,7759.2
13,7760.2
15,7760.3
6,7760.7
31,7760.9
4,7761.0
8,7761.0
9,7761.1
22,7761.2
0,7761.2
20,7761.5
16,7761.5
2,7761.6
23,7761.9
11,7762.0
19,7763.0
17,7764.2
12,7764.4
24,7765.5
7,7766.0
13,7766.2
11,7766.5
19,7767.4
15,7767.5
28,7769.1
10,7769.1
17,7769.5
12,7769.7
4,7770.4
5,7770.6
11,7771.1
9,7771.3
8,7771.8
19,7771.8
13,7772.7
22,7772.8
20,7772.9
2,7773.1
16,7773.4
17,7775.0
12,7775.3
11,7775.9
19,7776.3
19,7781.0
11,7781.1
17,7781.1
12,7781.6
13,7786.0
19,7786.2
11,7786.9
17,7790.0
19,7791.9
11,7793.7
12,7794.2
19,7798.3
8,7802.3
9,7802.7
18,7802.7
10,7802.8
11,7803.0
2,7803.6
24,7806.0
12,7807.8
11,7810.0
8,7812.4
11,7817.0
11,7829.9
27,7831.0
27,7835.4
27,7840.1
26,7844.1
27,7845.4
26,7848.4
9,7849.4
18,7849.4
8,7849.5
27,7851.2
26,7853.1
11,7853.7
10,7854.2
2,7855.1
27,7857.3
26,7857.9
8,7858.1
26,7862.5
27,7864.3
11,7864.3
26,7867.3
26,7872.4
26,7878.0
26,7884.4
26,8131.4
11,8131.5
27,8131.7
9,8131.8
2,8131.9
8,8132.0
16,8132.0
19,8132.1
12,8132.1
20,8132.2
4,8132.2
10,8132.3
17,8132.3
15,8132.3
24,8132.5
18,8132.5
22,8132.5
5,8133.3
25,8133.3
13,8133.4
31,8133.6
21,8133.8
6,8134.0
23,8134.2
26,8137.9
27,8138.0
11,8138.1
9,8138.6
2,8138.6
19,8138.8
16,8138.8
20,8138.9
8,8139.1
15,8139.3
12,8139.3
4,8139.4
22,8139.7
17,8139.8
24,8140.4
10,8140.6
18,8141.7
25,8142.6
26,8143.0
11,8143.2
13,8143.3
5,8143.6
19,8144.2
21,8144.3
2,8144.3
20,8144.5
9,8144.5
16,8144.6
15,8145.7
12,8145.7
4,8145.9
8,8145.9
22,8146.7
17,8146.8
26,8147.9
11,8148.0
19,8149.3
24,8150.0
2,8150.1
20,8150.1
9,8150.6
16,8150.7
6,8151.3
23,8152.2
26,8152.7
7,8152.7
11,8152.8
12,8153.0
15,8153.6
14,8154.2
4,8154.3
19,8154.6
20,8156.0
8,8156.4
17,8156.6
2,8156.7
13,8157.2
16,8157.7
11,8157.9
26,8157.9
9,8158.2
19,8160.3
11,8163.3
20,8163.3
26,8163.5
27,8164.6
19,8166.7
27,8168.6
11,8169.4
26,8169.9
27,8173.1
27,8177.9
11,8179.2
27,8183.3
27,8189.2
27,8197.2
26,8203.8
9,8204.1
18,8204.1
8,8204.2
2,8211.3
11,8211.4
16,8211.4
20,8211.6
26,8211.7
27,8211.7
12,8212.0
19,8212.0
4,8212.1
17,8212.2
10,8212.2
15,8212.2
9,8212.3
22,8212.4
24,8212.4
8,8213.2
25,8213.2
5,8213.2
13,8213.3
31,8213.5
21,8213.7
6,8213.9
23,8214.0
18,8214.8
26,8217.8
11,8217.9
2,8217.9
27,8218.1
16,8218.1
20,8218.2
19,8218.7
9,8218.8
12,8219.1
4,8219.2
15,8219.2
22,8219.6
17,8219.6
24,8220.1
8,8220.2
10,8220.4
25,8222.2
5,8222.6
13,8222.6
26,8222.8
11,8222.9
18,8223.0
2,8223.6
21,8223.6
20,8223.6
16,8223.7
19,8224.0
9,8224.5
12,8225.3
15,8225.5
4,8225.6
22,8226.3
17,8226.3
31,8226.4
8,8227.1
26,8227.5
11,8227.7
20,8228.9
19,8229.0
24,8229.0
2,8229.2
16,8229.2
9,8230.3
23,8230.7
6,8231.1
26,8232.0
11,8232.3
12,8232.4
10,8232.8
15,8233.2
4,8233.3
19,8234.2
20,8234.4
16,8234.9
2,8235.0
14,8235.3
17,8235.3
13,8235.9
8,8236.2
9,8236.3
26,8236.6
11,8237.1
22,8238.4
19,8239.7
20,8240.3
16,8241.1
26,8241.4
2,8241.5
11,8242.3
9,8243.7
19,8245.6
26,8246.7
20,8247.8
11,8248.0
27,8248.7
16,8251.5
26,8252.5
19,8252.9
27,8253.0
11,8254.6
27,8257.6
26,8259.8
27,8262.6
9,8265.2
8,8265.4
18,8265.4
26,8266.6
10,8267.7
27,8267.8
11,8267.8
2,8268.5
20,8271.2
16,8271.5
26,8272.7
27,8272.9
24,8273.4
12,8273.6
9,8273.7
11,8274.7
8,8274.9
2,8277.2
27,8278.0
26,8278.8
11,8281.1
27,8283.1
26,8285.7
9,8287.2
27,8288.4
11,8289.4
26,8291.7
16,8291.8
2,8291.9
20,8292.0
8,8292.0
19,8292.0
4,8292.1
15,8292.2
12,8292.2
17,8292.3
10,8292.4
22,8292.4
18,8292.4
24,8292.8
5,8293.1
13,8293.2
25,8293.2
31,8293.3
27,8293.5
21,8293.6
9,8293.8
6,8293.8
23,8293.9
11,8295.5
26,8297.2
2,8298.5
16,8298.5
20,8298.7
19,8298.7
15,8299.1
8,8299.1
4,8299.2
9,8299.4
12,8299.4
22,8299.5
17,8299.6
11,8300.3
24,8300.6
10,8300.7
18,8301.0
13,8302.1
26,8302.1
25,8302.2
5,8302.3
21,8303.5
19,8303.9
16,8304.1
2,8304.1
20,8304.2
9,8304.6
15,8305.4
4,8305.5
12,8305.6
8,8305.8
22,8306.2
17,8306.3
26,8306.7
23,8306.8
31,8307.1
19,8308.8
20,8309.6
2,8309.6
9,8309.7
16,8309.7
24,8310.2
0,8310.5
7,8310.6
26,8311.1
6,8311.5
12,8312.2
15,8312.5
4,8312.7
18,8313.3
11,8313.7
19,8313.9
10,8314.0
17,8314.3
9,8315.1
20,8315.2
2,8315.4
16,8315.5
26,8315.6
8,8315.9
22,8317.1
11,8317.9
19,8319.2
26,8320.2
9,8320.7
20,8321.4
2,8321.9
16,8322.1
11,8322.4
12,8324.8
19,8325.0
26,8325.2
9,8327.1
11,8327.2
26,8330.7
20,8331.3
19,8331.6
11,8332.6
26,8336.9
11,8338.5
9,8339.6
11,8346.3
26,8347.1
2,8347.4
16,8347.8
10,8347.9
8,8348.4
20,8348.8
9,8350.1
18,8350.7
24,8351.0
12,8351.1
11,8352.9
26,8353.8
2,8356.8
8,8358.0
11,8358.9
26,8359.9
4,8361.4
9,8361.5
17,8361.6
19,8362.1
12,8362.1
11,8365.5
26,8366.7
20,8367.2
16,8367.5
11,8371.7
2,8371.9
15,8372.2
22,8372.4
8,8372.4
10,8372.4
26,8372.4
9,8372.4
19,8372.5
18,8372.6
4,8372.6
24,8372.7
12,8372.7
17,8372.8
5,8373.1
13,8373.2
25,8373.2
31,8373.4
21,8373.6
6,8373.8
20,8373.8
23,8373.9
16,8374.2
11,8377.4
26,8377.4
2,8378.6
19,8379.0
9,8379.1
15,8379.1
20,8379.2
8,8379.4
12,8379.5
22,8379.5
16,8379.6
4,8379.6
17,8379.9
24,8380.5
10,8380.7
18,8381.0
5,8382.1
25,8382.2
11,8382.3
26,8382.4
13,8382.5
21,8383.5
20,8384.0
2,8384.1
19,8384.3
16,8384.7
9,8384.9
15,8385.3
12,8385.9
8,8386.0
22,8386.2
4,8386.3
6,8386.4
23,8386.8
11,8386.9
17,8387.1
20,8388.9
19,8389.6
2,8389.7
16,8389.7
24,8389.9
9,8390.8
11,8391.4
15,8392.5
31,8392.6
20,8393.8
12,8394.1
16,8394.9
19,8395.1
26,8395.4
2,8395.5
11,8395.9
8,8395.9
9,8397.5
22,8397.6
4,8397.9
20,8399.2
26,8399.6
16,8400.5
17,8400.6
11,8400.6
19,8400.9
2,8402.2
26,8404.0
20,8405.0
11,8405.7
16,8406.7
19,8408.0
26,8408.9
9,8410.8
11,8411.4
20,8412.2
26,8414.3
11,8417.8
16,8417.9
26,8420.4
26,8426.9
8,8427.3
18,8427.7
11,8427.7
10,8427.8
2,8428.6
9,8428.7
24,8431.0
12,8431.2
20,8431.4
16,8432.7
26,8433.1
11,8434.8
8,8437.3
2,8437.4
9,8439.0
26,8439.1
11,8441.7
26,8445.5
11,8453.9
27,8456.1
26,8457.1
27,8460.1
27,8464.6
27,8469.6
9,8474.4
18,8474.4
8,8474.5
26,8474.7
27,8475.1
11,8478.7
2,8478.8
10,8479.2
16,8479.2
20,8479.4
27,8480.8
26,8481.9
8,8483.1
9,8483.6
27,8486.6
2,8488.3
26,8489.1
11,8489.2
27,8493.4
26,8756.7
9,8756.8
27,8756.9
16,8757.0
11,8757.1
12,8757.1
19,8757.1
2,8757.1
20,8757.2
4,8757.2
17,8757.3
15,8757.3
22,8757.5
24,8757.5
18,8757.5
8,8757.6
25,8758.3
5,8758.3
13,8758.4
31,8758.6
21,8758.8
6,8759.0
23,8759.2
27,8763.4
26,8763.6
9,8763.6
16,8763.8
19,8763.8
20,8763.9
11,8764.1
2,8764.1
12,8764.3
15,8764.3
4,8764.4
22,8764.7
17,8764.8
24,8765.4
18,8766.7
8,8767.1
25,8767.6
27,8768.3
5,8768.6
13,8768.6
19,8769.2
20,8769.5
9,8769.5
16,8769.6
21,8769.6
26,8769.8
11,8770.4
2,8770.6
15,8770.7
12,8770.7
4,8770.8
22,8771.9
17,8771.9
27,8773.0
19,8774.4
20,8775.2
9,8775.6
16,8775.7
0,8775.7
6,8776.0
24,8776.1
26,8777.1
27,8777.5
11,8777.7
23,8777.9
12,8778.1
15,8778.8
4,8778.8
2,8778.9
19,8779.8
14,8779.9
20,8781.2
27,8781.8
9,8782.9
16,8783.4
17,8783.5
19,8785.7
27,8786.4
20,8789.1
27,8791.2
19,8792.8
27,8796.6
27,8802.4
27,8809.6
9,8828.0
2,8828.1
16,8828.2
20,8828.4
26,8828.8
18,8829.1
8,8829.2
27,8836.8
11,8837.0
19,8837.0
12,8837.0
4,8837.1
17,8837.2
15,8837.2
9,8837.3
24,8837.4
22,8837.4
16,8837.5
26,8837.5
20,8837.7
2,8837.8
5,8838.2
25,8838.2
13,8838.3
31,8838.5
21,8838.7
6,8838.9
23,8839.1
18,8839.7
8,8840.1
27,8843.2
19,8843.7
9,8843.9
11,8843.9
12,8844.1
26,8844.1
16,8844.1
4,8844.2
15,8844.2
20,8844.3
22,8844.6
17,8844.6
2,8844.8
24,8845.1
25,8847.2
5,8847.8
13,8847.8
18,8848.0
27,8848.2
8,8848.4
21,8848.9
19,8849.0
9,8849.7
16,8849.9
20,8850.0
11,8850.1
26,8850.2
12,8850.3
15,8850.5
4,8850.6
2,8851.3
17,8851.4
22,8851.5
27,8852.8
19,8854.1
24,8854.8
0,8855.2
20,8855.5
9,8855.5
16,8855.7
23,8856.3
6,8856.6
26,8856.6
11,8856.9
12,8857.2
27,8857.2
15,8857.8
4,8858.3
2,8858.5
18,8858.6
19,8859.3
25,8859.8
17,8860.2
20,8861.4
9,8861.4
27,8861.5
16,8861.9
19,8864.9
22,8865.1
27,8866.0
26,8867.4
20,8868.1
9,8868.1
16,8869.7
27,8870.6
19,8871.0
27,8875.7
19,8880.4
27,8881.2
27,8887.3
9,8889.5
16,8889.6
2,8889.7
20,8889.9
26,8890.2
18,8890.4
8,8890.5
27,8896.5
11,8898.2
24,8898.4
12,8898.6
26,8898.8
9,8899.8
27,8904.6
11,8909.3
26,8910.4
27,8916.7
9,8916.8
16,8916.9
2,8917.0
19,8917.0
4,8917.1
20,8917.1
15,8917.2
12,8917.2
17,8917.3
18,8917.4
22,8917.4
8,8917.5
26,8917.5
24,8917.8
11,8918.0
5,8918.1
13,8918.2
25,8918.2
31,8918.4
21,8918.6
6,8918.8
23,8918.9
27,8923.1
9,8923.5
16,8923.6
19,8923.7
20,8923.8
26,8923.8
2,8923.9
15,8924.1
4,8924.2
12,8924.4
22,8924.5
17,8924.6
11,8924.7
24,8925.5
18,8926.0
8,8926.3
25,8927.1
5,8927.4
13,8927.7
27,8928.1
21,8928.6
19,8928.9
20,8929.2
9,8929.2
16,8929.2
26,8929.7
2,8930.3
15,8930.3
12,8930.5
4,8930.5
11,8931.0
31,8931.1
17,8931.3
22,8931.4
29,8931.9
19,8934.0
20,8934.6
16,8934.8
9,8934.9
24,8935.2
23,8935.8
26,8936.1
6,8936.6
12,8937.3
15,8937.4
1,8937.7
4,8937.7
2,8938.0
11,8938.2
19,8939.2
8,8940.0
17,8940.0
20,8940.2
16,8940.7
9,8940.8
22,8942.7
19,8944.7
27,8945.6
20,8946.4
26,8947.1
16,8947.5
9,8947.6
27,8949.8
19,8950.7
12,8951.1
27,8954.3
20,8956.3
27,8959.1
19,8959.5
27,8964.4
27,8970.2
26,8975.0
9,8975.7
18,8975.7
8,8975.8
11,8975.8
27,8976.0
24,8976.0
12,8976.3
2,8978.2
16,8978.3
20,8978.6
27,8982.2
26,8983.7
9,8985.3
4,8986.4
17,8986.6
11,8986.9
19,8987.1
12,8987.2
27,8988.3
27,8994.7
16,8996.9
26,8997.0
2,8997.1
20,8997.1
15,8997.2
9,8997.3
22,8997.4
19,8997.5
18,8997.6
8,8997.6
4,8997.7
17,8997.8
24,8997.8
12,8997.8
11,8997.9
5,8998.1
25,8998.2
13,8998.2
31,8998.4
21,8998.6
6,8998.8
23,8998.9
27,9000.3
16,9003.6
20,9003.8
26,9003.9
2,9004.0
9,9004.0
19,9004.1
15,9004.1
22,9004.5
12,9004.6
4,9004.7
11,9004.8
17,9004.9
24,9005.4
18,9006.1
8,9006.2
25,9007.1
5,9007.3
13,9007.4
21,9008.4
20,9009.2
16,9009.3
19,9009.4
9,9009.6
26,9010.0
15,9010.3
2,9010.4
12,9010.9
31,9011.0
11,9011.1
22,9011.3
29,9011.4
4,9011.5
6,9011.6
17,9012.2
24,9014.5
20,9014.6
16,9014.8
19,9014.8
23,9015.0
9,9015.3
26,9016.8
15,9017.5
2,9017.8
11,9018.6
12,9019.3
20,9020.3
19,9020.4
16,9020.7
9,9021.2
22,9022.3
4,9022.6
17,9025.5
20,9026.4
19,9026.4
16,9027.4
9,9028.1
27,9030.9
27,9035.1
19,9035.1
20,9036.3
27,9039.6
27,9044.4
27,9049.8
2,9051.1
9,9051.2
16,9051.2
26,9052.4
20,9052.5
18,9052.7
8,9052.8
27,9055.4
11,9055.8
24,9056.0
12,9056.2
26,9060.5
27,9061.3
9,9061.3
11,9067.0
27,9067.6
26,9073.7
27,9076.5
2,9096.8
16,9096.9
20,9097.1
9,9097.2
26,9099.1
18,9099.4
8,9099.5
9,9107.7
26,9381.8
9,9381.8
16,9382.0
19,9382.1
2,9382.1
20,9382.2
4,9382.2
17,9382.3
15,9382.3
27,9382.3
11,9382.5
22,9382.5
18,9382.5
8,9382.6
3,9382.7
12,9382.9
5,9383.3
25,9383.3
13,9383.4
31,9383.6
21,9383.8
6,9384.0
23,9384.2
26,9388.5
9,9388.6
19,9388.8
16,9388.8
20,9388.9
2,9389.1
27,9389.1
15,9389.3
4,9389.4
22,9389.7
17,9389.8
11,9390.2
3,9391.0
18,9391.7
8,9392.1
12,9392.5
25,9392.6
5,9393.6
13,9393.6
19,9394.2
26,9394.4
20,9394.5
9,9394.5
21,9394.6
16,9394.6
27,9394.8
2,9395.7
15,9395.7
4,9395.9
17,9396.9
22,9396.9
10,9397.4
0,9398.6
11,9399.3
19,9399.4
20,9400.1
27,9400.5
9,9400.6
16,9400.6
31,9400.6
26,9400.7
23,9402.4
14,9402.4
6,9402.9
3,9403.2
15,9403.2
4,9403.6
2,9404.0
19,9404.8
20,9406.0
27,9406.6
16,9407.5
17,9408.2
9,9408.3
26,9409.5
19,9410.6
20,9413.2
27,9415.7
19,9417.5
9,9453.0
2,9453.1
16,9453.2
20,9453.4
26,9453.8
18,9454.1
8,9454.2
19,9462.0
27,9462.1
4,9462.1
15,9462.2
17,9462.2
9,9462.2
11,9462.3
22,9462.4
16,9462.5
26,9462.5
3,9462.6
12,9462.7
20,9462.7
2,9462.8
5,9463.2
25,9463.2
13,9463.3
31,9463.5
21,9463.7
6,9463.9
23,9464.1
18,9464.7
8,9465.1
19,9468.7
9,9468.9
27,9468.9
26,9469.0
16,9469.1
15,9469.2
4,9469.2
20,9469.3
17,9469.6
22,9469.6
2,9469.8
11,9469.9
3,9470.7
12,9471.7
25,9472.2
13,9472.8
5,9472.9
18,9472.9
8,9473.4
19,9474.0
21,9474.0
27,9474.6
9,9474.7
26,9474.9
16,9474.9
20,9474.9
15,9475.4
4,9475.5
2,9476.2
17,9476.4
22,9476.6
0,9478.5
11,9479.0
19,9479.1
31,9479.9
27,9480.1
9,9480.3
20,9480.5
16,9480.6
26,9480.8
23,9481.4
14,9482.2
15,9482.6
3,9482.6
4,9482.9
2,9483.4
19,9484.4
6,9484.4
17,9484.6
12,9484.7
18,9485.4
27,9485.9
9,9486.3
20,9486.3
16,9486.5
26,9487.7
19,9490.0
22,9490.4
27,9492.4
20,9493.0
9,9493.1
16,9493.5
19,9496.2
27,9506.4
19,9507.6
9,9514.4
16,9514.6
2,9514.7
20,9514.9
26,9515.1
18,9515.4
8,9515.5
3,9518.7
11,9518.9
26,9522.7
9,9524.6
26,9532.2
9,9541.7
16,9541.9
19,9542.0
2,9542.0
4,9542.1
20,9542.1
15,9542.2
27,9542.2
17,9542.3
22,9542.4
18,9542.4
11,9542.4
26,9542.4
8,9542.5
3,9542.6
12,9542.8
5,9543.1
25,9543.2
13,9543.2
31,9543.4
21,9543.6
6,9543.8
23,9543.9
9,9548.5
16,9548.6
19,9548.7
20,9548.8
2,9548.9
27,9548.9
15,9549.1
26,9549.1
4,9549.2
22,9549.5
17,9549.6
11,9550.0
3,9550.8
18,9550.9
8,9551.4
25,9551.9
12,9552.0
5,9552.3
13,9552.4
21,9553.7
19,9553.9
16,9554.2
9,9554.2
20,9554.3
27,9554.5
26,9554.8
2,9555.1
15,9555.3
4,9555.4
31,9556.1
17,9556.2
22,9556.4
0,9557.9
11,9558.8
19,9559.0
20,9559.8
16,9559.9
9,9560.0
27,9560.0
26,9560.8
23,9561.2
15,9561.8
3,9562.0
4,9562.2
2,9562.3
6,9563.6
19,9564.3
25,9564.4
17,9564.4
20,9565.6
27,9565.8
16,9566.0
9,9566.1
26,9568.3
22,9569.2
19,9569.8
20,9572.1
27,9572.2
15,9572.8
16,9573.7
9,9574.4
19,9575.9
4,9575.9
27,9584.8
19,9585.4
26,9598.1
3,9598.3
11,9598.4
9,9600.6
18,9600.7
8,9600.8
2,9603.2
16,9603.3
20,9603.5
26,9606.0
9,9610.4
4,9611.4
17,9611.6
12,9611.7
27,9611.7
19,9612.0
26,9617.1
16,9621.8
2,9622.0
20,9622.1
15,9622.2
9,9622.3
22,9622.4
11,9622.4
4,9622.5
19,9622.5
18,9622.6
3,9622.6
27,9622.6
8,9622.7
17,9622.8
5,9623.1
13,9623.2
25,9623.2
31,9623.4
21,9623.6
26,9623.8
6,9623.8
23,9623.9
12,9624.7
16,9628.6
20,9628.8
2,9629.0
9,9629.0
15,9629.1
19,9629.1
27,9629.3
26,9629.4
4,9629.5
22,9629.5
17,9629.9
11,9630.0
3,9630.7
18,9631.1
8,9631.3
25,9631.9
13,9632.3
5,9632.4
21,9633.6
10,9634.2
16,9634.2
20,9634.3
19,9634.4
26,9634.6
9,9634.7
27,9635.0
15,9635.2
2,9635.2
12,9635.9
4,9636.0
31,9636.0
22,9636.2
0,9636.7
17,9636.9
11,9639.1
6,9639.6
16,9639.7
20,9639.7
19,9639.8
23,9639.9
26,9639.9
7,9640.2
9,9640.4
27,9640.8
3,9641.9
15,9641.9
2,9642.2
25,9644.5
4,9645.1
19,9645.3
20,9645.4
26,9645.5
16,9645.6
9,9646.6
27,9647.2
22,9647.8
17,9650.5
19,9651.2
20,9651.6
26,9651.7
16,9652.2
15,9654.8
9,9654.9
19,9658.6
27,9658.7
20,9662.5
26,9665.1
16,9666.2
2,9676.1
9,9676.1
18,9677.7
8,9677.8
20,9677.8
26,9677.8
3,9678.1
11,9678.2
16,9678.9
26,9686.2
9,9686.4
2,9721.8
16,9721.9
20,9722.1
9,9722.2
26,9724.1
18,9724.4
8,9724.5
3,9728.8
11,9728.9
26,9731.6
9,9732.9
26,9740.5
