11,185.0
11,725.9
11,810.7
12,892.9
10,1352.6
11,1353.3
17,1364.7
11,1434.3
11,1515.3
11,1978.8
10,1987.4
19,1987.7
26,2058.2
11,2059.2
10,2068.2
11,2139.2
10,2148.4
17,2149.5
11,2603.7
19,2611.3
17,2612.8
10,2613.1
11,2684.1
26,2684.5
10,2690.6
11,2764.0
17,2772.2
10,2773.4
28,2774.1
11,3228.6
12,3235.2
19,3235.9
17,3237.1
10,3237.3
28,3240.5
11,3308.6
26,3308.6
10,3316.0
11,3389.4
12,3390.1
19,3396.2
10,3397.5
28,3401.0
10,3782.7
11,3854.6
17,3859.9
28,3860.1
10,3860.2
9,3860.5
19,3863.5
2,3864.0
11,3933.8
10,3936.0
8,3940.0
11,4014.8
17,4015.7
10,4016.9
12,4017.6
19,4020.2
9,4020.7
28,4021.6
8,4022.7
2,4024.2
17,4402.7
10,4405.6
9,4406.0
11,4406.4
16,4406.8
8,4407.3
1,4408.5
17,4479.2
25,4479.3
26,4479.9
11,4480.4
10,4481.6
9,4482.4
16,4483.6
2,4484.6
18,4484.7
8,4484.7
1,4484.9
0,4485.3
12,4485.9
19,4486.9
28,4487.6
10,4557.3
17,4558.5
11,4559.2
24,4561.0
16,4561.2
9,4561.5
8,4563.5
1,4564.1
2,4565.3
18,4565.4
0,4566.5
12,4568.6
10,4637.2
25,4638.4
17,4638.7
11,4639.3
26,4639.6
9,4641.6
16,4642.1
24,4643.3
18,4644.4
1,4645.6
8,4645.8
2,4647.3
11,5028.8
10,5029.2
18,5032.4
17,5032.5
16,5032.7
2,5033.0
12,5033.1
10,5103.5
11,5104.5
9,5104.8
17,5105.7
19,5107.5
12,5108.6
8,5109.0
16,5110.8
2,5110.8
1,5111.7
0,5112.3
27,5113.0
10,5181.2
24,5182.5
11,5182.7
17,5185.0
9,5185.9
18,5188.2
12,5188.3
19,5188.4
16,5188.7
3,5190.3
2,5190.8
8,5192.5
26,5259.7
10,5261.4
11,5262.7
25,5264.6
17,5265.6
9,5266.3
16,5267.7
12,5268.8
18,5269.8
19,5270.6
2,5270.8
8,5271.7
1,5271.8
9,5652.6
11,5652.7
10,5653.9
17,5656.2
11,5729.2
9,5730.9
10,5732.1
18,5732.2
17,5732.3
19,5732.5
20,5733.8
12,5733.9
2,5735.6
3,5741.1
10,5807.2
11,5808.1
28,5809.1
9,5810.5
17,5811.4
19,5813.9
27,5814.4
16,5815.2
2,5815.8
18,5816.5
10,5887.5
11,5888.7
12,5888.9
9,5890.8
17,5891.9
19,5894.7
4,5894.8
18,5894.9
20,5895.2
28,5897.2
11,6274.5
9,6277.0
19,6280.0
10,6280.2
17,6280.9
11,6351.9
26,6352.6
27,6354.4
25,6355.4
9,6355.5
12,6355.5
19,6356.8
20,6357.1
17,6357.7
28,6357.9
16,6359.3
10,6360.9
11,6430.7
10,6434.2
26,6434.8
9,6435.0
19,6435.9
17,6437.0
12,6437.4
27,6437.9
2,6439.0
1,6439.6
28,6440.1
11,6510.5
10,6512.7
26,6515.1
25,6515.2
9,6515.3
19,6516.5
17,6517.4
20,6517.7
27,6519.0
12,6519.3
28,6520.2
16,6520.5
11,6900.0
9,6904.5
10,6905.8
26,6976.1
12,6977.4
11,6977.6
20,6981.1
27,6981.5
19,6981.9
9,6982.1
10,6983.6
17,6984.0
28,6984.3
11,7056.5
26,7060.7
9,7061.8
19,7062.1
20,7062.4
10,7062.9
17,7064.2
25,7065.8
28,7065.8
27,7066.9
2,7067.0
4,7068.9
11,7136.0
26,7141.0
9,7141.8
19,7142.7
20,7142.9
28,7145.6
17,7147.8
11,7525.5
20,7527.6
12,7530.1
28,7532.5
26,7601.4
11,7603.1
27,7604.9
20,7606.0
4,7606.8
9,7607.1
12,7608.4
28,7609.7
18,7610.5
22,7612.2
19,7680.6
11,7681.3
26,7684.4
20,7685.5
27,7686.6
9,7687.5
12,7688.0
10,7688.9
17,7689.2
28,7689.3
11,7761.3
26,7764.7
20,7765.9
27,7767.3
9,7768.2
19,7768.5
12,7768.5
10,7768.7
28,7769.1
4,7769.7
3,7771.3
22,7772.7
20,8151.8
11,8152.3
12,8154.2
26,8226.6
27,8227.8
28,8229.1
20,8230.2
11,8230.9
4,8232.1
12,8232.7
5,8233.6
30,8234.6
19,8306.4
20,8308.7
28,8310.0
27,8310.2
11,8311.0
12,8311.5
10,8314.5
9,8315.2
17,8315.8
22,8316.9
4,8316.9
30,8317.2
5,8317.4
26,8386.7
20,8388.2
27,8390.1
28,8390.1
11,8391.7
12,8392.1
4,8395.6
22,8396.3
18,8396.8
5,8397.9
20,8777.3
11,8777.5
12,8777.6
28,8777.6
9,8778.2
26,8852.2
18,8853.1
28,8854.3
27,8854.7
12,8855.8
20,8856.1
11,8856.4
9,8856.7
17,8857.1
10,8858.3
4,8858.3
5,8858.5
1,8859.2
30,8860.0
3,8862.1
28,8933.7
12,8933.7
11,8933.9
19,8934.0
20,8935.1
27,8935.8
26,8936.3
9,8936.9
17,8938.3
2,8938.4
4,8939.4
5,8940.0
30,8942.9
22,8943.2
28,9013.6
11,9013.8
12,9014.1
20,9014.9
27,9016.0
26,9016.6
9,9017.4
17,9019.5
10,9019.5
1,9019.8
4,9020.6
22,9022.5
9,9403.0
12,9403.6
11,9403.7
20,9403.8
9,9481.1
27,9481.1
20,9481.7
11,9481.8
12,9482.2
18,9482.4
17,9482.8
4,9482.9
2,9483.4
5,9484.1
10,9484.2
1,9485.4
22,9486.9
13,9489.4
19,9558.0
12,9559.9
9,9560.7
27,9561.4
20,9561.7
11,9562.4
26,9563.5
10,9564.6
18,9565.2
2,9565.5
17,9566.2
4,9567.0
22,9570.0
12,9639.3
9,9640.7
27,9641.7
20,9642.1
28,9643.1
11,9643.6
19,9644.9
26,9644.9
17,9645.1
10,9646.1
18,9646.7
4,9646.9
5,9648.0
2,9651.1
22,9654.8
