134,31.1
67,33.7
206,35.1
163,39.7
212,39.8
357,40.4
71,40.5
361,41.7
67,42.6
172,43.5
206,43.8
178,43.9
134,44.0
18,44.7
60,45.3
313,45.3
309,45.8
308,46.1
267,46.2
24,46.3
205,46.5
268,47.4
359,48.1
59,49.2
17,49.4
62,49.5
319,51.0
229,51.1
353,51.1
76,51.2
182,51.5
39,52.3
360,53.3
67,53.7
61,53.7
156,53.8
266,54.5
170,54.5
0,55.5
180,55.6
206,56.2
60,56.4
108,56.7
86,56.8
129,56.8
218,57.1
130,57.2
359,57.7
163,57.7
31,57.7
310,57.9
178,58.0
279,58.0
293,58.1
361,58.2
18,59.6
76,59.8
302,59.8
214,59.9
172,60.0
88,60.3
261,61.0
267,61.1
353,61.7
212,62.7
67,63.1
339,63.5
45,63.8
39,63.9
368,64.8
184,64.8
157,64.8
134,65.3
60,65.4
357,65.6
207,65.8
105,66.0
3,66.2
205,66.7
100,66.8
156,67.0
360,67.1
351,67.5
61,67.8
227,68.6
0,68.7
53,68.8
309,69.8
359,69.8
361,69.9
84,70.3
19,70.5
320,70.6
291,70.8
109,71.0
71,71.4
366,72.4
278,72.7
307,73.8
201,74.0
180,74.6
210,75.0
18,75.8
178,76.2
218,76.8
134,77.2
60,77.4
311,77.5
125,79.0
67,79.3
0,80.1
156,80.2
61,80.3
361,80.6
96,81.0
109,81.1
71,81.4
367,81.9
313,82.1
206,82.3
229,83.7
310,83.8
291,84.5
32,84.6
39,84.8
303,85.1
17,85.2
351,85.4
334,85.8
163,86.3
134,86.8
178,87.4
320,87.9
74,88.3
19,88.4
18,88.5
267,89.5
212,90.4
300,91.0
268,91.7
130,94.5
33,95.2
169,95.3
193,95.4
225,98.4
182,109.9
76,111.0
305,111.5
38,112.8
246,113.3
357,114.2
151,114.2
270,115.0
376,117.6
75,117.8
176,118.6
34,120.6
258,121.1
361,121.1
0,122.9
15,124.4
105,125.0
196,128.5
200,128.6
211,129.1
59,129.6
193,129.9
176,131.0
5,133.3
353,134.5
365,134.8
305,135.0
339,138.2
137,138.9
297,139.8
30,140.6
212,140.9
67,141.7
76,141.8
40,142.5
256,143.4
368,144.9
0,145.6
353,145.7
137,147.4
365,149.0
206,149.4
1,151.2
258,151.5
130,151.6
310,151.9
203,152.4
359,152.5
101,153.0
221,153.1
378,153.1
182,153.8
76,154.1
20,154.5
339,154.8
368,155.1
41,155.4
291,155.6
61,155.8
211,156.1
18,156.6
32,157.1
256,157.2
322,157.9
361,158.2
355,160.0
247,160.6
353,162.7
137,165.2
200,165.6
201,167.3
60,167.8
157,168.2
25,169.8
53,172.1
172,175.7
311,177.2
67,178.1
293,178.5
154,180.3
125,183.4
252,184.5
105,188.1
172,190.4
193,190.7
163,190.8
25,191.0
96,191.7
71,191.8
353,192.6
59,192.7
158,194.0
130,194.6
39,194.8
76,195.1
368,195.5
366,195.8
200,196.0
30,196.1
310,196.3
36,196.4
64,196.5
212,196.5
137,196.7
291,196.9
377,197.1
349,197.2
38,197.4
258,197.7
79,197.9
176,197.9
311,198.3
45,198.6
182,199.7
113,200.1
246,200.1
24,200.2
293,200.3
149,200.5
104,200.7
156,201.8
345,202.2
184,202.4
88,202.8
308,202.9
272,203.1
172,203.4
76,203.7
316,204.0
201,205.4
18,206.2
255,206.3
376,206.8
279,208.4
366,210.9
86,212.0
157,214.1
176,215.7
59,215.7
11,216.0
377,216.0
67,218.1
357,220.0
230,220.5
134,220.6
39,220.6
76,220.8
310,221.0
365,221.1
178,222.0
18,222.0
137,223.0
359,224.2
308,226.1
320,226.5
267,226.7
67,227.0
120,227.3
74,228.2
72,229.9
17,230.6
84,230.8
305,231.0
169,231.2
109,231.3
86,231.3
275,231.5
180,231.9
291,234.0
266,234.2
258,234.7
268,235.1
310,235.5
178,235.5
256,235.7
7,235.9
303,235.9
161,237.4
60,237.7
34,238.6
71,238.7
0,239.9
255,240.3
53,240.8
163,241.0
130,241.0
134,241.3
361,241.9
129,242.1
221,242.5
29,242.6
167,243.0
313,243.2
67,243.2
376,243.5
178,243.7
132,244.0
169,244.4
218,244.4
39,244.5
156,245.2
172,245.3
365,245.5
33,245.7
36,245.8
227,245.9
268,246.2
86,246.4
38,246.8
75,247.3
372,247.6
291,247.6
229,247.9
15,248.6
31,249.2
308,249.3
339,249.9
34,250.4
0,251.3
357,251.9
141,252.1
212,252.3
133,252.5
178,253.5
376,254.4
288,254.4
289,254.9
182,255.0
143,255.8
86,256.0
332,256.5
33,256.8
365,257.5
169,257.6
310,257.9
229,258.0
309,258.9
172,259.0
31,259.6
300,259.7
366,259.7
357,259.8
335,260.1
270,260.2
0,260.3
88,260.5
212,260.7
127,261.0
291,261.6
90,261.8
41,262.0
378,262.0
67,263.1
182,263.3
258,263.5
71,263.8
74,263.9
298,264.1
87,264.3
156,264.7
202,265.0
59,265.2
178,265.4
313,265.7
321,266.4
367,266.5
184,266.6
353,266.9
13,267.0
130,268.0
100,268.6
229,268.8
31,269.0
305,269.3
206,269.6
300,269.6
133,270.1
96,270.7
105,271.0
311,271.4
357,271.4
89,271.7
218,272.6
212,272.7
15,272.8
268,273.2
272,274.1
258,275.1
314,275.2
71,275.9
86,276.1
20,276.3
339,276.7
261,276.9
125,277.6
176,278.2
33,279.0
309,279.0
353,280.5
74,280.9
0,281.7
156,283.8
319,284.0
182,286.3
59,288.1
212,293.7
134,297.2
376,297.5
67,299.4
206,300.0
76,301.3
96,301.6
36,302.7
193,305.2
229,306.1
361,306.9
227,307.9
353,308.2
39,309.0
182,311.5
88,311.7
178,312.0
313,313.1
76,314.0
59,315.1
365,315.4
225,317.6
18,319.3
274,319.4
316,321.7
129,323.5
59,325.9
61,326.0
310,327.3
246,328.2
193,329.9
109,331.3
76,331.8
211,332.2
201,333.3
258,333.9
61,334.6
176,335.5
218,337.1
206,337.2
71,337.8
67,338.3
18,338.6
172,339.1
357,339.7
212,340.9
361,343.4
137,345.6
319,346.5
247,347.1
36,347.9
0,348.6
19,348.9
311,350.1
134,350.5
357,351.3
157,352.1
67,352.5
365,353.8
305,354.8
151,357.3
308,358.2
172,360.4
361,364.7
34,365.4
17,365.4
365,366.7
218,366.8
268,367.3
258,368.9
248,371.4
31,372.5
60,374.4
109,375.1
320,375.2
74,375.5
302,375.6
182,376.2
218,376.2
229,376.4
303,376.6
20,377.1
152,377.2
206,377.2
176,377.8
205,379.9
33,380.1
108,380.5
353,381.2
156,381.6
130,381.9
60,385.2
357,386.0
31,386.1
87,387.7
298,387.9
359,388.1
15,389.2
88,391.1
86,392.6
17,399.5
376,401.2
293,417.4
205,419.5
5,419.6
357,421.4
298,422.4
86,423.5
300,423.7
67,424.3
196,424.7
212,424.9
0,425.3
60,425.4
36,425.9
89,426.1
308,426.2
45,426.6
376,426.7
137,427.1
291,428.0
227,428.9
311,429.9
157,430.3
293,430.5
199,431.1
205,431.7
2,431.8
38,435.3
67,435.5
131,435.5
17,435.9
246,436.1
357,436.1
300,437.3
202,437.9
158,438.4
96,439.0
18,439.4
12,440.2
308,441.0
182,442.7
376,443.9
349,444.8
86,445.2
172,448.4
365,460.9
182,461.1
133,461.3
258,462.8
310,464.4
366,465.7
36,466.8
38,468.3
376,471.0
137,471.0
270,471.1
377,471.6
127,472.0
79,476.6
258,477.7
176,478.8
291,480.0
74,480.9
7,480.9
31,481.7
169,481.8
268,482.7
377,483.1
38,483.1
272,483.4
353,483.9
212,484.6
300,484.9
20,485.4
33,486.8
133,486.8
313,487.9
134,488.5
71,488.8
378,489.1
311,489.6
34,489.7
13,490.2
255,490.2
59,491.3
327,493.1
169,493.2
339,494.0
178,494.1
67,497.2
130,501.3
291,501.7
0,503.1
323,504.2
365,504.8
67,506.4
134,506.5
169,506.6
137,508.3
221,509.4
229,511.6
74,511.9
40,512.8
61,513.6
206,514.0
308,514.5
0,514.6
378,516.0
161,516.7
31,517.1
291,517.3
246,518.8
288,521.1
361,521.2
9,521.2
163,521.5
134,522.1
193,522.7
311,522.8
300,522.9
71,523.0
313,523.2
101,523.4
67,524.0
357,524.6
0,526.0
221,528.2
97,529.1
177,529.5
18,529.7
156,531.4
74,532.1
339,535.6
376,539.4
229,539.8
182,540.2
291,544.1
227,547.8
36,550.7
33,551.5
176,553.1
376,554.3
137,556.5
38,557.1
365,557.5
212,559.1
270,560.1
272,560.6
76,560.6
79,560.7
143,560.8
39,560.8
34,561.0
378,561.7
377,562.9
320,564.2
33,564.6
372,565.9
176,567.3
200,569.1
193,569.2
169,570.5
258,570.9
212,573.3
182,578.3
36,581.2
59,586.9
293,604.8
176,607.1
59,607.6
246,610.5
201,610.7
18,610.9
291,611.0
17,611.0
193,611.3
310,611.8
212,612.5
200,612.7
0,613.1
36,613.3
5,613.5
376,613.5
349,614.0
108,614.0
298,614.7
67,614.9
172,615.2
293,615.7
305,616.2
351,616.3
357,616.4
205,616.5
320,616.7
109,617.0
258,617.2
308,617.3
151,617.5
300,617.7
303,618.0
132,618.3
60,619.3
218,619.4
170,619.6
178,619.9
229,620.0
260,620.2
31,620.7
17,621.3
248,621.4
268,621.7
194,621.8
33,622.0
225,623.2
0,623.6
206,623.9
74,624.3
182,625.1
357,625.2
366,625.7
19,625.9
71,626.0
372,626.1
313,626.2
156,626.3
309,626.8
270,626.8
88,627.3
134,628.1
332,630.7
202,631.2
160,631.9
178,633.3
163,634.2
67,634.7
130,634.8
7,636.0
31,638.0
229,638.1
172,639.8
334,640.2
357,643.1
88,643.1
134,643.1
319,644.0
67,644.2
178,644.3
130,644.4
74,644.5
206,645.7
182,646.7
365,647.5
184,648.2
31,648.2
229,648.4
228,648.5
311,649.8
18,650.3
368,650.3
7,650.3
367,650.4
225,650.6
201,651.0
203,651.2
360,651.8
156,652.1
130,652.9
60,653.7
255,654.3
361,654.4
351,654.7
218,655.0
109,655.1
20,655.4
339,656.3
221,656.5
134,656.5
256,656.6
291,656.6
82,656.6
353,656.7
310,656.7
41,657.7
206,658.1
163,658.3
67,658.4
88,658.5
169,658.6
31,659.3
167,659.9
74,660.0
357,661.2
152,661.9
226,663.0
25,663.5
130,664.8
33,665.3
17,665.4
322,665.9
178,666.7
229,667.1
360,668.6
156,668.8
170,674.0
18,676.2
60,676.4
291,677.9
361,678.3
169,679.5
104,679.7
76,681.3
300,683.1
267,684.5
39,686.8
134,687.8
176,688.7
320,689.2
99,689.8
230,689.9
33,689.9
18,691.0
359,691.3
261,691.7
319,692.2
353,693.9
246,696.8
226,697.1
157,703.8
96,703.9
39,704.5
360,706.9
76,709.2
300,709.3
305,713.2
169,713.7
353,713.7
151,714.1
361,714.2
105,714.5
279,715.1
34,715.6
39,716.9
84,720.7
300,721.3
365,722.2
38,723.2
246,723.6
87,724.1
33,724.1
305,725.1
258,726.8
71,727.6
79,727.9
356,728.2
34,731.4
366,731.7
350,732.0
279,733.6
211,734.5
176,735.2
87,735.6
182,735.9
39,736.6
33,737.1
141,737.2
86,737.7
169,737.9
151,738.8
38,738.9
376,738.9
129,739.1
230,739.5
123,739.9
305,740.2
361,741.1
76,741.5
18,743.3
365,743.4
310,744.7
84,745.5
72,746.3
278,746.9
258,747.3
227,753.5
38,753.7
182,754.3
77,755.1
176,756.2
270,758.2
72,758.2
377,759.1
78,759.3
120,759.6
310,761.7
169,763.0
255,763.8
38,764.2
129,764.7
278,764.8
130,771.5
230,772.8
120,773.5
72,779.7
256,781.0
39,784.0
377,784.5
0,784.8
38,786.0
359,787.2
5,787.3
291,788.2
120,788.6
163,788.8
353,790.6
79,790.7
22,791.1
178,791.1
64,791.6
371,792.2
39,792.4
261,792.4
229,794.6
130,794.6
33,795.1
86,795.2
357,795.3
293,795.5
134,795.7
84,795.9
88,796.1
101,797.1
206,797.2
196,797.3
310,797.9
279,797.9
170,798.1
7,798.6
182,798.9
368,799.4
30,799.5
248,799.5
169,799.6
199,800.2
0,800.5
178,801.2
278,801.2
228,801.6
172,802.1
34,802.2
339,802.9
41,803.4
221,804.0
255,804.2
5,804.4
130,805.7
39,805.9
207,805.9
104,806.0
229,806.1
86,807.1
359,807.5
184,807.7
88,807.8
137,807.9
67,808.0
353,808.2
89,808.5
45,808.9
266,809.2
201,809.7
357,809.8
311,810.1
31,810.9
182,811.0
0,813.1
291,814.2
293,816.3
33,817.0
332,817.1
59,818.0
349,818.9
212,819.9
366,820.1
206,822.8
170,823.3
205,823.6
229,824.6
289,825.6
172,825.7
261,826.0
67,826.1
86,826.7
308,827.0
357,827.1
31,827.1
300,828.2
351,828.4
59,828.7
0,829.2
2,830.4
311,831.0
268,831.8
205,832.7
74,833.4
178,833.5
193,833.7
17,833.8
313,834.0
71,834.1
156,834.3
41,834.7
293,834.9
206,835.7
308,836.6
67,837.3
246,838.5
300,839.4
109,839.5
88,840.0
172,840.1
212,840.3
61,840.8
303,840.9
357,840.9
211,841.1
31,841.5
24,842.3
226,842.5
176,842.6
260,843.1
74,843.9
261,844.4
59,844.7
268,845.9
17,846.7
311,846.9
163,846.9
308,847.2
177,847.5
134,849.0
305,849.5
205,849.5
313,850.0
58,850.0
158,850.2
246,850.5
157,851.1
67,851.7
39,852.5
377,852.6
0,852.8
193,853.5
88,854.4
230,854.6
365,854.9
293,855.2
226,855.9
76,856.2
349,857.1
79,857.1
300,857.2
291,857.3
2,857.3
38,858.3
272,858.5
137,858.8
108,859.1
45,859.8
308,860.6
184,862.3
11,862.3
246,862.6
200,862.9
22,863.0
289,863.6
169,863.6
0,865.8
202,866.2
300,866.7
33,866.9
376,867.2
310,870.0
370,870.2
182,871.2
221,871.4
101,872.0
74,872.2
38,872.4
305,872.7
291,873.2
13,874.3
311,874.4
248,875.8
169,878.6
7,881.1
88,881.5
33,881.9
79,882.3
20,882.7
39,882.9
376,883.1
258,883.6
227,884.0
370,884.4
76,885.4
310,885.4
38,888.5
130,888.8
279,888.8
229,890.0
87,890.4
365,892.5
366,892.7
169,893.6
353,895.2
218,896.5
39,896.5
258,897.1
33,897.4
61,897.6
76,900.0
137,902.1
67,902.3
370,902.5
361,903.3
40,904.1
182,907.2
368,907.6
206,907.8
18,907.8
365,908.4
359,908.5
86,908.5
67,910.6
218,910.7
20,911.2
211,911.9
61,912.4
137,914.6
109,915.1
17,917.0
32,917.5
67,922.7
378,923.8
305,924.1
87,924.3
359,925.7
29,925.9
18,926.3
141,927.1
3,927.2
152,927.9
178,929.0
351,929.4
60,929.6
218,930.9
291,931.4
34,931.9
368,933.5
266,934.2
134,934.7
361,935.6
67,936.2
120,936.7
39,937.2
267,937.4
86,937.4
130,937.7
18,938.0
72,938.3
60,938.7
359,939.2
180,940.7
348,941.3
157,944.2
206,945.6
360,946.0
84,947.3
178,947.4
339,948.0
163,948.3
19,948.9
357,950.1
205,951.1
0,952.0
156,952.7
202,953.7
210,954.5
64,955.3
296,957.1
361,961.3
275,961.7
130,962.0
357,962.1
300,963.1
178,963.1
212,963.5
172,964.3
134,965.2
246,972.1
319,975.9
33,976.8
357,977.7
212,978.3
18,979.5
76,979.7
309,979.7
134,981.3
320,981.6
169,982.2
0,982.9
59,983.3
365,983.8
258,985.5
366,985.9
172,988.6
310,990.2
67,996.1
366,1001.3
367,1006.5
279,1013.9
293,1026.4
170,1026.9
201,1029.2
61,1030.9
109,1031.2
218,1031.2
303,1031.2
31,1031.9
211,1032.3
205,1032.8
206,1032.8
39,1033.0
88,1033.5
17,1033.9
311,1034.3
351,1034.4
229,1035.1
7,1035.7
194,1036.7
248,1037.7
225,1037.9
84,1038.6
170,1039.1
33,1039.9
293,1040.1
218,1040.4
300,1040.8
370,1041.0
172,1041.2
279,1041.3
302,1041.8
2,1042.2
61,1042.5
261,1042.7
130,1042.7
169,1042.9
109,1043.6
310,1043.6
88,1044.0
266,1044.0
39,1044.1
303,1044.2
60,1044.4
178,1044.5
205,1045.4
193,1045.5
86,1046.1
7,1046.2
229,1046.7
211,1046.8
260,1046.8
227,1047.0
291,1048.3
289,1048.5
206,1048.6
20,1048.6
132,1048.8
108,1049.0
353,1049.1
359,1049.2
366,1049.8
376,1050.5
258,1050.6
17,1052.0
255,1053.0
12,1054.8
169,1055.1
201,1058.8
205,1058.8
153,1062.6
206,1068.3
353,1068.6
351,1072.4
205,1074.2
59,1075.0
201,1078.6
255,1080.9
25,1082.7
353,1084.7
351,1084.9
106,1084.9
36,1086.7
377,1088.8
15,1089.6
176,1090.0
7,1090.8
79,1091.6
258,1092.1
75,1092.5
59,1092.8
256,1093.0
167,1094.5
268,1094.8
206,1096.3
38,1096.7
201,1097.1
361,1097.4
293,1097.8
34,1099.0
339,1099.1
61,1101.1
194,1101.4
17,1102.0
255,1102.0
132,1102.2
272,1103.6
353,1105.3
15,1106.3
156,1106.5
361,1108.0
73,1108.2
33,1108.6
39,1109.8
137,1110.9
134,1111.1
75,1111.4
268,1111.4
376,1111.6
357,1111.8
229,1111.8
125,1112.2
87,1112.2
296,1112.2
86,1112.4
67,1112.8
178,1113.0
61,1113.3
157,1113.5
182,1113.7
130,1113.9
89,1114.2
311,1114.7
105,1114.9
210,1115.4
0,1115.6
71,1115.8
36,1116.4
334,1116.7
60,1116.9
32,1117.2
19,1118.0
247,1118.2
307,1118.2
201,1118.6
30,1118.8
361,1119.4
76,1119.7
248,1120.9
353,1121.1
40,1121.4
133,1121.6
67,1122.2
137,1122.7
357,1123.1
38,1126.0
368,1126.1
227,1126.4
176,1126.9
58,1127.7
308,1127.9
376,1127.9
157,1128.7
36,1129.8
86,1130.3
45,1130.5
13,1131.5
61,1132.6
247,1133.8
205,1139.1
246,1140.4
365,1143.2
246,1157.4
291,1158.6
308,1160.9
289,1162.3
293,1167.0
172,1168.4
18,1169.2
226,1169.3
17,1169.6
365,1170.2
67,1170.6
291,1171.5
169,1171.6
308,1172.3
72,1172.4
255,1173.5
320,1173.5
310,1174.0
359,1174.4
60,1175.0
178,1175.1
108,1175.3
39,1175.7
84,1175.7
258,1176.3
120,1178.8
218,1179.3
172,1180.9
205,1181.4
7,1181.5
351,1182.1
34,1182.4
309,1182.9
302,1183.5
151,1183.7
291,1184.0
310,1184.0
18,1184.2
320,1185.1
176,1186.0
0,1186.1
348,1186.7
59,1187.0
359,1187.8
169,1187.9
266,1187.9
350,1188.5
211,1189.1
134,1189.2
212,1190.4
172,1191.5
305,1191.7
67,1191.8
200,1191.8
163,1192.1
109,1192.4
201,1192.7
218,1192.8
178,1193.0
196,1193.0
151,1193.6
357,1194.0
5,1194.2
256,1194.2
58,1195.6
129,1195.7
0,1196.7
351,1197.3
247,1197.9
308,1198.3
303,1198.5
160,1198.8
17,1199.1
176,1204.4
74,1205.4
357,1206.9
67,1208.7
33,1209.0
305,1209.1
365,1209.2
309,1211.9
25,1213.4
177,1214.2
58,1215.1
156,1215.7
130,1217.1
247,1217.4
256,1217.4
157,1217.4
38,1217.5
260,1219.5
357,1220.8
41,1221.0
170,1221.2
86,1221.8
67,1222.0
106,1223.1
308,1224.3
328,1224.6
327,1224.7
311,1225.1
45,1226.5
30,1228.3
137,1229.7
25,1234.7
182,1235.7
130,1235.9
104,1236.2
201,1237.1
7,1238.5
291,1245.0
353,1247.5
256,1247.9
101,1248.1
5,1249.6
60,1253.8
361,1256.3
25,1257.0
201,1258.3
360,1259.7
61,1261.4
353,1261.8
210,1262.0
361,1266.5
76,1268.0
137,1269.3
87,1270.0
38,1270.7
39,1270.9
157,1271.9
359,1273.3
30,1274.7
33,1275.7
79,1276.5
353,1276.7
368,1277.0
105,1277.6
86,1277.8
40,1279.1
67,1281.0
176,1287.0
87,1287.9
30,1288.8
137,1288.8
38,1288.9
39,1294.8
211,1297.0
368,1297.5
86,1298.1
256,1299.6
76,1300.3
279,1301.1
278,1301.5
36,1302.4
310,1303.2
227,1306.3
39,1308.3
137,1311.1
86,1311.5
200,1311.7
45,1314.5
79,1315.3
76,1315.3
38,1315.6
39,1315.7
279,1315.9
311,1316.5
130,1317.6
88,1318.2
310,1318.5
359,1318.8
206,1319.7
61,1319.8
131,1320.3
227,1322.0
278,1322.0
46,1322.2
261,1322.4
86,1322.7
41,1322.9
137,1322.9
36,1323.2
34,1323.4
268,1324.2
76,1324.7
120,1325.3
361,1325.9
39,1326.1
19,1326.3
79,1327.2
216,1328.0
33,1329.7
31,1329.8
359,1330.0
80,1330.1
61,1330.8
206,1330.9
360,1332.8
366,1334.0
45,1335.7
361,1337.5
19,1338.1
357,1339.4
210,1340.6
60,1341.1
128,1341.5
156,1343.1
170,1345.8
360,1346.1
267,1346.2
359,1347.5
353,1349.2
261,1352.8
201,1352.9
130,1353.3
329,1353.8
60,1355.5
18,1357.1
80,1359.7
76,1363.1
120,1365.2
360,1366.4
316,1366.9
359,1367.7
319,1370.6
18,1370.7
203,1370.9
72,1372.4
182,1372.7
355,1374.1
310,1375.4
365,1375.5
368,1375.7
129,1375.9
120,1380.7
133,1382.5
256,1383.7
178,1384.3
291,1384.5
227,1386.0
36,1386.0
258,1386.4
229,1387.2
211,1387.5
221,1387.8
20,1388.5
218,1388.8
182,1389.2
176,1389.8
61,1391.2
86,1391.4
365,1392.2
193,1392.4
311,1392.8
172,1394.8
109,1396.6
133,1397.0
137,1398.3
303,1398.7
229,1398.8
200,1400.1
74,1400.5
105,1401.6
218,1402.8
300,1403.6
87,1403.7
71,1403.8
293,1404.0
17,1404.2
376,1404.2
279,1404.5
67,1404.7
157,1406.0
60,1406.1
211,1407.0
246,1407.5
205,1407.6
227,1408.5
38,1408.8
361,1409.2
25,1409.3
108,1409.3
291,1409.5
370,1409.6
18,1410.3
308,1410.7
349,1410.7
351,1411.4
141,1412.0
158,1412.0
59,1413.6
268,1413.6
229,1413.8
12,1414.2
365,1414.7
353,1415.7
169,1415.8
172,1415.9
53,1416.2
17,1416.2
143,1416.2
255,1416.3
182,1417.0
206,1417.0
34,1417.3
320,1417.7
67,1418.0
310,1419.5
218,1419.7
205,1419.7
130,1420.8
351,1421.7
305,1421.9
18,1422.4
20,1424.8
132,1424.9
258,1425.3
60,1425.5
59,1426.4
365,1426.5
339,1426.7
152,1427.4
67,1427.7
17,1428.6
151,1428.7
108,1429.5
3,1430.2
22,1430.4
291,1431.6
33,1433.6
133,1440.0
357,1440.3
212,1448.9
206,1448.9
67,1449.1
366,1450.3
357,1450.4
19,1450.8
137,1451.5
86,1452.0
18,1452.3
33,1453.1
261,1453.1
335,1453.2
298,1454.4
293,1454.9
40,1455.2
360,1455.8
229,1455.9
206,1456.3
353,1456.8
359,1457.7
36,1457.9
61,1458.0
377,1458.1
67,1458.7
300,1459.3
80,1459.4
255,1459.8
76,1459.8
258,1460.3
128,1461.7
7,1462.1
319,1462.1
201,1462.2
137,1464.7
62,1465.8
321,1467.1
376,1468.2
368,1468.2
19,1468.4
134,1468.6
86,1468.6
206,1469.7
40,1469.8
353,1470.0
20,1471.5
87,1476.5
261,1477.6
67,1478.4
17,1479.5
79,1482.5
206,1483.3
137,1483.4
272,1483.5
357,1483.8
134,1484.5
163,1484.9
19,1488.4
86,1491.3
33,1491.7
366,1492.6
360,1493.4
376,1494.1
67,1494.3
357,1495.4
248,1495.4
268,1495.8
156,1496.3
60,1496.3
332,1496.6
178,1496.8
361,1497.2
76,1497.5
79,1497.6
227,1498.1
45,1498.3
88,1499.0
36,1499.2
261,1499.9
38,1500.5
267,1500.6
163,1500.7
157,1501.2
75,1501.2
376,1502.0
308,1502.6
310,1503.5
366,1504.2
60,1504.7
225,1505.8
53,1505.9
79,1506.3
15,1507.4
76,1507.6
39,1507.8
33,1507.8
205,1507.9
88,1508.6
261,1508.9
86,1509.2
229,1509.3
36,1509.5
134,1509.7
32,1510.1
182,1510.2
45,1510.2
353,1510.5
361,1510.8
22,1510.9
206,1511.3
357,1511.5
130,1512.1
137,1512.2
38,1512.5
67,1513.1
132,1513.3
92,1513.9
34,1515.0
360,1515.0
359,1515.1
319,1515.8
60,1516.4
169,1516.5
334,1516.9
366,1517.3
178,1517.4
76,1517.6
272,1517.6
372,1517.9
376,1518.0
176,1518.7
228,1519.9
205,1520.3
88,1520.5
182,1521.0
39,1521.3
153,1522.3
320,1522.3
33,1522.6
108,1523.0
298,1524.0
377,1525.1
206,1525.5
227,1525.7
41,1527.5
17,1527.9
45,1527.9
2,1528.2
225,1528.4
261,1529.1
59,1529.2
172,1530.4
205,1531.8
214,1532.0
353,1532.8
67,1533.0
255,1533.7
289,1534.6
351,1534.8
60,1536.9
130,1537.8
59,1539.0
206,1539.9
310,1540.4
305,1541.4
293,1541.9
109,1542.4
61,1542.5
303,1543.2
157,1545.5
17,1545.8
205,1550.2
351,1550.2
172,1551.3
218,1554.3
36,1556.4
38,1560.4
129,1561.8
72,1561.9
310,1563.2
176,1563.7
227,1565.8
366,1566.6
291,1566.9
169,1567.1
376,1567.3
258,1567.5
18,1567.6
365,1567.7
377,1568.8
79,1569.3
120,1569.4
76,1569.4
38,1569.7
36,1570.2
230,1572.5
39,1572.7
7,1572.8
353,1573.5
176,1573.8
279,1577.5
366,1578.6
359,1578.9
377,1582.3
258,1584.9
376,1587.5
310,1587.8
36,1587.8
39,1588.2
79,1589.4
34,1590.6
137,1593.6
76,1594.7
359,1595.1
22,1598.1
67,1600.5
205,1604.2
60,1608.4
76,1608.7
293,1609.5
88,1609.8
45,1610.5
172,1610.7
130,1610.8
79,1611.6
353,1612.0
261,1612.1
86,1612.5
351,1612.7
182,1613.1
366,1613.9
41,1614.7
25,1615.2
311,1615.2
170,1615.3
176,1615.5
156,1615.6
309,1616.6
38,1617.0
268,1618.1
310,1618.9
33,1621.6
172,1624.8
212,1625.6
214,1626.3
59,1627.0
76,1628.2
357,1628.6
182,1628.9
328,1629.7
0,1634.8
309,1636.3
130,1640.0
88,1641.6
134,1645.2
151,1645.2
320,1645.5
76,1648.7
311,1648.8
39,1648.9
172,1648.9
176,1649.6
33,1650.8
309,1652.8
212,1653.6
18,1655.3
184,1657.2
134,1659.0
109,1660.1
359,1662.6
178,1663.6
293,1664.1
36,1667.5
39,1667.6
218,1668.1
266,1668.6
201,1668.7
229,1670.3
109,1670.5
182,1670.6
320,1670.7
303,1670.8
311,1671.5
334,1671.9
129,1672.0
60,1672.0
361,1672.4
18,1672.5
267,1673.2
15,1673.6
137,1673.6
130,1673.9
365,1674.0
76,1674.1
152,1675.3
74,1675.5
316,1675.8
228,1675.9
170,1676.1
176,1676.6
61,1677.0
319,1677.0
31,1677.1
258,1677.4
133,1677.4
372,1677.5
348,1678.6
84,1679.3
34,1679.7
275,1680.0
218,1680.2
182,1682.9
32,1682.9
109,1684.6
351,1685.5
303,1686.2
75,1686.5
311,1687.4
59,1687.4
270,1687.9
36,1688.2
320,1688.6
201,1689.3
127,1691.5
361,1692.3
218,1694.4
314,1695.4
311,1697.5
130,1702.4
88,1702.5
228,1702.9
109,1706.5
172,1707.0
61,1708.2
303,1708.3
182,1711.0
365,1712.8
17,1714.4
205,1714.9
60,1716.7
19,1717.7
206,1718.2
67,1720.2
12,1721.9
109,1722.4
17,1724.1
76,1724.2
205,1724.7
351,1725.2
79,1725.2
38,1725.2
291,1725.6
61,1725.7
22,1726.1
18,1726.5
60,1726.5
137,1726.7
255,1727.0
206,1727.2
353,1727.5
310,1727.9
359,1728.7
370,1729.2
268,1729.5
300,1729.6
7,1730.2
39,1730.3
289,1730.4
67,1730.6
248,1730.9
19,1731.0
218,1731.5
376,1731.8
303,1732.1
261,1732.4
205,1732.9
17,1733.1
311,1733.6
79,1733.9
291,1734.1
339,1734.1
163,1734.3
38,1734.8
161,1734.8
169,1735.0
3,1735.9
88,1735.9
76,1737.0
109,1737.1
368,1737.5
33,1737.5
62,1737.7
130,1737.8
0,1737.9
60,1737.9
20,1739.1
268,1739.5
101,1739.8
308,1740.1
351,1740.2
221,1740.7
300,1741.0
256,1741.7
74,1742.1
134,1742.2
39,1742.3
310,1742.4
153,1742.5
31,1742.5
367,1743.7
13,1744.0
255,1744.3
79,1745.7
248,1745.8
67,1747.2
274,1747.4
353,1747.8
206,1748.2
0,1748.5
22,1749.0
160,1749.7
201,1749.8
291,1752.0
38,1752.4
288,1757.6
221,1758.5
366,1760.1
357,1761.3
137,1761.4
378,1762.1
86,1763.6
321,1764.4
88,1764.7
80,1766.1
33,1766.5
310,1766.6
226,1767.3
41,1767.5
272,1768.2
335,1768.6
0,1768.8
261,1769.8
229,1770.7
133,1770.9
357,1771.6
36,1771.7
176,1771.9
377,1773.5
182,1774.2
86,1774.3
329,1775.2
332,1776.6
376,1776.9
205,1778.6
137,1779.3
59,1779.4
196,1780.4
261,1781.5
67,1781.7
172,1783.2
40,1784.2
2,1784.3
308,1786.0
45,1786.1
357,1787.6
31,1793.0
184,1796.9
311,1797.0
33,1797.4
353,1797.9
205,1798.7
228,1799.6
88,1799.7
130,1799.7
293,1802.0
39,1803.4
178,1803.5
182,1807.4
172,1808.4
5,1817.5
170,1819.6
365,1820.9
311,1824.3
36,1828.1
133,1828.7
376,1830.4
67,1831.2
86,1831.6
182,1833.6
258,1834.9
59,1835.6
227,1836.0
310,1837.0
137,1837.7
255,1839.6
89,1840.0
229,1842.5
365,1842.6
211,1843.5
291,1844.9
182,1846.7
169,1848.3
366,1848.5
310,1848.5
76,1848.6
130,1850.5
172,1851.4
38,1853.4
291,1854.2
86,1854.3
18,1855.7
310,1858.9
33,1859.1
76,1860.1
366,1860.4
79,1861.0
339,1861.2
256,1861.6
349,1862.7
328,1863.3
38,1866.3
182,1866.9
88,1867.3
261,1868.3
319,1868.7
45,1870.4
76,1870.7
80,1871.4
309,1872.7
39,1873.3
0,1874.8
329,1875.2
33,1876.3
176,1876.8
79,1879.5
41,1879.6
214,1880.0
261,1886.2
182,1891.8
361,1909.1
67,1909.4
60,1910.2
351,1910.2
353,1910.9
206,1914.4
156,1915.1
130,1916.3
339,1916.5
134,1917.4
360,1917.4
361,1917.5
368,1917.6
163,1918.4
268,1918.6
256,1919.2
61,1920.2
157,1920.2
75,1920.3
67,1920.5
60,1921.1
229,1921.7
353,1921.7
38,1922.0
206,1922.3
88,1922.6
113,1922.8
30,1923.0
291,1923.2
18,1923.7
39,1923.7
310,1923.9
33,1924.1
32,1924.3
130,1925.0
357,1925.3
34,1925.9
53,1926.0
87,1926.2
178,1926.2
228,1926.2
76,1926.4
169,1926.5
182,1926.5
205,1926.6
359,1926.7
86,1927.1
41,1927.2
137,1927.2
25,1927.8
218,1927.9
19,1928.0
255,1928.2
67,1928.2
368,1928.5
361,1928.8
17,1928.9
229,1929.5
201,1929.6
84,1929.7
351,1930.2
88,1930.8
12,1931.5
332,1931.9
360,1932.0
221,1932.0
62,1932.0
108,1932.1
109,1932.3
60,1933.1
206,1933.2
203,1933.7
365,1934.2
225,1934.3
227,1934.5
182,1934.8
64,1934.9
376,1935.0
311,1935.5
172,1935.5
205,1935.9
130,1935.9
86,1936.5
378,1936.6
45,1936.8
36,1936.9
321,1937.2
20,1937.2
334,1937.2
39,1937.3
279,1937.5
59,1937.6
41,1937.8
31,1938.1
152,1938.1
247,1938.2
38,1938.5
30,1938.6
76,1938.6
228,1938.8
137,1939.1
18,1939.1
67,1939.3
3,1939.4
229,1939.6
293,1940.2
366,1940.4
133,1940.5
88,1940.6
184,1940.6
218,1941.1
33,1941.1
196,1941.2
339,1941.2
61,1942.4
357,1943.0
210,1943.5
319,1943.6
0,1944.6
193,1944.9
96,1944.9
300,1946.4
274,1946.5
178,1947.8
303,1947.8
368,1948.6
172,1948.6
353,1948.7
200,1949.1
182,1950.2
291,1951.5
311,1952.4
60,1953.2
205,1953.7
67,1953.7
202,1954.3
130,1954.7
367,1955.3
351,1957.0
308,1957.1
59,1957.6
24,1957.7
163,1957.9
296,1959.7
172,1959.8
156,1959.9
184,1959.9
0,1961.4
302,1961.7
268,1962.5
64,1964.0
212,1965.2
105,1965.2
71,1966.1
206,1968.1
357,1969.7
258,1972.1
176,1975.6
272,1980.4
377,1983.4
0,1986.1
310,1986.3
176,1986.4
212,1989.2
76,1989.5
36,1991.4
137,1993.9
18,1994.2
365,1995.8
361,1996.8
270,1997.5
221,1997.7
134,1998.0
34,2001.2
258,2001.5
67,2002.6
127,2002.8
33,2003.0
320,2003.5
59,2003.9
18,2005.3
291,2005.4
378,2005.6
38,2006.4
169,2008.5
133,2009.5
365,2011.1
355,2011.5
351,2013.1
67,2014.3
376,2017.9
366,2023.7
36,2024.5
38,2030.6
79,2031.3
176,2033.2
376,2034.7
36,2034.9
377,2038.3
353,2040.9
205,2041.3
38,2042.8
272,2043.6
169,2044.2
134,2045.7
120,2050.9
178,2051.2
201,2051.5
172,2053.5
205,2053.5
104,2054.1
59,2054.1
39,2054.5
353,2054.8
169,2055.4
212,2056.1
308,2056.7
255,2057.1
300,2057.8
268,2061.7
313,2062.1
74,2062.3
67,2062.4
2,2062.6
71,2063.3
172,2063.9
31,2064.0
261,2064.4
291,2064.6
311,2064.7
36,2065.5
206,2066.7
193,2067.3
178,2067.6
163,2069.3
176,2069.8
24,2070.4
309,2070.6
17,2070.6
211,2070.6
0,2070.8
200,2073.2
293,2073.7
300,2073.7
161,2074.2
349,2075.0
39,2075.4
172,2076.1
109,2076.3
303,2077.1
305,2077.2
205,2077.4
120,2077.8
248,2078.1
36,2078.4
359,2078.6
373,2079.1
129,2079.4
59,2080.4
311,2080.7
176,2080.8
258,2081.0
256,2081.4
230,2082.7
353,2082.9
72,2083.0
196,2083.7
310,2084.0
182,2084.4
25,2084.6
369,2085.5
291,2086.0
0,2086.4
193,2087.6
169,2088.2
316,2088.3
5,2088.6
300,2089.1
7,2089.1
178,2089.4
218,2089.6
76,2090.2
255,2090.7
64,2090.7
61,2091.1
151,2091.2
305,2091.3
167,2091.6
18,2091.7
60,2092.2
246,2092.3
176,2092.5
157,2092.6
339,2092.9
353,2093.1
351,2093.1
130,2093.4
361,2093.5
109,2093.6
17,2093.6
39,2093.7
359,2093.7
19,2093.8
201,2093.9
59,2093.9
210,2094.0
247,2094.1
377,2094.3
38,2094.7
202,2094.7
156,2094.8
303,2095.1
25,2095.2
211,2095.4
67,2095.5
230,2095.8
296,2096.1
205,2096.1
248,2096.3
291,2096.4
58,2096.6
206,2096.7
256,2097.0
193,2097.9
105,2097.9
22,2097.9
293,2098.0
218,2098.0
134,2098.1
61,2098.4
120,2098.5
308,2098.6
155,2098.7
36,2099.0
258,2099.3
300,2099.7
108,2100.4
60,2100.8
71,2101.1
361,2101.1
79,2101.5
18,2101.6
96,2102.5
113,2102.7
84,2102.7
157,2103.4
15,2103.8
34,2104.4
109,2104.5
104,2104.6
359,2104.8
268,2105.0
20,2105.1
30,2105.4
320,2105.9
2,2106.6
19,2106.8
353,2107.0
74,2108.1
302,2108.3
76,2108.6
17,2109.0
360,2109.5
53,2110.3
33,2110.7
247,2111.4
229,2112.5
357,2113.5
206,2113.8
87,2114.8
128,2114.8
67,2117.0
261,2117.1
160,2117.6
361,2117.9
61,2118.8
365,2119.6
130,2120.3
320,2121.3
169,2121.4
211,2122.0
33,2122.0
310,2125.7
319,2125.9
182,2128.3
229,2128.5
366,2129.8
291,2130.9
169,2131.8
18,2133.0
36,2133.3
88,2133.4
176,2134.9
376,2135.1
104,2135.6
86,2136.0
38,2136.0
332,2137.0
377,2137.3
33,2137.4
258,2138.8
366,2138.9
300,2138.9
227,2139.4
310,2142.5
25,2143.3
36,2144.5
106,2146.0
291,2146.2
376,2146.9
256,2147.6
76,2158.0
19,2162.1
201,2162.4
61,2162.5
368,2163.3
20,2163.9
7,2164.6
258,2167.1
206,2168.1
218,2168.3
194,2168.9
203,2169.6
61,2175.6
368,2178.1
201,2178.5
18,2179.2
109,2180.4
361,2180.5
60,2180.8
218,2181.3
291,2182.1
322,2184.2
351,2188.9
152,2190.1
15,2202.3
298,2202.6
7,2204.9
211,2205.0
229,2205.3
218,2205.5
311,2205.6
300,2205.7
36,2205.9
61,2206.3
334,2207.8
39,2208.6
194,2208.9
30,2209.3
169,2209.8
182,2210.2
303,2211.6
109,2213.0
258,2213.2
88,2213.2
71,2213.6
205,2215.2
229,2215.7
84,2216.1
293,2216.3
353,2216.4
311,2217.2
218,2218.0
193,2218.1
130,2218.4
228,2218.7
211,2218.8
89,2219.2
39,2220.0
370,2220.5
302,2221.1
87,2221.3
33,2221.7
34,2222.6
248,2223.4
137,2224.4
176,2224.5
30,2225.1
88,2225.4
182,2225.4
365,2225.8
38,2226.0
378,2226.4
59,2226.7
196,2226.9
376,2227.0
226,2227.2
86,2227.3
311,2227.7
353,2227.7
205,2228.1
39,2228.1
230,2228.3
67,2228.8
36,2228.8
84,2229.8
178,2230.2
29,2230.5
305,2230.5
141,2230.8
169,2231.1
368,2231.4
361,2231.7
228,2232.0
359,2232.1
229,2232.6
184,2232.7
41,2232.9
130,2233.1
79,2233.4
193,2233.6
137,2235.5
300,2236.0
34,2236.6
61,2236.9
176,2237.8
76,2239.0
334,2239.9
278,2240.8
247,2240.9
365,2241.1
86,2241.3
246,2241.7
316,2242.0
39,2242.8
38,2243.7
45,2243.9
36,2244.8
327,2244.8
377,2245.1
366,2247.2
357,2248.1
279,2248.6
376,2251.7
310,2254.3
79,2254.5
366,2255.5
255,2256.9
357,2256.9
172,2257.6
293,2258.6
38,2258.6
120,2258.7
258,2258.9
176,2259.6
261,2259.8
86,2259.9
309,2259.9
64,2260.3
76,2260.3
104,2260.9
72,2260.9
33,2260.9
268,2260.9
170,2261.3
45,2261.6
39,2262.3
212,2262.5
79,2262.6
308,2262.8
7,2262.9
178,2263.0
67,2263.9
377,2264.1
214,2264.1
279,2264.4
353,2266.0
310,2266.0
36,2266.2
359,2266.3
366,2266.3
270,2266.5
227,2266.8
34,2267.5
272,2267.7
376,2267.8
88,2268.2
206,2268.5
24,2269.0
367,2269.8
172,2270.1
130,2270.2
328,2270.9
261,2271.6
171,2271.8
205,2272.4
163,2273.5
373,2274.1
39,2275.2
255,2275.4
353,2275.5
357,2275.7
120,2277.0
38,2278.6
308,2279.0
76,2279.9
227,2281.0
268,2281.4
79,2281.6
178,2282.2
67,2282.8
279,2284.5
134,2285.2
353,2285.3
60,2286.2
72,2286.8
289,2287.5
310,2288.2
156,2288.8
36,2289.2
359,2291.8
64,2292.8
291,2293.7
153,2294.0
0,2294.3
339,2296.8
25,2297.4
296,2298.0
172,2301.4
353,2302.9
0,2303.7
256,2305.0
53,2306.3
210,2307.1
100,2308.1
202,2308.2
291,2309.1
316,2314.9
218,2324.4
302,2324.8
359,2325.3
266,2326.2
279,2327.9
39,2329.3
365,2336.3
60,2340.8
218,2341.6
31,2348.2
74,2349.9
365,2350.1
311,2351.7
109,2355.0
201,2355.5
61,2355.5
303,2357.6
59,2360.2
378,2360.3
88,2362.2
182,2364.2
86,2364.2
45,2364.5
351,2365.3
376,2365.3
130,2367.2
366,2367.5
89,2367.5
311,2367.8
229,2367.8
36,2368.0
176,2368.9
228,2369.3
67,2369.5
218,2369.8
293,2369.8
226,2369.9
357,2370.1
88,2370.5
41,2370.5
33,2370.7
17,2370.7
137,2371.6
205,2371.8
227,2373.5
170,2373.5
45,2373.6
76,2373.7
108,2373.9
274,2374.3
86,2374.4
39,2375.0
182,2375.1
377,2376.0
206,2377.7
260,2378.6
370,2378.9
12,2379.1
88,2380.3
376,2381.2
332,2381.3
229,2381.3
310,2381.3
33,2381.4
130,2382.5
225,2382.6
365,2382.6
366,2384.7
17,2387.4
132,2387.6
221,2387.6
86,2388.3
178,2388.5
261,2390.7
39,2394.0
89,2395.3
33,2395.4
357,2396.2
169,2397.2
45,2397.8
88,2397.8
34,2398.9
84,2400.6
275,2400.7
287,2401.4
178,2402.4
229,2403.3
228,2404.0
227,2405.7
39,2406.4
86,2411.4
279,2411.6
109,2416.9
320,2417.4
17,2420.2
67,2423.1
156,2424.1
96,2426.3
227,2427.2
367,2428.6
313,2428.9
178,2429.1
36,2430.2
303,2430.8
71,2431.4
59,2433.7
74,2434.4
31,2435.2
193,2435.3
311,2436.3
218,2436.5
229,2436.7
376,2436.9
182,2437.4
211,2437.5
226,2438.0
61,2438.2
38,2438.3
316,2439.0
246,2439.7
225,2440.5
260,2440.8
170,2441.2
200,2441.3
58,2442.2
361,2442.3
176,2442.5
206,2442.6
0,2443.0
20,2443.6
78,2445.4
310,2445.8
74,2446.4
61,2447.1
109,2447.2
31,2447.3
71,2447.3
34,2447.4
368,2447.5
229,2448.6
143,2449.5
193,2451.0
161,2451.1
156,2451.2
221,2451.4
211,2451.8
357,2451.9
279,2452.0
291,2452.1
218,2452.4
201,2452.5
247,2452.7
339,2453.2
328,2453.4
319,2454.9
18,2455.1
332,2455.9
359,2456.7
246,2457.8
182,2459.1
360,2464.7
141,2465.3
59,2465.5
0,2466.2
300,2468.4
202,2470.7
19,2474.2
300,2478.0
31,2480.0
7,2480.9
193,2482.0
194,2482.1
291,2484.8
101,2488.1
0,2489.5
67,2490.9
60,2493.2
41,2493.5
205,2493.5
357,2494.1
17,2494.7
298,2494.8
353,2495.5
260,2496.0
15,2496.5
335,2498.2
377,2502.2
305,2502.3
45,2502.4
67,2502.9
108,2504.6
157,2512.8
357,2513.0
156,2513.0
308,2513.2
86,2513.8
67,2518.3
157,2524.4
33,2525.0
357,2525.2
130,2527.2
38,2527.2
261,2527.3
361,2527.3
79,2527.8
308,2527.9
377,2528.2
226,2528.4
36,2529.2
176,2529.3
34,2529.8
75,2529.8
376,2530.2
229,2530.9
134,2531.3
268,2531.4
39,2531.6
45,2531.9
366,2532.5
225,2532.6
108,2533.2
88,2533.3
178,2533.7
272,2534.7
76,2534.9
360,2535.0
156,2535.0
206,2535.0
372,2535.4
361,2535.5
328,2535.7
357,2535.8
38,2536.3
33,2536.6
260,2537.3
61,2537.5
79,2538.0
80,2538.3
258,2538.6
132,2538.6
310,2539.5
137,2539.7
143,2539.9
211,2541.1
353,2541.2
319,2541.3
15,2541.4
332,2542.0
376,2542.1
36,2542.2
216,2543.5
366,2543.8
359,2543.9
377,2544.2
227,2544.7
34,2545.0
256,2545.0
17,2545.7
20,2545.9
323,2546.1
130,2546.3
368,2546.5
61,2547.0
361,2547.5
201,2547.6
229,2547.7
127,2547.8
25,2548.3
310,2548.3
60,2548.4
87,2548.6
270,2549.0
19,2549.3
39,2549.4
258,2549.6
76,2550.2
218,2551.3
291,2551.5
30,2551.8
176,2551.8
211,2552.0
113,2552.6
353,2553.3
109,2553.8
18,2554.1
59,2554.6
167,2555.9
36,2555.9
38,2556.0
366,2556.0
256,2556.8
279,2557.0
351,2557.0
310,2557.3
106,2558.0
200,2559.2
196,2559.8
25,2559.9
61,2559.9
161,2560.9
105,2561.1
201,2561.8
5,2562.2
193,2562.3
0,2563.3
100,2564.6
210,2564.9
58,2564.9
36,2565.1
176,2565.1
206,2565.5
15,2565.7
376,2566.8
76,2567.1
307,2567.3
353,2568.7
361,2568.7
1,2569.1
258,2570.0
255,2570.3
38,2571.7
339,2572.2
137,2573.2
101,2573.5
39,2573.6
75,2574.1
291,2574.2
182,2574.6
334,2578.1
76,2578.1
211,2580.2
36,2580.5
176,2581.3
296,2582.7
353,2585.1
205,2599.0
218,2603.8
302,2604.9
17,2605.3
67,2607.4
206,2609.6
152,2612.2
60,2612.3
359,2612.4
205,2615.5
3,2616.0
227,2616.9
218,2617.2
279,2619.7
36,2621.3
348,2621.9
274,2622.8
351,2623.2
67,2623.3
133,2625.8
365,2626.1
39,2626.9
29,2627.3
86,2628.2
172,2630.0
59,2630.0
182,2631.1
227,2631.1
76,2631.3
129,2632.9
88,2633.2
176,2633.4
36,2633.9
320,2634.0
310,2634.1
334,2634.8
109,2635.0
311,2635.2
58,2635.4
365,2635.6
38,2637.1
378,2637.7
137,2637.8
303,2637.9
39,2638.3
225,2638.4
67,2639.2
305,2639.4
76,2640.6
178,2640.9
45,2641.1
130,2644.9
79,2645.3
38,2645.6
59,2645.7
193,2646.1
61,2646.5
176,2646.6
311,2647.0
246,2647.2
39,2647.2
36,2647.8
230,2648.6
96,2648.8
229,2648.9
17,2649.3
339,2649.7
353,2649.8
76,2650.0
376,2650.1
182,2650.2
88,2650.6
86,2650.6
310,2651.5
351,2652.8
227,2652.8
300,2653.3
305,2654.1
129,2654.6
291,2654.6
38,2655.0
278,2655.2
59,2656.0
120,2656.1
256,2657.2
255,2657.4
72,2657.6
33,2657.8
370,2657.9
366,2658.1
137,2658.7
258,2658.8
18,2658.9
130,2659.1
0,2660.1
310,2660.2
79,2660.7
353,2661.4
339,2661.6
76,2661.7
39,2661.8
169,2662.6
29,2663.2
7,2663.2
176,2663.5
361,2663.6
25,2663.8
201,2665.6
45,2666.0
167,2666.2
104,2666.4
200,2666.6
291,2668.6
366,2671.8
36,2672.7
377,2673.5
34,2674.3
373,2675.2
205,2676.2
293,2676.3
376,2677.0
258,2677.6
176,2678.9
169,2680.0
279,2680.2
2,2680.3
270,2683.9
79,2684.8
268,2687.8
7,2688.0
86,2688.7
255,2689.6
169,2691.3
370,2691.4
33,2691.9
376,2693.5
258,2695.4
17,2695.9
300,2696.3
248,2696.7
38,2697.0
205,2698.1
132,2698.5
60,2700.5
109,2702.1
34,2704.7
303,2705.3
291,2707.6
218,2708.1
351,2710.5
20,2712.2
7,2713.4
17,2714.6
12,2714.9
229,2715.7
133,2715.7
109,2715.8
258,2716.0
376,2717.8
61,2718.2
218,2718.9
31,2719.0
34,2719.6
87,2719.7
357,2720.1
182,2720.6
33,2721.9
86,2722.2
229,2722.8
74,2723.1
127,2723.6
248,2723.6
88,2723.7
152,2723.8
178,2723.9
67,2723.9
268,2724.1
365,2724.1
332,2724.1
130,2724.2
206,2724.4
368,2724.4
20,2724.7
71,2724.7
361,2726.9
366,2727.2
19,2727.3
41,2727.4
31,2727.6
311,2727.7
357,2727.9
300,2728.3
258,2728.4
160,2728.8
17,2728.9
156,2729.4
335,2729.5
308,2729.7
172,2729.9
218,2730.1
226,2730.6
260,2730.7
108,2731.0
255,2731.3
38,2731.4
169,2731.6
377,2731.7
302,2732.2
229,2732.4
0,2732.7
78,2732.7
84,2732.7
328,2733.0
228,2733.0
130,2733.1
64,2733.4
74,2733.7
157,2733.9
67,2734.0
33,2734.4
310,2734.6
182,2735.4
353,2735.6
60,2735.7
378,2735.7
261,2736.5
303,2736.6
305,2736.8
18,2737.0
61,2737.3
151,2737.4
87,2737.5
12,2737.7
134,2737.8
206,2738.4
15,2738.7
132,2739.0
211,2739.1
365,2739.1
164,2739.3
109,2739.5
141,2739.8
309,2739.9
268,2739.9
31,2740.8
25,2741.1
172,2741.1
88,2741.1
20,2741.6
113,2741.6
361,2741.8
156,2741.8
320,2742.0
167,2742.1
17,2742.3
178,2742.4
258,2742.5
218,2742.7
357,2743.0
177,2743.1
360,2744.1
256,2744.4
176,2746.2
321,2747.2
169,2748.4
71,2748.5
130,2749.3
310,2750.1
205,2750.8
211,2752.9
196,2753.4
53,2753.7
248,2753.8
200,2754.5
100,2755.7
305,2755.9
5,2756.5
193,2756.6
353,2757.7
151,2757.9
311,2758.2
361,2758.3
300,2759.3
33,2759.8
221,2760.2
34,2761.2
101,2762.5
205,2763.6
19,2765.0
39,2765.4
206,2766.9
248,2767.7
2,2768.1
60,2768.8
291,2770.3
289,2770.8
0,2771.1
84,2772.0
293,2772.3
194,2772.8
353,2773.3
53,2778.8
308,2779.4
39,2780.5
5,2780.8
211,2781.4
205,2782.3
206,2783.1
61,2783.2
349,2783.3
153,2783.4
36,2783.4
17,2783.7
105,2784.3
59,2785.8
279,2787.6
293,2787.7
351,2788.1
359,2789.1
218,2789.6
76,2791.2
79,2791.6
176,2791.7
201,2793.5
60,2794.5
22,2795.2
137,2795.6
172,2796.1
109,2796.5
67,2796.6
205,2796.8
36,2797.2
30,2798.9
38,2802.0
206,2803.0
61,2806.1
79,2806.6
128,2812.4
39,2813.6
376,2814.0
351,2814.0
59,2814.9
67,2816.0
201,2816.1
229,2820.5
143,2820.6
36,2820.9
87,2821.5
58,2821.7
38,2823.0
293,2823.9
61,2824.8
205,2825.7
376,2825.9
182,2826.4
305,2828.1
176,2828.5
227,2828.8
59,2829.7
230,2833.9
67,2834.3
170,2838.3
356,2839.5
33,2839.5
361,2840.0
353,2841.4
176,2841.8
141,2842.8
129,2843.4
279,2843.5
365,2843.7
305,2847.4
359,2852.8
76,2854.9
176,2856.3
207,2858.5
377,2858.8
67,2859.5
206,2859.9
157,2861.2
60,2866.1
19,2870.1
62,2875.1
361,2879.5
353,2879.7
60,2881.1
169,2881.9
39,2884.5
84,2884.6
34,2885.8
86,2890.0
279,2890.1
178,2891.4
36,2893.4
39,2894.5
88,2897.5
45,2898.8
366,2900.0
311,2901.0
227,2901.2
76,2902.4
30,2903.2
376,2906.5
274,2906.5
130,2906.9
228,2907.2
137,2907.7
182,2907.7
39,2908.0
88,2908.2
86,2908.8
184,2909.0
368,2910.2
41,2911.4
45,2911.9
229,2912.9
311,2914.6
218,2918.3
130,2918.7
279,2918.8
30,2919.9
357,2920.5
366,2920.8
36,2921.3
88,2924.0
226,2925.0
368,2925.2
78,2927.7
182,2927.8
18,2929.9
38,2930.6
20,2933.5
67,2935.3
206,2935.9
247,2936.0
157,2937.3
19,2937.9
300,2941.4
61,2942.1
109,2944.4
293,2945.0
193,2945.4
211,2949.2
303,2949.5
205,2952.7
17,2952.8
300,2953.6
60,2953.9
2,2954.4
248,2956.5
308,2958.2
201,2958.6
61,2959.9
289,2959.9
169,2960.3
157,2961.0
206,2961.2
19,2962.7
172,2963.1
109,2963.2
25,2963.4
293,2963.4
311,2963.5
17,2964.1
268,2964.2
205,2965.1
7,2965.1
58,2965.6
74,2966.1
303,2966.3
156,2967.6
211,2967.9
67,2968.4
308,2968.5
246,2969.2
134,2970.5
361,2972.1
2,2973.1
193,2975.6
268,2978.8
132,2982.1
34,2982.7
75,2982.9
15,2987.0
361,2987.1
376,2990.7
38,2994.8
36,2996.2
127,2997.2
334,2998.1
