65,97.6
303,98.6
331,99.1
229,99.4
261,99.5
267,99.6
134,99.7
128,99.9
315,100.1
365,100.3
29,100.7
103,100.8
111,101.1
263,101.2
358,101.3
121,101.9
353,102.0
312,102.7
357,103.3
235,103.6
367,104.0
355,104.4
115,104.5
278,104.7
248,105.5
36,106.1
216,106.2
158,106.7
17,106.9
275,107.0
129,108.3
306,108.6
240,108.6
346,110.9
65,176.9
303,177.8
331,178.2
261,178.6
229,178.6
267,178.9
134,179.0
128,179.1
315,179.4
365,179.5
29,179.8
103,180.1
263,180.3
111,180.4
358,180.6
121,181.2
353,181.2
312,181.8
357,182.5
235,182.9
367,183.3
115,183.5
355,183.6
191,183.7
278,183.8
248,184.7
120,184.9
76,185.1
36,185.2
216,185.4
194,185.4
158,185.7
308,185.9
275,186.1
17,186.3
222,186.6
166,186.6
62,186.7
140,187.0
129,187.5
374,187.5
306,187.7
350,187.8
240,187.8
131,188.0
330,188.5
69,188.7
176,188.8
346,189.8
317,190.0
14,191.9
65,256.8
303,257.7
331,258.2
261,258.6
229,258.6
134,258.8
267,258.9
128,259.0
315,259.3
365,259.4
29,259.7
103,259.8
111,260.3
263,260.3
358,260.5
121,261.0
353,261.0
312,261.7
357,262.3
235,262.7
367,263.1
355,263.4
115,263.4
278,263.6
248,264.4
36,265.1
216,265.3
158,265.6
17,265.9
275,266.0
129,267.3
240,267.5
306,267.6
191,269.0
120,269.5
346,270.3
194,270.4
65,642.3
303,643.1
331,643.7
229,643.8
267,644.0
261,644.0
134,644.1
128,644.4
315,644.5
365,644.6
29,645.1
103,645.2
111,645.3
263,645.5
358,645.6
121,646.1
353,646.2
312,646.9
357,647.4
235,647.4
115,647.8
367,647.9
278,648.3
355,648.3
248,649.1
216,649.3
36,649.5
275,649.5
158,649.5
17,649.7
191,650.6
240,650.8
129,650.8
306,651.1
120,651.5
76,652.2
346,652.3
194,652.4
308,652.8
222,653.6
166,653.6
62,654.6
350,655.2
374,655.6
65,721.6
303,722.5
331,722.9
229,723.2
261,723.2
267,723.4
134,723.5
128,723.7
315,723.9
365,724.0
29,724.3
103,724.6
111,724.7
263,724.8
358,725.1
121,725.5
353,725.6
312,726.2
235,726.8
357,726.8
115,727.3
367,727.4
278,727.6
355,727.8
248,728.4
216,728.8
140,728.9
36,728.9
158,728.9
275,729.0
176,729.1
17,729.2
131,729.5
219,729.8
129,730.2
191,730.3
240,730.3
330,730.4
69,730.5
126,730.6
306,730.7
317,730.9
95,730.9
39,730.9
120,731.2
302,731.5
346,731.9
194,732.0
76,732.0
14,732.0
122,732.3
159,732.5
308,732.6
316,732.8
368,733.0
166,733.4
215,733.5
222,734.1
91,734.3
62,734.8
350,735.7
65,801.6
303,802.5
331,802.9
261,803.3
229,803.3
267,803.5
134,803.5
128,803.7
315,803.9
365,804.0
29,804.3
103,804.5
111,804.7
263,804.8
358,805.0
353,805.4
121,805.5
312,806.2
357,806.7
235,806.8
367,807.3
115,807.4
278,807.7
355,807.7
248,808.4
36,808.9
158,809.0
216,809.0
275,809.2
17,809.3
374,810.2
129,810.4
191,810.4
240,810.4
306,810.8
120,811.5
346,812.0
194,812.1
76,812.4
308,813.0
166,813.9
222,814.4
65,881.6
303,882.5
331,883.0
261,883.3
229,883.3
267,883.5
134,883.5
128,883.7
315,883.9
365,884.1
29,884.4
103,884.5
111,884.8
263,884.8
358,885.0
121,885.5
353,885.5
312,886.2
357,886.8
235,886.9
367,887.4
115,887.5
278,887.7
355,887.7
248,888.5
216,889.0
36,889.0
158,889.2
140,889.2
275,889.3
17,889.4
131,889.8
62,889.9
176,890.0
240,890.5
129,890.5
330,890.6
191,890.7
350,890.7
306,890.9
219,891.2
69,891.3
95,891.3
39,891.4
317,891.7
120,891.8
302,891.9
126,892.0
14,892.4
346,892.4
194,892.4
76,892.8
122,893.3
308,893.3
159,894.0
166,894.7
222,895.0
65,1267.2
303,1268.0
331,1268.5
229,1268.6
267,1268.8
261,1268.8
134,1268.9
128,1269.3
315,1269.3
365,1269.4
29,1269.9
103,1270.0
111,1270.0
263,1270.3
358,1270.4
121,1270.8
353,1270.8
312,1271.6
235,1271.8
357,1272.0
115,1272.3
367,1272.5
278,1272.8
355,1272.9
248,1273.5
216,1273.6
275,1273.7
158,1273.8
36,1273.9
17,1274.0
191,1274.3
240,1274.9
129,1275.0
306,1275.3
120,1275.5
76,1275.8
194,1276.2
346,1276.3
308,1276.5
140,1276.8
176,1277.2
222,1277.2
62,1277.3
166,1277.4
374,1277.6
131,1277.7
350,1278.1
330,1278.3
69,1278.6
219,1278.9
317,1279.4
39,1280.3
14,1280.5
65,1346.6
303,1347.4
331,1347.8
261,1348.1
229,1348.1
267,1348.2
134,1348.4
128,1348.6
315,1348.7
365,1348.8
29,1349.1
103,1349.4
111,1349.5
263,1349.7
358,1349.9
121,1350.2
353,1350.3
312,1351.0
235,1351.4
357,1351.5
115,1351.9
367,1352.1
278,1352.2
355,1352.4
248,1353.0
216,1353.2
36,1353.3
275,1353.3
158,1353.3
17,1353.6
191,1354.1
95,1354.3
240,1354.5
129,1354.6
126,1354.7
306,1354.9
302,1355.2
120,1355.3
368,1355.6
91,1355.6
76,1355.7
159,1355.8
194,1355.9
346,1356.0
316,1356.1
122,1356.2
215,1356.3
308,1356.4
61,1356.9
166,1357.0
62,1357.2
140,1357.3
222,1357.5
195,1357.7
200,1358.0
374,1358.1
350,1358.3
131,1358.5
83,1358.6
176,1358.8
69,1358.9
330,1359.0
317,1360.3
14,1362.2
65,1426.5
303,1427.4
331,1427.8
261,1428.2
229,1428.2
267,1428.3
134,1428.4
128,1428.6
315,1428.7
365,1428.8
29,1429.1
103,1429.3
263,1429.6
111,1429.6
358,1429.8
353,1430.2
121,1430.3
312,1430.9
357,1431.4
235,1431.5
367,1432.0
115,1432.0
278,1432.3
355,1432.4
248,1433.0
36,1433.5
158,1433.5
275,1433.6
216,1433.6
17,1433.7
191,1434.3
240,1434.6
129,1434.8
306,1435.1
219,1435.2
39,1435.4
120,1435.7
76,1436.0
194,1436.1
346,1436.2
308,1436.7
166,1437.6
62,1437.8
222,1437.8
140,1437.9
350,1438.9
374,1439.1
330,1439.8
131,1440.1
65,1506.6
303,1507.4
331,1507.9
261,1508.2
229,1508.2
267,1508.4
134,1508.4
128,1508.7
315,1508.8
365,1508.9
29,1509.2
103,1509.4
111,1509.6
263,1509.7
358,1509.9
353,1510.3
121,1510.4
312,1511.0
235,1511.5
357,1511.5
115,1512.1
367,1512.1
278,1512.4
355,1512.5
248,1513.1
36,1513.6
158,1513.6
216,1513.7
17,1513.8
275,1513.8
176,1514.6
95,1514.6
191,1514.6
240,1514.8
129,1515.0
306,1515.3
126,1515.5
69,1515.8
302,1515.9
120,1516.0
194,1516.3
317,1516.3
346,1516.4
14,1516.4
91,1516.4
368,1516.5
76,1516.5
122,1516.8
159,1516.9
308,1517.1
316,1517.8
222,1518.2
166,1518.4
62,1518.4
61,1518.6
140,1518.8
200,1519.4
195,1519.4
350,1519.6
215,1520.1
374,1520.3
330,1521.2
65,1892.1
303,1892.9
331,1893.4
229,1893.5
261,1893.7
134,1893.7
267,1893.7
315,1894.1
128,1894.2
365,1894.3
29,1894.7
111,1894.9
103,1894.9
358,1895.2
263,1895.2
121,1895.6
353,1895.7
312,1896.5
235,1896.6
357,1896.8
115,1897.1
367,1897.3
278,1897.5
355,1897.7
275,1898.3
248,1898.3
216,1898.4
158,1898.4
17,1898.6
36,1898.6
191,1898.8
240,1899.4
129,1899.6
306,1899.9
120,1900.0
76,1900.3
194,1900.8
346,1900.9
308,1901.0
176,1901.1
140,1901.1
222,1901.6
131,1901.7
62,1901.7
166,1901.9
374,1901.9
219,1902.0
350,1902.4
330,1902.5
69,1902.7
317,1903.3
39,1903.4
126,1903.7
302,1904.2
14,1904.4
122,1905.7
65,1971.5
303,1972.3
331,1972.7
229,1973.0
261,1973.0
267,1973.2
134,1973.3
315,1973.6
128,1973.6
365,1973.7
29,1974.1
103,1974.4
111,1974.4
263,1974.6
358,1974.8
121,1975.2
353,1975.2
312,1975.8
235,1976.1
357,1976.4
115,1976.7
367,1976.9
278,1977.0
355,1977.3
248,1977.8
275,1978.1
158,1978.1
216,1978.1
36,1978.1
17,1978.2
95,1978.5
191,1978.7
240,1979.1
129,1979.4
306,1979.7
91,1979.7
368,1979.9
120,1980.0
76,1980.3
316,1980.5
194,1980.5
346,1980.6
159,1980.7
308,1980.9
215,1981.0
61,1981.3
140,1981.4
166,1981.7
62,1981.8
200,1981.8
222,1981.9
195,1982.2
131,1982.3
176,1982.3
374,1982.3
350,1982.6
83,1982.7
225,1982.8
330,1983.1
9,1983.1
69,1983.2
310,1983.2
317,1984.0
219,1984.3
14,1985.1
302,1985.3
39,1985.5
65,2051.5
303,2052.3
331,2052.8
229,2053.1
261,2053.1
267,2053.3
134,2053.3
315,2053.6
128,2053.6
365,2053.8
29,2054.1
103,2054.3
111,2054.5
263,2054.6
358,2054.7
353,2055.1
121,2055.3
312,2055.8
357,2056.3
235,2056.3
115,2056.8
367,2056.9
355,2057.2
278,2057.2
248,2057.8
36,2058.2
158,2058.3
275,2058.4
17,2058.4
216,2058.5
191,2058.8
240,2059.2
129,2059.5
306,2059.8
126,2060.3
120,2060.4
76,2060.5
194,2060.6
346,2060.7
122,2061.1
308,2061.2
140,2061.9
166,2062.2
222,2062.3
62,2062.4
350,2063.0
374,2063.2
131,2063.4
330,2063.7
69,2064.6
176,2065.0
317,2065.7
65,2131.5
303,2132.4
331,2132.8
229,2133.1
261,2133.2
267,2133.3
134,2133.4
128,2133.6
315,2133.7
365,2133.8
29,2134.1
103,2134.3
111,2134.5
263,2134.7
358,2134.8
353,2135.2
121,2135.3
312,2135.9
235,2136.3
357,2136.4
115,2136.9
367,2137.0
278,2137.2
355,2137.3
248,2137.9
36,2138.4
158,2138.4
275,2138.5
17,2138.5
216,2138.6
95,2139.0
191,2139.1
240,2139.4
129,2139.7
219,2139.9
306,2140.0
39,2140.1
91,2140.4
302,2140.5
368,2140.7
194,2140.8
120,2140.8
76,2140.9
346,2141.0
14,2141.0
159,2141.4
308,2141.6
316,2141.7
215,2142.4
61,2142.4
140,2142.5
222,2142.7
166,2142.7
62,2142.8
200,2142.8
195,2143.2
350,2143.6
374,2143.8
330,2144.3
83,2144.3
131,2144.3
65,2517.1
303,2517.9
229,2518.4
331,2518.4
267,2518.6
261,2518.6
134,2518.7
128,2519.1
315,2519.1
365,2519.2
29,2519.7
111,2519.8
103,2519.9
263,2520.1
358,2520.2
121,2520.5
353,2520.6
312,2521.4
235,2521.5
357,2521.7
115,2521.9
367,2522.2
278,2522.4
355,2522.6
275,2523.1
248,2523.2
216,2523.2
158,2523.3
17,2523.4
36,2523.5
191,2523.5
240,2524.2
129,2524.4
306,2524.8
120,2524.8
76,2525.0
194,2525.5
308,2525.7
346,2525.7
140,2525.7
176,2525.7
222,2526.4
62,2526.4
131,2526.5
166,2526.5
374,2526.6
219,2526.7
350,2527.1
330,2527.2
69,2527.4
126,2527.6
39,2527.9
317,2528.1
95,2528.2
302,2528.7
14,2528.9
122,2529.6
159,2530.1
316,2530.7
215,2531.1
65,2596.5
303,2597.3
331,2597.7
261,2598.0
229,2598.0
267,2598.2
134,2598.3
128,2598.6
315,2598.6
365,2598.6
29,2599.0
103,2599.3
111,2599.3
263,2599.6
358,2599.7
353,2600.1
121,2600.2
312,2600.8
235,2601.0
357,2601.3
115,2601.6
367,2601.8
278,2601.9
355,2602.2
248,2602.7
158,2602.9
36,2603.0
275,2603.0
216,2603.0
17,2603.1
191,2603.4
240,2603.9
129,2604.2
91,2604.3
368,2604.4
306,2604.5
120,2604.8
76,2605.0
194,2605.2
346,2605.4
308,2605.7
61,2605.8
140,2606.0
200,2606.3
62,2606.4
166,2606.5
222,2606.6
195,2606.7
176,2606.9
374,2607.0
131,2607.0
225,2607.1
350,2607.2
83,2607.2
9,2607.3
330,2607.6
69,2607.8
310,2607.8
354,2608.6
219,2608.6
317,2608.7
39,2609.2
14,2609.4
302,2609.4
65,2676.5
303,2677.3
331,2677.8
261,2678.1
229,2678.1
267,2678.3
134,2678.3
315,2678.6
128,2678.6
365,2678.8
29,2679.0
103,2679.2
111,2679.4
263,2679.6
358,2679.7
353,2680.0
121,2680.2
312,2680.8
235,2681.2
357,2681.2
115,2681.7
367,2681.8
278,2682.0
355,2682.1
248,2682.7
36,2683.1
158,2683.1
275,2683.2
17,2683.2
216,2683.3
95,2683.5
191,2683.6
240,2684.0
129,2684.4
306,2684.6
126,2684.7
120,2685.1
76,2685.3
194,2685.4
346,2685.5
159,2685.8
122,2685.9
308,2686.0
140,2686.4
316,2686.4
166,2687.0
222,2687.0
62,2687.0
215,2687.6
350,2687.6
131,2687.8
374,2687.8
330,2688.2
176,2688.8
69,2689.0
317,2690.1
14,2690.7
65,2756.5
303,2757.4
331,2757.8
261,2758.1
229,2758.1
134,2758.3
267,2758.3
128,2758.6
315,2758.7
365,2758.8
29,2759.1
103,2759.3
111,2759.5
263,2759.6
358,2759.8
353,2760.1
121,2760.3
312,2760.9
357,2761.3
235,2761.3
115,2761.8
367,2761.9
278,2762.1
355,2762.2
248,2762.8
158,2763.2
36,2763.2
17,2763.4
275,2763.4
216,2763.6
191,2763.9
240,2764.3
129,2764.6
306,2764.8
91,2764.9
39,2764.9
302,2765.3
219,2765.5
194,2765.6
120,2765.6
368,2765.7
76,2765.7
346,2765.8
308,2766.4
61,2766.9
140,2767.0
200,2767.1
166,2767.5
222,2767.6
62,2767.6
195,2767.7
350,2768.1
83,2768.6
374,2768.6
131,2768.7
330,2768.7
69,2771.2
65,3142.1
303,3142.9
229,3143.4
331,3143.4
261,3143.6
267,3143.6
134,3143.7
315,3144.0
128,3144.1
365,3144.2
29,3144.6
111,3144.7
103,3144.8
358,3145.1
263,3145.1
121,3145.4
353,3145.5
312,3146.4
235,3146.4
357,3146.7
115,3146.9
367,3147.1
278,3147.3
355,3147.6
275,3148.0
158,3148.1
216,3148.1
248,3148.1
17,3148.3
36,3148.4
191,3148.4
240,3149.1
129,3149.3
120,3149.6
306,3149.7
76,3149.8
194,3150.4
176,3150.5
140,3150.5
346,3150.6
308,3150.6
222,3151.2
131,3151.2
62,3151.3
219,3151.4
166,3151.4
374,3151.4
350,3151.9
330,3152.0
126,3152.1
69,3152.4
39,3152.6
95,3152.7
317,3152.9
302,3153.5
14,3153.8
122,3154.1
159,3154.4
215,3154.8
316,3154.8
368,3155.5
65,3221.5
303,3222.3
331,3222.7
229,3222.9
261,3223.0
267,3223.2
134,3223.3
365,3223.6
315,3223.6
128,3223.6
29,3224.0
111,3224.3
103,3224.3
263,3224.5
358,3224.7
121,3225.1
353,3225.1
312,3225.7
235,3226.0
357,3226.2
115,3226.5
367,3226.8
278,3226.8
355,3227.1
248,3227.6
158,3227.8
36,3227.9
275,3227.9
17,3228.0
216,3228.0
191,3228.2
240,3228.8
91,3229.0
129,3229.1
306,3229.4
120,3229.7
76,3229.8
194,3230.1
346,3230.3
308,3230.6
61,3230.6
140,3230.7
200,3231.1
62,3231.3
166,3231.3
222,3231.4
195,3231.5
176,3231.6
131,3231.7
374,3231.8
225,3231.8
9,3232.0
83,3232.1
350,3232.1
310,3232.2
330,3232.4
69,3232.8
219,3233.1
354,3233.1
317,3233.4
39,3233.7
302,3234.0
14,3234.2
126,3234.3
300,3235.1
206,3235.4
122,3235.7
65,3301.5
303,3302.3
331,3302.7
261,3303.1
229,3303.1
267,3303.2
134,3303.2
128,3303.5
315,3303.6
365,3303.7
29,3304.0
103,3304.2
111,3304.4
263,3304.6
358,3304.7
353,3305.0
121,3305.2
312,3305.8
235,3306.2
357,3306.2
115,3306.7
367,3306.7
278,3307.0
355,3307.0
248,3307.6
36,3308.0
158,3308.1
17,3308.1
275,3308.1
95,3308.3
216,3308.3
191,3308.4
240,3308.9
129,3309.3
306,3309.6
76,3310.1
368,3310.1
120,3310.1
194,3310.3
346,3310.4
159,3310.8
308,3311.0
316,3311.2
140,3311.2
166,3311.8
62,3311.8
222,3311.9
215,3312.3
350,3312.4
131,3312.5
374,3312.6
330,3312.9
176,3313.1
69,3314.0
317,3314.6
14,3315.4
39,3315.6
65,3381.5
303,3382.3
331,3382.8
261,3383.1
229,3383.1
267,3383.3
134,3383.3
128,3383.6
315,3383.7
365,3383.8
29,3384.1
103,3384.2
111,3384.4
263,3384.6
358,3384.7
353,3385.1
121,3385.2
312,3385.8
235,3386.2
357,3386.3
115,3386.7
367,3386.9
278,3387.1
355,3387.2
248,3387.8
158,3388.2
36,3388.2
17,3388.3
275,3388.4
216,3388.4
191,3388.7
240,3389.1
129,3389.4
126,3389.7
91,3389.7
306,3389.8
219,3390.0
302,3390.2
120,3390.3
76,3390.5
194,3390.5
346,3390.7
122,3390.9
308,3391.3
61,3391.6
140,3391.7
200,3391.9
222,3392.1
62,3392.1
166,3392.3
195,3392.4
350,3392.9
131,3393.2
374,3393.2
83,3393.4
330,3393.5
9,3393.6
69,3394.9
14,3397.3
303,3767.9
191,3768.3
229,3768.4
331,3768.4
65,3768.4
261,3768.6
267,3768.6
190,3768.9
315,3769.0
365,3769.1
159,3769.4
120,3769.4
330,3769.4
29,3769.6
126,3769.7
111,3769.7
128,3769.8
103,3769.8
211,3770.4
323,3770.5
353,3770.5
369,3770.5
235,3771.3
115,3771.8
349,3772.0
278,3772.4
275,3773.0
216,3773.1
248,3773.1
158,3773.1
17,3773.3
36,3773.4
240,3774.1
129,3774.3
329,3774.4
306,3774.6
184,3774.9
358,3775.1
140,3775.3
88,3775.3
176,3775.3
194,3775.3
308,3775.5
26,3775.9
81,3776.0
222,3776.2
62,3776.2
166,3776.3
374,3776.3
171,3776.4
131,3776.4
219,3776.4
350,3776.9
95,3777.4
317,3777.9
39,3778.2
302,3778.3
332,3778.8
14,3778.9
215,3779.2
122,3779.2
368,3780.0
303,3847.3
191,3847.7
331,3847.7
65,3847.8
261,3847.9
229,3848.0
267,3848.1
190,3848.3
365,3848.6
315,3848.6
330,3848.7
159,3848.7
120,3848.9
29,3848.9
128,3849.1
126,3849.2
103,3849.3
111,3849.3
211,3849.8
353,3850.0
323,3850.1
369,3850.1
235,3851.0
115,3851.5
349,3851.6
278,3851.9
248,3852.6
158,3852.8
17,3852.9
275,3852.9
216,3852.9
36,3852.9
240,3853.8
129,3854.1
91,3854.2
306,3854.3
329,3854.7
194,3855.0
358,3855.1
61,3855.3
308,3855.4
184,3855.6
140,3855.6
200,3855.9
357,3856.0
62,3856.1
88,3856.1
166,3856.1
195,3856.1
176,3856.2
222,3856.4
81,3856.4
312,3856.5
171,3856.7
310,3856.7
26,3856.8
374,3856.9
9,3856.9
350,3857.0
83,3857.1
131,3857.1
263,3857.6
219,3858.1
113,3858.3
317,3858.4
354,3858.5
302,3858.8
172,3859.2
109,3859.3
14,3859.8
39,3860.0
300,3860.1
122,3861.1
303,3927.3
331,3927.7
191,3927.7
65,3927.8
261,3928.0
229,3928.1
267,3928.2
190,3928.4
315,3928.6
365,3928.7
330,3928.8
159,3928.8
120,3929.0
29,3929.0
103,3929.2
128,3929.2
126,3929.3
111,3929.4
353,3930.0
211,3930.1
369,3930.3
323,3930.3
235,3931.2
349,3931.7
115,3931.7
278,3932.0
248,3932.6
158,3933.0
36,3933.0
17,3933.1
275,3933.1
216,3933.2
95,3933.4
240,3933.9
129,3934.3
306,3934.5
368,3935.1
194,3935.2
329,3935.4
358,3935.5
308,3935.9
332,3936.1
140,3936.1
184,3936.3
166,3936.6
62,3936.7
222,3936.8
215,3936.9
81,3937.0
88,3937.1
171,3937.2
350,3937.3
176,3937.6
374,3937.6
26,3937.9
131,3938.0
317,3939.4
14,3940.7
302,3941.0
303,4007.3
191,4007.8
331,4007.8
65,4007.9
261,4008.1
229,4008.2
267,4008.3
190,4008.6
315,4008.6
330,4008.8
365,4008.8
159,4008.9
120,4009.0
29,4009.1
103,4009.2
128,4009.2
126,4009.4
111,4009.4
353,4010.0
211,4010.2
369,4010.4
323,4010.4
235,4011.3
115,4011.8
349,4011.8
278,4012.1
248,4012.8
158,4013.1
36,4013.2
17,4013.3
275,4013.4
216,4013.4
240,4014.1
129,4014.5
306,4014.6
91,4014.8
219,4015.3
39,4015.4
194,4015.5
358,4015.7
122,4015.9
329,4016.1
308,4016.1
61,4016.5
140,4016.7
200,4016.8
62,4016.9
166,4017.0
222,4017.1
312,4017.2
195,4017.2
357,4017.3
184,4017.4
81,4017.7
350,4017.9
171,4017.9
88,4018.3
374,4018.5
9,4018.6
83,4018.9
131,4019.2
26,4019.6
317,4020.7
65,4391.4
191,4393.3
331,4393.3
229,4393.4
267,4393.6
261,4393.6
190,4394.0
315,4394.0
365,4394.1
159,4394.4
330,4394.4
120,4394.4
29,4394.6
128,4394.7
126,4394.7
111,4394.7
211,4395.6
323,4395.8
369,4395.8
300,4396.0
294,4396.1
303,4396.1
246,4396.3
235,4396.3
115,4396.8
349,4397.3
278,4397.4
275,4398.0
248,4398.0
216,4398.1
17,4398.3
36,4398.3
62,4398.4
361,4398.4
31,4398.7
129,4399.3
306,4399.6
358,4400.1
176,4400.2
140,4400.3
308,4400.4
329,4400.5
103,4401.1
222,4401.1
219,4401.2
374,4401.2
166,4401.3
131,4401.3
184,4401.3
88,4401.4
350,4401.8
81,4402.1
95,4402.2
171,4402.2
39,4402.9
26,4402.9
317,4403.0
14,4403.9
215,4404.0
122,4404.0
368,4404.6
332,4405.8
65,4470.8
331,4472.7
191,4472.7
261,4472.9
229,4473.0
267,4473.1
190,4473.5
315,4473.6
365,4473.6
330,4473.7
159,4473.8
29,4473.9
120,4473.9
128,4474.2
111,4474.3
126,4474.3
211,4475.2
300,4475.4
369,4475.4
323,4475.4
303,4475.6
294,4475.8
235,4476.0
246,4476.1
115,4476.4
349,4476.9
278,4476.9
248,4477.6
36,4477.9
216,4477.9
17,4477.9
275,4477.9
62,4478.1
361,4478.7
31,4478.9
91,4479.1
129,4479.1
306,4479.3
358,4480.1
61,4480.3
308,4480.4
140,4480.6
357,4480.8
200,4480.8
103,4481.0
329,4481.1
166,4481.1
312,4481.3
176,4481.4
222,4481.4
310,4481.8
350,4481.9
374,4481.9
9,4481.9
131,4482.1
83,4482.3
134,4482.3
184,4482.4
263,4482.6
171,4482.7
88,4482.9
81,4482.9
219,4483.1
354,4483.3
113,4483.6
317,4483.7
206,4484.3
95,4484.5
39,4484.6
14,4484.6
172,4484.9
122,4485.5
65,4550.8
331,4552.7
191,4552.7
261,4553.0
229,4553.1
267,4553.2
190,4553.6
315,4553.6
365,4553.7
330,4553.8
159,4553.9
120,4554.0
29,4554.0
128,4554.2
126,4554.4
111,4554.4
211,4555.3
300,4555.5
303,4555.6
323,4555.6
369,4555.6
294,4555.7
235,4556.2
246,4556.3
115,4556.7
278,4556.9
349,4557.0
248,4557.6
17,4558.0
36,4558.0
216,4558.2
275,4558.2
62,4558.4
361,4559.1
31,4559.2
129,4559.3
306,4559.5
26,4559.8
368,4560.0
358,4560.4
308,4560.9
140,4561.1
103,4561.3
166,4561.6
222,4561.8
329,4561.8
215,4561.9
332,4562.2
350,4562.3
374,4562.5
176,4562.7
131,4563.0
171,4563.4
81,4563.7
184,4563.9
88,4564.7
317,4564.7
14,4566.0
65,4630.8
331,4632.7
191,4632.8
229,4633.1
261,4633.1
267,4633.3
315,4633.6
190,4633.6
365,4633.7
330,4633.8
159,4633.9
120,4634.0
29,4634.0
128,4634.3
111,4634.4
126,4634.5
211,4635.4
300,4635.6
323,4635.7
303,4635.7
369,4635.7
294,4635.9
235,4636.2
246,4636.4
115,4636.6
278,4637.1
349,4637.2
248,4637.7
36,4638.1
17,4638.2
275,4638.3
216,4638.4
62,4638.4
95,4638.7
129,4639.5
306,4639.6
361,4639.6
91,4639.7
31,4639.7
219,4640.0
39,4640.0
358,4640.7
122,4640.8
308,4641.1
61,4641.1
140,4641.5
200,4641.6
103,4641.7
166,4641.9
222,4642.0
357,4642.3
312,4642.3
329,4642.5
350,4642.7
374,4643.1
9,4643.4
83,4643.8
131,4643.9
310,4644.0
171,4644.2
81,4644.7
176,4645.0
317,4646.3
184,4646.6
267,5017.1
159,5018.0
300,5018.2
331,5018.3
191,5018.3
65,5018.3
229,5018.4
369,5018.6
261,5018.6
349,5018.9
190,5019.1
365,5019.1
330,5019.4
126,5019.7
128,5019.7
350,5020.3
113,5020.4
52,5020.7
211,5020.8
68,5020.9
105,5021.0
323,5021.0
14,5021.1
235,5021.3
246,5021.8
278,5022.3
275,5022.9
248,5023.0
216,5023.0
311,5023.2
36,5023.3
17,5023.3
62,5023.4
157,5023.8
4,5023.9
361,5024.2
161,5024.3
129,5024.3
295,5024.4
306,5024.6
31,5024.8
140,5025.3
308,5025.4
176,5025.4
29,5025.5
297,5025.5
60,5025.5
346,5025.6
103,5026.1
222,5026.1
131,5026.2
166,5026.2
219,5026.2
374,5026.2
329,5026.3
88,5027.2
95,5027.3
111,5027.4
184,5027.4
39,5027.7
171,5027.8
317,5028.0
81,5028.0
215,5028.9
122,5029.0
368,5029.4
26,5029.4
357,5031.3
267,5096.6
159,5097.3
300,5097.5
191,5097.7
331,5097.7
65,5097.8
369,5097.9
261,5097.9
229,5098.0
349,5098.1
190,5098.5
365,5098.6
330,5098.7
128,5099.1
126,5099.3
350,5099.7
113,5099.8
52,5100.2
211,5100.3
68,5100.3
14,5100.4
323,5100.6
105,5100.6
235,5101.0
246,5101.5
278,5101.9
248,5102.6
216,5102.9
17,5102.9
36,5102.9
275,5102.9
311,5103.0
62,5103.2
4,5103.5
157,5103.5
91,5104.0
129,5104.0
161,5104.2
295,5104.2
306,5104.3
361,5104.7
31,5105.1
29,5105.2
308,5105.5
346,5105.5
140,5105.5
297,5105.7
134,5105.8
200,5105.8
103,5106.0
315,5106.1
312,5106.1
166,5106.2
60,5106.3
222,5106.3
176,5106.4
374,5106.6
131,5106.9
329,5107.0
83,5107.0
263,5107.0
332,5107.0
219,5107.8
109,5108.1
171,5108.3
303,5108.5
317,5108.9
111,5109.0
81,5109.1
39,5109.3
363,5109.4
88,5109.4
184,5109.5
172,5109.6
206,5109.7
95,5109.9
122,5110.4
267,5176.6
159,5177.4
300,5177.5
331,5177.7
191,5177.8
65,5177.8
261,5178.0
369,5178.0
349,5178.1
229,5178.1
190,5178.6
365,5178.7
330,5178.8
128,5179.2
126,5179.4
350,5179.6
113,5180.0
14,5180.4
52,5180.4
211,5180.5
68,5180.5
323,5180.7
105,5180.8
235,5181.2
246,5181.7
278,5181.9
248,5182.6
36,5183.0
216,5183.1
17,5183.1
275,5183.2
311,5183.4
62,5183.4
4,5183.6
157,5183.8
129,5184.2
295,5184.4
306,5184.5
161,5184.5
368,5185.0
361,5185.1
26,5185.4
29,5185.4
31,5185.5
346,5185.7
308,5185.9
140,5186.0
297,5186.1
103,5186.2
215,5186.4
166,5186.5
222,5186.7
357,5186.9
374,5187.3
60,5187.3
176,5187.7
131,5187.8
329,5187.9
171,5189.1
317,5189.8
81,5190.2
267,5256.7
159,5257.5
300,5257.6
331,5257.8
191,5257.8
65,5257.9
369,5258.1
229,5258.1
261,5258.1
349,5258.2
190,5258.7
365,5258.8
330,5258.9
128,5259.3
126,5259.5
350,5259.7
113,5260.1
14,5260.5
211,5260.6
68,5260.7
52,5260.7
323,5260.8
105,5261.1
235,5261.2
246,5261.9
278,5262.1
248,5262.8
36,5263.1
17,5263.3
216,5263.4
275,5263.4
95,5263.7
62,5263.7
311,5263.8
4,5264.0
157,5264.1
129,5264.5
88,5264.7
91,5264.7
295,5264.7
306,5264.8
161,5264.9
39,5264.9
184,5264.9
219,5265.2
122,5265.7
361,5265.7
29,5265.7
346,5266.1
31,5266.1
111,5266.1
308,5266.2
140,5266.4
103,5266.6
297,5266.7
200,5267.0
222,5267.1
166,5267.1
312,5267.2
134,5267.8
332,5268.2
374,5268.3
315,5268.5
83,5268.6
60,5268.9
131,5268.9
329,5269.0
171,5270.4
263,5271.0
229,5641.4
369,5642.1
267,5642.1
361,5642.8
159,5643.0
235,5643.0
191,5643.3
65,5643.3
349,5643.8
131,5644.0
365,5644.1
190,5644.1
126,5644.7
232,5645.0
179,5645.1
350,5645.2
300,5645.3
113,5645.5
211,5645.9
323,5646.1
68,5646.1
52,5646.2
105,5646.5
246,5647.0
321,5647.1
272,5647.7
39,5647.7
34,5647.8
275,5647.9
248,5648.0
216,5648.0
17,5648.3
62,5648.4
331,5648.6
32,5648.7
180,5648.7
261,5648.8
311,5648.9
215,5649.0
4,5649.2
157,5649.3
306,5649.6
295,5649.9
161,5650.1
140,5650.2
176,5650.2
308,5650.4
128,5650.5
185,5650.6
31,5650.6
330,5650.6
346,5651.0
103,5651.0
219,5651.1
166,5651.2
14,5651.2
297,5651.4
329,5651.7
111,5652.3
95,5652.4
88,5652.6
184,5653.0
171,5653.1
60,5653.3
122,5654.1
368,5654.3
26,5655.8
229,5720.9
369,5721.5
267,5721.6
361,5722.4
159,5722.4
235,5722.5
191,5722.7
65,5722.8
349,5723.2
365,5723.6
131,5723.6
190,5723.6
126,5724.3
350,5724.7
300,5724.8
232,5724.8
179,5724.8
113,5725.0
211,5725.4
323,5725.6
68,5725.7
52,5725.9
105,5726.3
246,5726.8
321,5726.9
39,5727.5
248,5727.6
275,5727.8
216,5727.9
17,5727.9
34,5727.9
272,5728.1
62,5728.2
331,5728.3
261,5728.7
4,5729.0
311,5729.0
180,5729.0
91,5729.0
32,5729.0
215,5729.1
157,5729.2
306,5729.4
295,5729.8
161,5730.1
315,5730.5
140,5730.5
308,5730.5
330,5730.8
128,5730.8
346,5730.9
103,5730.9
31,5731.0
14,5731.0
357,5731.1
166,5731.2
176,5731.4
134,5731.4
297,5731.7
185,5731.9
83,5732.2
219,5732.5
329,5732.5
303,5733.2
171,5733.5
111,5733.6
363,5734.2
206,5734.3
122,5735.4
95,5735.4
88,5735.6
229,5800.9
369,5801.5
267,5801.7
361,5802.4
159,5802.5
235,5802.6
191,5802.8
65,5802.8
349,5803.1
131,5803.6
365,5803.7
190,5803.7
126,5804.4
350,5804.7
300,5804.9
179,5805.0
232,5805.0
113,5805.1
211,5805.5
323,5805.8
68,5805.9
52,5806.1
105,5806.4
246,5806.9
321,5807.3
248,5807.6
39,5807.7
17,5808.0
216,5808.1
275,5808.1
34,5808.3
62,5808.5
331,5808.6
272,5808.7
261,5808.9
4,5809.1
311,5809.4
157,5809.4
306,5809.5
32,5809.6
180,5809.6
215,5809.7
368,5809.9
184,5810.1
295,5810.1
161,5810.4
26,5810.6
60,5810.7
308,5810.8
103,5811.1
140,5811.1
346,5811.2
14,5811.3
128,5811.3
330,5811.3
31,5811.3
166,5811.7
297,5812.3
176,5812.7
329,5813.6
185,5814.2
171,5814.6
229,5881.0
369,5881.6
267,5881.7
361,5882.4
235,5882.6
159,5882.6
65,5882.9
191,5882.9
349,5883.2
131,5883.7
365,5883.8
190,5883.8
126,5884.5
350,5884.8
300,5885.0
179,5885.2
232,5885.2
113,5885.3
211,5885.7
323,5885.9
68,5886.0
52,5886.3
105,5886.6
246,5887.1
321,5887.6
248,5887.8
39,5888.0
17,5888.3
275,5888.4
216,5888.4
34,5888.7
62,5888.8
331,5888.9
95,5889.1
261,5889.2
272,5889.3
4,5889.4
311,5889.8
157,5889.8
306,5889.8
88,5890.1
91,5890.1
215,5890.2
180,5890.3
32,5890.3
219,5890.3
295,5890.4
122,5890.7
161,5890.9
111,5891.0
308,5891.2
103,5891.5
140,5891.5
346,5891.6
330,5891.7
128,5891.7
14,5891.8
31,5892.0
166,5892.1
357,5892.2
315,5892.5
297,5893.0
83,5893.6
176,5894.8
329,5895.7
171,5896.2
267,6267.1
246,6267.4
229,6267.7
361,6267.9
159,6268.0
235,6268.0
65,6268.3
248,6268.7
349,6268.9
297,6269.5
350,6270.2
4,6270.3
300,6270.4
113,6270.5
369,6270.5
352,6270.8
211,6270.9
63,6271.2
323,6271.2
68,6271.3
52,6271.6
105,6271.9
245,6272.2
321,6272.7
365,6272.8
338,6272.9
216,6273.0
17,6273.2
272,6273.5
331,6273.5
34,6273.6
62,6273.6
261,6273.9
145,6274.1
215,6274.2
203,6274.3
306,6274.6
311,6274.6
191,6274.6
157,6274.7
180,6274.8
32,6274.8
190,6274.8
162,6274.9
140,6275.2
295,6275.3
308,6275.4
128,6275.6
161,6275.7
31,6276.0
166,6276.2
126,6276.3
103,6276.3
14,6276.4
346,6276.4
214,6276.5
111,6277.0
329,6277.1
185,6277.7
171,6278.3
195,6279.0
122,6279.0
368,6279.3
357,6280.4
267,6346.5
246,6346.8
229,6347.2
159,6347.4
361,6347.5
235,6347.5
65,6347.7
248,6348.1
349,6348.2
297,6349.0
350,6349.8
4,6349.8
300,6349.9
369,6350.0
113,6350.1
211,6350.4
352,6350.6
323,6350.6
68,6350.9
63,6351.1
52,6351.3
105,6351.7
245,6352.3
365,6352.4
321,6352.6
216,6352.8
17,6352.9
338,6353.0
331,6353.2
62,6353.4
261,6353.6
34,6353.7
272,6353.9
215,6354.2
306,6354.3
191,6354.4
145,6354.6
157,6354.6
311,6354.6
190,6354.7
203,6354.8
315,6354.9
180,6355.1
295,6355.2
26,6355.2
162,6355.3
32,6355.3
308,6355.4
140,6355.5
128,6355.5
161,6355.6
60,6355.9
103,6356.1
14,6356.1
166,6356.1
346,6356.2
31,6356.4
126,6356.7
303,6357.3
164,6357.4
214,6357.5
329,6357.8
111,6358.3
363,6358.6
171,6358.7
120,6358.8
367,6359.3
109,6359.5
206,6359.8
122,6360.4
267,6426.6
246,6426.9
229,6427.2
361,6427.4
159,6427.5
235,6427.5
65,6427.8
248,6428.1
349,6428.2
297,6429.0
4,6429.7
350,6429.7
300,6429.9
369,6430.1
113,6430.2
211,6430.6
352,6430.8
323,6430.8
68,6431.0
63,6431.4
52,6431.5
105,6431.8
365,6432.7
245,6432.7
321,6432.9
17,6433.0
216,6433.0
331,6433.3
338,6433.4
62,6433.7
261,6433.8
34,6434.2
272,6434.5
306,6434.5
368,6434.6
191,6434.7
157,6434.9
215,6434.9
190,6435.0
311,6435.0
145,6435.2
185,6435.3
295,6435.5
203,6435.5
180,6435.8
308,6435.9
140,6435.9
162,6435.9
161,6436.0
128,6436.0
32,6436.1
195,6436.1
14,6436.4
103,6436.5
346,6436.5
166,6436.6
31,6436.9
357,6437.4
126,6437.6
329,6438.6
214,6439.3
171,6439.7
267,6506.7
246,6506.9
229,6507.3
361,6507.5
159,6507.6
235,6507.6
65,6507.9
248,6508.1
349,6508.3
297,6509.1
350,6509.8
4,6509.8
300,6510.0
369,6510.2
113,6510.3
211,6510.7
323,6510.9
352,6511.0
68,6511.2
63,6511.7
52,6511.7
105,6512.1
365,6512.8
245,6513.1
321,6513.2
216,6513.2
17,6513.2
331,6513.7
338,6513.8
62,6513.9
261,6514.0
34,6514.7
306,6514.8
272,6514.9
191,6515.0
157,6515.2
190,6515.3
215,6515.4
311,6515.4
111,6515.9
295,6515.9
26,6516.0
145,6516.1
122,6516.1
308,6516.2
315,6516.2
203,6516.3
180,6516.4
161,6516.4
140,6516.4
128,6516.4
162,6516.7
14,6516.8
32,6516.8
103,6516.8
166,6517.0
346,6517.0
31,6517.6
60,6517.7
126,6518.4
329,6520.0
171,6521.1
267,6892.1
361,6892.9
235,6893.0
248,6893.6
349,6893.9
26,6894.2
311,6894.3
128,6894.5
297,6894.6
229,6894.9
115,6895.1
161,6895.2
4,6895.3
300,6895.4
369,6895.6
211,6895.9
72,6896.2
246,6896.2
374,6896.3
68,6896.4
352,6896.4
159,6896.9
52,6896.9
63,6896.9
105,6897.2
184,6897.4
29,6897.8
321,6898.1
245,6898.2
331,6898.4
62,6898.5
143,6898.6
338,6898.9
272,6899.1
34,6899.2
215,6899.3
316,6899.4
191,6899.6
190,6899.8
350,6899.8
157,6900.0
295,6900.5
180,6900.7
145,6900.9
203,6901.0
185,6901.0
166,6901.2
103,6901.2
162,6901.3
126,6901.4
14,6901.4
346,6901.5
111,6901.9
313,6902.1
329,6902.2
171,6903.3
214,6903.9
65,6904.0
21,6904.2
122,6904.4
267,6971.5
235,6972.5
361,6972.5
248,6973.1
349,6973.2
26,6973.7
311,6973.8
128,6973.9
297,6974.1
229,6974.4
161,6974.7
4,6974.8
300,6974.9
115,6974.9
369,6975.0
211,6975.4
246,6975.8
72,6975.9
68,6976.0
374,6976.1
352,6976.2
159,6976.4
52,6976.5
105,6976.9
63,6976.9
184,6977.0
29,6977.4
321,6978.0
331,6978.1
245,6978.3
62,6978.4
143,6978.7
338,6979.1
272,6979.4
215,6979.4
34,6979.4
350,6979.5
191,6979.5
190,6979.8
27,6979.9
157,6979.9
315,6980.0
316,6980.0
295,6980.4
33,6980.4
195,6980.7
180,6981.0
103,6981.0
14,6981.1
60,6981.1
166,6981.2
346,6981.4
145,6981.6
203,6981.7
126,6981.7
162,6981.7
303,6981.7
185,6981.7
113,6982.7
329,6982.9
111,6983.1
120,6983.2
363,6983.5
171,6983.6
164,6984.6
367,6984.7
122,6986.6
267,7051.6
361,7052.5
235,7052.5
248,7053.1
349,7053.2
26,7053.8
311,7053.9
128,7054.0
297,7054.1
229,7054.5
161,7054.7
4,7054.8
300,7054.9
369,7055.1
115,7055.2
211,7055.6
72,7056.0
246,7056.0
68,7056.1
352,7056.3
374,7056.4
159,7056.6
52,7056.7
105,7057.1
63,7057.2
184,7057.2
29,7057.6
321,7058.3
331,7058.3
62,7058.7
245,7058.8
143,7059.0
338,7059.4
191,7059.7
350,7059.7
34,7059.8
190,7060.0
272,7060.0
215,7060.2
157,7060.2
313,7060.4
21,7060.4
295,7060.7
65,7060.8
214,7060.9
316,7060.9
14,7061.4
103,7061.5
346,7061.7
166,7061.7
180,7061.8
126,7062.5
162,7062.6
145,7062.8
203,7062.9
185,7063.2
329,7063.8
171,7064.6
267,7131.7
361,7132.5
235,7132.6
248,7133.1
349,7133.3
26,7133.8
311,7134.0
128,7134.1
297,7134.2
229,7134.5
161,7134.8
4,7134.9
300,7135.0
369,7135.2
115,7135.3
211,7135.7
246,7136.1
72,7136.1
68,7136.2
352,7136.5
374,7136.7
159,7136.7
52,7136.8
105,7137.2
184,7137.4
63,7137.5
29,7137.8
331,7138.4
321,7138.5
62,7138.8
245,7139.1
143,7139.5
338,7139.8
350,7139.9
191,7139.9
34,7140.1
190,7140.3
157,7140.4
111,7140.4
272,7140.5
215,7140.7
315,7140.8
295,7141.0
122,7141.0
27,7141.3
103,7141.7
14,7141.8
346,7142.0
166,7142.1
316,7142.2
180,7142.6
195,7142.7
60,7142.9
126,7143.1
33,7143.3
162,7143.7
203,7144.0
145,7144.1
303,7145.0
329,7145.3
171,7146.0
300,7517.4
361,7518.0
248,7518.7
338,7518.8
349,7518.9
267,7519.0
311,7519.3
26,7519.3
66,7519.5
128,7519.5
297,7519.7
229,7519.9
161,7520.2
4,7520.4
115,7520.5
112,7520.6
369,7520.6
211,7520.9
294,7520.9
246,7521.4
68,7521.5
72,7521.6
61,7521.8
352,7521.8
159,7521.9
52,7522.0
105,7522.3
48,7522.3
63,7522.5
184,7522.5
29,7523.0
336,7523.2
321,7523.4
62,7523.6
194,7523.7
245,7524.0
216,7524.3
215,7524.4
143,7524.5
263,7524.5
272,7524.5
34,7524.5
350,7524.8
235,7524.8
157,7525.2
147,7525.3
295,7525.6
103,7526.1
180,7526.1
166,7526.2
14,7526.4
126,7526.4
316,7526.5
346,7526.6
185,7526.7
111,7526.8
162,7527.2
145,7527.4
203,7527.5
240,7528.1
171,7528.3
65,7528.5
122,7529.4
214,7530.9
300,7596.8
361,7597.5
248,7598.1
349,7598.3
338,7598.3
267,7598.5
26,7598.8
311,7598.9
128,7598.9
66,7599.1
297,7599.2
229,7599.4
161,7599.8
4,7599.9
369,7600.0
115,7600.3
112,7600.3
294,7600.5
211,7600.5
246,7600.9
68,7601.1
72,7601.4
159,7601.4
352,7601.5
61,7601.6
52,7601.7
105,7602.0
48,7602.3
184,7602.3
63,7602.5
29,7602.8
321,7603.3
336,7603.4
194,7603.6
62,7603.6
245,7604.0
216,7604.3
350,7604.5
215,7604.6
34,7604.6
143,7604.7
198,7604.7
235,7604.7
272,7604.8
157,7605.0
263,7605.0
315,7605.1
295,7605.5
313,7605.8
21,7606.0
103,7606.1
160,7606.2
14,7606.2
166,7606.3
346,7606.4
147,7606.5
180,7606.6
195,7606.8
126,7606.8
303,7607.1
27,7607.3
60,7607.5
162,7608.0
185,7608.0
316,7608.6
203,7608.6
113,7608.7
145,7608.7
111,7608.9
171,7609.0
33,7609.7
120,7610.2
367,7610.5
122,7612.5
300,7676.8
361,7677.5
248,7678.1
349,7678.2
338,7678.4
267,7678.5
26,7678.8
311,7678.9
128,7679.0
297,7679.1
66,7679.2
229,7679.4
161,7679.7
4,7679.8
369,7680.1
112,7680.2
115,7680.5
211,7680.6
294,7680.6
246,7681.1
68,7681.2
72,7681.4
159,7681.6
352,7681.6
52,7681.8
61,7681.9
105,7682.2
184,7682.5
48,7682.7
63,7682.7
29,7682.9
321,7683.5
62,7683.8
336,7683.9
194,7684.0
245,7684.5
350,7684.6
216,7684.7
34,7685.0
143,7685.1
235,7685.1
240,7685.2
272,7685.3
215,7685.3
157,7685.3
65,7685.6
295,7685.8
263,7686.1
14,7686.4
103,7686.5
214,7686.6
166,7686.8
346,7686.8
180,7687.4
126,7687.5
162,7689.5
147,7689.6
171,7689.8
300,7756.8
361,7757.6
248,7758.2
349,7758.3
338,7758.5
267,7758.6
26,7758.9
311,7759.1
128,7759.1
297,7759.3
66,7759.4
229,7759.5
161,7759.9
4,7759.9
369,7760.2
112,7760.4
115,7760.6
294,7760.8
211,7760.8
246,7761.2
68,7761.3
72,7761.6
159,7761.7
352,7761.8
52,7761.9
61,7762.2
105,7762.3
184,7762.7
63,7763.0
29,7763.1
48,7763.2
321,7763.8
316,7763.9
62,7764.0
185,7764.3
194,7764.4
145,7764.4
336,7764.5
350,7764.9
245,7764.9
216,7765.1
235,7765.4
34,7765.4
143,7765.5
215,7765.6
157,7765.6
203,7765.7
272,7765.8
315,7765.8
111,7766.3
122,7766.3
295,7766.3
103,7766.7
14,7766.8
166,7767.1
263,7767.2
346,7767.3
198,7767.5
21,7767.6
180,7768.2
126,7768.2
60,7769.1
313,7769.8
171,7771.2
300,8142.4
248,8143.7
349,8143.9
230,8143.9
338,8143.9
143,8144.1
128,8144.5
297,8144.7
161,8145.3
4,8145.4
369,8145.5
37,8145.6
112,8145.9
294,8146.1
246,8146.3
68,8146.5
139,8146.8
72,8146.8
159,8146.8
352,8147.0
52,8147.1
105,8147.4
61,8147.4
63,8147.8
184,8147.9
29,8148.2
48,8148.3
321,8148.5
62,8148.5
329,8149.0
81,8149.0
194,8149.4
311,8149.6
216,8149.7
350,8149.7
379,8149.9
78,8150.0
235,8150.0
157,8150.2
295,8150.7
103,8151.1
166,8151.2
14,8151.3
180,8151.4
346,8151.6
267,8152.0
229,8152.0
65,8152.5
185,8152.6
162,8152.7
26,8153.1
145,8153.2
203,8153.2
171,8153.3
147,8153.4
361,8153.5
122,8154.3
211,8155.6
300,8221.8
248,8223.1
349,8223.3
338,8223.4
143,8223.6
230,8223.7
128,8223.9
297,8224.2
161,8224.8
4,8224.9
369,8225.0
37,8225.5
112,8225.6
294,8225.7
246,8225.9
68,8226.1
159,8226.4
139,8226.5
72,8226.6
352,8226.7
52,8226.7
105,8227.1
61,8227.2
63,8227.6
184,8227.6
29,8228.0
62,8228.3
48,8228.4
321,8228.4
329,8228.9
81,8229.1
194,8229.4
350,8229.5
311,8229.5
216,8229.7
240,8229.8
235,8229.9
157,8230.0
379,8230.4
295,8230.5
198,8230.9
103,8231.0
214,8231.0
14,8231.0
78,8231.0
166,8231.2
346,8231.5
303,8231.5
195,8231.6
180,8231.8
113,8231.9
267,8232.0
313,8232.1
21,8232.1
60,8232.2
160,8232.5
229,8232.6
162,8233.4
171,8233.9
120,8233.9
65,8234.1
203,8234.5
185,8234.9
26,8235.0
361,8235.6
300,8301.8
248,8303.1
349,8303.2
338,8303.5
143,8303.7
230,8303.9
128,8304.0
297,8304.1
161,8304.8
4,8304.8
369,8305.1
112,8305.5
294,8305.8
37,8305.8
246,8306.0
68,8306.2
72,8306.6
159,8306.6
139,8306.7
352,8306.8
52,8306.8
105,8307.2
61,8307.5
184,8307.7
63,8307.9
29,8308.1
321,8308.6
62,8308.6
48,8308.8
329,8309.1
145,8309.2
81,8309.6
350,8309.6
147,8309.7
311,8309.7
194,8309.8
216,8310.2
235,8310.2
157,8310.3
295,8310.8
122,8310.9
103,8311.2
379,8311.3
14,8311.3
166,8311.5
346,8311.8
78,8312.0
211,8312.2
267,8312.5
180,8312.6
229,8314.0
171,8314.7
162,8315.0
300,8381.8
248,8383.2
349,8383.3
338,8383.6
143,8383.8
128,8384.1
230,8384.1
297,8384.2
161,8384.9
4,8384.9
369,8385.2
112,8385.7
294,8385.9
246,8386.1
37,8386.1
68,8386.3
159,8386.7
72,8386.8
352,8386.9
52,8387.0
139,8387.0
105,8387.3
61,8387.8
184,8387.9
63,8388.1
29,8388.4
62,8388.8
321,8388.9
48,8389.3
329,8389.4
350,8389.8
26,8389.9
185,8389.9
311,8390.0
361,8390.0
81,8390.2
194,8390.4
65,8390.4
157,8390.6
203,8390.6
235,8390.6
216,8390.7
295,8391.1
240,8391.6
103,8391.7
14,8391.7
166,8392.1
346,8392.1
214,8392.3
379,8392.5
303,8393.3
267,8393.4
21,8393.6
180,8393.8
78,8393.9
195,8394.4
60,8395.8
171,8396.1
329,8768.5
369,8768.6
352,8768.6
349,8768.9
338,8769.0
105,8769.2
143,8769.2
300,8769.3
230,8769.5
297,8769.7
171,8769.8
70,8770.3
161,8770.3
4,8770.4
115,8771.1
112,8771.1
8,8771.2
316,8771.3
294,8771.3
246,8771.3
37,8771.4
54,8771.5
364,8771.6
72,8772.0
52,8772.1
139,8772.2
174,8772.6
184,8772.9
63,8772.9
48,8774.1
311,8774.7
350,8774.7
81,8775.0
194,8775.1
157,8775.3
367,8775.5
120,8775.6
295,8775.7
248,8776.0
61,8776.3
14,8776.4
379,8776.4
346,8776.6
185,8778.0
162,8778.0
26,8778.4
145,8778.4
361,8778.6
203,8778.8
329,8847.8
369,8848.0
352,8848.0
349,8848.3
338,8848.5
105,8848.6
143,8848.7
300,8848.8
297,8849.2
171,8849.2
230,8849.3
161,8849.8
70,8849.8
4,8849.9
115,8850.7
112,8850.7
294,8850.9
246,8850.9
8,8850.9
316,8850.9
54,8851.1
364,8851.4
37,8851.4
72,8851.7
52,8851.7
139,8851.9
174,8852.4
63,8852.7
184,8852.7
48,8854.1
147,8854.4
311,8854.5
350,8854.5
157,8855.0
194,8855.0
81,8855.3
295,8855.5
367,8855.6
120,8855.6
248,8855.9
214,8856.0
14,8856.0
346,8856.5
61,8856.5
60,8856.8
195,8856.8
308,8856.8
128,8857.1
379,8857.3
313,8857.5
21,8857.8
264,8857.9
162,8858.5
66,8859.7
160,8859.9
203,8860.1
26,8860.3
361,8860.9
329,8927.9
369,8928.0
352,8928.1
349,8928.2
105,8928.6
338,8928.6
143,8928.8
300,8928.8
171,8929.1
297,8929.1
230,8929.4
161,8929.8
4,8929.8
70,8929.9
112,8930.6
115,8930.8
294,8930.9
246,8931.0
316,8931.0
8,8931.0
54,8931.1
364,8931.6
37,8931.6
72,8931.7
52,8931.8
139,8932.0
174,8932.7
184,8932.8
63,8932.9
145,8934.3
185,8934.3
48,8934.5
350,8934.5
311,8934.7
157,8935.2
194,8935.4
295,8935.8
81,8935.8
367,8935.9
248,8936.2
14,8936.2
120,8936.3
346,8936.8
61,8937.4
379,8939.0
162,8940.3
329,9007.9
369,9008.1
352,9008.1
349,9008.3
338,9008.6
105,9008.7
300,9008.9
143,9008.9
297,9009.2
171,9009.2
230,9009.5
161,9009.9
4,9009.9
70,9009.9
112,9010.7
115,9010.9
294,9011.0
246,9011.1
54,9011.2
8,9011.2
316,9011.2
37,9011.8
364,9011.8
72,9011.8
52,9011.9
139,9012.2
174,9012.9
184,9013.0
63,9013.1
361,9014.8
350,9014.8
26,9014.8
48,9014.9
311,9014.9
203,9015.4
157,9015.5
147,9015.7
194,9015.9
295,9016.1
367,9016.3
81,9016.3
120,9016.5
14,9016.5
248,9016.6
214,9016.7
346,9017.1
60,9017.7
61,9018.1
308,9018.1
128,9018.5
195,9018.8
21,9019.7
352,9391.5
8,9393.0
369,9393.6
329,9393.6
338,9394.0
161,9394.0
105,9394.2
73,9394.2
143,9394.3
300,9394.3
66,9394.8
230,9394.8
120,9394.9
347,9395.8
115,9396.3
246,9396.3
214,9396.5
316,9396.7
173,9396.8
37,9397.0
52,9397.1
127,9397.2
55,9397.3
139,9397.4
364,9397.4
157,9397.9
63,9398.0
184,9398.0
349,9398.3
174,9398.3
148,9398.5
48,9399.5
311,9399.7
22,9399.7
151,9399.9
108,9399.9
65,9400.5
70,9400.6
81,9400.8
12,9400.9
109,9401.1
204,9401.4
61,9401.9
162,9401.9
99,9402.0
14,9402.4
379,9402.5
185,9403.0
113,9403.2
26,9403.3
361,9403.3
145,9403.6
297,9403.6
168,9403.9
203,9404.1
346,9404.6
158,9404.8
171,9406.7
352,9470.9
8,9472.4
329,9472.9
369,9473.0
161,9473.4
338,9473.5
105,9473.7
143,9473.8
300,9473.8
73,9473.9
66,9474.4
120,9474.4
230,9474.6
347,9475.5
246,9475.9
115,9476.0
214,9476.1
316,9476.3
173,9476.7
52,9476.8
37,9476.9
127,9477.0
139,9477.1
364,9477.2
55,9477.5
157,9477.5
184,9477.7
349,9477.8
63,9478.0
174,9478.2
148,9478.5
311,9479.5
48,9479.6
151,9480.3
213,9480.5
108,9480.7
147,9480.7
22,9480.8
70,9481.1
81,9481.2
65,9481.5
294,9481.9
12,9482.3
162,9482.5
14,9482.6
61,9482.6
337,9483.0
109,9483.1
128,9483.1
60,9483.4
21,9483.8
379,9484.0
204,9484.2
297,9484.3
313,9484.4
361,9484.9
26,9485.8
352,9550.9
8,9552.5
369,9553.0
329,9553.0
161,9553.5
338,9553.5
105,9553.7
300,9553.8
143,9553.9
73,9554.0
120,9554.5
66,9554.5
230,9554.7
347,9555.6
246,9555.9
115,9556.2
214,9556.3
316,9556.4
52,9556.8
173,9557.0
37,9557.1
139,9557.2
127,9557.3
364,9557.3
184,9557.8
157,9557.8
349,9558.0
55,9558.0
63,9558.2
174,9558.5
99,9559.0
148,9559.0
145,9559.4
185,9559.5
346,9559.6
311,9559.7
48,9560.0
203,9560.6
151,9561.1
168,9561.2
113,9561.5
108,9561.6
81,9561.7
70,9561.8
171,9562.2
22,9562.3
65,9562.4
158,9562.7
14,9563.2
61,9564.0
162,9564.1
12,9565.0
297,9566.3
352,9631.0
8,9632.5
329,9633.0
369,9633.1
161,9633.6
338,9633.6
105,9633.8
143,9633.9
300,9633.9
73,9634.2
120,9634.5
66,9634.6
230,9634.8
347,9635.8
246,9636.1
115,9636.3
214,9636.4
316,9636.5
52,9637.0
173,9637.2
37,9637.3
139,9637.4
127,9637.5
364,9637.6
184,9638.0
157,9638.0
349,9638.2
63,9638.4
55,9638.5
174,9638.7
379,9639.4
148,9639.5
361,9639.7
311,9640.0
26,9640.2
48,9640.5
109,9641.3
204,9641.6
151,9642.0
81,9642.4
70,9642.4
108,9642.9
213,9643.2
147,9643.4
65,9644.2
14,9644.4
128,9645.3
