53,654.1
36,671.9
53,741.8
53,814.8
36,823.4
53,890.8
36,903.0
53,1273.5
36,1276.3
8,1286.5
56,1287.4
39,1299.2
53,1355.2
36,1359.1
53,1433.6
39,1439.0
56,1440.3
36,1441.0
8,1447.1
53,1512.4
36,1520.2
56,1524.5
8,1528.5
39,1533.9
53,1898.3
36,1900.4
8,1903.8
56,1905.5
39,1907.9
53,1979.7
36,1982.6
59,1985.6
56,1993.4
8,1994.1
39,1995.6
53,2058.0
36,2064.0
56,2070.4
8,2074.0
39,2078.2
53,2137.2
36,2144.3
56,2149.4
59,2150.4
8,2151.8
39,2173.0
53,2523.5
36,2525.3
8,2529.1
17,2529.5
56,2530.9
39,2533.1
59,2536.8
58,2542.4
53,2604.5
36,2607.5
56,2617.4
39,2617.9
8,2619.4
59,2621.0
53,2682.8
36,2689.0
56,2694.9
58,2697.5
8,2699.1
17,2700.2
39,2700.6
53,2761.8
59,2769.4
36,2769.5
56,2773.5
8,2776.5
39,2784.9
53,3142.1
17,3142.4
36,3143.4
58,3144.0
8,3144.4
39,3145.1
56,3145.2
59,3146.5
41,3155.9
33,3156.8
2,3170.5
53,3220.8
17,3222.8
36,3223.2
39,3223.8
58,3223.8
8,3224.6
56,3224.8
59,3225.9
53,3300.0
17,3303.1
36,3303.7
58,3303.8
39,3304.0
8,3304.1
56,3304.6
59,3306.6
2,3321.2
53,3340.2
53,3382.6
17,3382.8
36,3383.4
58,3383.5
8,3383.7
39,3384.0
56,3384.4
59,3386.4
41,3397.3
17,3766.9
36,3768.4
53,3769.1
8,3769.4
56,3770.1
39,3770.1
59,3770.4
58,3773.5
41,3781.2
33,3782.5
2,3798.8
17,3846.9
36,3848.2
53,3848.5
39,3848.7
59,3849.1
8,3849.5
56,3849.9
58,3855.5
17,3927.2
53,3927.6
36,3928.6
39,3928.9
8,3929.3
56,3929.5
59,3929.6
58,3935.5
41,3947.4
2,3948.0
17,4006.9
53,4007.3
36,4008.4
39,4008.8
8,4008.9
56,4009.3
59,4009.5
58,4015.1
53,4393.0
36,4393.4
17,4393.7
8,4394.9
39,4395.1
56,4397.7
58,4398.8
59,4400.4
41,4406.7
2,4406.8
53,4471.9
36,4473.3
39,4474.0
17,4475.0
8,4475.3
56,4478.7
58,4480.8
59,4481.6
2,4487.9
53,4551.0
36,4553.6
39,4554.0
8,4554.6
17,4555.4
56,4558.4
58,4561.2
59,4562.8
2,4567.5
41,4578.1
53,4630.6
36,4633.4
39,4633.8
8,4634.2
17,4634.8
56,4638.1
58,4640.6
59,4642.6
2,4647.4
53,5017.8
8,5020.0
17,5020.4
36,5022.9
56,5023.1
59,5025.6
39,5026.3
58,5027.5
2,5032.7
41,5046.3
53,5096.9
8,5100.2
17,5101.2
56,5102.9
36,5103.2
59,5104.6
39,5106.1
58,5111.0
2,5113.8
53,5175.9
8,5179.3
17,5182.4
56,5183.1
36,5184.8
59,5186.9
39,5188.3
58,5192.4
2,5193.7
53,5255.5
8,5258.9
17,5262.3
56,5262.8
36,5264.9
59,5267.3
39,5268.5
58,5272.7
2,5273.7
28,5283.0
53,5643.0
8,5645.0
39,5651.6
36,5653.0
28,5653.4
56,5654.5
17,5658.9
2,5659.5
59,5664.2
53,5722.2
8,5725.0
39,5731.8
56,5738.2
36,5738.7
2,5741.1
28,5745.2
53,5801.6
8,5804.0
39,5812.9
56,5817.9
28,5819.3
2,5821.5
36,5825.0
59,5838.8
53,5881.4
8,5883.7
39,5892.4
28,5897.2
56,5897.4
2,5899.0
36,5908.1
53,6268.0
8,6268.2
2,6277.8
28,6278.5
56,6279.0
51,6283.4
17,6286.3
8,6347.5
53,6347.6
2,6357.3
56,6363.7
28,6368.3
8,6426.8
53,6427.4
2,6436.4
28,6444.3
56,6445.1
6,6455.9
8,6506.5
53,6507.0
2,6516.0
10,6518.6
28,6521.4
56,6524.9
26,6537.8
6,6539.1
53,6892.6
8,6893.1
51,6898.5
2,6902.7
26,6903.2
28,6904.1
6,6906.7
5,6919.4
53,6971.7
8,6972.1
2,6981.6
51,6983.6
26,6988.8
27,6991.8
28,6994.5
6,7000.7
8,7051.3
53,7051.9
2,7060.3
51,7063.5
26,7065.5
28,7068.3
5,7070.1
6,7072.6
27,7082.2
8,7130.9
53,7131.6
2,7139.6
51,7142.5
26,7144.1
28,7146.1
6,7148.9
5,7156.6
10,7159.6
27,7160.0
53,7520.7
8,7521.5
51,7522.9
26,7527.5
28,7528.0
2,7528.0
6,7531.6
14,7535.9
53,7601.5
8,7602.3
2,7608.3
51,7610.8
26,7620.5
8,7681.5
53,7681.5
2,7687.5
28,7689.4
51,7692.3
6,7694.0
26,7696.0
8,7760.7
53,7761.2
2,7767.0
51,7769.8
26,7773.1
6,7775.2
28,7777.2
27,7791.8
10,7800.3
8,8148.2
53,8150.4
51,8150.9
28,8152.2
26,8152.6
14,8152.9
6,8164.8
8,8230.8
53,8236.2
8,8310.4
53,8315.7
28,8315.7
26,8319.4
14,8323.7
51,8339.7
8,8389.3
53,8393.9
28,8403.3
26,8405.7
6,8408.9
53,8772.6
8,8773.9
28,8776.4
51,8778.1
14,8779.7
26,8783.4
58,8795.5
6,8802.7
53,8852.9
8,8855.9
28,8867.2
14,8873.6
53,8932.4
8,8935.7
28,8946.4
51,8949.0
58,8972.0
53,9011.2
8,9014.9
14,9018.4
28,9024.3
6,9034.4
51,9036.5
2,9041.0
14,9397.1
8,9398.3
28,9402.4
51,9402.8
54,9404.0
27,9405.1
26,9405.5
53,9410.7
6,9412.3
12,9413.7
10,9416.1
49,9419.8
58,9426.3
7,9428.1
14,9476.8
8,9480.7
27,9498.1
14,9557.9
8,9561.0
12,9564.9
28,9567.5
53,9569.3
51,9572.6
27,9575.3
14,9637.0
8,9640.0
58,9644.5
10,9646.5
27,9651.0
6,9651.5
53,9653.7
12,9653.8
28,9654.2
51,9668.5
2,9675.0
