7,890.9
7,1363.6
7,1514.5
7,2059.6
7,2141.8
7,2612.0
7,2765.8
7,3147.7
3,3149.0
6,3150.3
2,3150.4
0,3154.9
4,3155.4
7,3225.1
0,3235.1
6,3252.9
2,3253.2
7,3302.7
2,3310.9
0,3311.8
4,3312.7
7,3382.2
7,3772.1
3,3772.7
0,3781.3
4,3781.3
7,3849.8
3,3854.9
6,3854.9
2,3857.5
7,3927.9
3,3930.3
2,3935.1
1,3936.0
4,3936.1
0,3938.8
6,3946.3
7,4008.3
3,4009.9
7,4396.9
3,4397.7
0,4404.1
4,4405.3
7,4474.3
3,4478.7
0,4482.8
2,4517.9
7,4552.2
3,4554.8
4,4566.1
6,4598.8
1,4598.9
7,4632.9
3,4633.7
2,4635.1
0,4683.8
7,5026.5
0,5027.7
4,5028.3
6,5043.3
7,5102.7
0,5106.6
4,5106.9
7,5180.0
3,5180.7
6,5182.5
2,5182.9
0,5187.0
1,5187.5
4,5188.3
7,5258.6
3,5260.0
0,5267.9
1,5271.3
7,5652.6
2,5655.8
0,5658.5
4,5659.4
1,5664.7
0,5732.7
7,5752.1
3,5753.5
7,5803.7
2,5808.9
1,5826.0
0,5828.1
4,5828.8
7,5886.3
6,5888.6
3,5888.7
2,5889.0
4,5900.2
0,5901.6
7,6275.3
6,6278.4
0,6284.8
4,6288.4
1,6290.3
7,6349.1
3,6351.6
4,6371.4
0,6372.1
7,6419.5
3,6434.6
7,6435.5
2,6450.3
7,6508.4
3,6511.2
0,6523.4
4,6524.5
7,6573.3
1,6915.6
4,6915.8
0,6915.8
5,6918.1
7,6929.4
3,6929.5
6,6930.5
7,6979.2
3,6981.3
1,7001.6
7,7056.2
4,7080.2
0,7080.7
1,7085.0
7,7135.9
3,7137.6
6,7145.9
7,7529.8
2,7534.6
0,7539.1
4,7541.1
1,7544.2
7,7601.8
0,7620.7
4,7621.8
7,7683.2
6,7683.5
3,7684.2
2,7687.0
1,7687.3
7,7762.4
0,7777.0
6,8155.1
2,8162.3
7,8174.5
1,8180.8
0,8229.9
4,8232.8
1,8238.8
7,8287.4
6,8312.9
2,8315.2
4,8330.4
0,8331.2
1,8392.3
2,8393.9
7,8428.5
6,8779.2
1,8780.5
2,8786.0
0,8788.6
4,8789.1
7,8802.0
0,8868.3
4,8868.4
7,8907.3
1,8934.6
6,8935.5
2,8937.0
4,8938.8
0,8939.1
2,9019.8
1,9021.0
0,9036.0
1,9410.4
2,9410.8
4,9413.4
0,9413.7
0,9486.1
2,9490.0
1,9491.2
7,9510.7
3,9511.6
6,9512.0
4,9560.7
0,9563.2
2,9573.2
7,9641.5
0,9644.2
2,9644.6
1,9645.1
4,9645.1
6,9670.1
