19,98.2
272,98.7
216,98.8
280,99.1
21,99.7
366,99.7
29,100.1
276,101.6
323,101.7
324,102.5
270,102.9
159,102.9
259,103.2
268,103.9
364,104.2
305,104.7
250,105.2
124,105.2
356,105.4
260,105.7
6,106.2
314,106.4
38,107.0
219,107.4
310,111.0
19,177.4
216,177.9
272,178.0
280,178.4
21,178.8
366,178.9
29,179.2
276,180.8
323,180.9
324,181.7
270,182.1
159,182.2
259,182.5
268,183.1
364,183.4
305,183.9
250,184.3
124,184.4
356,184.6
260,184.9
6,185.3
314,185.6
236,185.9
38,186.0
227,186.2
219,186.5
77,186.6
74,187.0
107,187.5
80,187.7
254,187.8
234,188.4
255,189.1
310,189.8
19,257.4
272,257.9
216,257.9
280,258.3
366,258.7
21,258.8
29,259.0
276,260.5
323,260.6
324,261.4
270,262.0
159,262.2
259,262.5
268,263.0
364,263.1
305,263.9
124,264.1
250,264.2
356,264.5
260,264.8
6,265.2
314,265.5
38,265.9
219,266.5
310,270.3
19,642.8
272,643.3
216,643.4
280,643.6
21,644.2
366,644.2
29,644.5
276,645.9
323,646.1
324,646.7
159,647.2
270,647.3
259,647.4
364,648.1
268,648.1
305,648.5
260,648.8
250,648.9
356,649.1
124,649.3
6,649.7
314,649.8
38,650.1
219,650.7
310,652.7
236,653.2
77,653.5
227,654.0
80,654.7
74,654.7
107,654.9
254,656.2
234,656.9
19,722.1
272,722.6
216,722.7
280,723.1
366,723.5
21,723.5
29,723.8
276,725.3
323,725.4
324,726.1
159,726.5
270,726.6
259,726.8
268,727.5
364,727.6
305,728.0
250,728.3
260,728.4
356,728.5
124,728.6
6,729.1
314,729.2
38,729.4
219,730.2
111,730.3
255,730.8
68,731.3
321,731.5
58,731.9
333,732.3
162,732.3
310,732.3
298,732.5
118,732.7
236,733.1
357,733.2
77,733.4
120,733.4
231,733.8
227,733.9
172,734.6
170,734.8
7,734.9
74,735.4
107,735.4
327,735.4
84,735.6
254,735.8
80,736.0
19,802.2
272,802.6
216,802.8
280,803.0
366,803.4
21,803.5
29,803.7
323,805.2
276,805.2
324,806.0
270,806.5
159,806.6
259,806.9
364,807.4
268,807.4
305,808.1
250,808.4
124,808.4
260,808.5
356,808.6
6,809.2
314,809.4
38,809.5
219,810.4
234,810.9
310,812.5
236,813.8
77,814.5
19,882.2
272,882.7
216,882.8
280,883.0
366,883.5
21,883.5
29,883.8
276,885.2
323,885.3
324,886.0
270,886.6
159,886.7
259,887.0
364,887.5
268,887.5
305,888.2
250,888.5
124,888.5
356,888.7
260,888.7
6,889.3
227,889.4
314,889.5
38,889.6
219,890.5
107,890.5
74,890.7
111,891.0
254,891.2
80,891.4
255,891.6
58,892.4
321,892.8
68,892.9
310,892.9
298,893.0
333,893.4
236,894.1
162,894.1
357,894.3
118,894.5
77,895.9
7,896.4
19,1267.7
272,1268.1
216,1268.3
280,1268.4
366,1269.0
21,1269.0
29,1269.3
276,1270.6
323,1270.8
324,1271.4
159,1271.9
270,1272.0
259,1272.1
268,1272.7
364,1272.7
305,1273.1
260,1273.1
250,1273.5
356,1273.6
124,1273.8
6,1274.1
314,1274.2
38,1274.5
219,1275.1
227,1276.7
310,1276.8
236,1276.8
77,1277.2
74,1277.4
107,1277.7
80,1278.0
111,1278.4
254,1278.6
255,1278.7
234,1278.7
68,1280.1
321,1280.5
58,1281.9
298,1282.8
19,1347.1
272,1347.5
216,1347.6
280,1347.9
21,1348.4
366,1348.4
29,1348.6
276,1350.1
323,1350.2
324,1350.9
159,1351.4
270,1351.4
259,1351.6
268,1352.3
364,1352.3
305,1352.7
260,1352.9
250,1352.9
356,1353.1
124,1353.2
6,1353.6
314,1353.8
38,1353.9
219,1354.7
333,1355.8
236,1356.6
120,1356.6
381,1356.7
310,1356.7
227,1356.7
231,1356.8
118,1356.8
357,1356.8
162,1357.1
77,1357.2
327,1357.5
7,1357.6
172,1357.7
170,1357.7
74,1357.8
84,1358.1
107,1358.1
80,1358.4
208,1358.5
254,1358.5
234,1359.1
137,1359.5
255,1359.6
19,1427.1
272,1427.5
216,1427.7
280,1427.9
366,1428.3
21,1428.4
29,1428.6
276,1430.0
323,1430.0
324,1430.8
270,1431.3
159,1431.5
259,1431.7
364,1432.1
268,1432.2
305,1432.8
250,1433.0
260,1433.0
124,1433.1
356,1433.2
6,1433.7
314,1433.9
38,1434.0
219,1434.9
111,1435.7
321,1436.1
298,1436.7
310,1436.8
58,1436.8
236,1437.1
68,1437.3
227,1437.3
77,1437.9
107,1438.7
254,1439.0
74,1439.2
80,1439.4
234,1440.0
19,1507.1
272,1507.6
216,1507.8
280,1507.9
366,1508.4
21,1508.5
29,1508.7
276,1510.1
323,1510.1
324,1510.9
270,1511.4
159,1511.6
259,1511.8
364,1512.2
268,1512.3
305,1513.0
250,1513.1
124,1513.2
260,1513.2
356,1513.4
6,1513.9
314,1514.1
38,1514.2
219,1515.1
255,1516.6
333,1516.6
310,1517.3
357,1517.5
236,1517.6
227,1518.2
381,1518.3
7,1518.3
118,1518.5
77,1518.5
327,1518.9
231,1519.0
162,1519.1
84,1519.4
107,1519.8
254,1519.8
208,1519.8
80,1520.4
172,1521.4
19,1892.6
272,1893.0
216,1893.2
280,1893.4
21,1893.9
366,1894.0
29,1894.2
276,1895.4
323,1895.7
324,1896.2
159,1896.7
259,1896.9
270,1896.9
364,1897.5
268,1897.6
260,1897.8
305,1897.9
250,1898.2
356,1898.3
124,1898.6
6,1898.8
314,1898.9
38,1899.2
219,1899.9
227,1901.1
236,1901.2
310,1901.5
77,1901.6
74,1901.7
111,1902.1
107,1902.1
80,1902.4
255,1902.8
234,1903.0
254,1903.1
68,1903.3
321,1903.5
58,1904.3
162,1904.4
118,1904.5
120,1904.6
333,1904.7
298,1905.2
357,1905.9
172,1906.3
231,1907.7
19,1972.0
272,1972.5
216,1972.6
280,1972.9
21,1973.3
366,1973.3
29,1973.6
276,1975.0
323,1975.1
324,1975.8
159,1976.2
270,1976.3
259,1976.4
364,1977.1
268,1977.2
305,1977.5
250,1977.7
260,1977.7
356,1977.9
124,1978.1
6,1978.4
314,1978.5
38,1978.6
219,1979.5
381,1980.9
227,1981.1
236,1981.2
310,1981.3
7,1981.6
77,1981.7
170,1981.8
74,1982.1
327,1982.2
84,1982.3
107,1982.4
137,1982.6
208,1982.6
80,1982.8
254,1982.9
234,1983.3
111,1983.4
255,1983.4
92,1983.6
321,1985.1
19,2052.0
272,2052.5
216,2052.7
280,2052.8
366,2053.3
21,2053.3
29,2053.5
276,2054.9
323,2054.9
324,2055.6
270,2056.2
159,2056.4
259,2056.5
268,2057.0
364,2057.0
305,2057.7
260,2057.8
250,2057.8
124,2057.9
356,2058.1
6,2058.5
38,2058.7
314,2058.7
219,2059.7
333,2060.9
58,2061.0
298,2061.4
68,2061.5
310,2061.5
236,2061.6
357,2061.6
227,2061.7
118,2062.3
77,2062.3
162,2062.5
120,2062.5
107,2062.9
74,2063.0
231,2063.2
254,2063.3
80,2063.5
172,2063.5
234,2063.8
255,2064.6
111,2065.5
19,2132.1
272,2132.5
216,2132.7
280,2132.9
366,2133.3
21,2133.4
29,2133.6
276,2135.0
323,2135.0
324,2135.8
270,2136.4
159,2136.5
259,2136.6
364,2137.1
268,2137.2
305,2137.8
260,2138.0
250,2138.0
124,2138.1
356,2138.2
6,2138.7
314,2138.9
38,2138.9
219,2139.9
321,2141.1
310,2141.9
236,2142.1
227,2142.3
381,2142.3
7,2142.3
84,2143.2
77,2143.2
327,2143.3
208,2143.7
107,2143.9
254,2144.5
170,2144.6
80,2144.6
234,2145.0
19,2517.6
272,2518.0
216,2518.2
280,2518.3
21,2518.8
366,2518.9
29,2519.2
276,2520.3
323,2520.6
324,2521.1
159,2521.7
259,2521.8
270,2521.8
364,2522.4
268,2522.5
260,2522.6
305,2522.8
250,2523.1
356,2523.2
124,2523.5
6,2523.7
314,2523.8
38,2524.1
219,2524.7
227,2525.8
236,2525.9
74,2526.2
310,2526.3
77,2526.3
107,2526.9
111,2526.9
80,2527.2
255,2527.5
68,2527.6
234,2527.7
254,2527.7
321,2528.0
58,2528.6
118,2528.6
162,2528.6
333,2528.8
120,2528.8
298,2529.4
357,2529.9
172,2530.3
231,2530.5
19,2597.0
272,2597.4
216,2597.6
280,2597.8
21,2598.3
366,2598.3
29,2598.5
276,2600.0
323,2600.1
324,2600.8
159,2601.2
270,2601.3
259,2601.3
364,2602.0
268,2602.1
305,2602.4
260,2602.5
250,2602.7
356,2602.8
124,2603.0
6,2603.3
314,2603.4
38,2603.5
219,2604.4
381,2605.6
227,2605.8
236,2606.0
310,2606.2
7,2606.2
77,2606.5
170,2606.5
74,2606.7
327,2606.8
84,2607.2
107,2607.2
137,2607.2
92,2607.5
80,2607.5
208,2607.6
254,2607.7
255,2608.1
234,2608.1
111,2608.2
365,2608.6
225,2608.7
321,2609.1
58,2610.0
126,2610.0
68,2610.2
298,2610.6
19,2677.0
272,2677.5
216,2677.6
280,2677.8
366,2678.2
21,2678.3
29,2678.5
276,2679.8
323,2679.9
324,2680.6
270,2681.2
159,2681.3
259,2681.4
364,2681.9
268,2682.0
305,2682.6
260,2682.7
250,2682.8
124,2682.9
356,2683.0
6,2683.4
38,2683.6
314,2683.6
219,2684.6
333,2685.6
357,2686.3
236,2686.3
310,2686.4
227,2686.4
77,2687.0
118,2687.0
120,2687.1
162,2687.5
74,2687.5
231,2687.7
107,2687.7
172,2688.0
254,2688.2
80,2688.3
234,2688.5
255,2689.3
19,2757.1
272,2757.5
216,2757.7
280,2757.8
366,2758.3
21,2758.4
29,2758.6
276,2759.9
323,2760.0
324,2760.7
270,2761.3
159,2761.4
259,2761.6
364,2762.0
268,2762.1
305,2762.7
260,2762.9
250,2762.9
124,2763.0
356,2763.1
6,2763.6
314,2763.8
38,2763.8
219,2764.7
111,2765.6
321,2766.0
58,2766.2
298,2766.3
381,2766.7
310,2766.7
236,2766.8
227,2766.9
7,2767.0
68,2767.0
77,2767.6
327,2767.7
84,2767.8
107,2768.3
208,2768.4
170,2768.4
254,2768.6
74,2768.7
80,2769.3
234,2769.4
255,2770.3
19,3142.6
272,3142.9
216,3143.2
280,3143.3
21,3143.8
366,3143.9
29,3144.1
276,3145.3
323,3145.5
324,3146.1
159,3146.6
259,3146.8
270,3146.8
364,3147.3
268,3147.5
260,3147.5
305,3147.7
250,3148.0
356,3148.2
124,3148.5
6,3148.6
314,3148.7
38,3149.0
219,3149.6
227,3150.7
236,3150.8
77,3151.1
310,3151.2
74,3151.2
111,3151.6
107,3151.7
80,3152.0
255,3152.5
68,3152.5
254,3152.6
321,3152.6
234,3152.6
162,3153.2
118,3153.2
333,3153.3
58,3153.4
120,3153.4
298,3154.2
357,3154.6
172,3154.8
231,3154.8
170,3156.5
327,3156.9
84,3157.6
19,3222.0
272,3222.4
216,3222.6
280,3222.8
366,3223.2
21,3223.2
29,3223.5
323,3225.0
276,3225.0
324,3225.8
159,3226.2
270,3226.3
259,3226.3
364,3227.0
268,3227.1
305,3227.4
260,3227.5
250,3227.6
356,3227.8
124,3228.0
6,3228.2
314,3228.3
38,3228.4
219,3229.3
381,3230.3
236,3230.8
227,3230.8
7,3231.0
310,3231.1
77,3231.4
74,3231.8
107,3232.0
137,3232.2
208,3232.4
92,3232.5
254,3232.5
80,3232.6
234,3232.9
255,3233.0
111,3233.0
365,3233.2
321,3233.8
225,3233.8
91,3233.8
58,3234.8
301,3235.0
298,3235.3
333,3235.8
68,3235.9
118,3236.1
19,3302.0
272,3302.4
216,3302.6
280,3302.7
21,3303.3
366,3303.3
29,3303.6
276,3305.0
323,3305.2
324,3305.9
159,3306.3
270,3306.4
259,3306.4
364,3307.1
268,3307.2
305,3307.5
260,3307.6
250,3307.8
356,3307.9
124,3308.2
6,3308.4
314,3308.5
38,3308.6
219,3309.5
357,3311.1
236,3311.2
227,3311.3
310,3311.6
77,3311.9
120,3312.0
162,3312.2
327,3312.3
74,3312.5
107,3312.5
231,3312.6
84,3312.6
170,3312.6
172,3313.0
80,3313.1
254,3313.2
234,3313.4
255,3314.5
111,3314.8
19,3382.1
272,3382.5
216,3382.7
280,3382.8
21,3383.3
366,3383.3
29,3383.6
276,3384.9
323,3385.0
324,3385.7
270,3386.3
159,3386.4
259,3386.5
364,3387.0
268,3387.1
305,3387.7
260,3387.8
250,3387.8
124,3388.0
356,3388.0
6,3388.5
38,3388.8
314,3388.8
219,3389.7
321,3390.8
333,3390.9
298,3391.1
58,3391.1
381,3391.4
310,3391.6
236,3391.7
7,3391.7
227,3391.7
68,3392.0
77,3392.4
118,3392.5
208,3393.1
107,3393.1
254,3393.4
74,3393.6
80,3394.0
234,3394.1
255,3395.3
19,3767.6
272,3767.9
216,3768.1
21,3768.8
7,3768.9
366,3768.9
29,3769.1
58,3769.4
344,3770.4
254,3770.4
323,3770.5
159,3771.6
8,3771.6
270,3771.7
259,3771.8
280,3772.0
48,3772.0
260,3772.5
297,3772.7
305,3772.7
250,3773.0
356,3773.2
20,3773.3
124,3773.5
6,3773.6
314,3773.7
219,3774.5
236,3775.5
227,3775.5
77,3776.0
310,3776.1
111,3776.5
107,3776.9
80,3776.9
234,3777.3
276,3777.3
68,3777.4
255,3777.7
118,3778.2
333,3778.2
162,3778.5
120,3778.6
231,3779.2
298,3779.2
357,3779.2
345,3779.4
172,3779.6
327,3781.0
84,3782.1
19,3847.0
272,3847.5
216,3847.6
21,3848.2
366,3848.3
7,3848.3
29,3848.5
58,3848.9
344,3850.0
254,3850.0
323,3850.0
159,3851.1
270,3851.2
8,3851.3
259,3851.3
48,3851.7
280,3851.8
260,3852.4
305,3852.4
297,3852.5
250,3852.6
356,3852.8
124,3852.9
20,3853.0
6,3853.2
314,3853.3
219,3854.3
236,3855.5
227,3855.5
310,3856.1
77,3856.2
300,3856.8
107,3857.2
80,3857.2
208,3857.4
234,3857.6
111,3858.0
365,3858.1
225,3858.1
126,3858.2
276,3858.6
255,3858.8
333,3859.9
118,3860.6
68,3860.7
298,3860.9
172,3862.8
19,3927.0
272,3927.4
216,3927.6
366,3928.3
21,3928.3
7,3928.4
29,3928.5
58,3929.0
344,3930.1
254,3930.1
323,3930.1
159,3931.3
259,3931.3
270,3931.4
8,3931.5
280,3931.8
48,3932.0
305,3932.5
260,3932.6
250,3932.7
297,3932.8
356,3932.9
124,3933.1
20,3933.4
6,3933.4
314,3933.5
219,3934.5
345,3935.8
236,3935.9
357,3936.0
227,3936.0
310,3936.5
231,3936.7
77,3936.8
120,3936.9
327,3936.9
162,3937.5
84,3937.5
107,3937.7
80,3937.8
234,3938.1
276,3940.1
19,4007.0
272,4007.5
216,4007.7
366,4008.3
21,4008.3
7,4008.5
29,4008.5
58,4009.1
323,4009.9
254,4010.1
344,4010.3
270,4011.2
159,4011.4
259,4011.5
8,4011.8
280,4012.0
48,4012.2
305,4012.7
260,4012.7
250,4012.8
124,4012.9
356,4013.0
297,4013.1
6,4013.6
314,4013.7
20,4013.8
219,4014.7
111,4015.5
333,4015.8
236,4016.3
255,4016.4
298,4016.5
227,4016.5
310,4016.5
68,4016.8
77,4017.3
118,4017.5
208,4018.1
107,4018.2
80,4018.2
172,4018.5
234,4018.5
216,4393.1
159,4393.6
8,4393.7
21,4393.8
7,4393.9
19,4394.0
29,4394.1
58,4394.4
254,4395.4
323,4395.5
111,4395.5
344,4395.6
270,4396.7
259,4396.8
48,4397.4
260,4397.4
341,4397.4
205,4397.5
305,4397.6
272,4398.0
250,4398.0
356,4398.1
297,4398.2
17,4398.3
124,4398.4
6,4398.6
203,4398.6
314,4398.6
20,4398.9
60,4399.0
366,4399.1
219,4399.5
245,4400.0
236,4400.2
273,4400.4
296,4400.4
293,4400.9
249,4401.3
193,4401.7
80,4401.9
107,4401.9
276,4402.0
234,4402.1
68,4402.4
255,4402.4
162,4402.9
333,4403.2
118,4403.2
357,4404.1
298,4404.3
327,4405.5
84,4406.9
216,4472.5
159,4472.8
8,4473.1
21,4473.2
7,4473.4
29,4473.4
19,4473.5
58,4474.0
111,4474.9
323,4474.9
254,4475.0
344,4475.2
270,4476.2
259,4476.2
341,4476.3
205,4476.4
260,4477.3
17,4477.3
48,4477.3
203,4477.3
305,4477.3
250,4477.6
60,4477.7
272,4477.7
356,4477.8
124,4477.9
314,4478.2
297,4478.2
6,4478.3
366,4478.6
245,4478.7
20,4478.9
219,4479.2
273,4479.3
296,4479.4
293,4480.0
236,4480.1
249,4480.1
193,4480.6
345,4481.7
365,4481.9
80,4481.9
225,4482.0
234,4482.1
276,4482.3
208,4482.4
107,4482.5
126,4483.0
300,4483.8
333,4484.6
177,4485.7
216,4552.6
159,4552.9
8,4553.2
21,4553.3
7,4553.5
29,4553.5
19,4553.6
58,4554.1
111,4555.0
254,4555.1
323,4555.1
344,4555.4
270,4556.4
259,4556.4
341,4556.5
205,4556.6
305,4557.5
48,4557.5
260,4557.5
203,4557.6
17,4557.6
250,4557.7
356,4557.9
60,4558.0
124,4558.0
272,4558.0
297,4558.4
314,4558.4
6,4558.5
366,4558.9
245,4559.1
20,4559.3
219,4559.4
273,4559.7
296,4559.9
293,4560.4
236,4560.5
249,4560.6
68,4560.7
357,4561.0
118,4561.2
255,4561.2
193,4561.4
298,4561.7
162,4561.7
327,4561.8
84,4562.4
80,4562.5
234,4562.6
107,4563.3
276,4563.6
216,4632.6
159,4633.0
21,4633.3
8,4633.3
29,4633.4
7,4633.6
19,4633.6
58,4634.2
323,4634.9
111,4635.1
254,4635.2
344,4635.5
270,4636.2
259,4636.5
341,4636.7
205,4636.8
305,4637.6
260,4637.7
17,4637.8
203,4637.8
48,4637.8
124,4637.8
250,4637.9
356,4638.0
272,4638.2
60,4638.2
6,4638.6
366,4638.7
314,4638.7
297,4638.7
245,4639.4
273,4639.6
20,4639.6
219,4639.7
296,4640.3
333,4640.5
236,4640.8
293,4640.8
249,4641.1
193,4642.1
234,4642.9
80,4643.1
208,4643.1
345,4643.6
225,4644.0
276,4644.5
341,5017.5
216,5018.1
6,5018.5
203,5018.6
159,5018.6
250,5018.7
21,5018.8
8,5018.9
7,5019.0
58,5019.4
345,5020.0
5,5020.1
161,5020.3
254,5020.4
344,5020.7
350,5021.5
270,5021.7
259,5021.7
145,5022.1
10,5022.6
305,5022.6
48,5022.6
272,5022.9
205,5023.1
356,5023.1
19,5023.3
124,5023.3
314,5023.5
297,5023.6
366,5024.0
60,5024.4
361,5024.4
20,5024.4
219,5024.5
248,5024.7
247,5024.9
236,5025.0
245,5025.6
273,5025.9
296,5026.1
306,5026.1
148,5026.2
293,5026.5
107,5026.7
339,5026.7
80,5026.8
255,5027.0
249,5027.3
29,5027.8
97,5027.9
162,5027.9
118,5028.0
365,5028.2
333,5028.2
193,5028.3
298,5028.9
357,5029.1
327,5030.4
84,5031.1
341,5096.8
216,5097.5
6,5097.9
159,5097.9
250,5098.1
203,5098.1
21,5098.2
8,5098.3
7,5098.5
58,5099.0
345,5099.6
5,5099.7
161,5100.0
254,5100.0
344,5100.3
270,5101.1
259,5101.2
145,5101.3
350,5101.4
205,5101.7
305,5102.3
48,5102.5
272,5102.6
10,5102.6
124,5102.8
356,5102.8
19,5102.9
60,5103.0
314,5103.1
297,5103.5
366,5103.5
219,5104.2
361,5104.3
245,5104.3
20,5104.4
273,5104.7
236,5104.9
296,5105.1
247,5105.4
293,5105.6
339,5105.7
249,5106.1
225,5106.8
80,5106.9
323,5107.0
248,5107.2
107,5107.2
208,5107.3
126,5107.4
148,5107.5
193,5107.6
29,5108.0
306,5108.2
255,5109.1
118,5109.2
333,5109.9
177,5110.5
341,5176.9
216,5177.5
159,5178.0
6,5178.0
203,5178.2
250,5178.2
21,5178.2
8,5178.4
7,5178.5
58,5179.1
345,5179.8
5,5179.8
254,5180.1
161,5180.1
344,5180.5
259,5181.3
270,5181.3
145,5181.7
350,5181.7
205,5182.0
305,5182.5
48,5182.8
272,5182.8
356,5182.9
10,5183.0
124,5183.0
19,5183.1
60,5183.3
314,5183.3
297,5183.7
366,5183.7
219,5184.4
245,5184.7
20,5184.7
361,5184.8
273,5185.0
236,5185.1
97,5185.2
365,5185.5
296,5185.6
357,5186.0
293,5186.1
247,5186.2
327,5186.4
339,5186.4
298,5186.5
249,5186.7
162,5186.8
84,5186.9
80,5187.4
107,5188.4
29,5188.4
193,5189.3
341,5257.0
216,5257.6
6,5258.0
159,5258.1
250,5258.2
21,5258.3
203,5258.4
8,5258.5
7,5258.6
58,5259.2
345,5259.9
5,5260.0
254,5260.2
161,5260.3
344,5260.6
270,5261.2
259,5261.5
145,5262.0
350,5262.0
205,5262.1
305,5262.6
124,5262.8
356,5263.0
272,5263.0
48,5263.0
19,5263.2
60,5263.4
10,5263.4
366,5263.5
314,5263.5
297,5264.1
219,5264.6
248,5264.7
361,5264.8
245,5264.9
273,5265.0
20,5265.1
148,5265.3
236,5265.4
306,5265.4
333,5265.5
296,5266.0
293,5266.5
118,5266.5
255,5266.6
249,5267.2
339,5267.3
247,5267.3
80,5268.0
323,5268.0
225,5268.1
208,5268.4
29,5269.2
21,5641.2
161,5642.2
58,5642.3
341,5642.6
216,5643.1
159,5643.3
60,5643.3
6,5643.5
250,5643.7
305,5643.7
203,5643.8
48,5643.9
7,5644.0
8,5644.0
345,5645.3
254,5645.4
5,5645.4
344,5645.8
17,5646.0
350,5647.2
356,5648.1
308,5648.1
299,5648.2
19,5648.3
205,5648.4
145,5648.5
100,5648.6
10,5648.6
146,5648.7
297,5648.8
366,5648.9
124,5649.1
15,5649.3
12,5649.7
361,5650.2
245,5650.9
147,5651.2
273,5651.2
296,5651.5
247,5651.6
107,5651.6
293,5652.0
11,5652.3
29,5652.8
148,5653.0
249,5653.0
118,5653.1
306,5653.5
248,5653.6
253,5653.6
339,5653.8
298,5653.9
365,5654.2
193,5654.3
327,5655.4
84,5656.2
270,5656.5
21,5720.5
161,5721.6
58,5721.8
341,5721.9
216,5722.5
60,5722.6
159,5722.6
6,5722.9
305,5723.1
250,5723.1
203,5723.2
8,5723.4
48,5723.5
7,5723.5
345,5724.9
254,5725.0
5,5725.0
17,5725.3
344,5725.4
205,5726.9
350,5727.0
145,5727.1
146,5727.3
308,5727.3
356,5727.7
19,5727.9
366,5728.4
299,5728.5
124,5728.7
10,5728.7
297,5728.8
15,5729.5
100,5729.6
245,5729.7
273,5729.8
361,5730.2
314,5730.6
12,5730.6
296,5730.7
293,5731.2
74,5731.3
257,5731.4
323,5731.5
225,5731.7
249,5732.0
126,5732.1
147,5732.3
208,5732.4
97,5733.0
29,5733.0
339,5733.3
247,5733.6
107,5733.8
21,5800.5
161,5801.7
58,5801.8
341,5802.0
216,5802.5
60,5802.7
159,5802.7
6,5803.0
305,5803.2
250,5803.2
203,5803.4
8,5803.5
48,5803.5
7,5803.6
345,5805.0
254,5805.1
5,5805.2
17,5805.5
344,5805.5
205,5807.2
350,5807.3
145,5807.4
146,5807.6
308,5807.6
356,5807.9
19,5808.0
366,5808.6
299,5808.9
124,5809.0
297,5809.0
10,5809.2
11,5809.9
15,5810.0
245,5810.0
365,5810.1
273,5810.2
118,5810.7
361,5810.7
148,5810.8
100,5810.8
306,5810.9
296,5811.2
327,5811.2
298,5811.6
293,5811.6
193,5811.6
84,5811.7
248,5811.7
12,5811.9
249,5812.6
270,5812.8
29,5813.5
147,5814.1
339,5814.7
21,5880.6
161,5881.8
58,5881.9
341,5882.1
216,5882.6
60,5882.8
159,5882.8
6,5883.1
305,5883.3
250,5883.3
203,5883.5
48,5883.6
7,5883.6
8,5883.6
345,5885.2
254,5885.2
5,5885.3
344,5885.6
17,5885.7
205,5887.3
350,5887.6
308,5887.6
145,5887.6
146,5887.8
356,5888.0
19,5888.2
366,5888.4
124,5888.7
297,5889.3
299,5889.4
10,5889.6
247,5890.1
273,5890.1
245,5890.2
107,5890.4
15,5890.5
361,5890.6
314,5891.4
296,5891.7
293,5892.0
323,5892.5
225,5892.8
249,5893.1
208,5893.3
100,5893.8
29,5893.9
126,5894.4
21,6266.2
161,6267.3
159,6268.3
60,6268.4
305,6268.7
203,6268.9
48,6268.9
8,6269.1
216,6270.1
58,6270.2
250,6271.1
17,6271.2
350,6272.6
356,6273.1
319,6273.1
6,6273.2
19,6273.2
205,6273.5
308,6273.7
366,6273.8
297,6273.9
341,6274.0
145,6274.1
124,6274.2
146,6274.4
299,6274.4
10,6274.4
177,6274.9
15,6275.3
361,6275.8
245,6276.1
273,6276.3
107,6276.4
100,6276.4
12,6276.5
7,6276.6
296,6276.7
293,6277.2
147,6277.3
29,6278.0
40,6278.0
249,6278.3
298,6278.6
193,6279.6
365,6279.8
339,6280.3
306,6280.7
84,6281.2
270,6281.2
323,6281.6
327,6281.8
21,6345.5
161,6346.7
159,6347.6
60,6347.7
305,6348.2
203,6348.4
48,6348.5
8,6348.5
216,6349.5
58,6349.9
17,6350.5
250,6350.7
205,6352.0
341,6352.2
350,6352.5
145,6352.5
308,6352.7
356,6352.7
19,6352.8
146,6352.8
319,6353.0
6,6353.0
366,6353.4
124,6353.8
297,6353.9
10,6354.5
299,6354.7
245,6354.8
177,6354.9
273,6355.1
314,6355.3
11,6355.4
15,6355.4
296,6355.7
361,6355.7
293,6356.2
248,6356.5
107,6356.6
74,6356.7
225,6357.1
249,6357.1
208,6357.3
126,6357.4
7,6357.4
345,6357.7
12,6358.0
257,6358.0
29,6358.0
147,6358.4
193,6359.3
100,6359.4
301,6359.8
339,6360.0
21,6425.6
161,6426.8
159,6427.7
60,6427.8
305,6428.2
203,6428.5
48,6428.6
8,6428.6
216,6429.6
58,6430.0
17,6430.7
250,6430.8
205,6432.2
341,6432.5
350,6432.7
356,6432.8
145,6432.8
19,6432.9
308,6433.0
6,6433.1
146,6433.2
319,6433.2
366,6433.6
124,6434.1
297,6434.1
40,6434.8
10,6434.9
245,6435.1
299,6435.2
365,6435.3
273,6435.3
177,6435.5
15,6435.9
361,6436.1
296,6436.3
298,6436.5
327,6436.5
306,6436.5
293,6436.6
84,6436.7
323,6437.4
107,6437.6
270,6437.7
249,6437.7
29,6438.4
7,6439.0
21,6505.6
161,6506.9
159,6507.8
60,6507.9
305,6508.3
203,6508.6
8,6508.7
48,6508.7
216,6509.6
58,6510.1
250,6510.9
17,6510.9
205,6512.3
341,6512.6
145,6512.9
350,6512.9
308,6513.0
356,6513.0
19,6513.1
146,6513.3
6,6513.3
366,6513.5
319,6513.7
124,6513.9
297,6514.3
12,6514.8
100,6515.0
245,6515.3
273,6515.3
10,6515.4
299,6515.9
361,6516.2
177,6516.2
147,6516.2
15,6516.5
339,6516.5
296,6516.7
293,6517.0
193,6517.3
11,6517.4
314,6517.4
208,6518.2
249,6518.4
107,6518.6
29,6519.1
225,6520.1
161,6892.4
21,6892.7
159,6893.3
60,6893.5
305,6893.7
319,6894.2
35,6894.6
58,6895.3
87,6896.0
223,6896.2
17,6896.3
356,6898.1
6,6898.3
383,6898.5
372,6898.7
323,6898.8
366,6898.8
308,6899.0
297,6899.0
341,6899.1
124,6899.2
145,6899.4
281,6899.8
146,6899.9
333,6900.1
299,6900.2
129,6900.2
8,6901.0
361,6901.1
133,6901.1
227,6901.1
245,6901.2
273,6901.4
7,6901.7
296,6901.8
216,6901.8
203,6901.9
293,6902.3
29,6902.8
147,6903.2
12,6903.2
298,6903.6
100,6904.9
193,6905.1
365,6905.2
270,6905.8
84,6906.2
339,6906.4
327,6906.6
161,6971.8
21,6972.1
159,6972.6
60,6972.8
305,6973.2
319,6973.7
35,6974.2
58,6974.9
17,6975.6
87,6975.8
223,6976.1
341,6977.3
356,6977.7
145,6977.7
6,6977.9
308,6978.0
146,6978.2
366,6978.4
323,6978.4
372,6978.5
383,6978.7
124,6978.8
297,6978.9
8,6979.4
281,6979.7
245,6979.8
129,6980.1
273,6980.1
203,6980.3
333,6980.4
40,6980.4
299,6980.6
296,6980.9
361,6981.0
293,6981.3
306,6981.3
11,6981.4
250,6981.5
216,6981.6
227,6981.9
345,6982.2
225,6982.4
248,6982.5
7,6982.5
133,6982.7
74,6982.9
29,6983.0
147,6984.5
193,6984.8
298,6985.1
339,6987.6
161,7051.9
21,7052.2
159,7052.7
60,7052.9
305,7053.3
319,7053.8
35,7054.4
58,7055.0
17,7055.8
87,7056.2
223,7056.6
341,7057.5
145,7057.9
356,7057.9
6,7058.1
308,7058.2
146,7058.4
323,7058.7
366,7058.7
372,7058.9
297,7059.2
124,7059.2
383,7059.3
8,7059.7
12,7060.0
281,7060.2
245,7060.2
100,7060.4
273,7060.5
129,7060.5
203,7060.7
333,7061.1
299,7061.1
365,7061.2
296,7061.4
361,7061.5
293,7061.7
327,7061.8
216,7062.1
84,7062.2
7,7063.4
29,7063.4
227,7063.4
270,7064.0
193,7066.2
161,7131.9
21,7132.2
159,7132.8
60,7133.0
305,7133.3
319,7133.9
35,7134.7
58,7135.1
17,7135.9
87,7136.5
223,7136.9
341,7137.6
356,7138.0
145,7138.1
308,7138.2
6,7138.3
366,7138.5
323,7138.5
146,7138.7
372,7138.8
124,7138.9
297,7139.4
133,7139.9
383,7140.0
8,7140.0
281,7140.2
245,7140.3
273,7140.4
129,7140.6
203,7141.0
361,7141.5
299,7141.7
296,7141.7
147,7141.8
40,7141.8
298,7141.9
333,7142.0
293,7142.0
339,7142.1
216,7142.2
250,7142.3
306,7143.2
29,7143.8
11,7144.2
7,7145.0
159,7517.7
21,7517.8
60,7518.5
341,7518.6
203,7519.1
161,7519.1
319,7519.3
6,7519.5
35,7520.1
99,7520.7
158,7521.3
17,7521.4
152,7521.6
87,7521.8
223,7522.0
290,7522.6
10,7523.3
323,7523.9
308,7524.2
124,7524.2
372,7524.3
145,7524.6
249,7524.9
146,7525.1
383,7525.3
305,7525.5
281,7525.6
129,7525.8
8,7526.0
242,7526.1
245,7526.2
361,7526.2
333,7526.3
216,7526.4
273,7526.4
314,7527.1
293,7527.3
147,7528.6
227,7528.9
193,7530.3
270,7530.4
151,7530.6
327,7531.0
84,7531.1
339,7532.0
159,7597.0
21,7597.1
341,7597.8
60,7597.8
203,7598.4
161,7598.6
319,7598.8
6,7599.0
35,7599.9
99,7600.6
17,7600.7
158,7601.2
290,7601.4
87,7601.7
152,7601.8
223,7601.9
145,7602.8
308,7603.0
10,7603.2
146,7603.3
249,7603.3
323,7603.5
124,7603.8
372,7604.1
8,7604.4
242,7604.6
245,7604.9
100,7604.9
133,7604.9
273,7605.1
305,7605.3
281,7605.6
129,7605.6
383,7605.8
250,7605.9
361,7606.0
216,7606.2
293,7606.3
345,7606.4
333,7606.8
248,7607.0
225,7607.1
289,7607.9
314,7608.1
58,7608.2
193,7610.0
147,7610.2
270,7612.1
159,7677.0
21,7677.1
341,7677.9
60,7677.9
203,7678.5
161,7678.7
319,7678.9
6,7679.1
35,7680.0
17,7680.8
99,7680.9
158,7681.6
290,7681.7
87,7682.0
152,7682.1
223,7682.4
145,7683.0
308,7683.3
249,7683.6
146,7683.6
10,7683.6
323,7683.8
124,7684.1
372,7684.5
8,7684.7
227,7684.7
242,7685.0
245,7685.2
273,7685.5
305,7685.8
281,7686.0
129,7686.1
361,7686.5
383,7686.5
216,7686.6
293,7686.7
339,7686.8
327,7686.8
151,7686.9
84,7687.1
333,7687.9
159,7757.1
21,7757.2
60,7758.0
341,7758.0
203,7758.6
161,7758.8
319,7759.0
6,7759.2
35,7760.2
17,7761.0
99,7761.1
290,7761.9
158,7761.9
87,7762.3
152,7762.6
223,7762.6
145,7763.2
308,7763.2
249,7763.7
323,7763.7
146,7763.8
124,7763.9
10,7764.0
314,7764.5
372,7764.5
8,7764.9
245,7765.3
242,7765.3
273,7765.4
129,7766.1
305,7766.1
281,7766.1
133,7766.5
361,7766.5
216,7766.5
100,7766.6
250,7766.7
147,7766.8
293,7766.9
383,7767.4
193,7767.4
270,7768.3
345,7768.6
333,7769.3
225,7769.6
289,7771.3
161,8141.5
159,8142.6
60,8143.6
21,8143.6
10,8143.6
100,8143.6
341,8143.6
58,8144.0
203,8144.0
319,8144.4
6,8144.5
339,8144.7
35,8145.5
99,8146.3
106,8146.3
17,8146.4
268,8146.8
158,8147.1
299,8147.2
87,8147.5
152,8147.5
223,8147.7
204,8147.9
290,8148.2
205,8148.6
323,8149.0
154,8149.1
308,8149.3
124,8149.4
145,8149.6
372,8149.7
108,8150.0
249,8150.2
146,8150.2
264,8150.5
305,8150.6
8,8151.0
281,8151.2
245,8151.2
216,8151.3
361,8151.3
129,8151.3
211,8151.4
273,8151.4
57,8151.6
242,8151.8
297,8151.9
383,8151.9
293,8152.3
208,8152.4
314,8154.0
147,8154.1
270,8155.5
193,8155.6
161,8221.0
159,8222.0
60,8222.8
341,8222.9
21,8222.9
10,8223.1
100,8223.2
203,8223.4
58,8223.6
319,8223.9
6,8224.0
339,8224.1
35,8225.2
17,8225.7
99,8226.2
106,8226.3
268,8226.5
290,8226.8
299,8227.0
205,8227.0
158,8227.1
87,8227.3
223,8227.6
152,8227.7
145,8227.8
154,8228.0
204,8228.0
308,8228.2
146,8228.4
249,8228.5
323,8228.6
124,8229.0
8,8229.4
372,8229.5
245,8229.9
273,8230.2
242,8230.3
305,8230.7
264,8230.8
108,8230.8
361,8231.1
129,8231.1
281,8231.1
57,8231.1
133,8231.2
250,8231.2
216,8231.4
293,8231.5
345,8232.2
383,8232.5
297,8233.2
208,8233.2
289,8235.6
225,8235.9
161,8301.0
159,8302.0
60,8302.9
341,8303.0
21,8303.0
10,8303.2
100,8303.3
203,8303.5
58,8303.6
319,8304.0
6,8304.1
339,8304.2
35,8305.3
17,8305.9
99,8306.5
106,8306.6
268,8306.8
290,8307.0
205,8307.3
299,8307.3
158,8307.5
87,8307.5
223,8308.0
145,8308.1
152,8308.1
154,8308.3
308,8308.4
204,8308.4
146,8308.7
249,8308.8
323,8308.9
124,8309.3
8,8309.7
372,8309.8
211,8310.2
245,8310.2
273,8310.5
242,8310.6
314,8310.9
305,8311.0
264,8311.4
129,8311.5
281,8311.5
361,8311.5
147,8311.7
216,8311.8
293,8311.9
108,8312.1
57,8312.2
193,8312.3
383,8313.5
270,8313.9
208,8314.0
297,8314.8
161,8381.1
159,8382.1
60,8383.0
21,8383.0
341,8383.1
10,8383.3
100,8383.4
203,8383.6
58,8383.7
319,8384.1
6,8384.2
339,8384.3
35,8385.4
17,8386.0
268,8386.7
99,8386.8
106,8387.0
290,8387.2
299,8387.5
205,8387.5
158,8387.7
87,8387.9
145,8388.2
308,8388.4
223,8388.4
152,8388.5
154,8388.6
323,8388.7
204,8388.8
146,8388.9
249,8389.0
124,8389.1
372,8389.8
8,8389.9
245,8390.4
273,8390.5
242,8391.0
129,8391.5
305,8391.6
281,8391.6
361,8391.6
250,8392.0
264,8392.1
216,8392.2
293,8392.3
57,8393.9
133,8394.2
208,8395.8
383,8396.0
203,8766.8
161,8767.8
6,8768.4
158,8768.6
10,8768.6
341,8768.6
372,8768.7
100,8768.7
152,8768.9
58,8769.0
124,8769.2
34,8769.4
108,8769.4
339,8769.8
113,8770.1
129,8770.6
159,8770.8
35,8770.8
21,8770.9
99,8771.8
275,8772.1
106,8772.3
94,8772.5
299,8772.6
247,8772.7
87,8772.8
223,8773.0
12,8773.1
261,8773.4
290,8773.5
204,8773.7
205,8773.9
323,8774.0
60,8774.3
308,8774.3
145,8774.7
358,8774.8
154,8774.9
63,8775.2
146,8775.2
249,8775.4
64,8775.5
8,8775.9
361,8776.3
273,8776.5
281,8776.5
242,8777.3
297,8777.6
383,8778.2
57,8778.2
83,8778.9
314,8779.3
74,8779.3
193,8780.6
17,8780.8
203,8846.2
161,8847.3
341,8847.9
6,8847.9
372,8848.0
10,8848.2
158,8848.2
100,8848.3
152,8848.5
58,8848.6
124,8848.7
34,8848.8
108,8849.1
339,8849.2
113,8849.9
129,8850.0
159,8850.1
35,8850.4
21,8850.4
99,8851.6
275,8851.8
290,8852.0
261,8852.3
106,8852.3
205,8852.3
299,8852.4
94,8852.5
87,8852.6
60,8852.6
145,8852.8
223,8852.9
247,8852.9
12,8853.1
308,8853.1
146,8853.4
323,8853.6
249,8853.6
154,8853.6
64,8853.6
204,8853.8
8,8854.4
358,8854.8
273,8855.2
242,8855.7
211,8856.0
361,8856.1
345,8856.4
281,8856.4
63,8857.1
248,8857.1
133,8858.4
48,8858.8
57,8858.9
383,8859.1
297,8860.6
225,8860.8
203,8926.3
161,8927.4
341,8928.0
6,8928.0
372,8928.1
10,8928.3
158,8928.3
100,8928.4
152,8928.6
58,8928.7
124,8928.8
34,8929.0
339,8929.3
108,8929.3
113,8930.1
129,8930.2
159,8930.3
35,8930.5
21,8930.5
99,8931.8
275,8932.1
290,8932.2
205,8932.5
106,8932.6
299,8932.6
261,8932.7
94,8932.7
60,8932.8
87,8932.9
145,8933.1
223,8933.2
12,8933.4
247,8933.4
308,8933.4
146,8933.7
323,8933.8
154,8933.9
249,8933.9
64,8933.9
204,8934.3
8,8934.6
74,8935.2
358,8935.3
273,8935.5
17,8935.5
242,8936.1
314,8936.2
361,8936.5
281,8936.8
193,8937.4
83,8937.5
203,9006.3
161,9007.5
341,9008.1
6,9008.1
372,9008.2
158,9008.4
10,9008.4
100,9008.5
124,9008.8
152,9008.8
58,9008.8
34,9009.0
339,9009.4
108,9009.4
129,9010.0
113,9010.3
21,9010.3
159,9010.4
35,9010.6
99,9012.0
275,9012.0
290,9012.3
261,9012.6
205,9012.7
299,9012.8
106,9012.9
60,9013.0
94,9013.2
87,9013.2
145,9013.2
308,9013.4
223,9013.5
323,9013.7
146,9013.9
12,9013.9
247,9013.9
249,9014.1
154,9014.1
64,9014.1
383,9014.4
297,9014.7
204,9014.7
63,9014.7
8,9014.8
358,9015.4
273,9015.5
242,9016.3
57,9016.4
361,9016.5
281,9017.0
203,9391.8
161,9392.8
6,9393.4
341,9393.6
158,9393.7
10,9393.7
100,9393.8
152,9394.0
58,9394.0
108,9394.7
339,9394.8
113,9395.6
159,9395.8
35,9395.9
369,9396.3
99,9397.0
372,9397.2
139,9397.4
275,9397.4
299,9397.8
106,9397.9
87,9398.1
223,9398.2
94,9398.4
290,9398.7
237,9398.7
12,9398.8
247,9398.9
205,9399.0
204,9399.3
60,9399.4
145,9399.7
79,9399.8
374,9400.1
146,9400.3
154,9400.3
249,9400.4
34,9400.7
8,9400.9
64,9401.0
185,9401.9
242,9402.5
63,9402.9
297,9403.2
383,9403.7
57,9404.3
314,9404.7
193,9405.4
17,9405.5
203,9471.2
161,9472.3
341,9472.9
6,9473.0
158,9473.3
10,9473.3
100,9473.4
58,9473.6
152,9473.6
339,9474.2
108,9474.4
159,9475.0
113,9475.4
35,9475.5
369,9476.0
99,9476.8
372,9476.9
275,9477.0
290,9477.1
139,9477.1
205,9477.3
299,9477.5
60,9477.6
106,9477.8
87,9477.8
145,9477.9
223,9478.0
94,9478.3
146,9478.5
237,9478.5
249,9478.6
12,9478.9
154,9478.9
64,9479.0
247,9479.1
124,9479.2
8,9479.3
204,9479.3
79,9479.9
374,9480.2
74,9480.4
242,9480.9
345,9481.0
34,9481.0
211,9481.8
21,9482.0
248,9482.4
185,9482.4
133,9482.9
48,9483.4
383,9485.6
203,9551.3
161,9552.4
6,9553.0
341,9553.0
10,9553.3
158,9553.4
100,9553.5
58,9553.7
152,9553.7
339,9554.4
108,9554.5
159,9555.2
35,9555.6
113,9555.6
369,9555.9
139,9557.0
99,9557.0
275,9557.0
372,9557.1
290,9557.3
299,9557.7
205,9557.7
60,9557.8
145,9558.1
87,9558.1
106,9558.1
237,9558.4
223,9558.4
94,9558.6
146,9558.7
249,9559.0
12,9559.2
154,9559.2
64,9559.4
8,9559.6
204,9559.7
247,9559.7
297,9559.7
374,9560.3
79,9560.3
17,9560.4
314,9560.4
63,9560.8
242,9561.2
57,9561.4
34,9562.0
193,9562.3
185,9563.9
203,9631.4
161,9632.4
6,9633.1
341,9633.1
10,9633.4
158,9633.5
100,9633.6
58,9633.8
152,9633.9
339,9634.5
108,9634.7
159,9635.3
35,9635.7
113,9635.8
369,9636.1
139,9637.1
275,9637.1
372,9637.2
99,9637.3
290,9637.4
205,9637.8
60,9638.0
299,9638.0
145,9638.2
87,9638.3
106,9638.4
223,9638.5
237,9638.7
146,9638.9
94,9638.9
249,9639.2
154,9639.4
64,9639.6
12,9639.7
383,9639.8
8,9639.8
204,9640.2
247,9640.4
124,9640.6
79,9640.7
374,9640.7
242,9641.5
74,9642.8
34,9643.1
21,9643.7
185,9645.0
