13,86.9
30,86.9
7,87.0
16,87.0
14,87.1
8,87.2
25,87.2
3,87.3
31,87.4
4,87.5
18,87.7
15,87.8
21,87.9
24,88.0
23,88.0
26,88.1
11,88.2
6,88.2
5,88.2
28,88.2
0,88.5
29,88.8
30,93.6
13,93.9
14,94.0
7,94.0
16,94.0
25,94.3
31,94.7
8,94.7
4,94.8
3,95.1
18,95.8
15,96.1
21,96.5
26,98.4
11,98.6
30,98.7
0,98.9
23,99.2
6,99.5
7,100.2
13,100.4
14,100.4
16,100.5
5,100.7
31,101.2
24,101.4
28,101.4
25,101.5
8,102.7
4,102.8
30,103.5
19,104.0
3,104.5
18,105.5
7,106.6
16,107.6
21,108.2
13,108.3
30,108.4
14,108.5
20,108.6
31,108.7
26,109.1
25,109.5
15,109.7
4,110.5
24,110.8
28,113.2
30,113.3
18,115.2
7,116.0
16,116.6
30,118.6
30,124.3
30,131.2
13,166.7
30,166.8
16,166.8
7,166.9
14,166.9
3,167.0
8,167.0
25,167.0
31,167.2
4,167.3
18,167.5
21,167.6
15,167.7
23,167.8
24,167.8
5,167.9
11,167.9
26,167.9
28,168.1
6,168.1
0,168.3
29,168.6
30,173.4
13,173.6
16,173.7
7,173.8
14,173.8
25,174.1
8,174.4
31,174.4
4,174.5
3,174.8
18,175.4
15,175.8
21,175.8
26,177.6
11,177.8
0,178.2
30,178.4
6,178.5
23,178.9
5,179.5
7,179.9
13,179.9
14,180.0
16,180.1
24,180.3
28,180.6
25,180.7
31,180.9
8,182.0
4,182.0
18,182.9
30,183.1
3,183.4
19,183.5
21,186.2
7,186.2
16,186.6
13,187.0
20,187.3
14,187.4
30,187.8
26,188.0
15,188.4
31,188.4
25,188.4
4,189.3
24,189.5
18,190.5
30,192.5
16,194.0
7,195.3
30,197.6
4,201.3
30,203.1
30,209.1
30,218.4
16,223.6
25,223.7
13,223.8
15,223.8
23,224.0
8,224.0
4,224.7
30,227.1
7,227.9
14,228.0
3,229.6
21,230.2
11,230.5
13,231.3
30,236.6
13,240.1
7,240.7
14,241.4
3,242.6
16,246.8
25,247.1
31,247.2
8,247.2
30,247.3
4,247.4
18,247.5
13,247.6
26,247.8
15,247.8
24,247.8
5,247.9
7,247.9
21,247.9
23,248.0
28,248.1
6,248.1
14,248.2
0,248.4
29,248.6
11,248.8
3,250.2
30,253.8
16,253.8
25,254.1
13,254.2
14,254.2
7,254.2
31,254.3
8,254.6
4,254.6
18,255.3
15,255.7
21,256.3
3,256.8
26,257.5
0,258.5
11,258.5
30,258.8
6,258.9
5,258.9
23,259.3
14,260.0
24,260.0
16,260.0
7,260.2
13,260.3
28,260.3
31,260.7
25,260.8
29,261.7
4,261.7
8,261.8
19,262.6
18,262.9
30,263.5
20,264.2
3,264.7
21,266.0
7,266.3
14,266.3
16,266.6
13,266.8
15,267.6
30,268.1
31,268.2
26,268.3
25,268.4
17,268.8
4,268.9
24,269.9
18,270.6
30,272.9
28,273.2
7,273.8
16,274.2
8,275.0
14,275.2
13,277.2
30,277.9
4,279.9
30,283.4
30,289.5
30,298.6
16,302.6
25,302.7
8,302.9
13,303.1
15,303.2
23,303.4
4,303.6
7,305.4
14,305.5
30,305.8
3,307.1
21,307.7
11,308.0
13,310.9
30,313.8
0,314.4
8,315.5
7,318.0
14,318.6
3,320.1
13,321.4
13,354.4
15,354.5
23,354.6
30,354.8
13,631.8
30,631.9
16,631.9
7,632.0
25,632.1
8,632.1
14,632.1
31,632.3
3,632.3
4,632.4
18,632.6
21,632.8
15,632.8
24,632.9
23,632.9
26,633.0
11,633.1
5,633.1
28,633.2
6,633.2
0,633.5
29,633.8
30,638.5
16,638.9
13,638.9
14,639.0
7,639.0
25,639.3
4,639.6
31,639.6
8,639.7
3,640.2
18,640.6
15,641.1
21,641.4
26,643.2
11,643.4
30,643.5
0,643.9
6,644.0
23,644.1
7,645.2
13,645.3
16,645.3
14,645.4
5,645.5
24,646.0
31,646.2
28,646.3
25,646.4
8,647.5
4,647.5
30,648.3
19,648.6
3,649.4
18,650.0
7,651.6
16,652.1
20,652.3
21,652.5
13,652.5
30,653.0
14,653.1
26,653.3
31,654.2
25,654.3
4,655.0
24,655.3
30,657.8
28,658.4
18,659.5
16,660.4
7,662.1
30,663.0
4,668.6
30,668.6
30,674.9
13,711.7
16,711.8
30,711.8
7,711.9
14,711.9
25,712.0
8,712.0
3,712.0
31,712.2
4,712.3
18,712.5
21,712.6
15,712.7
23,712.8
24,712.8
26,712.9
11,712.9
5,712.9
6,713.1
28,713.1
0,713.3
29,713.6
30,718.3
13,718.6
16,718.7
7,718.8
14,718.8
25,719.1
31,719.4
8,719.4
4,719.5
3,719.8
18,720.4
15,720.8
21,720.8
26,722.6
11,722.8
0,723.2
30,723.3
6,723.5
23,723.8
5,724.5
7,724.9
13,724.9
16,725.0
14,725.0
24,725.2
28,725.6
25,725.7
31,725.9
4,726.8
8,726.9
18,727.9
30,728.0
3,728.3
19,731.0
21,731.0
7,731.2
16,731.5
20,731.5
13,731.7
14,732.2
30,732.7
26,732.8
15,733.2
25,733.3
31,733.6
4,734.0
24,734.2
18,734.9
30,737.3
28,738.5
16,738.8
7,740.2
30,742.3
4,745.6
18,746.9
30,747.7
30,753.6
30,761.5
13,767.9
15,768.0
23,768.1
16,768.8
25,768.9
8,769.1
4,769.8
30,770.1
7,772.7
14,772.8
3,774.4
21,775.0
11,775.3
13,775.5
30,778.4
13,784.5
7,785.4
14,786.2
3,787.3
16,791.9
30,792.0
25,792.2
8,792.2
31,792.2
4,792.4
18,792.5
13,792.6
15,792.7
24,792.8
26,792.8
7,792.8
5,792.9
21,792.9
23,792.9
6,793.1
28,793.1
14,793.1
0,793.4
29,793.6
11,793.7
3,794.8
30,798.5
16,798.8
14,799.1
7,799.2
25,799.2
13,799.3
31,799.3
4,799.6
8,799.6
18,800.3
15,800.6
21,801.3
3,801.6
26,802.5
11,803.3
30,803.5
0,803.5
23,803.9
6,803.9
5,803.9
24,804.9
16,805.0
14,805.0
7,805.2
28,805.3
13,805.5
31,805.7
25,805.8
4,806.7
29,806.7
8,806.8
19,807.2
18,807.8
30,808.1
20,808.9
3,809.4
21,811.0
14,811.2
7,811.3
16,811.5
15,811.9
13,812.0
30,812.7
17,813.0
31,813.2
25,813.3
4,813.6
26,813.7
24,815.1
18,815.3
30,817.3
8,818.4
28,818.7
16,818.9
7,819.0
14,820.9
30,822.2
4,823.8
13,824.0
30,827.5
18,828.8
16,832.7
30,833.3
30,840.2
13,847.6
25,847.7
15,847.7
23,847.8
8,848.0
4,848.4
16,848.7
30,849.1
7,850.3
14,850.4
3,852.0
21,852.6
11,852.9
13,855.2
30,857.8
0,859.4
8,860.5
7,862.9
14,863.3
3,864.9
13,865.0
16,871.8
30,871.9
25,872.1
31,872.3
4,872.3
18,872.5
15,872.6
13,872.6
21,872.7
23,872.8
26,872.8
24,872.8
14,872.8
7,872.9
5,872.9
8,873.0
28,873.1
11,873.2
6,873.2
29,873.6
3,874.0
0,875.3
30,878.5
16,878.7
13,879.0
25,879.1
31,879.4
4,879.5
14,879.5
7,879.7
18,880.3
15,880.5
8,880.6
21,880.9
3,881.2
26,882.4
11,883.0
30,883.4
6,883.6
23,883.7
5,883.9
24,885.0
16,885.0
13,885.1
28,885.4
7,885.7
14,885.7
25,885.7
31,885.9
4,886.6
29,886.8
8,887.4
19,887.4
0,887.6
18,887.9
30,888.1
20,889.5
3,889.9
21,890.7
16,891.6
13,891.7
7,892.1
15,892.1
30,892.6
14,892.7
25,893.3
4,893.6
31,893.7
26,893.7
24,895.0
18,895.2
30,897.2
8,897.4
28,898.7
16,898.9
30,902.1
7,902.3
13,904.4
4,904.5
30,907.4
18,907.8
16,912.4
30,913.1
30,920.1
15,927.4
13,927.5
23,927.6
25,927.8
8,928.0
4,928.6
16,928.7
30,928.8
7,930.4
14,930.5
3,932.0
21,932.6
11,932.9
13,935.1
30,937.4
0,939.2
8,940.3
7,943.0
14,943.5
13,944.7
3,944.9
13,977.5
15,977.6
23,977.8
30,978.0
16,988.8
25,988.9
8,989.1
4,989.6
13,1256.8
16,1256.9
30,1256.9
7,1257.0
25,1257.1
8,1257.1
14,1257.1
3,1257.2
31,1257.3
4,1257.4
18,1257.6
15,1257.8
21,1257.8
24,1257.9
23,1257.9
26,1258.0
11,1258.1
5,1258.1
28,1258.2
6,1258.2
0,1258.4
29,1258.8
30,1263.5
13,1263.8
16,1263.8
14,1264.0
7,1264.0
25,1264.2
8,1264.6
4,1264.6
31,1264.6
3,1265.2
18,1265.5
15,1266.1
21,1266.4
26,1268.2
30,1268.4
11,1268.5
0,1268.9
6,1269.0
23,1269.1
13,1270.1
7,1270.1
16,1270.2
14,1270.3
5,1270.5
24,1271.0
31,1271.2
28,1271.3
25,1271.3
8,1272.3
4,1272.3
30,1273.1
19,1273.5
3,1274.3
18,1274.9
7,1276.5
20,1276.8
16,1277.0
13,1277.2
21,1277.3
30,1277.8
14,1278.0
26,1278.2
1,1278.5
25,1279.0
31,1279.3
4,1279.6
24,1280.3
17,1280.7
30,1282.5
28,1283.0
18,1283.9
16,1285.1
7,1285.9
30,1287.4
4,1291.3
30,1292.9
30,1299.0
30,1308.9
13,1336.7
30,1336.8
7,1336.8
16,1336.8
14,1336.9
3,1337.0
25,1337.0
8,1337.0
31,1337.2
4,1337.3
18,1337.5
21,1337.6
15,1337.6
24,1337.8
23,1337.8
11,1337.9
5,1337.9
26,1337.9
28,1338.1
6,1338.1
0,1338.3
29,1338.6
30,1343.3
13,1343.6
7,1343.7
16,1343.7
14,1343.8
25,1344.1
31,1344.4
4,1344.4
8,1344.4
3,1344.7
18,1345.3
21,1345.8
15,1345.8
26,1347.6
11,1347.8
30,1348.2
0,1348.3
6,1348.5
23,1348.9
5,1349.5
7,1349.8
13,1349.8
16,1349.9
14,1349.9
24,1350.2
28,1350.6
25,1350.6
31,1350.9
4,1351.7
8,1351.7
18,1352.7
30,1352.9
3,1353.1
19,1353.4
21,1355.7
7,1356.0
20,1356.3
16,1356.4
13,1356.4
14,1356.9
30,1357.5
26,1357.8
15,1358.1
25,1358.1
31,1358.5
4,1358.8
24,1358.9
18,1360.1
30,1362.0
17,1362.4
16,1363.8
28,1364.3
7,1364.3
30,1366.8
13,1368.0
4,1369.3
30,1372.1
18,1373.0
30,1377.8
30,1384.4
13,1392.7
15,1392.9
23,1393.1
16,1393.8
25,1393.9
8,1394.1
30,1394.2
4,1394.5
7,1397.6
14,1397.8
3,1399.4
21,1400.0
11,1400.3
13,1400.3
30,1402.3
13,1409.0
7,1410.2
14,1411.1
3,1412.2
30,1415.1
16,1416.9
8,1417.2
31,1417.2
25,1417.2
4,1417.4
18,1417.5
13,1417.6
15,1417.7
24,1417.8
7,1417.8
26,1417.8
5,1417.9
21,1417.9
23,1417.9
14,1418.0
28,1418.1
6,1418.1
0,1418.4
29,1418.6
11,1418.7
3,1419.8
30,1421.5
16,1423.8
14,1424.1
25,1424.2
7,1424.3
31,1424.3
13,1424.3
4,1424.5
8,1424.6
18,1425.3
15,1425.6
21,1426.3
3,1426.4
30,1426.4
26,1427.5
11,1428.4
0,1428.5
23,1428.9
5,1428.9
6,1428.9
24,1429.9
16,1430.0
14,1430.0
7,1430.2
28,1430.3
13,1430.4
31,1430.7
25,1430.8
30,1431.3
4,1431.5
8,1431.7
29,1431.8
19,1432.0
18,1432.8
20,1433.8
3,1434.1
21,1435.7
14,1436.3
7,1436.4
16,1436.5
13,1436.9
15,1436.9
17,1437.5
31,1438.0
25,1438.1
26,1438.5
4,1438.6
24,1440.0
30,1440.0
18,1440.2
8,1442.6
16,1443.7
30,1444.1
7,1444.1
14,1446.2
13,1447.4
30,1448.4
4,1449.0
30,1453.1
18,1453.3
16,1457.1
30,1458.3
30,1464.0
30,1470.7
13,1472.4
15,1472.7
25,1472.7
23,1472.8
8,1472.9
4,1473.4
16,1473.6
7,1475.3
14,1475.4
3,1477.0
30,1477.2
21,1477.6
11,1477.9
13,1479.9
30,1484.0
0,1484.4
8,1485.3
7,1487.6
14,1488.2
13,1488.7
3,1489.7
30,1496.4
16,1496.8
25,1497.1
31,1497.3
4,1497.3
13,1497.5
18,1497.5
15,1497.6
21,1497.7
24,1497.8
14,1497.8
23,1497.8
7,1497.8
26,1497.9
5,1497.9
8,1498.0
28,1498.1
6,1498.2
11,1498.2
29,1498.6
3,1498.9
0,1500.2
30,1502.8
16,1503.7
13,1504.1
25,1504.1
4,1504.4
31,1504.4
14,1504.5
7,1504.6
18,1505.3
8,1505.4
15,1505.5
21,1505.9
3,1506.2
26,1507.4
30,1507.7
11,1508.0
23,1508.6
6,1508.7
5,1509.0
16,1509.9
24,1510.0
13,1510.2
28,1510.3
7,1510.6
25,1510.7
14,1510.7
31,1510.9
4,1511.4
29,1511.7
8,1512.2
19,1512.3
30,1512.4
0,1512.5
18,1512.8
20,1514.2
3,1514.7
21,1515.5
16,1516.5
30,1516.8
13,1516.8
7,1516.9
15,1517.1
14,1517.6
25,1518.2
4,1518.3
26,1518.7
31,1518.8
24,1519.8
18,1520.3
30,1521.2
8,1521.5
16,1523.7
30,1525.7
7,1526.0
13,1527.2
4,1528.0
30,1530.6
18,1532.7
30,1535.9
16,1536.3
30,1541.7
30,1549.0
13,1552.2
15,1552.4
23,1552.6
25,1552.8
8,1553.0
16,1553.4
4,1553.4
7,1555.2
14,1555.4
30,1555.6
3,1557.0
21,1557.6
11,1557.9
13,1559.6
30,1562.7
0,1564.2
8,1565.2
7,1567.3
13,1568.1
14,1568.2
3,1569.7
30,1575.7
13,1602.5
15,1602.7
23,1602.8
30,1602.9
16,1613.8
25,1613.9
8,1614.1
4,1614.6
13,1881.8
30,1881.9
7,1881.9
16,1881.9
25,1882.1
8,1882.1
14,1882.1
3,1882.2
31,1882.3
4,1882.4
18,1882.6
21,1882.8
15,1882.8
23,1882.9
24,1882.9
26,1883.0
5,1883.1
11,1883.1
28,1883.2
6,1883.2
0,1883.5
29,1883.8
30,1888.4
16,1888.8
13,1888.8
7,1888.9
14,1889.0
25,1889.2
31,1889.6
8,1889.6
4,1889.6
3,1890.1
18,1890.5
15,1891.1
21,1891.4
26,1893.2
30,1893.3
11,1893.5
6,1894.0
0,1894.0
23,1894.2
13,1895.0
7,1895.1
16,1895.2
14,1895.3
5,1895.5
24,1896.0
31,1896.2
25,1896.2
28,1896.3
8,1897.1
4,1897.1
30,1898.0
19,1898.3
3,1899.1
18,1899.8
7,1901.3
20,1901.7
13,1901.8
16,1901.9
21,1902.1
30,1902.6
14,1902.8
1,1903.1
26,1903.2
25,1903.8
15,1904.0
31,1904.3
4,1904.3
24,1905.2
17,1905.4
30,1907.1
28,1908.0
18,1908.1
16,1909.7
7,1910.0
30,1911.9
13,1914.9
4,1915.2
30,1917.2
30,1922.9
30,1929.9
13,1961.7
30,1961.7
7,1961.8
16,1961.8
14,1961.9
8,1962.0
3,1962.0
25,1962.0
31,1962.2
4,1962.3
18,1962.5
15,1962.6
21,1962.6
24,1962.8
23,1962.8
11,1962.9
5,1962.9
26,1962.9
6,1963.1
28,1963.1
0,1963.3
29,1963.6
30,1968.2
13,1968.5
16,1968.6
14,1968.7
7,1968.7
25,1969.0
8,1969.3
4,1969.4
31,1969.4
3,1969.7
18,1970.3
15,1970.7
21,1970.8
11,1972.7
26,1972.7
30,1973.1
0,1973.3
6,1973.5
23,1973.9
5,1974.3
7,1974.7
13,1974.7
16,1974.8
14,1974.9
24,1975.0
28,1975.5
25,1975.6
31,1975.9
4,1976.5
8,1976.5
18,1977.6
30,1977.8
3,1978.0
19,1978.1
21,1980.6
7,1980.9
20,1981.2
16,1981.2
13,1981.2
14,1981.8
30,1982.3
26,1982.8
15,1982.9
25,1983.0
4,1983.4
31,1983.6
24,1984.1
18,1984.9
30,1986.7
16,1988.4
7,1988.6
30,1991.3
13,1991.7
4,1993.0
30,1996.3
18,1997.5
16,2001.3
30,2001.7
30,2007.8
30,2017.1
13,2017.7
15,2017.9
23,2018.1
25,2018.9
8,2019.1
16,2019.4
4,2019.6
7,2022.6
14,2022.7
30,2024.3
3,2024.4
21,2025.0
13,2025.2
11,2025.3
30,2032.4
13,2033.8
7,2034.7
14,2035.8
3,2037.0
16,2041.9
30,2042.1
31,2042.2
25,2042.2
8,2042.2
4,2042.4
18,2042.5
13,2042.5
24,2042.8
14,2042.8
7,2042.8
15,2042.8
26,2042.9
21,2042.9
23,2042.9
5,2042.9
6,2043.1
28,2043.1
0,2043.4
29,2043.6
11,2043.7
3,2044.6
30,2048.5
16,2048.7
14,2049.0
25,2049.2
13,2049.2
31,2049.3
7,2049.3
4,2049.5
8,2049.5
18,2050.2
15,2050.6
3,2051.3
21,2051.3
26,2052.5
11,2053.4
30,2053.4
0,2053.5
5,2053.9
23,2053.9
6,2053.9
16,2054.9
24,2054.9
14,2055.0
13,2055.2
7,2055.3
28,2055.3
25,2055.7
31,2055.7
4,2056.4
8,2056.6
29,2056.8
19,2056.9
18,2057.8
30,2058.0
20,2058.6
3,2059.0
21,2060.9
14,2061.3
16,2061.4
13,2061.5
7,2061.5
15,2062.0
30,2062.5
31,2062.9
25,2063.1
26,2063.2
4,2063.4
24,2064.7
18,2065.2
30,2066.9
8,2067.2
16,2068.6
28,2068.8
7,2069.3
13,2070.2
30,2071.5
14,2071.6
4,2073.4
30,2076.4
18,2077.6
16,2081.4
30,2081.8
30,2087.8
30,2096.1
13,2097.5
15,2097.6
25,2097.7
23,2097.8
8,2097.9
4,2098.3
16,2098.3
7,2100.3
14,2100.4
3,2102.0
21,2102.6
11,2102.9
30,2103.1
13,2105.0
0,2109.4
8,2110.3
30,2111.0
7,2112.3
14,2113.1
13,2113.6
3,2114.6
16,2121.8
30,2122.1
25,2122.1
31,2122.3
4,2122.3
13,2122.4
18,2122.5
15,2122.6
21,2122.7
7,2122.8
24,2122.8
23,2122.8
14,2122.8
26,2122.9
5,2122.9
8,2123.0
28,2123.1
6,2123.2
11,2123.2
29,2123.6
3,2123.9
0,2125.3
30,2128.5
16,2128.7
25,2129.1
13,2129.1
31,2129.4
4,2129.4
14,2129.5
7,2129.6
18,2130.2
8,2130.4
15,2130.5
21,2130.9
3,2131.1
26,2132.4
11,2133.0
30,2133.4
6,2133.6
23,2133.6
5,2134.0
16,2134.8
24,2135.0
13,2135.1
28,2135.4
7,2135.5
14,2135.6
25,2135.7
31,2135.9
4,2136.3
29,2136.7
19,2137.2
8,2137.2
0,2137.5
18,2137.8
30,2138.0
20,2139.1
3,2139.5
21,2140.5
16,2141.3
7,2141.7
13,2141.7
15,2142.1
30,2142.4
14,2142.5
25,2143.0
4,2143.1
26,2143.6
31,2143.7
18,2145.3
24,2145.4
8,2146.2
30,2146.9
16,2148.4
7,2150.3
13,2150.9
30,2151.5
4,2152.7
30,2156.4
18,2157.8
16,2160.0
30,2161.8
30,2167.8
30,2176.4
13,2177.2
15,2177.4
23,2177.6
25,2177.7
8,2178.0
16,2178.2
4,2178.4
7,2180.2
14,2180.3
3,2182.0
21,2182.6
11,2182.9
30,2183.6
13,2184.7
0,2189.2
8,2190.2
30,2192.1
7,2192.2
13,2192.9
14,2192.9
3,2194.6
13,2227.4
15,2227.7
23,2227.8
30,2227.9
16,2238.8
25,2239.0
8,2239.2
4,2239.7
30,2506.8
13,2506.8
7,2506.9
16,2506.9
14,2507.0
25,2507.1
8,2507.1
3,2507.2
4,2507.3
31,2507.3
18,2507.6
21,2507.8
15,2507.8
24,2507.9
23,2507.9
26,2508.0
11,2508.1
5,2508.1
6,2508.2
28,2508.2
0,2508.5
29,2508.8
30,2513.3
13,2513.7
16,2513.8
7,2513.9
14,2514.0
25,2514.2
4,2514.5
8,2514.5
31,2514.6
3,2515.1
18,2515.4
15,2516.0
21,2516.4
30,2518.2
26,2518.2
11,2518.5
6,2519.0
0,2519.0
23,2519.2
7,2519.9
13,2519.9
16,2520.1
14,2520.2
5,2520.5
24,2521.0
25,2521.1
31,2521.2
28,2521.3
4,2521.9
8,2521.9
30,2522.9
19,2523.2
3,2523.9
18,2524.7
7,2526.1
20,2526.5
13,2526.6
16,2526.7
21,2527.0
30,2527.4
14,2527.6
1,2528.0
27,2528.0
26,2528.2
25,2528.6
15,2528.9
4,2529.0
31,2529.2
24,2530.1
17,2530.3
30,2531.8
18,2532.8
28,2533.1
7,2534.0
16,2534.4
30,2536.4
13,2538.5
4,2539.1
30,2541.4
30,2546.9
30,2553.1
30,2566.0
13,2586.6
7,2586.8
30,2586.8
16,2586.8
14,2586.9
3,2587.0
25,2587.0
8,2587.0
4,2587.2
31,2587.2
18,2587.5
21,2587.6
15,2587.6
24,2587.8
23,2587.8
26,2587.9
11,2587.9
5,2587.9
6,2588.1
28,2588.1
0,2588.3
29,2588.6
30,2593.3
13,2593.5
16,2593.6
14,2593.7
7,2593.7
25,2594.0
4,2594.3
8,2594.3
31,2594.4
3,2594.7
18,2595.2
15,2595.7
21,2595.8
26,2597.7
11,2597.8
30,2598.2
0,2598.3
6,2598.5
23,2598.9
5,2599.2
7,2599.6
13,2599.6
16,2599.7
14,2599.8
24,2600.0
28,2600.5
25,2600.5
31,2600.9
8,2601.4
4,2601.4
18,2602.5
30,2602.8
3,2602.9
19,2603.2
21,2605.5
7,2605.7
13,2605.9
20,2606.1
16,2606.2
14,2606.7
30,2607.3
15,2607.6
26,2607.8
25,2607.9
4,2608.1
31,2608.6
24,2609.3
18,2609.7
30,2611.6
7,2612.9
16,2613.3
13,2615.0
30,2616.1
4,2617.1
30,2620.9
18,2621.4
16,2626.1
30,2626.2
30,2632.0
30,2639.2
13,2642.8
15,2642.9
23,2643.1
25,2643.8
8,2644.1
16,2644.3
4,2644.6
30,2646.7
7,2647.6
14,2647.7
3,2649.4
21,2650.0
11,2650.3
13,2650.3
30,2654.4
13,2658.7
7,2659.5
14,2660.7
3,2662.0
16,2666.8
30,2666.9
25,2667.1
8,2667.2
31,2667.2
4,2667.4
13,2667.5
18,2667.5
15,2667.7
14,2667.8
7,2667.8
24,2667.8
5,2667.9
21,2667.9
26,2667.9
23,2667.9
28,2668.1
6,2668.1
0,2668.4
29,2668.6
11,2668.8
3,2669.6
30,2673.3
16,2673.7
14,2674.1
25,2674.2
13,2674.2
7,2674.3
31,2674.3
8,2674.5
4,2674.5
18,2675.2
15,2675.6
21,2676.3
3,2676.3
26,2677.5
30,2678.2
0,2678.5
11,2678.6
5,2678.9
23,2678.9
6,2678.9
16,2679.8
24,2679.9
14,2680.1
13,2680.2
7,2680.3
28,2680.3
31,2680.7
25,2680.7
4,2681.3
8,2681.5
29,2681.8
19,2681.8
18,2682.7
30,2682.8
20,2683.5
3,2684.0
21,2685.6
13,2686.3
16,2686.3
7,2686.4
14,2686.5
15,2686.9
30,2687.2
31,2687.9
25,2687.9
26,2688.1
4,2688.2
18,2690.0
24,2690.1
30,2691.6
8,2691.7
16,2693.3
7,2693.9
13,2694.4
30,2696.0
4,2698.0
14,2698.0
30,2700.7
18,2702.0
16,2705.2
30,2705.9
30,2711.5
30,2718.1
13,2722.4
25,2722.6
15,2722.6
23,2722.8
8,2722.9
16,2723.1
4,2723.2
30,2724.7
7,2725.3
14,2725.4
3,2727.0
21,2727.6
11,2727.9
13,2729.8
30,2731.4
0,2734.4
8,2735.2
7,2737.2
14,2737.7
13,2738.0
3,2739.4
30,2741.3
16,2746.8
25,2747.1
31,2747.3
4,2747.3
13,2747.4
30,2747.4
18,2747.5
21,2747.7
15,2747.7
7,2747.7
24,2747.8
14,2747.8
23,2747.8
8,2747.9
26,2747.9
5,2747.9
28,2748.1
6,2748.2
11,2748.2
29,2748.6
3,2748.9
0,2750.2
30,2752.7
16,2753.6
13,2754.1
25,2754.1
31,2754.4
4,2754.4
14,2754.5
7,2754.5
18,2755.2
8,2755.3
15,2755.5
21,2755.9
3,2756.1
26,2757.4
11,2758.1
23,2758.6
6,2758.7
5,2759.0
16,2759.7
24,2760.0
13,2760.1
28,2760.4
7,2760.4
14,2760.6
25,2760.7
31,2760.9
4,2761.2
29,2761.8
8,2762.0
19,2762.2
0,2762.5
18,2762.7
20,2764.3
3,2764.5
21,2765.3
16,2766.2
13,2766.4
7,2766.5
15,2767.1
14,2767.5
25,2768.0
4,2768.1
26,2768.7
31,2768.8
24,2769.9
18,2770.1
8,2770.8
16,2773.1
7,2774.3
13,2774.7
4,2777.7
30,2779.0
14,2781.5
26,2781.5
18,2781.9
30,2783.3
16,2783.5
30,2788.0
30,2793.2
30,2799.0
13,2802.2
15,2802.4
23,2802.6
25,2802.7
16,2802.9
8,2803.0
4,2803.4
30,2804.8
7,2805.2
14,2805.4
3,2807.0
21,2807.6
11,2807.9
13,2809.6
30,2810.7
0,2814.2
8,2815.1
7,2817.0
30,2817.1
13,2817.5
14,2818.0
3,2819.5
30,2828.5
13,2852.1
15,2852.3
30,2852.5
23,2852.5
16,2863.8
25,2864.0
8,2864.2
4,2864.6
30,3131.8
13,3131.8
16,3131.9
7,3131.9
14,3132.0
8,3132.1
25,3132.1
3,3132.2
31,3132.3
4,3132.3
18,3132.6
15,3132.8
21,3132.8
23,3132.9
24,3132.9
26,3133.0
5,3133.1
11,3133.1
6,3133.2
28,3133.2
0,3133.5
29,3133.8
30,3138.3
13,3138.7
16,3138.7
7,3138.8
14,3138.9
25,3139.2
8,3139.5
4,3139.5
31,3139.6
3,3140.1
18,3140.4
15,3141.0
21,3141.4
30,3143.2
26,3143.2
11,3143.5
0,3144.0
6,3144.0
23,3144.2
13,3144.8
7,3144.9
16,3145.0
14,3145.2
5,3145.5
25,3146.0
24,3146.0
31,3146.2
28,3146.3
4,3146.7
8,3146.8
30,3147.8
19,3148.2
3,3148.9
18,3149.6
7,3151.0
13,3151.4
20,3151.5
16,3151.7
21,3151.8
30,3152.3
14,3152.3
27,3152.9
1,3152.9
26,3153.3
25,3153.4
4,3153.6
15,3153.9
31,3154.4
17,3155.1
24,3155.1
30,3156.6
18,3157.6
28,3158.0
7,3158.5
16,3159.3
30,3161.0
13,3162.0
4,3162.9
30,3165.8
25,3167.2
30,3171.0
30,3176.8
30,3184.0
13,3211.6
30,3211.7
16,3211.7
7,3211.8
14,3211.9
3,3212.0
8,3212.0
25,3212.0
4,3212.2
31,3212.2
18,3212.5
21,3212.6
15,3212.6
23,3212.8
24,3212.8
26,3212.9
5,3212.9
11,3212.9
28,3213.1
6,3213.1
0,3213.3
29,3213.6
30,3218.1
13,3218.4
7,3218.6
16,3218.6
14,3218.7
25,3219.0
4,3219.3
8,3219.3
31,3219.4
3,3219.6
18,3220.2
15,3220.7
21,3220.8
26,3222.6
11,3222.8
30,3223.0
0,3223.4
6,3223.5
23,3223.9
5,3224.3
13,3224.5
7,3224.6
16,3224.6
14,3224.8
24,3225.0
28,3225.5
25,3225.5
31,3225.9
4,3226.2
8,3226.4
18,3227.4
30,3227.7
3,3227.9
19,3228.2
21,3230.5
7,3230.6
13,3230.7
16,3231.0
20,3231.1
14,3231.6
30,3232.3
15,3232.8
26,3232.8
25,3232.8
4,3232.9
31,3233.5
24,3234.2
18,3234.5
30,3236.4
7,3237.5
12,3237.9
16,3238.0
13,3238.5
8,3240.1
30,3240.7
4,3241.4
30,3245.2
18,3245.6
14,3245.6
16,3249.1
30,3250.1
30,3255.6
30,3261.6
13,3267.7
15,3267.9
30,3268.0
23,3268.1
25,3268.8
8,3269.0
16,3269.0
4,3269.5
7,3272.6
14,3272.7
3,3274.3
30,3274.4
21,3274.9
13,3275.1
11,3275.2
30,3281.2
13,3283.1
7,3284.5
14,3285.2
3,3286.8
30,3291.7
16,3291.8
25,3292.1
8,3292.2
31,3292.2
4,3292.3
13,3292.3
18,3292.5
15,3292.7
7,3292.7
14,3292.8
24,3292.8
26,3292.9
23,3292.9
5,3292.9
21,3292.9
6,3293.1
28,3293.1
0,3293.4
29,3293.6
11,3293.7
3,3294.4
30,3298.0
16,3298.7
25,3299.1
14,3299.1
13,3299.1
31,3299.3
7,3299.3
4,3299.4
8,3299.5
18,3300.1
15,3300.6
3,3301.1
21,3301.3
26,3302.5
30,3302.8
11,3303.4
0,3303.5
23,3303.9
5,3303.9
6,3303.9
16,3304.7
24,3304.9
13,3305.0
14,3305.2
7,3305.3
28,3305.3
25,3305.6
31,3305.7
4,3306.2
8,3306.4
19,3306.8
29,3306.8
30,3307.6
18,3307.6
20,3308.5
3,3308.9
21,3310.8
16,3311.1
13,3311.1
7,3311.3
14,3311.6
15,3311.9
30,3312.1
31,3312.8
25,3312.8
4,3313.1
26,3313.1
18,3314.9
24,3315.1
12,3315.5
8,3316.1
30,3316.2
22,3318.0
16,3318.0
13,3318.4
7,3318.5
28,3318.9
30,3320.5
14,3322.4
4,3322.6
30,3325.0
18,3326.6
16,3329.0
30,3329.9
30,3335.3
30,3341.2
13,3347.4
25,3347.6
30,3347.6
15,3347.6
23,3347.8
8,3347.9
16,3347.9
4,3348.3
7,3350.3
14,3350.4
3,3352.0
21,3352.6
11,3352.9
30,3354.1
13,3354.8
0,3359.3
8,3360.1
30,3361.4
7,3362.1
14,3362.6
13,3362.8
3,3364.4
16,3371.8
30,3372.0
25,3372.1
31,3372.3
13,3372.3
4,3372.3
18,3372.5
21,3372.7
14,3372.7
15,3372.7
7,3372.7
26,3372.8
24,3372.8
23,3372.9
5,3372.9
8,3372.9
28,3373.1
6,3373.2
11,3373.2
29,3373.6
3,3373.9
0,3375.2
30,3378.3
16,3378.6
13,3379.0
25,3379.0
4,3379.3
31,3379.4
14,3379.4
7,3379.5
18,3380.2
8,3380.2
15,3380.6
21,3380.9
3,3381.1
26,3382.4
11,3383.0
30,3383.2
6,3383.7
23,3383.9
5,3383.9
16,3384.7
24,3385.0
13,3385.0
28,3385.4
7,3385.4
14,3385.5
25,3385.6
31,3385.9
4,3386.2
29,3386.6
8,3386.8
19,3387.2
0,3387.4
18,3387.7
30,3387.9
20,3389.0
3,3389.5
21,3390.4
16,3391.2
13,3391.2
7,3391.5
14,3392.2
15,3392.3
30,3392.3
25,3392.8
4,3393.0
26,3393.6
31,3393.7
24,3395.0
18,3395.1
8,3395.2
30,3396.5
16,3398.0
13,3398.9
7,3399.1
30,3400.9
4,3402.6
14,3404.2
30,3405.5
18,3406.7
16,3408.5
30,3410.6
30,3416.2
30,3422.5
13,3427.2
15,3427.4
23,3427.6
25,3427.7
16,3427.9
8,3428.0
4,3428.4
30,3429.0
14,3430.2
7,3430.2
3,3432.0
21,3432.6
11,3432.9
13,3434.5
30,3435.6
0,3439.2
8,3440.1
7,3442.0
14,3442.4
13,3442.4
30,3443.8
3,3444.4
13,3477.1
15,3477.3
23,3477.5
30,3477.5
16,3488.8
25,3488.9
8,3489.2
4,3489.6
13,3756.6
30,3756.7
7,3756.9
16,3756.9
31,3757.0
14,3757.0
4,3757.0
25,3757.1
8,3757.1
3,3757.2
6,3757.4
2,3757.5
18,3757.6
21,3757.8
15,3757.8
23,3757.9
24,3757.9
26,3758.0
5,3758.1
11,3758.1
28,3758.2
0,3758.5
13,3763.2
30,3763.3
16,3763.7
31,3763.7
4,3763.8
7,3763.8
14,3763.9
25,3764.2
8,3764.5
6,3764.8
3,3765.1
18,3765.4
2,3765.7
15,3766.0
21,3766.4
26,3768.2
30,3768.2
11,3768.5
13,3768.6
23,3769.2
31,3769.2
0,3769.3
4,3769.8
7,3769.9
16,3770.0
14,3770.1
5,3770.5
25,3771.0
24,3771.0
28,3771.3
8,3771.8
6,3771.9
30,3772.8
19,3772.9
3,3773.0
1,3773.2
13,3773.6
18,3774.3
31,3774.5
21,3775.6
4,3776.0
7,3776.0
16,3776.7
2,3776.7
14,3776.9
30,3777.3
12,3777.6
27,3777.7
15,3778.0
26,3778.1
25,3778.4
13,3778.5
20,3779.1
31,3780.0
24,3780.2
30,3781.7
18,3782.5
4,3782.9
7,3783.2
13,3783.6
6,3783.8
28,3784.2
16,3784.4
8,3785.6
31,3785.8
30,3786.3
13,3789.1
30,3791.3
31,3792.8
13,3795.0
4,3795.7
30,3796.8
13,3802.3
30,3803.0
30,3815.8
13,3836.4
30,3836.7
16,3836.7
31,3836.8
7,3836.8
4,3836.9
14,3836.9
8,3837.0
3,3837.0
25,3837.0
2,3837.2
6,3837.3
18,3837.5
21,3837.6
15,3837.6
23,3837.8
24,3837.8
5,3837.9
26,3837.9
11,3837.9
28,3838.1
0,3838.3
13,3843.0
30,3843.2
31,3843.5
7,3843.6
4,3843.6
16,3843.6
14,3843.7
25,3844.0
8,3844.2
6,3844.6
3,3844.6
18,3845.2
2,3845.2
21,3845.7
15,3845.7
26,3847.5
11,3847.8
30,3848.1
13,3848.2
0,3848.5
31,3848.9
23,3848.9
4,3849.5
7,3849.6
5,3849.6
16,3849.7
14,3849.8
24,3850.1
25,3850.5
28,3850.6
8,3851.3
6,3851.6
3,3852.1
18,3852.3
30,3852.8
19,3852.9
1,3853.1
13,3853.1
31,3854.1
21,3854.6
7,3855.5
2,3855.6
4,3855.6
16,3856.2
14,3856.3
15,3856.9
30,3857.2
26,3857.6
13,3857.8
25,3857.8
18,3859.2
31,3859.3
24,3859.5
30,3861.5
4,3862.0
7,3862.2
6,3862.5
13,3862.7
16,3863.4
8,3863.5
31,3864.9
30,3866.0
13,3867.8
18,3869.0
14,3869.5
30,3870.8
26,3870.9
31,3871.0
4,3871.2
13,3873.3
30,3876.1
13,3879.3
31,3880.5
30,3881.8
13,3887.1
30,3889.0
15,3892.9
23,3893.1
16,3893.7
25,3893.8
8,3894.1
13,3894.2
4,3894.3
2,3894.9
30,3895.5
6,3895.6
31,3896.3
7,3897.6
14,3897.7
3,3899.3
21,3899.9
11,3900.2
13,3900.4
30,3901.8
4,3904.8
13,3906.3
30,3908.4
7,3909.3
14,3910.3
3,3911.3
13,3912.5
30,3916.7
31,3916.8
16,3916.8
25,3917.1
8,3917.2
6,3917.4
2,3917.4
4,3917.5
18,3917.5
7,3917.7
15,3917.8
24,3917.8
26,3917.8
14,3917.8
23,3917.9
5,3917.9
21,3917.9
13,3918.1
28,3918.1
0,3918.4
11,3918.7
3,3919.0
30,3923.0
13,3923.0
31,3923.5
16,3923.7
25,3924.1
14,3924.1
4,3924.2
7,3924.3
8,3924.5
6,3924.7
18,3925.2
2,3925.3
3,3925.9
15,3925.9
21,3926.3
26,3927.2
30,3927.9
0,3928.3
11,3928.4
31,3928.9
23,3929.0
5,3929.2
16,3929.8
24,3929.9
4,3930.0
14,3930.1
28,3930.2
7,3930.2
1,3930.6
25,3930.7
8,3931.2
6,3931.3
19,3931.8
27,3932.0
18,3932.5
30,3932.6
3,3933.3
31,3933.9
2,3934.8
20,3935.4
21,3935.6
7,3936.2
4,3936.2
16,3936.3
14,3936.5
30,3937.0
25,3938.0
26,3938.2
15,3938.2
31,3938.9
18,3939.7
6,3939.9
8,3940.1
24,3940.2
30,3941.3
4,3942.8
7,3943.0
16,3943.6
31,3944.3
30,3945.6
14,3948.1
13,3949.2
31,3950.0
30,3950.2
18,3950.6
13,3953.4
4,3953.5
30,3955.2
31,3956.6
16,3957.2
13,3958.0
30,3960.7
13,3962.9
30,3966.9
13,3968.3
25,3972.6
15,3972.6
23,3972.8
8,3972.9
30,3973.1
4,3973.3
2,3973.5
16,3973.5
13,3973.5
31,3974.0
6,3974.2
7,3975.3
14,3975.4
3,3977.0
21,3977.6
11,3977.9
13,3978.4
30,3979.2
13,3983.0
4,3984.1
0,3984.3
8,3985.1
30,3985.5
7,3987.0
31,3987.1
13,3987.5
14,3987.7
3,3988.9
13,3992.1
30,3993.5
13,3996.6
16,3996.8
25,3997.1
6,3997.4
31,3997.4
4,3997.4
2,3997.5
18,3997.5
7,3997.7
21,3997.7
15,3997.7
24,3997.8
14,3997.8
23,3997.8
5,3997.9
26,3997.9
8,3997.9
28,3998.1
11,3998.2
3,3998.7
30,3999.6
0,4000.2
16,4003.6
25,4004.0
31,4004.0
4,4004.1
30,4004.5
14,4004.5
7,4004.5
6,4004.7
8,4005.2
18,4005.2
2,4005.4
15,4005.7
3,4005.9
21,4005.9
26,4007.3
11,4008.0
23,4008.8
5,4009.3
31,4009.4
16,4009.8
24,4009.9
4,4010.0
28,4010.2
7,4010.4
25,4010.6
14,4010.6
1,4011.0
6,4011.3
0,4011.5
8,4011.7
19,4012.2
18,4012.6
3,4013.5
21,4014.5
31,4014.6
2,4014.8
20,4015.7
4,4016.1
16,4016.4
7,4016.4
14,4017.4
25,4018.0
15,4018.4
26,4018.6
8,4019.6
18,4019.8
31,4019.8
24,4020.0
6,4020.0
4,4022.6
28,4022.8
7,4023.6
16,4023.8
31,4025.4
18,4030.8
14,4031.2
31,4031.4
4,4032.5
30,4034.5
30,4038.9
31,4040.3
30,4043.9
13,4044.2
13,4048.7
30,4049.4
15,4052.4
16,4052.6
23,4052.6
25,4052.8
8,4053.0
4,4053.2
13,4053.3
2,4053.5
6,4054.2
30,4054.8
31,4055.1
7,4055.2
14,4055.4
3,4057.0
21,4057.6
11,4057.9
13,4058.1
30,4059.8
4,4063.9
0,4064.2
30,4064.8
8,4065.1
7,4067.0
14,4067.8
3,4069.1
30,4070.1
13,4071.0
13,4075.3
30,4075.7
13,4079.9
30,4082.1
13,4084.9
13,4090.4
13,4096.5
15,4102.3
30,4102.4
23,4102.5
13,4102.8
13,4110.2
16,4113.8
25,4114.0
8,4114.2
4,4114.6
13,4381.6
30,4381.7
7,4381.9
16,4381.9
4,4382.0
14,4382.0
31,4382.0
8,4382.1
3,4382.2
21,4382.3
6,4382.4
25,4382.5
18,4382.5
2,4382.5
15,4382.8
24,4382.9
23,4382.9
26,4383.0
11,4383.1
5,4383.1
0,4383.5
13,4388.1
30,4388.2
31,4388.7
16,4388.7
4,4388.8
7,4388.8
14,4388.9
8,4389.5
21,4389.6
6,4389.8
3,4390.1
18,4390.2
25,4390.4
2,4390.7
15,4391.0
13,4393.1
26,4393.2
30,4393.2
11,4393.7
23,4394.2
0,4394.3
31,4394.3
4,4394.7
7,4394.9
16,4395.1
14,4395.1
5,4395.6
24,4396.0
21,4396.5
6,4396.7
8,4396.7
13,4397.8
30,4397.9
3,4398.5
31,4399.5
18,4399.9
19,4400.4
1,4400.7
10,4400.9
7,4401.0
4,4401.0
25,4401.5
16,4401.6
14,4402.1
30,4402.3
13,4402.5
27,4402.6
15,4403.0
26,4403.4
21,4404.8
31,4405.0
24,4405.4
30,4406.8
13,4407.2
6,4407.6
4,4407.9
7,4408.2
16,4409.2
8,4409.4
31,4410.9
30,4411.4
18,4411.5
13,4412.1
30,4416.5
13,4417.5
31,4418.3
4,4420.7
30,4422.0
13,4423.2
30,4428.4
13,4429.7
13,4461.4
30,4461.6
16,4461.7
7,4461.8
4,4461.9
31,4461.9
14,4461.9
8,4462.0
3,4462.0
21,4462.1
6,4462.3
18,4462.3
2,4462.3
25,4462.4
15,4462.6
23,4462.8
24,4462.8
26,4462.9
5,4462.9
11,4462.9
0,4463.3
13,4467.9
30,4468.1
16,4468.6
7,4468.6
31,4468.6
14,4468.7
4,4468.7
8,4469.2
21,4469.2
3,4469.6
6,4469.6
18,4469.9
25,4470.2
2,4470.4
15,4470.7
26,4472.6
13,4472.9
11,4472.9
30,4473.1
0,4473.5
31,4474.0
23,4474.0
5,4474.2
4,4474.5
7,4474.6
16,4474.7
14,4474.8
24,4475.3
21,4475.7
8,4476.2
6,4476.4
13,4477.5
3,4477.6
30,4477.7
18,4478.7
31,4479.2
19,4480.3
1,4480.6
4,4480.6
7,4480.6
10,4480.8
25,4481.0
16,4481.1
14,4481.4
15,4481.9
13,4482.0
30,4482.1
2,4482.3
26,4482.9
21,4483.3
31,4484.5
24,4484.7
6,4486.2
13,4486.5
30,4486.5
8,4487.1
4,4487.1
7,4487.5
16,4488.2
18,4488.6
31,4490.2
30,4491.0
13,4491.1
14,4494.5
30,4495.8
13,4495.9
31,4496.5
4,4496.6
13,4501.0
30,4501.1
16,4501.1
13,4506.6
30,4506.9
31,4509.2
13,4512.8
30,4514.1
15,4517.9
23,4518.1
25,4518.9
13,4519.0
8,4519.1
4,4519.3
16,4519.4
2,4519.9
6,4520.5
30,4520.7
31,4522.1
7,4522.6
14,4522.7
3,4524.3
13,4524.7
21,4524.9
11,4525.2
30,4526.9
4,4529.8
13,4530.3
30,4533.5
7,4534.5
14,4535.3
13,4535.8
3,4536.8
13,4541.4
30,4541.7
16,4541.8
31,4541.9
8,4542.2
21,4542.3
6,4542.3
18,4542.3
4,4542.5
2,4542.5
25,4542.6
7,4542.7
14,4542.7
15,4542.8
24,4542.8
23,4542.9
5,4542.9
26,4542.9
0,4543.4
11,4543.7
3,4544.4
13,4546.7
30,4548.0
31,4548.6
16,4548.6
14,4549.1
4,4549.2
7,4549.3
21,4549.5
8,4549.5
6,4549.6
18,4549.9
25,4550.4
2,4550.5
15,4550.9
3,4551.1
26,4552.6
30,4552.9
11,4553.3
0,4553.4
5,4553.9
23,4553.9
31,4553.9
16,4554.7
24,4554.9
4,4555.1
14,4555.1
7,4555.3
21,4555.9
6,4556.1
8,4556.2
19,4557.2
30,4557.6
20,4557.7
18,4558.2
3,4558.7
31,4559.0
25,4560.4
2,4560.9
16,4561.2
4,4561.2
7,4561.3
14,4561.5
30,4562.1
21,4562.7
26,4563.3
6,4563.7
15,4563.9
31,4564.1
22,4564.4
8,4564.5
24,4565.1
29,4565.5
30,4566.3
18,4567.2
4,4567.8
16,4568.4
7,4568.4
31,4569.5
30,4570.6
14,4572.5
30,4575.2
31,4575.3
21,4576.0
4,4578.6
30,4580.3
16,4581.5
31,4582.1
30,4585.8
13,4589.3
30,4592.1
13,4593.6
15,4597.6
25,4597.6
23,4597.8
8,4597.9
13,4598.1
30,4598.3
4,4598.3
16,4598.4
2,4598.5
31,4599.2
6,4599.2
7,4600.3
14,4600.4
3,4602.0
21,4602.5
11,4602.9
30,4604.4
4,4609.0
0,4609.3
8,4610.0
30,4610.7
7,4612.1
31,4612.7
14,4612.8
3,4614.2
21,4615.7
30,4618.9
13,4620.0
16,4621.8
18,4622.3
4,4622.4
6,4622.4
31,4622.5
25,4622.5
2,4622.5
7,4622.7
15,4622.7
14,4622.8
8,4622.8
24,4622.8
23,4622.8
26,4622.9
5,4622.9
21,4623.1
11,4623.2
3,4623.8
30,4624.9
0,4625.1
16,4628.6
31,4629.0
4,4629.1
14,4629.5
7,4629.5
21,4629.6
6,4629.7
30,4629.8
18,4629.9
8,4630.1
25,4630.3
2,4630.4
15,4630.8
3,4631.0
26,4632.4
11,4633.0
23,4633.7
5,4633.9
31,4634.4
16,4634.7
24,4635.0
4,4635.0
7,4635.4
14,4635.5
21,4635.8
6,4636.2
0,4636.4
8,4636.5
19,4636.8
1,4638.1
18,4638.2
3,4638.8
20,4639.0
12,4639.3
31,4639.6
25,4640.2
2,4640.8
4,4641.1
7,4641.4
16,4641.4
14,4642.2
21,4642.7
26,4643.8
8,4643.8
15,4643.9
6,4644.4
31,4644.9
24,4645.6
18,4647.1
4,4647.6
16,4648.7
7,4648.9
31,4650.5
30,4655.6
14,4655.8
21,4656.2
31,4656.6
4,4657.3
30,4659.8
16,4662.3
30,4664.3
31,4667.4
30,4669.4
30,4675.1
15,4677.4
23,4677.6
25,4677.7
8,4678.0
4,4678.2
2,4678.5
16,4678.6
6,4679.2
7,4680.2
14,4680.4
31,4680.5
30,4680.5
3,4682.0
21,4682.5
11,4682.9
30,4685.6
4,4688.7
0,4689.2
8,4690.0
30,4690.7
7,4692.0
14,4692.9
3,4694.3
21,4695.8
30,4696.1
30,4701.9
30,4709.2
13,4716.1
13,4720.4
13,4725.1
15,4727.3
23,4727.5
30,4727.9
13,4730.1
13,4735.3
16,4738.8
25,4739.0
8,4739.2
4,4739.6
13,4740.8
13,4746.8
13,4755.6
13,5006.6
30,5006.7
8,5006.9
7,5006.9
14,5007.0
31,5007.0
3,5007.2
25,5007.3
21,5007.3
16,5007.3
6,5007.4
4,5007.4
2,5007.5
15,5007.8
23,5007.9
18,5008.1
5,5008.1
11,5008.1
0,5008.5
13,5013.1
30,5013.2
31,5013.7
8,5013.8
7,5013.8
14,5013.9
25,5014.3
21,5014.6
4,5014.6
6,5014.8
3,5015.1
16,5015.4
2,5015.7
15,5016.0
13,5018.1
30,5018.2
11,5018.7
23,5019.2
0,5019.3
31,5019.3
8,5019.8
7,5019.9
14,5020.1
5,5020.6
18,5020.7
25,5021.2
21,5021.5
6,5021.8
4,5021.9
13,5022.8
30,5022.9
3,5024.0
31,5024.5
19,5025.2
7,5026.0
8,5026.2
1,5026.3
27,5026.4
22,5026.6
14,5027.1
30,5027.4
13,5027.5
9,5028.5
15,5028.9
16,5029.2
21,5029.4
31,5030.0
30,5031.8
13,5032.2
6,5032.9
7,5033.5
25,5035.1
31,5035.7
8,5036.1
30,5036.4
13,5037.1
30,5041.5
31,5042.4
13,5042.5
30,5047.1
13,5048.2
30,5053.6
13,5054.7
13,5068.7
30,5086.6
13,5086.6
8,5086.8
7,5086.8
31,5086.9
14,5086.9
3,5087.0
21,5087.1
16,5087.2
25,5087.2
2,5087.3
6,5087.3
4,5087.3
15,5087.6
23,5087.8
5,5087.9
11,5087.9
18,5087.9
0,5088.3
30,5093.1
13,5093.1
7,5093.6
8,5093.6
31,5093.6
14,5093.7
25,5094.2
21,5094.2
4,5094.4
3,5094.6
6,5094.6
16,5095.1
2,5095.4
15,5095.7
11,5097.8
13,5098.0
30,5098.1
0,5098.5
23,5098.9
31,5099.0
5,5099.4
8,5099.5
18,5099.6
7,5099.6
14,5099.8
21,5100.7
25,5101.0
6,5101.5
4,5101.6
13,5102.7
30,5102.7
3,5103.1
31,5104.2
19,5105.2
7,5105.6
8,5105.7
1,5106.2
14,5106.3
27,5106.4
22,5106.9
16,5106.9
30,5107.2
13,5107.2
2,5107.4
15,5107.8
21,5108.1
31,5109.4
9,5111.2
30,5111.6
13,5111.7
6,5111.9
7,5112.5
8,5113.5
25,5113.6
31,5114.9
30,5116.1
13,5116.4
14,5119.5
31,5121.0
30,5121.0
13,5121.3
30,5126.5
13,5126.6
31,5129.5
13,5132.3
30,5132.6
13,5138.8
30,5142.5
15,5142.9
23,5143.1
16,5143.7
25,5143.8
8,5144.0
4,5144.3
2,5144.8
13,5145.0
6,5145.5
31,5146.0
7,5147.6
14,5147.7
3,5149.3
30,5149.4
21,5149.9
11,5150.2
13,5150.8
4,5155.5
30,5155.9
13,5156.2
7,5159.5
14,5160.0
3,5161.8
13,5161.8
30,5165.3
31,5166.8
8,5166.9
13,5166.9
6,5167.3
21,5167.3
25,5167.3
2,5167.5
16,5167.5
7,5167.7
14,5167.8
15,5167.8
5,5167.9
18,5167.9
23,5167.9
0,5168.4
4,5168.4
11,5168.6
3,5169.4
30,5171.6
13,5172.1
31,5173.5
8,5173.7
14,5174.2
25,5174.3
7,5174.3
21,5174.5
6,5174.7
16,5175.5
2,5175.5
4,5175.6
15,5175.9
3,5176.1
30,5176.4
11,5178.3
0,5178.5
23,5178.9
5,5178.9
31,5178.9
8,5179.6
18,5179.8
14,5180.2
7,5180.3
21,5180.9
25,5181.0
6,5181.1
19,5182.0
20,5182.8
26,5182.8
4,5182.9
3,5183.6
22,5183.9
31,5183.9
16,5184.9
8,5185.7
2,5186.0
7,5186.3
14,5186.8
15,5187.8
21,5187.9
31,5189.0
6,5189.1
1,5189.4
25,5191.5
8,5192.8
7,5193.5
31,5194.3
30,5198.2
14,5198.7
31,5200.0
21,5201.7
30,5202.6
31,5206.6
30,5207.5
30,5212.9
30,5219.0
16,5222.5
15,5222.6
25,5222.6
13,5222.7
23,5222.8
8,5222.9
4,5223.0
2,5223.5
31,5224.0
6,5224.2
30,5224.8
7,5225.3
14,5225.4
3,5227.0
21,5227.5
11,5227.9
30,5230.5
4,5233.9
0,5234.3
8,5234.9
30,5236.3
31,5237.2
7,5237.2
14,5237.6
3,5239.2
21,5241.0
30,5242.6
13,5244.3
25,5247.2
8,5247.3
16,5247.3
31,5247.4
6,5247.4
2,5247.5
7,5247.7
14,5247.7
15,5247.7
23,5247.8
18,5247.9
5,5247.9
4,5248.1
11,5248.2
21,5248.2
30,5248.2
3,5248.8
0,5250.1
30,5253.1
31,5254.0
8,5254.1
25,5254.2
7,5254.5
14,5254.5
21,5254.5
6,5254.7
4,5255.3
16,5255.3
2,5255.4
15,5255.7
3,5256.0
11,5258.0
23,5258.7
5,5258.9
31,5259.4
18,5259.9
8,5259.9
7,5260.4
14,5260.5
21,5260.7
25,5260.9
6,5261.2
0,5261.4
19,5261.7
4,5262.5
1,5263.1
27,5263.5
20,5263.6
3,5263.6
26,5264.1
16,5264.5
31,5264.6
12,5264.7
2,5265.7
8,5265.9
7,5266.5
14,5267.1
15,5267.3
21,5267.6
6,5269.7
31,5269.8
25,5272.3
8,5272.8
7,5274.3
31,5275.4
14,5280.6
21,5280.9
31,5281.5
30,5283.2
30,5287.3
31,5290.9
30,5291.9
30,5297.1
15,5302.4
30,5302.5
23,5302.6
16,5302.6
25,5302.8
8,5303.0
4,5303.1
2,5303.5
6,5304.2
31,5305.2
7,5305.2
14,5305.3
3,5307.0
21,5307.5
30,5307.7
11,5307.9
30,5312.7
0,5314.2
4,5314.2
8,5314.9
7,5317.0
14,5317.4
30,5317.8
3,5319.2
21,5320.9
30,5323.4
31,5325.2
30,5329.5
13,5336.4
13,5340.8
30,5341.0
13,5345.6
13,5350.9
15,5352.3
23,5352.5
30,5354.5
13,5356.4
13,5362.1
16,5363.8
25,5364.0
8,5364.2
4,5364.7
13,5368.6
13,5382.1
13,5631.6
30,5631.8
8,5631.9
14,5632.0
7,5632.2
3,5632.2
16,5632.3
21,5632.3
31,5632.3
25,5632.3
6,5632.4
4,5632.4
2,5632.5
29,5632.7
15,5632.8
23,5632.9
11,5633.1
5,5633.1
18,5633.1
0,5633.5
13,5638.1
30,5638.5
8,5638.8
14,5638.9
31,5639.2
25,5639.3
6,5639.5
4,5639.6
21,5639.6
7,5639.8
3,5640.1
16,5640.5
2,5640.7
15,5641.0
29,5642.0
13,5643.1
11,5643.7
30,5644.2
23,5644.3
0,5644.4
8,5644.8
14,5645.2
31,5645.5
5,5645.5
18,5645.8
25,5646.2
21,5646.4
6,5646.8
4,5647.0
13,5647.8
1,5648.6
3,5648.7
7,5648.9
30,5650.0
19,5650.6
9,5651.1
8,5651.2
22,5651.3
27,5651.4
24,5651.7
14,5652.0
13,5652.5
16,5652.6
31,5652.9
28,5653.0
2,5653.7
21,5654.6
30,5656.3
13,5657.2
6,5660.1
25,5660.1
13,5662.2
8,5662.2
13,5667.7
30,5668.8
13,5673.5
13,5680.7
13,5711.4
30,5711.7
8,5711.8
14,5711.9
3,5712.0
21,5712.1
31,5712.1
7,5712.1
6,5712.2
25,5712.2
16,5712.2
2,5712.3
4,5712.3
29,5712.5
15,5712.7
23,5712.8
11,5712.9
18,5712.9
5,5712.9
0,5713.3
13,5717.9
30,5718.3
8,5718.6
14,5718.7
31,5719.0
25,5719.2
21,5719.2
6,5719.3
4,5719.4
7,5719.5
3,5719.7
16,5720.2
2,5720.4
15,5720.7
29,5721.3
11,5722.8
13,5722.9
0,5723.6
23,5723.8
30,5724.0
8,5724.5
5,5724.5
18,5724.6
14,5724.8
31,5725.1
21,5725.7
25,5726.0
6,5726.3
4,5726.6
13,5727.5
3,5728.0
7,5728.1
30,5729.6
8,5730.7
19,5731.1
9,5731.1
1,5731.3
14,5731.3
22,5731.4
27,5731.4
16,5731.6
31,5731.9
13,5732.0
2,5732.7
21,5733.1
30,5735.6
13,5736.6
6,5738.1
25,5738.7
8,5739.1
13,5741.3
14,5743.4
30,5743.7
31,5744.7
13,5746.3
13,5751.8
13,5757.7
13,5765.2
15,5768.0
30,5768.1
23,5768.1
16,5768.7
25,5768.8
8,5769.1
4,5769.3
2,5769.8
31,5770.2
6,5770.5
13,5771.9
7,5772.6
14,5772.7
3,5774.3
21,5774.9
11,5775.2
30,5775.4
13,5777.9
4,5780.5
30,5782.7
13,5783.9
14,5784.8
7,5785.1
3,5787.1
13,5790.5
8,5791.9
31,5792.1
30,5792.2
21,5792.3
25,5792.3
6,5792.3
29,5792.4
2,5792.5
16,5792.5
14,5792.7
15,5792.8
18,5792.9
23,5792.9
5,5792.9
0,5793.4
4,5793.4
11,5793.6
7,5793.9
3,5794.7
13,5796.2
30,5798.7
8,5798.7
31,5799.0
14,5799.2
25,5799.3
6,5799.4
21,5799.5
16,5800.5
2,5800.5
4,5800.6
15,5800.9
7,5801.0
13,5801.2
29,5801.3
3,5801.4
11,5803.2
0,5803.5
5,5803.8
23,5803.9
30,5804.3
8,5804.7
18,5804.8
31,5805.0
14,5805.3
21,5806.0
25,5806.0
1,5806.0
6,5806.0
22,5806.9
9,5807.8
4,5808.0
19,5808.2
20,5808.4
7,5808.8
28,5809.0
3,5809.3
30,5809.7
8,5810.8
16,5811.1
31,5811.6
14,5811.7
2,5812.5
15,5812.8
21,5813.2
30,5815.4
10,5816.0
6,5817.1
25,5817.3
8,5818.5
30,5822.0
31,5822.9
14,5823.1
13,5830.9
13,5835.2
13,5839.9
13,5844.9
16,5847.5
30,5847.7
15,5847.7
25,5847.7
23,5847.8
8,5847.9
4,5848.0
2,5848.5
31,5848.9
6,5849.2
13,5849.9
7,5850.3
14,5850.4
3,5852.0
21,5852.6
11,5852.9
13,5854.7
30,5855.1
4,5859.1
13,5859.3
0,5859.3
8,5860.0
14,5862.5
7,5862.9
30,5863.6
13,5863.7
3,5864.6
13,5868.3
21,5872.1
31,5872.1
25,5872.2
6,5872.3
30,5872.3
8,5872.3
16,5872.3
29,5872.5
2,5872.5
15,5872.7
14,5872.7
23,5872.8
5,5872.9
18,5872.9
4,5873.2
11,5873.2
7,5873.8
3,5873.9
0,5875.1
30,5878.7
31,5878.9
8,5879.1
25,5879.2
21,5879.3
6,5879.4
14,5879.5
16,5880.3
4,5880.4
2,5880.5
15,5880.8
3,5881.1
7,5881.3
29,5881.4
11,5882.9
23,5883.7
5,5883.8
30,5884.2
18,5884.9
31,5885.0
8,5885.0
14,5885.5
1,5885.6
21,5885.6
25,5885.9
6,5886.1
0,5886.3
22,5887.1
4,5887.7
24,5888.5
27,5888.7
20,5889.3
3,5889.6
30,5889.7
7,5889.8
16,5890.6
8,5891.0
31,5891.7
14,5892.2
2,5892.7
15,5892.9
21,5893.3
30,5895.4
6,5896.2
25,5897.7
8,5898.1
30,5902.1
31,5904.4
15,5927.4
30,5927.6
23,5927.6
16,5927.6
25,5927.8
8,5928.0
4,5928.1
2,5928.5
31,5928.8
6,5929.2
7,5930.2
14,5930.3
3,5932.0
21,5932.6
11,5932.9
30,5935.0
0,5939.2
4,5939.3
8,5940.0
14,5942.5
7,5942.6
30,5943.5
3,5944.6
13,5957.2
13,5961.2
13,5965.7
13,5970.7
13,5976.0
15,5977.3
30,5977.5
23,5977.5
13,5981.7
13,5987.8
16,5988.8
25,5988.9
8,5989.2
4,5989.7
13,5995.8
13,6256.6
8,6256.7
3,6256.7
30,6256.8
14,6257.0
7,6257.2
31,6257.3
21,6257.3
6,6257.4
2,6257.5
26,6257.6
16,6257.7
19,6257.7
29,6257.7
15,6257.8
23,6257.9
5,6258.1
11,6258.1
18,6258.1
4,6258.2
0,6258.5
25,6258.8
13,6263.1
8,6263.4
30,6263.5
3,6263.6
14,6263.9
31,6264.2
21,6264.6
6,6264.6
7,6264.8
2,6265.7
15,6266.0
26,6266.1
19,6266.2
29,6266.9
16,6267.0
13,6268.1
11,6268.6
8,6269.1
30,6269.3
23,6269.3
0,6269.4
3,6269.5
4,6269.5
14,6270.2
18,6270.3
5,6270.5
31,6270.6
21,6271.5
6,6271.6
13,6272.9
10,6273.4
1,6273.5
7,6274.0
17,6274.4
8,6274.8
30,6275.0
3,6275.6
9,6276.6
14,6277.1
19,6277.3
22,6277.5
13,6277.5
27,6277.8
2,6278.0
31,6278.5
26,6279.1
21,6280.8
8,6280.8
30,6281.4
13,6282.3
3,6283.0
6,6283.2
13,6287.3
8,6288.6
13,6292.7
30,6295.1
13,6298.5
13,6305.4
8,6329.8
3,6330.1
26,6330.3
16,6330.3
19,6330.4
13,6336.4
30,6336.7
14,6336.9
7,6337.1
21,6337.1
31,6337.1
6,6337.2
8,6337.3
2,6337.3
3,6337.4
29,6337.5
15,6337.7
23,6337.8
18,6337.9
11,6337.9
5,6337.9
4,6338.1
0,6338.3
25,6338.6
26,6339.9
19,6339.9
16,6340.4
13,6342.9
30,6343.4
8,6343.6
3,6343.6
14,6343.7
31,6344.0
21,6344.2
6,6344.3
7,6344.5
2,6345.4
15,6345.7
29,6346.2
11,6347.8
13,6347.9
26,6348.2
19,6348.3
0,6348.5
23,6348.8
30,6349.0
4,6349.0
16,6349.0
8,6349.1
3,6349.2
5,6349.2
18,6349.2
14,6349.8
31,6350.2
21,6350.8
6,6351.2
13,6352.5
7,6353.2
1,6353.8
8,6354.2
3,6354.5
30,6354.7
10,6355.3
9,6356.3
14,6356.4
27,6356.4
24,6356.5
13,6357.0
2,6357.0
28,6357.0
19,6357.4
31,6357.5
26,6358.4
15,6358.4
29,6358.4
21,6358.8
8,6359.6
16,6359.7
3,6360.0
30,6360.6
13,6361.5
6,6362.4
8,6365.2
3,6365.8
13,6366.2
30,6368.2
13,6371.2
8,6371.6
3,6373.2
13,6376.5
13,6382.4
8,6385.7
13,6389.4
16,6390.8
26,6390.8
19,6390.9
3,6391.0
15,6392.9
23,6393.1
30,6393.1
8,6394.0
2,6394.8
31,6395.2
6,6395.5
4,6395.6
13,6395.7
7,6397.6
14,6397.7
3,6399.6
21,6399.9
11,6400.2
30,6400.3
13,6401.6
13,6407.2
8,6407.3
30,6407.5
3,6408.6
7,6409.9
14,6410.1
13,6413.1
31,6417.1
30,6417.1
6,6417.3
3,6417.3
8,6417.3
21,6417.3
2,6417.5
16,6417.5
26,6417.5
29,6417.5
19,6417.6
14,6417.8
15,6417.8
18,6417.9
5,6417.9
23,6418.0
4,6418.2
13,6418.4
0,6418.4
11,6418.5
25,6418.6
7,6418.9
30,6423.6
8,6423.9
3,6423.9
31,6424.0
14,6424.2
6,6424.4
21,6424.5
2,6425.4
26,6425.8
15,6425.9
19,6425.9
7,6426.0
29,6426.3
16,6426.4
11,6428.4
4,6428.4
0,6428.5
5,6428.5
23,6428.9
30,6429.1
18,6429.4
8,6429.6
3,6429.6
1,6430.0
31,6430.0
14,6430.2
21,6431.0
6,6431.2
22,6433.5
7,6433.8
10,6433.8
30,6434.6
20,6434.8
8,6435.1
3,6435.3
19,6435.6
31,6436.6
2,6436.6
26,6436.8
14,6436.8
28,6436.9
15,6437.3
21,6438.3
30,6440.3
8,6441.0
3,6441.5
6,6442.4
30,6446.6
8,6447.7
31,6448.6
14,6449.7
3,6450.1
30,6461.0
13,6465.8
13,6469.9
15,6472.6
23,6472.8
2,6473.5
30,6473.8
31,6473.8
6,6474.2
4,6474.3
13,6474.6
7,6475.3
14,6475.4
3,6477.0
21,6477.6
11,6477.9
8,6479.7
16,6480.3
26,6480.3
19,6480.4
30,6481.5
0,6484.3
3,6484.6
7,6487.7
14,6487.7
8,6487.9
30,6491.1
3,6493.4
13,6496.0
8,6497.0
31,6497.2
21,6497.2
6,6497.3
29,6497.5
2,6497.5
30,6497.6
26,6497.7
15,6497.7
19,6497.8
16,6497.8
14,6497.8
23,6497.9
18,6497.9
5,6497.9
4,6498.1
11,6498.2
25,6498.6
7,6498.8
3,6499.8
0,6500.1
30,6503.3
8,6503.5
31,6504.0
6,6504.4
21,6504.4
14,6504.5
3,6505.1
2,6505.5
26,6505.7
15,6505.7
19,6505.8
7,6506.2
29,6506.3
16,6506.5
11,6507.7
30,6508.4
4,6508.5
5,6508.7
23,6508.8
8,6509.0
18,6509.4
1,6510.0
31,6510.1
3,6510.1
17,6510.4
14,6510.6
21,6510.8
6,6511.2
0,6511.3
22,6513.2
30,6513.4
8,6514.3
7,6514.5
3,6515.0
26,6515.4
19,6515.9
31,6516.9
2,6517.0
15,6517.3
28,6517.4
14,6517.6
30,6518.6
21,6518.6
8,6519.8
3,6520.1
6,6521.4
30,6524.1
8,6525.5
3,6525.6
30,6530.3
31,6530.6
3,6531.6
8,6532.2
3,6540.5
30,6543.6
8,6549.6
16,6550.1
26,6550.1
19,6550.2
3,6551.7
15,6552.4
23,6552.6
2,6553.5
30,6553.9
31,6554.0
6,6554.2
4,6554.3
7,6555.2
14,6555.3
21,6557.6
11,6557.9
3,6558.8
8,6561.5
30,6561.6
0,6564.2
3,6566.1
7,6567.6
14,6567.8
30,6571.8
8,6573.6
13,6589.3
13,6593.8
8,6594.4
3,6594.6
16,6594.8
26,6594.8
19,6594.9
13,6598.7
15,6602.3
30,6602.5
23,6602.5
13,6603.8
8,6607.0
3,6607.6
13,6609.0
13,6614.6
13,6620.7
13,6631.3
13,6881.6
3,6881.7
8,6881.7
21,6882.3
31,6882.3
30,6882.3
6,6882.4
25,6882.5
2,6882.5
26,6882.6
16,6882.7
29,6882.7
19,6882.7
15,6882.8
12,6882.9
23,6882.9
14,6883.0
17,6883.0
11,6883.1
18,6883.1
5,6883.1
4,6883.2
24,6883.3
0,6883.5
13,6888.1
8,6888.4
3,6888.6
31,6889.2
30,6889.3
6,6889.6
21,6889.6
25,6889.8
2,6890.7
15,6891.0
26,6891.1
19,6891.3
29,6892.0
16,6892.2
13,6893.1
14,6893.1
12,6893.2
17,6893.6
11,6893.7
8,6894.0
23,6894.2
3,6894.4
0,6894.4
4,6894.7
24,6894.8
5,6895.3
18,6895.4
31,6895.6
30,6896.1
6,6896.5
21,6896.6
13,6897.8
25,6898.0
8,6899.7
3,6900.5
1,6900.8
2,6901.4
19,6902.3
13,6902.4
28,6902.4
15,6903.0
31,6903.8
8,6905.6
13,6907.1
3,6907.6
30,6907.6
6,6907.9
21,6908.0
13,6912.0
8,6912.8
13,6917.2
13,6922.9
13,6929.2
13,6941.7
8,6951.5
3,6951.8
16,6952.0
26,6952.0
19,6952.1
13,6961.5
8,6961.9
3,6962.0
31,6962.1
21,6962.1
30,6962.2
6,6962.2
2,6962.3
25,6962.4
29,6962.5
15,6962.6
12,6962.7
14,6962.8
23,6962.8
17,6962.9
5,6962.9
11,6962.9
18,6962.9
4,6963.1
24,6963.2
0,6963.4
26,6964.3
19,6964.3
16,6964.7
13,6968.0
8,6968.6
3,6968.7
31,6969.0
21,6969.2
30,6969.2
6,6969.3
25,6969.6
2,6970.3
15,6970.7
29,6971.4
19,6972.3
26,6972.5
14,6972.7
12,6972.7
11,6972.7
13,6972.9
17,6973.1
23,6973.4
16,6973.6
0,6973.8
24,6974.1
18,6974.1
4,6974.2
5,6974.2
8,6974.2
3,6974.5
31,6975.2
21,6975.8
30,6975.8
6,6976.3
10,6976.9
25,6977.4
13,6977.6
8,6979.7
3,6980.2
2,6980.2
15,6981.1
28,6981.4
19,6981.7
13,6982.1
1,6982.2
31,6982.6
26,6983.5
21,6984.6
16,6985.3
8,6985.4
30,6986.0
3,6986.4
13,6986.6
6,6987.2
13,6991.1
8,6991.6
3,6995.7
13,6995.9
13,7001.0
8,7002.8
13,7006.6
13,7012.7
26,7014.1
16,7014.3
19,7014.3
3,7014.4
8,7015.1
15,7017.9
30,7018.1
23,7018.1
12,7018.8
25,7018.8
13,7018.9
17,7019.0
24,7019.3
2,7019.8
31,7020.2
6,7020.5
4,7020.6
3,7024.4
13,7024.6
21,7024.9
11,7025.2
30,7027.8
8,7028.4
13,7030.1
3,7033.9
13,7035.7
13,7041.3
8,7042.0
31,7042.2
21,7042.3
3,7042.3
6,7042.3
25,7042.4
2,7042.4
26,7042.5
16,7042.5
29,7042.5
19,7042.6
15,7042.7
30,7042.7
14,7042.8
5,7042.9
18,7042.9
12,7042.9
17,7043.0
23,7043.0
24,7043.2
4,7043.2
0,7043.4
11,7043.5
13,7046.6
8,7048.8
3,7048.9
31,7049.0
6,7049.4
30,7049.6
21,7049.6
25,7049.7
2,7050.1
15,7050.5
19,7050.8
26,7050.8
29,7051.1
16,7051.2
14,7052.5
17,7052.8
12,7053.0
11,7053.1
5,7053.4
0,7053.7
23,7053.7
24,7053.7
4,7054.1
18,7054.3
8,7054.3
3,7054.5
31,7055.1
21,7056.0
30,7056.1
6,7056.3
25,7057.4
1,7057.9
28,7058.4
8,7059.7
2,7059.9
3,7060.1
15,7060.4
26,7061.3
31,7061.6
19,7061.6
22,7062.2
29,7063.1
21,7063.2
16,7063.8
8,7065.3
30,7065.7
3,7066.1
6,7067.5
8,7071.4
3,7072.9
31,7073.1
8,7079.7
13,7081.0
13,7085.1
13,7089.6
13,7094.4
25,7097.5
12,7097.5
15,7097.6
17,7097.7
30,7097.7
23,7097.8
24,7098.0
2,7098.5
31,7098.9
6,7099.2
4,7099.3
13,7099.3
3,7102.0
21,7102.6
11,7102.9
13,7104.1
8,7104.4
16,7105.0
26,7105.0
19,7105.1
30,7107.6
13,7108.7
0,7109.3
3,7109.5
8,7112.4
13,7112.9
13,7117.2
3,7118.3
13,7121.4
8,7121.9
31,7122.2
6,7122.3
21,7122.3
25,7122.4
29,7122.5
2,7122.5
15,7122.6
30,7122.6
26,7122.7
19,7122.8
16,7122.8
14,7122.8
23,7122.9
12,7122.9
18,7122.9
5,7122.9
17,7123.0
4,7123.1
11,7123.2
24,7123.3
3,7124.7
0,7125.0
8,7128.4
31,7129.0
21,7129.4
6,7129.4
30,7129.6
25,7129.7
3,7130.0
2,7130.2
15,7130.4
26,7130.7
19,7130.8
29,7130.9
16,7131.2
11,7132.5
14,7132.5
17,7132.7
12,7132.9
23,7133.5
5,7133.5
8,7133.8
24,7134.1
4,7134.1
18,7134.3
3,7134.9
31,7135.1
21,7135.9
6,7136.1
30,7136.1
25,7137.2
0,7137.4
28,7138.1
8,7139.2
2,7139.7
3,7139.8
15,7140.1
19,7140.6
26,7140.9
31,7141.9
16,7143.1
21,7144.0
29,7144.2
8,7144.6
30,7144.7
3,7144.8
6,7145.3
3,7150.2
8,7150.3
31,7155.4
3,7156.0
8,7156.6
3,7163.2
8,7170.2
26,7176.1
16,7176.1
19,7176.2
3,7176.8
15,7177.4
30,7177.5
23,7177.6
25,7177.7
12,7177.7
17,7177.9
8,7178.1
24,7178.2
2,7178.5
31,7179.0
6,7179.2
4,7179.3
21,7182.6
11,7182.9
3,7184.0
30,7187.3
8,7188.1
0,7189.2
3,7191.1
8,7201.3
3,7203.8
13,7206.5
13,7210.9
13,7215.7
8,7220.9
13,7221.1
26,7221.2
16,7221.2
19,7221.3
3,7221.7
13,7226.6
15,7227.3
23,7227.5
30,7227.5
12,7230.0
25,7230.0
17,7230.2
24,7230.5
13,7232.5
8,7233.6
13,7239.1
13,7506.6
3,7506.7
8,7506.9
6,7507.1
12,7507.1
4,7507.2
30,7507.3
31,7507.3
21,7507.3
2,7507.5
25,7507.5
26,7507.6
19,7507.7
29,7507.7
16,7507.7
15,7507.8
23,7507.9
14,7508.0
17,7508.0
11,7508.1
28,7508.1
5,7508.1
18,7508.1
24,7508.3
13,7513.1
3,7513.6
8,7513.8
6,7513.9
31,7514.2
30,7514.3
4,7514.4
12,7514.4
21,7514.6
25,7514.8
2,7515.7
15,7516.0
26,7516.1
19,7516.3
29,7517.0
28,7517.1
16,7517.2
13,7518.1
14,7518.2
11,7518.6
17,7518.6
23,7519.2
3,7519.4
6,7519.7
24,7519.9
8,7520.2
5,7520.4
18,7520.4
31,7520.6
30,7521.0
21,7521.6
4,7521.7
12,7522.3
9,7522.4
13,7522.8
25,7523.0
3,7525.2
6,7525.7
1,7526.1
2,7526.3
13,7527.5
19,7527.7
8,7527.7
28,7528.7
31,7528.9
15,7529.0
30,7531.4
21,7531.7
3,7531.8
13,7532.1
6,7532.7
13,7536.9
13,7542.0
3,7545.2
13,7547.4
13,7553.4
13,7560.9
8,7576.5
3,7576.8
16,7577.0
26,7577.0
19,7577.1
13,7586.4
6,7586.9
12,7586.9
3,7586.9
21,7587.1
31,7587.1
4,7587.1
30,7587.2
8,7587.2
2,7587.3
25,7587.4
29,7587.5
15,7587.7
14,7587.8
23,7587.8
5,7587.9
11,7587.9
28,7587.9
18,7587.9
17,7587.9
24,7588.2
26,7589.3
19,7589.3
16,7589.7
13,7592.9
3,7593.6
6,7593.7
31,7594.0
8,7594.1
30,7594.2
12,7594.2
21,7594.2
4,7594.3
25,7594.6
2,7595.3
15,7595.8
29,7596.2
28,7596.5
19,7597.4
26,7597.5
14,7597.7
13,7597.8
11,7597.8
17,7598.0
23,7598.4
16,7598.6
5,7599.0
24,7599.1
18,7599.1
6,7599.4
3,7599.4
31,7600.2
8,7600.4
30,7600.7
21,7600.9
4,7601.2
12,7601.8
10,7602.0
25,7602.4
13,7602.5
3,7605.0
2,7605.0
6,7605.2
1,7606.2
13,7607.0
19,7607.1
28,7607.2
31,7607.4
8,7607.5
15,7607.5
29,7607.7
26,7608.6
21,7609.0
30,7609.1
3,7610.8
16,7611.3
13,7611.4
6,7611.5
4,7612.2
13,7616.0
3,7617.5
6,7620.7
13,7620.8
13,7626.0
13,7631.6
13,7637.7
8,7638.6
3,7639.0
16,7639.1
26,7639.2
19,7639.3
15,7642.9
23,7643.1
30,7643.1
25,7643.6
12,7643.6
17,7643.8
13,7643.9
24,7644.1
2,7644.8
6,7645.3
31,7645.3
4,7645.5
3,7649.2
13,7649.6
21,7649.9
11,7650.2
28,7650.8
8,7650.9
30,7652.5
12,7652.5
6,7653.5
4,7653.9
13,7655.1
3,7658.4
13,7660.6
6,7665.7
13,7666.2
8,7667.1
3,7667.2
31,7667.2
21,7667.3
2,7667.4
25,7667.4
29,7667.5
26,7667.5
12,7667.5
4,7667.5
16,7667.5
30,7667.6
19,7667.6
14,7667.8
15,7667.8
18,7667.9
5,7667.9
17,7668.0
23,7668.0
24,7668.3
28,7668.3
11,7668.6
13,7671.5
6,7672.3
3,7673.9
31,7674.0
8,7674.1
30,7674.5
21,7674.5
25,7674.7
4,7674.9
12,7674.9
2,7675.2
19,7675.6
15,7675.7
26,7675.8
29,7676.0
16,7676.1
28,7676.9
14,7677.6
6,7677.7
17,7677.9
11,7678.1
23,7678.2
5,7678.3
24,7678.5
18,7679.3
3,7679.5
31,7680.1
8,7680.2
10,7680.8
30,7680.9
21,7680.9
4,7681.5
25,7682.0
12,7682.3
6,7682.7
3,7685.1
2,7685.3
15,7686.5
28,7686.6
19,7686.7
31,7686.7
8,7686.9
6,7687.7
26,7688.1
21,7688.4
29,7689.0
30,7689.5
3,7690.9
4,7691.4
6,7693.1
3,7697.4
6,7698.9
31,7699.0
6,7705.9
13,7714.2
13,7718.4
25,7722.5
12,7722.5
15,7722.6
17,7722.7
30,7722.7
13,7722.8
23,7722.8
24,7723.0
2,7723.5
31,7723.8
4,7724.3
6,7724.4
3,7727.0
21,7727.6
11,7727.9
28,7728.1
8,7729.5
26,7730.0
16,7730.0
19,7730.1
12,7731.7
30,7732.6
6,7733.0
4,7733.2
3,7734.5
31,7737.5
8,7741.9
3,7742.9
13,7744.6
6,7747.1
21,7747.3
12,7747.4
25,7747.4
2,7747.5
29,7747.5
30,7747.6
4,7747.6
26,7747.7
15,7747.7
16,7747.8
19,7747.8
14,7747.8
23,7747.9
18,7747.9
5,7747.9
31,7748.0
17,7748.1
28,7748.1
11,7748.2
24,7748.4
8,7748.8
3,7749.3
6,7753.8
21,7754.4
30,7754.5
8,7754.6
25,7754.6
12,7754.7
4,7754.7
3,7754.7
31,7754.8
2,7755.2
15,7755.5
26,7755.7
19,7755.7
29,7756.0
16,7756.2
28,7756.3
14,7757.5
11,7757.6
17,7758.0
23,7758.1
5,7758.2
24,7758.8
18,7759.3
6,7759.6
3,7759.6
8,7760.3
31,7760.9
21,7760.9
30,7760.9
10,7761.0
4,7761.6
25,7761.9
12,7761.9
3,7764.5
2,7765.1
6,7765.3
19,7766.2
26,7766.2
8,7766.2
15,7766.4
28,7766.5
31,7767.8
21,7768.9
3,7769.5
29,7769.6
30,7769.7
6,7771.3
4,7772.9
8,7773.0
3,7774.9
6,7779.1
3,7780.7
3,7788.1
8,7800.6
16,7801.1
26,7801.1
19,7801.2
3,7801.8
15,7802.4
30,7802.5
23,7802.6
12,7802.7
25,7802.7
17,7802.9
24,7803.2
2,7803.5
31,7804.0
6,7804.1
4,7804.2
21,7807.6
11,7807.9
28,7808.1
3,7809.0
12,7812.0
30,7812.2
6,7812.6
8,7813.1
4,7813.1
3,7816.2
3,7829.9
13,7845.0
8,7845.7
26,7846.2
16,7846.2
19,7846.3
3,7846.9
13,7849.4
15,7852.3
23,7852.5
30,7852.5
13,7854.0
25,7855.0
12,7855.0
17,7855.2
24,7855.5
8,7858.7
13,7858.7
13,7863.7
13,7869.1
13,7875.0
13,7882.9
13,8131.6
2,8131.7
3,8131.7
8,8131.9
19,8132.0
6,8132.1
12,8132.1
4,8132.2
30,8132.3
21,8132.3
9,8132.4
25,8132.5
28,8132.5
26,8132.6
29,8132.7
16,8132.7
27,8132.8
15,8132.8
23,8132.9
31,8132.9
17,8133.0
11,8133.1
18,8133.1
24,8133.3
13,8138.1
3,8138.6
2,8138.6
8,8138.8
19,8138.9
6,8138.9
30,8139.3
4,8139.5
12,8139.5
21,8139.6
28,8139.8
25,8139.8
9,8140.4
15,8141.0
26,8141.1
31,8141.2
29,8142.0
27,8142.2
16,8142.2
13,8143.1
17,8143.7
11,8143.7
23,8144.1
3,8144.4
6,8144.8
2,8144.8
24,8144.9
19,8145.2
8,8145.2
18,8145.6
30,8146.1
21,8146.5
4,8146.7
28,8146.9
12,8147.2
13,8147.8
25,8147.8
10,8148.2
5,8148.6
3,8150.4
6,8150.8
9,8151.4
2,8151.8
22,8151.9
15,8152.2
19,8152.2
13,8152.5
8,8152.8
31,8153.2
27,8153.8
26,8153.8
14,8154.5
16,8156.4
30,8156.7
21,8156.7
3,8157.2
13,8157.2
6,8158.3
28,8159.0
4,8159.5
13,8162.0
13,8167.2
13,8172.8
13,8179.0
13,8189.5
8,8201.5
3,8201.8
26,8202.0
16,8202.0
19,8202.1
13,8211.4
2,8211.6
12,8211.9
6,8211.9
3,8211.9
4,8212.0
21,8212.1
30,8212.2
9,8212.2
28,8212.3
8,8212.3
25,8212.4
29,8212.5
15,8212.6
27,8212.7
19,8212.7
31,8212.8
23,8212.8
18,8212.9
11,8212.9
17,8212.9
24,8213.2
26,8214.2
16,8214.6
13,8217.9
2,8218.5
3,8218.6
6,8218.7
8,8219.1
30,8219.2
12,8219.2
21,8219.2
4,8219.3
28,8219.5
19,8219.6
25,8219.6
9,8220.0
15,8220.7
31,8220.9
29,8221.2
27,8221.4
26,8222.4
13,8222.8
11,8222.8
17,8223.0
16,8223.4
23,8223.5
24,8224.1
6,8224.4
3,8224.4
2,8224.5
18,8224.6
8,8225.5
30,8225.6
21,8225.8
19,8225.9
4,8226.2
28,8226.2
10,8226.6
12,8226.6
25,8227.4
13,8227.5
3,8230.1
9,8230.1
6,8230.2
2,8231.1
31,8231.6
15,8231.7
13,8232.0
26,8232.2
27,8232.4
8,8232.7
19,8232.8
21,8234.0
29,8234.1
30,8234.6
28,8235.4
3,8236.1
6,8236.3
13,8236.5
4,8236.9
13,8241.1
2,8242.2
3,8243.5
6,8244.9
13,8246.0
13,8251.3
13,8257.0
13,8263.5
8,8263.7
3,8263.9
16,8264.2
26,8264.2
19,8264.3
2,8267.9
15,8267.9
9,8268.0
23,8268.1
30,8268.1
27,8268.5
12,8268.6
25,8268.6
17,8268.8
28,8269.0
24,8269.1
13,8269.7
31,8270.3
6,8270.4
4,8270.5
19,8272.5
3,8274.2
21,8274.9
11,8275.2
13,8275.5
2,8276.2
8,8276.4
28,8277.1
12,8277.4
30,8277.6
6,8278.6
4,8279.0
13,8281.1
3,8283.2
19,8285.3
13,8286.6
2,8288.9
28,8289.7
6,8291.2
13,8291.8
8,8292.2
3,8292.2
21,8292.3
25,8292.4
9,8292.4
12,8292.4
16,8292.5
26,8292.5
29,8292.5
4,8292.6
30,8292.6
27,8292.8
15,8292.8
19,8292.8
18,8292.9
23,8293.0
31,8293.0
17,8293.1
24,8293.3
11,8293.6
2,8295.7
28,8296.8
13,8297.0
6,8297.9
3,8298.9
19,8299.2
8,8299.2
30,8299.5
21,8299.5
25,8299.7
12,8299.8
4,8299.9
9,8300.1
15,8300.6
26,8300.7
31,8300.8
29,8301.1
16,8301.2
27,8301.3
2,8301.4
28,8302.9
17,8303.0
10,8303.2
11,8303.2
6,8303.4
23,8303.5
24,8303.5
3,8304.5
18,8304.5
5,8304.7
19,8305.3
8,8305.3
21,8305.9
30,8305.9
4,8306.6
12,8306.9
2,8307.0
25,8307.1
6,8308.6
28,8309.2
9,8309.5
3,8310.1
31,8310.4
15,8310.7
19,8312.2
8,8312.4
2,8312.9
21,8313.0
26,8313.2
6,8313.9
30,8314.4
29,8314.8
27,8314.8
3,8315.9
4,8316.6
28,8318.4
6,8319.6
2,8319.6
3,8322.7
6,8325.9
6,8340.4
13,8343.4
2,8347.4
12,8347.5
25,8347.5
15,8347.6
30,8347.7
9,8347.7
13,8347.7
17,8347.7
23,8347.8
24,8348.0
19,8348.1
27,8348.2
28,8348.7
31,8349.0
4,8349.2
3,8352.0
6,8352.3
21,8352.6
11,8352.9
8,8354.5
26,8355.0
16,8355.0
2,8355.9
19,8356.0
12,8356.6
28,8357.3
30,8357.5
4,8358.0
3,8359.5
6,8363.2
19,8366.3
8,8367.2
3,8368.2
13,8369.4
2,8369.5
9,8372.3
21,8372.3
25,8372.4
12,8372.4
4,8372.5
28,8372.5
29,8372.5
15,8372.6
30,8372.6
26,8372.7
6,8372.7
27,8372.7
16,8372.8
23,8372.9
31,8372.9
18,8372.9
17,8373.0
11,8373.2
19,8373.2
24,8373.4
8,8374.1
3,8374.6
2,8376.4
19,8379.3
6,8379.3
21,8379.4
30,8379.5
12,8379.6
25,8379.6
28,8379.7
4,8379.7
3,8379.9
8,8380.0
9,8380.0
15,8380.4
26,8380.7
31,8380.8
29,8381.1
27,8381.2
16,8381.3
2,8382.2
11,8382.7
17,8382.9
23,8383.4
10,8383.6
24,8383.9
18,8384.4
5,8384.8
3,8384.8
6,8385.0
19,8385.2
8,8385.7
21,8385.8
30,8385.9
28,8386.4
4,8386.5
12,8386.9
25,8387.0
2,8388.0
9,8389.5
3,8389.7
15,8390.3
6,8390.9
31,8391.3
19,8391.5
26,8391.7
8,8391.8
21,8393.4
2,8394.3
30,8394.6
27,8394.6
3,8394.7
29,8394.9
28,8396.3
6,8397.3
4,8397.5
3,8400.0
8,8400.6
19,8402.5
2,8404.5
3,8405.9
6,8409.3
3,8413.4
8,8425.5
26,8426.1
16,8426.1
19,8426.2
3,8427.0
15,8427.4
30,8427.5
2,8427.6
23,8427.6
12,8427.7
25,8427.7
17,8427.9
9,8428.0
24,8428.2
27,8428.5
31,8429.0
28,8429.0
4,8429.2
6,8429.6
21,8432.6
11,8432.9
3,8434.2
19,8434.9
2,8436.1
12,8436.9
30,8437.2
28,8437.8
8,8438.0
4,8438.2
6,8438.4
3,8441.5
2,8449.7
8,8470.7
3,8471.0
16,8471.2
26,8471.2
19,8471.3
13,8474.2
15,8477.3
2,8477.4
9,8477.4
23,8477.5
30,8477.5
27,8477.9
28,8478.4
13,8478.7
19,8479.1
25,8480.0
12,8480.0
17,8480.2
24,8480.5
13,8483.2
8,8483.9
3,8484.0
13,8487.8
19,8489.9
13,8492.8
13,8498.4
13,8504.5
13,8516.4
2,8756.4
8,8756.7
13,8756.9
25,8756.9
19,8757.0
6,8757.1
12,8757.1
4,8757.2
30,8757.3
9,8757.4
3,8757.5
28,8757.5
26,8757.6
16,8757.7
29,8757.7
15,8757.8
27,8757.8
31,8757.9
23,8757.9
17,8758.0
18,8758.1
24,8758.3
21,8758.3
2,8763.0
8,8763.3
13,8763.6
25,8763.6
19,8763.9
6,8763.9
30,8764.3
12,8764.5
4,8764.5
28,8764.8
9,8765.3
3,8765.5
15,8766.0
26,8766.1
31,8766.2
29,8767.0
27,8767.0
16,8767.3
2,8768.5
17,8768.6
8,8768.8
23,8769.2
25,8769.3
13,8769.3
6,8769.7
24,8769.9
19,8770.3
18,8770.6
21,8770.6
30,8770.9
10,8771.2
4,8771.6
28,8772.1
12,8772.2
11,8773.4
2,8773.8
8,8774.3
25,8775.1
13,8775.1
6,8775.7
3,8776.5
9,8776.8
19,8777.3
22,8777.4
15,8777.6
31,8778.9
2,8779.2
7,8779.6
8,8780.2
30,8780.5
5,8781.0
13,8781.3
16,8781.7
25,8781.8
6,8783.0
4,8784.1
2,8785.1
28,8785.1
8,8787.5
13,8789.8
2,8792.3
8,8826.5
3,8826.8
16,8827.0
26,8827.0
19,8827.1
2,8834.9
25,8835.1
8,8835.8
13,8836.8
12,8836.9
6,8836.9
4,8837.0
9,8837.2
30,8837.2
28,8837.3
29,8837.5
15,8837.6
19,8837.7
27,8837.7
23,8837.8
31,8837.8
18,8837.9
17,8837.9
21,8838.0
24,8838.2
3,8838.8
26,8839.3
16,8839.6
2,8841.5
25,8841.8
8,8842.2
13,8843.5
6,8843.7
30,8844.2
12,8844.2
4,8844.3
28,8844.5
19,8844.5
9,8845.1
15,8845.7
31,8845.9
29,8846.2
3,8846.4
27,8846.5
2,8846.8
25,8847.3
8,8847.4
26,8847.5
17,8847.7
23,8848.3
16,8848.5
13,8849.1
24,8849.2
21,8849.4
6,8849.4
18,8849.6
30,8850.6
4,8850.8
19,8850.8
12,8851.4
28,8851.4
10,8851.7
2,8851.8
11,8852.3
8,8852.5
25,8852.7
13,8854.6
6,8855.1
9,8855.9
3,8855.9
2,8856.7
15,8857.0
31,8857.1
8,8857.6
19,8857.6
25,8858.3
26,8858.6
30,8859.4
27,8859.8
4,8860.2
13,8860.2
5,8860.5
6,8861.2
28,8861.6
2,8861.8
8,8862.9
25,8864.2
13,8866.2
2,8866.9
8,8868.4
6,8869.6
25,8870.6
2,8872.3
13,8873.7
8,8874.3
2,8878.1
8,8881.9
2,8885.5
3,8889.0
16,8889.2
26,8889.2
19,8889.3
8,8889.6
9,8892.7
13,8892.8
15,8892.9
23,8893.1
30,8893.1
27,8893.2
25,8893.5
12,8893.6
2,8893.6
28,8893.7
17,8893.8
24,8894.1
31,8895.3
6,8895.4
4,8895.5
19,8897.5
8,8899.8
2,8900.4
13,8901.0
25,8901.6
28,8902.0
12,8902.4
30,8902.6
6,8903.6
4,8903.9
2,8907.1
19,8910.4
8,8911.4
25,8912.0
13,8912.5
28,8914.9
2,8916.1
6,8916.2
3,8917.3
12,8917.4
9,8917.4
29,8917.4
26,8917.4
16,8917.5
30,8917.5
4,8917.6
27,8917.8
15,8917.8
19,8917.8
18,8917.9
17,8917.9
8,8917.9
31,8918.0
21,8918.0
23,8918.0
24,8918.3
25,8918.5
13,8919.1
28,8922.0
2,8922.5
6,8922.9
8,8923.3
25,8923.9
19,8924.1
13,8924.5
30,8924.5
12,8924.8
4,8924.8
3,8925.1
9,8925.2
26,8925.6
15,8925.7
31,8925.9
29,8926.1
16,8926.2
27,8926.6
17,8927.5
2,8927.7
10,8927.9
23,8928.0
28,8928.1
8,8928.2
6,8928.4
21,8928.4
24,8928.5
25,8928.9
13,8929.4
18,8929.7
19,8930.1
30,8931.0
4,8931.6
12,8932.0
2,8932.6
8,8933.0
22,8933.1
6,8933.6
25,8933.7
14,8934.1
13,8934.1
28,8934.5
0,8934.9
9,8935.1
3,8935.2
20,8935.6
31,8936.1
11,8936.4
19,8936.8
2,8937.4
26,8937.6
8,8937.8
29,8938.3
15,8938.4
25,8938.8
13,8938.9
6,8939.0
27,8939.4
30,8940.3
4,8942.1
2,8942.4
8,8943.0
13,8944.0
25,8944.3
6,8944.6
28,8944.6
2,8947.8
8,8948.7
13,8949.4
19,8950.2
25,8950.4
6,8950.9
2,8953.6
8,8955.1
13,8955.4
2,8960.6
6,8962.8
25,8962.8
13,8963.0
2,8970.9
8,8971.0
25,8971.7
12,8972.5
15,8972.6
30,8972.7
17,8972.7
23,8972.8
24,8973.0
9,8973.1
13,8973.3
19,8973.6
27,8973.6
31,8974.0
28,8974.0
4,8974.2
6,8976.3
2,8977.9
3,8979.8
26,8980.0
16,8980.0
8,8980.2
25,8980.6
19,8981.3
12,8981.6
13,8981.9
30,8982.6
28,8982.7
4,8983.1
2,8984.8
6,8986.2
8,8990.6
19,8991.0
13,8995.4
2,8995.8
25,8996.9
8,8997.2
12,8997.4
9,8997.4
4,8997.5
6,8997.5
29,8997.5
3,8997.6
28,8997.6
30,8997.6
26,8997.7
15,8997.7
27,8997.8
16,8997.8
17,8997.9
23,8997.9
18,8997.9
31,8997.9
21,8998.0
19,8998.0
24,8998.4
13,9002.1
2,9002.3
8,9003.0
25,9003.6
19,9004.1
6,9004.2
12,9004.6
30,9004.6
4,9004.7
28,9004.8
9,9005.2
3,9005.3
15,9005.7
26,9005.7
31,9005.8
29,9006.2
27,9006.5
16,9006.5
2,9007.5
13,9007.6
17,9007.6
23,9008.1
8,9008.2
10,9008.5
24,9008.7
21,9008.7
25,9009.2
18,9009.5
6,9009.9
19,9010.0
30,9011.1
4,9011.4
28,9011.7
12,9011.9
2,9012.4
22,9012.8
13,9012.8
8,9013.2
3,9014.8
25,9014.8
9,9015.2
6,9015.7
19,9016.3
26,9016.8
31,9017.0
2,9017.3
15,9017.3
5,9017.4
13,9018.0
8,9018.3
29,9019.5
27,9020.4
30,9020.6
25,9020.9
4,9021.5
6,9022.0
2,9022.4
28,9022.7
13,9023.5
8,9023.9
19,9026.8
2,9028.0
13,9029.4
8,9030.0
25,9030.4
6,9032.0
2,9034.1
13,9036.8
8,9040.2
2,9044.1
3,9050.9
19,9051.1
26,9051.1
16,9051.2
8,9052.1
15,9052.4
9,9052.5
30,9052.5
13,9052.6
23,9052.6
12,9052.7
17,9052.9
25,9052.9
27,9053.0
2,9053.2
24,9053.2
28,9053.4
31,9054.0
4,9054.2
6,9054.2
8,9059.9
19,9059.9
2,9060.2
25,9060.5
13,9061.1
28,9062.0
12,9062.0
30,9062.3
6,9062.7
4,9063.0
2,9066.8
25,9069.8
8,9070.4
2,9076.8
8,9095.6
3,9096.0
26,9096.2
16,9096.2
19,9096.3
2,9101.4
9,9101.6
27,9102.0
13,9102.1
15,9102.3
28,9102.5
30,9102.5
23,9102.5
19,9104.2
25,9105.0
12,9105.0
17,9105.2
24,9105.5
8,9107.7
2,9109.1
25,9113.2
19,9115.6
2,9118.2
8,9120.9
25,9126.4
2,9381.4
6,9381.6
8,9381.7
25,9381.9
19,9382.0
12,9382.1
31,9382.1
4,9382.2
29,9382.3
13,9382.4
9,9382.4
3,9382.5
28,9382.5
26,9382.6
16,9382.7
15,9382.8
27,9382.8
17,9383.0
30,9383.1
18,9383.1
24,9383.3
21,9383.3
22,9383.5
2,9388.0
6,9388.1
8,9388.3
25,9388.6
31,9388.8
19,9388.9
29,9389.4
4,9389.5
12,9389.5
13,9389.7
28,9389.8
9,9390.3
3,9390.5
26,9391.1
15,9391.5
27,9392.0
16,9392.3
6,9393.1
30,9393.1
2,9393.5
17,9393.6
8,9393.8
25,9394.3
24,9394.9
31,9394.9
19,9395.2
22,9395.5
18,9395.6
21,9395.7
29,9396.2
10,9396.4
4,9396.7
13,9396.9
28,9397.1
12,9397.2
6,9397.9
2,9398.7
11,9399.0
8,9399.4
25,9400.1
9,9401.3
31,9401.3
3,9401.4
19,9402.3
6,9402.4
15,9404.0
2,9404.1
8,9405.3
5,9406.0
25,9406.7
6,9407.0
28,9408.1
29,9409.0
13,9409.1
4,9409.6
2,9409.9
6,9411.9
31,9412.6
8,9412.8
2,9416.6
6,9417.2
6,9422.9
6,9429.8
8,9451.4
3,9451.8
26,9452.0
16,9452.0
19,9452.1
2,9452.7
25,9452.9
8,9460.0
6,9461.4
2,9461.8
12,9461.9
31,9461.9
4,9462.0
29,9462.0
9,9462.2
28,9462.3
13,9462.3
25,9462.4
15,9462.6
19,9462.7
27,9462.7
17,9462.9
18,9462.9
30,9463.0
21,9463.0
24,9463.2
22,9463.3
3,9463.8
26,9464.2
16,9464.6
8,9466.2
6,9467.9
2,9468.2
31,9468.7
25,9469.0
12,9469.2
29,9469.2
4,9469.3
13,9469.5
19,9469.5
28,9469.5
9,9470.0
15,9471.1
8,9471.2
3,9471.4
27,9471.5
26,9472.4
30,9472.4
17,9472.5
6,9472.9
2,9473.5
16,9473.7
24,9474.0
21,9474.2
31,9474.6
25,9474.6
18,9474.6
22,9474.7
29,9475.7
19,9475.8
8,9475.9
4,9475.9
12,9476.4
13,9476.4
28,9476.4
10,9476.9
6,9477.5
11,9477.9
2,9478.5
9,9480.2
25,9480.3
3,9480.6
8,9480.6
31,9480.9
14,9481.1
6,9482.0
26,9482.3
19,9482.7
2,9483.5
15,9483.8
29,9484.0
27,9484.4
4,9485.1
8,9485.3
28,9485.5
25,9486.2
5,9486.5
6,9486.5
13,9487.7
2,9488.8
31,9489.1
12,9489.4
8,9490.4
6,9491.2
25,9493.6
2,9494.5
8,9496.1
6,9496.3
2,9500.9
6,9501.8
8,9502.5
6,9507.8
8,9514.0
3,9514.0
26,9514.1
16,9514.2
19,9514.3
25,9514.7
2,9514.8
6,9516.5
9,9517.7
27,9518.2
12,9518.5
28,9518.7
17,9518.8
31,9519.0
24,9519.1
15,9519.4
29,9519.8
22,9520.1
13,9520.2
4,9520.5
30,9520.5
2,9521.8
19,9522.5
8,9522.7
25,9522.8
6,9523.5
28,9526.9
31,9527.1
12,9527.3
2,9528.2
4,9529.0
6,9529.9
25,9535.3
19,9535.5
2,9536.3
6,9537.2
31,9539.4
28,9539.7
13,9539.8
8,9541.5
29,9542.1
9,9542.3
12,9542.3
26,9542.4
3,9542.4
25,9542.5
2,9542.5
16,9542.5
4,9542.6
27,9542.8
19,9542.8
15,9542.9
18,9542.9
21,9543.0
6,9543.1
30,9543.1
17,9543.1
22,9543.3
24,9543.3
31,9546.1
28,9546.7
13,9546.9
2,9547.7
6,9548.0
8,9548.1
25,9548.5
19,9549.1
29,9549.1
12,9549.7
4,9549.9
9,9550.1
3,9550.2
26,9550.5
15,9551.4
16,9551.4
27,9551.6
31,9551.6
30,9552.2
2,9552.5
17,9552.5
28,9552.8
10,9553.3
13,9553.3
8,9553.5
24,9553.5
21,9553.5
25,9553.9
22,9554.5
18,9554.6
19,9555.1
29,9555.8
4,9556.6
12,9556.9
31,9556.9
2,9557.1
8,9558.8
28,9559.1
25,9559.3
9,9559.4
13,9560.1
3,9560.6
20,9561.0
11,9561.3
19,9561.6
2,9561.6
26,9562.2
31,9562.3
8,9564.4
27,9564.6
15,9564.7
29,9564.8
25,9564.9
2,9566.3
4,9566.4
28,9567.8
31,9568.1
12,9570.4
8,9570.5
25,9571.1
2,9571.2
19,9574.7
31,9574.8
2,9576.6
6,9578.2
8,9579.9
6,9582.5
2,9582.6
25,9583.3
6,9587.2
2,9590.8
6,9592.3
6,9597.5
12,9597.5
17,9597.7
31,9597.8
24,9598.0
9,9598.1
15,9598.3
2,9598.3
19,9598.5
27,9598.6
29,9598.7
13,9598.9
25,9599.0
22,9599.0
28,9599.0
30,9599.2
4,9599.2
6,9602.5
8,9603.5
2,9604.9
3,9604.9
16,9605.0
26,9605.0
31,9605.9
19,9606.2
12,9606.5
25,9606.9
6,9607.3
28,9607.6
4,9608.1
2,9611.3
8,9612.1
6,9612.1
19,9615.7
6,9617.0
31,9617.9
25,9618.3
2,9620.0
6,9621.8
8,9622.0
29,9622.1
13,9622.2
9,9622.3
12,9622.4
4,9622.5
26,9622.5
28,9622.6
3,9622.7
15,9622.7
27,9622.8
19,9622.9
16,9622.9
18,9622.9
17,9622.9
21,9623.0
30,9623.2
24,9623.4
22,9623.4
31,9624.6
25,9624.8
2,9626.3
8,9628.5
29,9629.1
19,9629.1
13,9629.4
12,9629.6
4,9629.7
28,9629.8
9,9630.1
31,9630.2
25,9630.2
3,9630.4
26,9630.4
15,9631.1
2,9631.4
27,9631.6
16,9631.6
17,9632.4
30,9632.4
10,9633.1
21,9633.5
24,9633.8
8,9633.9
18,9634.5
22,9634.6
25,9635.1
19,9635.1
31,9635.3
29,9635.7
13,9636.1
2,9636.2
4,9636.4
28,9636.6
12,9636.9
8,9639.3
9,9639.6
25,9640.0
3,9640.1
31,9640.5
2,9640.8
26,9641.3
19,9641.5
15,9644.1
8,9644.8
29,9645.0
25,9645.1
2,9645.6
31,9646.0
13,9646.4
4,9646.8
28,9647.0
2,9650.7
25,9650.7
8,9650.9
31,9652.0
19,9652.7
2,9656.2
25,9657.0
8,9659.7
31,9660.8
2,9662.4
6,9669.2
6,9673.4
2,9674.1
8,9675.7
3,9675.9
25,9676.0
26,9676.1
16,9676.1
19,9676.1
9,9677.5
12,9677.7
6,9677.8
17,9677.9
27,9678.0
24,9678.2
31,9678.2
15,9678.3
28,9678.5
29,9678.8
13,9678.9
22,9679.0
4,9679.2
30,9679.2
2,9680.9
6,9682.4
8,9684.4
25,9684.6
19,9685.0
31,9686.4
6,9686.9
12,9686.9
28,9687.0
2,9687.1
4,9688.1
6,9691.3
2,9694.5
6,9695.7
31,9699.5
6,9700.3
6,9705.2
6,9710.7
6,9716.7
8,9720.6
3,9721.0
16,9721.2
26,9721.2
19,9721.3
2,9721.7
25,9721.9
6,9725.8
9,9726.5
27,9727.0
28,9727.5
19,9729.2
8,9729.2
2,9729.5
12,9730.0
17,9730.2
24,9730.5
25,9730.6
2,9739.5
19,9740.6
25,9742.6
