5,86.6
25,86.7
10,86.7
6,86.8
17,86.8
12,86.9
29,87.0
2,87.0
13,87.0
14,87.1
27,87.2
19,87.2
23,87.3
31,87.4
20,87.4
30,87.4
7,87.6
0,87.6
11,87.7
8,87.7
24,87.7
26,87.8
1,87.8
16,88.0
22,88.4
15,88.5
5,93.1
10,93.2
25,93.2
17,93.4
12,93.7
6,93.8
29,93.8
2,93.9
14,93.9
30,94.2
19,94.3
23,94.4
27,94.5
20,94.8
31,94.9
13,95.0
26,95.5
8,95.8
24,96.0
7,96.5
0,96.5
1,97.1
11,97.5
5,98.0
25,98.1
10,98.5
17,98.8
16,98.9
12,99.8
14,99.9
6,99.9
29,100.0
2,100.1
30,100.3
22,100.6
19,101.3
15,101.5
31,101.5
23,101.6
27,102.1
20,102.5
5,102.7
25,102.8
10,103.4
26,103.7
3,104.0
17,104.0
11,105.1
6,106.4
14,106.9
12,106.9
2,107.0
5,107.3
29,107.4
25,107.5
30,107.6
13,107.8
0,107.9
10,108.4
17,109.4
31,109.9
27,110.8
5,111.7
20,111.9
25,112.2
10,113.6
17,115.3
11,115.5
5,116.1
26,117.0
6,117.2
25,117.2
10,119.2
5,120.7
12,121.2
25,122.7
17,122.7
5,125.6
10,125.6
25,128.8
5,130.9
5,136.8
25,138.1
10,139.5
5,144.4
13,154.4
19,155.1
25,155.4
10,155.6
12,158.8
17,158.9
2,159.0
29,159.3
27,159.6
5,160.1
25,166.5
10,166.6
6,166.7
5,166.9
14,166.9
31,167.2
17,167.2
30,167.2
23,167.2
20,167.3
8,167.4
0,167.4
7,167.5
24,167.5
11,167.6
12,167.6
2,167.6
26,167.6
1,167.6
16,167.7
13,167.8
19,167.8
29,167.9
22,168.1
15,168.2
27,168.3
5,172.7
25,172.9
10,173.1
17,173.6
6,173.6
14,173.7
30,174.0
23,174.2
12,174.2
2,174.3
20,174.5
29,174.5
31,174.5
19,174.9
26,175.2
27,175.4
13,175.5
8,175.5
24,175.6
0,175.7
7,176.2
11,176.6
1,176.7
5,177.5
25,177.8
16,177.8
10,178.2
17,178.8
22,179.5
15,179.6
14,179.6
6,179.6
30,180.0
12,180.2
2,180.2
29,180.5
23,180.9
31,181.0
20,181.0
3,181.5
19,181.7
27,181.8
26,182.2
25,182.5
10,183.1
17,183.7
11,184.1
13,185.4
0,185.4
6,185.9
14,185.9
2,186.3
12,186.6
30,186.7
25,187.0
24,187.1
29,187.1
10,187.8
8,188.1
20,188.3
17,188.7
27,188.7
31,188.8
25,191.5
23,191.9
10,192.6
26,192.6
19,192.9
2,193.9
17,194.0
6,194.1
11,194.2
14,195.6
12,195.7
25,196.1
10,197.7
30,199.1
29,199.4
17,199.6
25,201.0
10,203.2
5,203.6
25,206.2
17,206.2
5,207.8
10,209.3
25,211.9
5,212.4
10,217.3
5,217.5
13,217.6
25,217.8
19,218.3
12,219.2
2,219.4
17,219.7
27,220.0
29,220.1
5,222.6
6,223.0
23,223.6
7,223.6
25,223.9
10,224.0
30,224.0
14,224.0
1,225.1
16,225.2
26,225.5
0,225.6
24,225.7
8,225.7
12,226.8
17,227.1
19,227.4
5,227.7
29,228.1
25,230.0
10,230.2
13,231.0
2,231.4
5,232.8
6,235.1
17,235.2
12,236.0
25,236.1
10,236.7
30,237.1
5,238.1
29,240.0
25,243.4
5,243.8
10,246.0
14,246.9
19,247.0
27,247.1
17,247.1
2,247.2
23,247.2
31,247.2
20,247.3
12,247.4
6,247.4
7,247.6
11,247.6
13,247.6
26,247.7
29,247.7
0,247.7
1,247.8
24,247.8
16,247.8
8,247.8
30,248.0
22,248.1
15,248.3
5,249.0
25,249.3
10,252.3
17,253.6
14,253.7
2,254.0
12,254.1
19,254.1
29,254.1
23,254.3
25,254.3
27,254.3
6,254.4
20,254.5
31,254.5
30,254.8
26,255.2
8,255.7
13,255.8
24,255.8
0,255.9
7,256.3
11,256.5
1,256.9
10,257.3
16,257.6
17,258.8
22,258.9
15,259.6
14,259.6
3,259.9
29,260.0
2,260.0
12,260.1
6,260.4
27,260.5
30,260.8
23,260.8
20,260.8
31,261.0
19,261.1
10,262.0
26,262.2
17,263.8
11,264.6
0,265.7
13,265.7
14,266.0
2,266.4
10,266.5
29,266.5
12,266.7
24,266.8
6,266.8
27,267.3
8,267.5
30,267.6
20,267.6
19,268.2
31,268.7
17,268.9
10,271.0
23,271.3
26,272.9
17,274.4
10,275.4
6,276.2
2,276.7
14,276.7
13,277.8
12,279.2
29,279.3
19,279.4
10,279.8
17,280.4
10,284.5
17,288.7
10,289.6
10,295.2
25,296.5
5,300.0
25,300.8
10,301.4
14,302.2
30,302.4
6,302.5
12,302.6
29,302.6
23,303.1
7,303.1
1,303.8
16,303.9
0,304.1
8,304.2
24,304.2
26,304.2
5,304.6
19,304.7
17,305.1
25,305.4
13,306.4
10,307.2
5,308.9
2,311.0
12,311.5
27,311.7
29,312.0
10,312.4
17,312.4
5,313.5
19,314.5
6,314.5
30,315.6
10,317.6
5,317.9
25,318.8
17,320.1
12,322.3
5,322.5
25,322.9
10,323.0
2,323.2
29,324.1
5,327.3
25,327.3
10,328.7
25,332.0
5,332.7
10,335.5
25,337.2
5,338.5
25,342.9
5,346.0
25,349.6
13,351.8
10,352.2
19,352.5
6,353.1
23,353.7
7,353.7
5,354.7
25,356.5
14,357.2
29,357.2
12,357.3
30,357.3
10,359.8
17,362.2
2,362.2
5,362.6
27,362.9
29,364.8
12,364.9
6,365.5
25,366.1
10,368.5
5,372.1
12,374.1
29,374.6
17,374.7
2,375.0
5,631.6
10,631.7
25,631.7
12,631.8
17,631.8
6,631.8
13,631.9
14,632.0
29,632.0
2,632.0
19,632.1
27,632.2
23,632.3
30,632.3
31,632.3
20,632.4
0,632.6
7,632.6
8,632.6
11,632.7
24,632.7
26,632.7
1,632.8
16,632.9
15,633.3
22,633.4
5,638.0
25,638.1
10,638.2
17,638.4
12,638.6
6,638.7
14,638.8
29,638.8
2,638.9
30,639.1
19,639.3
27,639.4
23,639.4
20,639.7
31,639.8
13,639.9
26,640.4
8,640.8
24,641.0
0,641.3
7,641.4
1,642.1
11,642.4
5,642.9
25,643.1
10,643.4
17,643.7
16,643.8
12,644.6
14,644.8
6,644.8
29,644.9
2,644.9
30,645.2
22,645.6
27,645.9
15,646.2
20,646.2
19,646.2
31,646.4
23,646.4
26,647.4
25,647.7
5,647.8
10,648.2
17,648.8
3,649.0
11,650.7
6,651.2
12,651.3
14,651.6
2,651.6
29,652.1
30,652.2
13,652.2
25,652.2
0,652.2
10,653.1
27,653.3
20,653.9
17,654.0
24,654.3
8,654.3
31,654.8
25,656.8
19,657.9
10,658.2
26,658.5
23,658.7
17,659.6
5,660.8
25,661.7
6,662.0
10,663.7
2,664.1
5,665.1
14,665.6
17,665.9
25,667.0
5,669.7
10,669.7
25,672.7
5,674.8
10,678.6
25,679.4
5,680.3
5,686.5
5,697.6
13,698.5
25,698.8
10,699.0
19,699.2
12,701.0
17,701.0
2,701.1
29,701.5
27,701.8
5,707.3
25,710.0
10,710.3
6,711.7
14,711.9
17,711.9
2,712.1
12,712.1
31,712.2
23,712.2
30,712.2
20,712.2
8,712.5
7,712.5
13,712.5
0,712.5
24,712.6
29,712.6
26,712.6
11,712.6
19,712.7
1,712.7
16,712.8
27,713.1
22,713.1
15,713.2
5,713.5
25,716.3
10,716.8
17,718.4
5,718.5
6,718.6
14,718.7
12,718.9
2,718.9
30,719.0
23,719.2
29,719.5
31,719.5
20,719.5
19,719.7
26,720.1
13,720.2
27,720.4
8,720.5
24,720.6
0,720.8
7,721.2
25,721.3
11,721.6
10,721.7
1,721.9
16,723.0
17,723.7
14,724.5
22,724.5
6,724.6
15,724.6
12,724.9
30,724.9
2,724.9
29,725.5
23,725.8
20,725.9
31,726.0
3,726.4
10,726.4
19,726.5
27,726.7
26,727.1
17,728.6
11,729.3
13,729.7
0,730.6
6,730.7
14,730.8
10,730.9
2,731.0
12,731.3
30,731.5
29,732.1
24,732.1
8,732.8
20,732.9
17,733.6
27,733.7
31,733.7
10,735.2
23,736.3
19,737.4
26,737.8
6,738.7
2,738.8
17,738.8
10,739.8
14,740.8
11,741.2
12,741.5
30,743.4
17,744.5
29,744.6
10,744.6
25,747.1
10,749.9
17,751.0
25,751.5
10,755.7
25,756.3
5,760.9
25,761.5
10,762.4
13,763.3
12,763.8
19,763.9
2,763.9
17,764.2
27,764.4
29,764.7
5,765.4
25,766.8
6,767.1
23,767.7
7,767.7
10,768.6
14,768.7
30,768.8
1,770.0
5,770.1
16,770.1
26,770.5
8,770.6
0,770.6
24,770.7
12,771.3
17,771.5
25,771.8
19,772.4
29,772.6
10,774.3
5,774.5
2,775.9
25,776.4
13,776.6
5,778.7
6,779.1
17,779.6
12,780.1
10,780.1
25,781.0
30,782.0
5,783.1
29,783.9
25,785.8
10,786.2
5,787.8
25,790.8
14,791.9
10,791.9
17,792.0
19,792.0
27,792.0
2,792.1
23,792.2
31,792.2
12,792.2
20,792.3
5,792.3
6,792.3
7,792.5
11,792.6
13,792.6
29,792.7
26,792.7
0,792.7
24,792.8
8,792.8
16,792.8
1,792.8
30,793.0
22,793.1
15,793.3
10,797.2
17,798.5
14,798.7
12,798.9
2,798.9
19,799.1
23,799.2
27,799.2
6,799.3
29,799.3
20,799.5
31,799.6
30,799.8
26,800.2
13,800.7
24,800.8
8,800.8
0,801.0
7,801.2
11,801.5
1,801.9
10,802.1
16,802.6
17,803.6
22,803.9
14,804.6
15,804.6
2,804.8
12,804.9
3,804.9
6,805.3
29,805.3
27,805.4
23,805.7
20,805.8
30,805.8
31,806.0
19,806.0
26,807.2
17,808.6
11,809.7
13,810.6
14,810.9
10,810.9
0,811.0
2,811.1
12,811.3
6,811.5
24,811.7
29,812.0
27,812.2
8,812.5
30,812.5
20,812.7
19,813.1
17,813.6
31,813.7
23,815.7
26,818.3
17,819.0
6,820.4
2,820.6
14,820.9
12,821.2
13,822.5
10,823.8
19,824.8
17,824.8
27,826.0
10,828.2
17,831.9
10,832.8
10,837.9
10,843.4
6,846.8
14,847.2
12,847.3
29,847.3
30,847.4
23,847.4
7,847.4
10,848.8
1,848.8
16,848.9
0,849.0
8,849.1
24,849.1
26,849.2
19,849.6
17,849.6
13,851.3
10,853.8
2,855.8
12,856.2
27,856.4
29,856.6
17,856.8
10,858.5
6,858.9
19,859.3
30,860.6
10,863.1
17,864.3
12,866.6
2,867.8
10,867.9
29,868.0
13,871.9
14,871.9
17,872.1
23,872.2
6,872.2
31,872.2
20,872.3
27,872.4
7,872.5
10,872.5
0,872.5
8,872.6
11,872.6
26,872.7
19,872.7
24,872.7
1,872.8
30,872.9
16,873.0
22,873.1
15,873.3
12,873.3
2,874.5
29,874.7
17,878.3
14,878.7
12,879.0
23,879.2
6,879.2
20,879.5
31,879.6
27,879.6
30,879.7
13,879.7
19,879.8
26,880.2
2,880.2
29,880.5
8,880.6
24,880.7
0,880.8
7,881.1
11,881.4
1,882.1
16,882.9
17,883.4
22,883.8
12,884.3
3,884.5
14,884.5
15,884.7
6,885.1
2,885.6
23,885.7
30,885.7
27,885.8
20,885.9
29,886.0
31,886.0
19,886.8
26,887.2
17,888.3
11,889.0
13,889.3
12,889.7
14,890.7
0,890.9
2,891.0
6,891.4
24,891.4
29,891.8
8,892.1
30,892.5
27,892.9
20,893.1
17,893.2
31,893.8
12,895.5
23,895.8
2,896.9
26,897.9
29,898.3
17,898.3
14,899.2
19,899.7
6,900.2
11,901.2
12,902.1
13,902.3
2,904.0
17,904.0
30,906.1
17,910.3
19,912.8
12,924.5
2,924.6
17,924.8
29,924.9
27,925.3
6,926.7
23,927.3
7,927.3
14,927.7
30,928.1
0,928.7
24,928.8
8,928.8
1,928.9
16,929.0
26,929.2
19,930.3
17,932.3
12,932.3
29,933.0
2,936.4
6,938.8
10,940.5
17,941.1
13,941.2
30,941.5
12,942.9
19,943.0
29,945.5
10,949.3
5,952.5
10,953.4
13,954.7
5,956.9
10,957.7
25,960.8
5,961.8
10,962.4
25,965.1
5,967.2
10,967.7
12,969.1
17,969.1
2,969.2
29,969.6
27,969.9
25,969.9
5,973.0
10,973.4
25,975.2
6,976.4
7,977.0
23,977.0
5,978.4
10,979.3
25,981.0
17,981.1
2,981.5
12,981.8
14,982.5
30,982.6
29,982.7
5,983.8
10,985.4
25,988.4
6,988.6
5,989.3
10,993.1
12,993.3
13,994.5
19,995.2
5,995.4
25,995.7
29,995.9
30,996.2
10,1000.7
5,1004.5
25,1004.9
10,1013.0
5,1256.5
10,1256.6
25,1256.6
6,1256.8
12,1256.8
17,1256.8
13,1256.9
29,1256.9
2,1257.0
14,1257.0
19,1257.1
27,1257.2
23,1257.3
30,1257.3
31,1257.3
20,1257.4
8,1257.6
0,1257.6
7,1257.6
26,1257.7
24,1257.7
11,1257.7
1,1257.8
16,1257.9
15,1258.3
22,1258.4
5,1262.9
10,1263.1
25,1263.1
17,1263.4
12,1263.5
29,1263.7
6,1263.7
2,1263.8
14,1263.8
30,1264.1
19,1264.2
23,1264.4
27,1264.4
20,1264.7
13,1264.8
31,1264.8
26,1265.3
8,1265.8
24,1266.0
0,1266.3
7,1266.4
1,1267.1
11,1267.4
5,1267.8
25,1268.0
10,1268.2
17,1268.6
16,1268.8
12,1269.5
6,1269.7
14,1269.8
29,1269.8
2,1269.9
30,1270.1
22,1270.6
27,1270.8
19,1271.0
20,1271.2
15,1271.3
31,1271.4
23,1271.4
26,1272.3
25,1272.6
10,1273.0
17,1273.6
3,1273.9
11,1275.7
12,1276.0
6,1276.0
14,1276.4
2,1276.4
13,1276.6
29,1276.7
30,1276.9
25,1277.0
0,1277.1
10,1277.8
27,1278.1
20,1278.7
17,1278.7
24,1279.1
8,1279.2
31,1279.8
25,1281.5
19,1282.0
10,1282.6
26,1283.1
23,1283.6
17,1284.2
6,1285.6
25,1286.2
10,1287.9
2,1288.0
12,1288.5
14,1289.8
5,1289.8
17,1290.2
25,1291.2
10,1293.7
5,1294.2
25,1296.7
5,1298.9
17,1299.8
10,1300.5
25,1302.7
5,1304.1
5,1309.8
25,1311.9
5,1316.4
13,1323.5
10,1323.7
19,1324.2
25,1325.0
17,1326.0
12,1326.0
2,1326.1
29,1326.4
27,1326.8
5,1327.3
10,1334.4
25,1336.4
6,1336.6
5,1336.7
17,1336.8
14,1336.9
2,1337.0
12,1337.0
23,1337.2
30,1337.2
31,1337.2
20,1337.3
13,1337.5
7,1337.5
8,1337.5
29,1337.5
0,1337.5
24,1337.5
26,1337.6
11,1337.6
19,1337.7
1,1337.7
16,1337.8
22,1338.1
27,1338.1
15,1338.2
10,1340.7
25,1342.7
5,1343.0
17,1343.3
6,1343.5
14,1343.6
2,1343.7
12,1343.7
30,1343.9
29,1344.2
23,1344.2
20,1344.5
31,1344.5
19,1344.7
13,1345.1
26,1345.1
27,1345.2
8,1345.5
24,1345.6
10,1345.7
0,1345.8
7,1346.2
11,1346.6
1,1346.9
25,1347.6
5,1347.7
16,1348.1
17,1348.4
6,1349.4
22,1349.5
14,1349.5
15,1349.6
2,1349.6
12,1349.7
30,1349.9
29,1350.2
23,1350.8
20,1350.9
31,1351.0
19,1351.4
3,1351.4
27,1351.5
26,1352.1
25,1352.3
17,1353.3
11,1354.4
13,1354.5
0,1355.4
6,1355.4
14,1355.7
2,1355.7
12,1355.9
30,1356.4
24,1356.6
29,1356.6
25,1356.7
8,1357.7
20,1357.9
17,1358.2
27,1358.4
31,1358.7
23,1360.9
25,1361.0
19,1361.4
26,1362.5
6,1362.7
10,1363.1
2,1363.1
17,1363.3
12,1364.7
14,1365.0
25,1365.4
11,1365.8
29,1366.9
30,1367.3
10,1367.5
17,1368.8
25,1370.1
20,1371.7
10,1372.1
5,1373.8
17,1374.9
25,1375.0
10,1377.1
5,1378.0
25,1380.4
5,1382.6
10,1382.7
17,1385.7
25,1386.4
5,1387.5
10,1388.3
13,1388.3
12,1388.5
2,1388.7
19,1389.0
29,1389.2
27,1389.3
6,1392.1
25,1392.4
5,1392.5
7,1392.7
23,1392.7
14,1393.7
30,1393.7
10,1393.9
17,1394.1
1,1395.0
16,1395.1
26,1395.4
0,1395.5
8,1395.6
24,1395.6
12,1395.9
29,1396.9
19,1397.4
5,1397.4
25,1398.1
10,1399.0
2,1400.3
13,1401.5
17,1401.9
5,1402.2
25,1403.5
6,1403.7
10,1403.9
12,1404.1
30,1406.5
29,1406.8
5,1407.3
25,1408.9
10,1409.0
5,1412.7
10,1414.4
25,1414.7
17,1415.5
14,1416.9
12,1417.0
2,1417.0
19,1417.0
27,1417.0
31,1417.2
23,1417.2
20,1417.2
6,1417.3
11,1417.6
29,1417.6
5,1417.6
13,1417.6
7,1417.6
26,1417.7
0,1417.7
1,1417.8
24,1417.8
8,1417.8
16,1417.9
30,1417.9
22,1418.1
15,1418.3
10,1419.4
25,1420.0
17,1421.9
14,1423.7
12,1423.8
2,1423.8
19,1424.1
6,1424.2
27,1424.2
23,1424.2
29,1424.3
20,1424.5
31,1424.6
30,1424.7
26,1425.2
8,1425.7
13,1425.7
24,1425.8
0,1426.0
7,1426.3
11,1426.5
17,1426.9
1,1426.9
16,1427.7
22,1429.0
14,1429.6
15,1429.6
12,1429.6
2,1429.7
3,1429.9
6,1430.2
27,1430.3
29,1430.3
30,1430.6
20,1430.7
23,1430.7
19,1430.9
31,1431.0
17,1431.7
26,1432.1
11,1434.6
13,1435.5
2,1435.8
14,1435.8
12,1435.8
0,1435.9
17,1436.3
6,1436.3
24,1436.7
29,1436.9
27,1437.0
8,1437.2
30,1437.3
20,1437.5
19,1437.9
31,1438.8
23,1440.5
17,1441.1
26,1441.9
2,1443.9
12,1444.2
6,1444.3
14,1444.8
17,1446.3
13,1447.1
19,1448.4
27,1449.7
29,1450.5
20,1450.7
30,1451.2
17,1451.9
17,1458.5
10,1470.0
6,1471.8
14,1472.3
7,1472.4
23,1472.4
12,1472.4
29,1472.6
30,1472.7
1,1473.8
16,1473.9
0,1474.0
8,1474.1
24,1474.1
26,1474.2
19,1474.4
17,1474.5
10,1474.8
13,1476.2
2,1480.7
12,1481.0
27,1481.3
29,1481.5
17,1481.6
6,1483.5
19,1483.7
30,1485.9
17,1488.9
13,1489.7
12,1490.9
2,1492.3
29,1492.7
10,1496.0
14,1496.9
17,1497.0
23,1497.1
20,1497.2
6,1497.2
31,1497.2
27,1497.4
0,1497.5
19,1497.5
7,1497.5
12,1497.6
11,1497.6
8,1497.6
26,1497.7
24,1497.7
1,1497.8
30,1497.9
16,1498.0
22,1498.2
15,1498.3
13,1498.6
2,1499.0
29,1499.4
17,1503.2
12,1503.5
14,1503.6
6,1504.1
23,1504.2
27,1504.5
20,1504.5
31,1504.5
19,1504.6
2,1504.6
30,1504.7
29,1505.1
26,1505.2
8,1505.6
24,1505.7
0,1505.8
7,1506.1
11,1506.4
13,1506.5
1,1507.2
16,1508.0
17,1508.3
12,1509.0
22,1509.0
14,1509.5
3,1509.6
15,1509.7
2,1509.8
6,1510.0
29,1510.5
23,1510.6
30,1510.7
20,1510.8
27,1510.8
31,1511.0
19,1511.4
26,1512.1
17,1513.1
11,1514.0
12,1514.6
2,1515.1
14,1515.6
0,1515.8
29,1516.0
6,1516.2
24,1516.5
8,1517.0
30,1517.3
27,1517.7
17,1517.9
20,1518.0
13,1518.2
31,1518.6
23,1520.6
12,1520.6
2,1520.7
26,1521.9
29,1522.0
17,1522.9
19,1523.7
14,1524.1
6,1524.3
11,1525.6
2,1526.9
13,1527.9
12,1528.3
17,1528.3
30,1530.6
29,1531.0
17,1534.3
19,1535.3
2,1537.4
17,1542.9
12,1549.6
27,1550.2
29,1550.4
17,1550.5
2,1550.8
6,1551.7
23,1552.3
7,1552.3
14,1552.7
30,1553.0
0,1553.7
24,1553.8
8,1553.8
1,1553.9
16,1554.0
26,1554.2
19,1554.7
12,1557.3
17,1557.4
29,1558.5
6,1563.4
2,1563.7
17,1565.1
30,1566.0
13,1566.2
12,1567.6
19,1567.7
29,1571.7
13,1579.6
5,1581.7
5,1586.0
5,1590.7
12,1594.1
17,1594.1
2,1594.2
29,1594.7
27,1594.8
5,1595.7
10,1597.1
5,1600.7
6,1601.4
10,1601.4
7,1602.0
23,1602.0
25,1602.2
17,1605.6
5,1605.7
10,1606.0
2,1606.2
12,1606.7
25,1606.7
14,1607.5
29,1607.6
30,1607.6
5,1610.7
10,1610.8
25,1611.7
6,1613.4
10,1615.9
5,1616.0
25,1617.3
12,1617.9
13,1619.6
19,1620.2
29,1620.4
10,1620.9
30,1621.0
5,1621.7
25,1623.0
10,1625.8
5,1628.3
25,1628.9
10,1630.9
25,1635.8
10,1636.4
10,1642.5
10,1653.9
5,1881.5
10,1881.6
25,1881.6
6,1881.7
12,1881.8
17,1881.8
13,1881.9
29,1881.9
14,1882.0
2,1882.0
19,1882.1
27,1882.2
31,1882.3
23,1882.3
30,1882.3
20,1882.4
8,1882.6
0,1882.6
7,1882.6
24,1882.7
26,1882.7
11,1882.7
1,1882.8
16,1882.9
15,1883.3
22,1883.4
5,1887.9
25,1888.0
10,1888.1
17,1888.3
12,1888.5
6,1888.6
29,1888.7
2,1888.8
14,1888.8
30,1889.1
19,1889.2
27,1889.4
23,1889.4
13,1889.7
20,1889.7
31,1889.8
26,1890.3
8,1890.8
24,1891.0
0,1891.3
7,1891.4
1,1892.1
11,1892.4
5,1892.7
25,1892.9
10,1893.1
17,1893.5
16,1893.8
12,1894.4
6,1894.6
14,1894.7
29,1894.7
2,1894.8
30,1895.1
22,1895.6
27,1895.7
19,1895.9
20,1896.2
15,1896.3
23,1896.3
31,1896.4
26,1897.2
25,1897.5
10,1897.8
17,1898.4
3,1898.7
12,1900.7
11,1900.7
6,1900.8
14,1901.2
2,1901.2
29,1901.3
13,1901.4
30,1901.8
25,1901.8
0,1902.1
10,1902.4
27,1903.0
17,1903.4
20,1903.6
24,1903.9
8,1904.0
31,1904.7
19,1906.0
25,1906.2
10,1907.2
26,1907.7
23,1908.3
17,1908.7
6,1909.6
25,1910.7
12,1911.6
2,1912.0
10,1912.2
14,1913.7
29,1914.2
17,1914.6
25,1915.5
30,1915.7
10,1917.8
5,1918.8
25,1920.7
17,1922.0
5,1923.3
10,1923.9
25,1926.4
5,1928.1
25,1933.0
5,1933.4
10,1935.6
5,1939.3
5,1947.1
13,1948.5
25,1949.0
19,1949.1
10,1949.6
12,1951.0
17,1951.0
2,1951.1
29,1951.4
27,1951.7
5,1954.8
25,1959.9
10,1961.0
6,1961.6
5,1961.7
17,1961.7
2,1961.9
14,1961.9
12,1962.0
23,1962.2
31,1962.2
20,1962.2
30,1962.2
29,1962.4
24,1962.5
8,1962.5
13,1962.5
7,1962.5
0,1962.5
11,1962.6
26,1962.6
19,1962.6
1,1962.7
16,1962.8
27,1963.0
22,1963.1
15,1963.2
25,1966.1
10,1967.4
5,1967.5
17,1968.2
6,1968.5
12,1968.6
14,1968.6
2,1968.7
30,1968.9
23,1969.2
29,1969.2
31,1969.5
19,1969.5
20,1969.5
13,1970.1
26,1970.1
27,1970.2
8,1970.5
24,1970.5
0,1970.8
7,1971.2
11,1971.6
1,1971.9
5,1972.3
10,1972.4
16,1973.0
17,1973.3
6,1974.4
2,1974.5
12,1974.5
22,1974.5
14,1974.5
15,1974.6
30,1974.9
29,1975.0
20,1975.8
23,1975.8
31,1976.0
19,1976.1
3,1976.4
27,1976.4
10,1977.0
26,1977.0
17,1978.0
13,1979.3
11,1979.4
0,1980.3
6,1980.3
2,1980.5
14,1980.6
12,1980.6
29,1981.3
30,1981.3
24,1981.3
10,1981.5
8,1982.6
20,1982.7
17,1982.8
27,1983.1
31,1983.7
19,1985.3
23,1985.7
10,1985.9
26,1987.1
6,1987.2
2,1987.5
17,1987.7
12,1988.3
14,1989.3
10,1990.4
29,1990.4
11,1991.3
30,1991.5
17,1993.1
10,1995.3
20,1996.2
27,1996.5
17,1998.9
10,2000.5
25,2004.9
17,2006.2
10,2006.3
5,2006.5
25,2009.3
5,2010.9
10,2012.7
13,2013.3
12,2013.6
25,2013.7
2,2013.7
19,2013.9
29,2014.0
17,2014.4
27,2015.4
5,2015.5
6,2017.1
23,2017.7
7,2017.7
25,2018.3
14,2018.6
30,2018.7
10,2018.8
1,2020.0
16,2020.1
5,2020.3
26,2020.3
0,2020.4
24,2020.5
8,2020.5
12,2021.0
17,2021.3
29,2021.5
19,2022.1
25,2023.1
10,2024.3
5,2024.7
2,2025.1
13,2026.4
25,2027.6
17,2028.4
6,2028.6
12,2029.0
5,2029.2
10,2029.7
29,2030.6
30,2031.5
25,2032.0
5,2033.9
19,2034.9
10,2035.3
25,2036.4
5,2038.8
25,2041.0
10,2041.1
17,2041.3
14,2041.9
27,2042.0
12,2042.0
2,2042.0
6,2042.2
20,2042.2
31,2042.2
23,2042.2
29,2042.4
13,2042.5
7,2042.6
11,2042.6
0,2042.7
26,2042.7
16,2042.8
8,2042.8
1,2042.8
24,2042.8
30,2042.9
19,2043.0
22,2043.1
15,2043.3
10,2046.5
17,2047.8
14,2048.7
12,2048.7
2,2048.8
27,2049.1
29,2049.1
6,2049.1
23,2049.2
20,2049.5
31,2049.6
19,2049.7
30,2049.7
26,2050.2
13,2050.5
8,2050.7
24,2050.8
0,2051.0
7,2051.3
11,2051.4
1,2051.9
16,2052.7
17,2052.7
22,2054.0
12,2054.5
14,2054.5
2,2054.6
15,2054.6
3,2054.9
6,2055.0
29,2055.0
27,2055.5
30,2055.6
23,2055.7
20,2055.8
31,2056.0
19,2056.4
26,2057.1
17,2057.5
11,2058.9
13,2060.1
14,2060.6
12,2060.6
2,2060.7
0,2060.9
6,2061.0
29,2061.3
24,2061.7
30,2062.1
8,2062.1
17,2062.1
27,2062.6
20,2063.0
19,2063.2
31,2063.5
23,2065.5
26,2066.3
17,2067.0
12,2068.0
2,2068.4
6,2068.5
14,2069.0
11,2069.9
13,2071.0
29,2071.8
17,2072.3
19,2073.5
30,2074.6
17,2078.1
10,2081.4
17,2085.0
10,2085.6
10,2090.2
10,2095.3
6,2096.8
14,2097.2
29,2097.2
12,2097.3
23,2097.4
7,2097.4
30,2097.5
1,2098.8
16,2098.9
0,2099.0
24,2099.1
8,2099.1
26,2099.1
19,2099.4
17,2099.8
10,2100.2
13,2101.2
10,2105.0
2,2105.7
12,2105.9
27,2106.3
29,2106.3
17,2106.9
6,2108.4
19,2108.5
10,2109.5
30,2110.2
10,2113.9
17,2113.9
13,2114.5
12,2115.4
29,2116.9
2,2117.2
10,2118.4
17,2121.9
14,2121.9
6,2122.1
23,2122.1
20,2122.2
31,2122.2
27,2122.3
12,2122.4
19,2122.4
7,2122.5
0,2122.5
8,2122.6
11,2122.6
24,2122.7
26,2122.7
30,2122.8
1,2122.8
16,2123.0
22,2123.1
15,2123.3
13,2123.5
29,2123.6
2,2123.9
17,2128.1
12,2128.5
14,2128.6
6,2129.0
23,2129.2
29,2129.2
19,2129.4
27,2129.5
2,2129.5
20,2129.5
31,2129.5
30,2129.6
26,2130.2
8,2130.6
24,2130.7
0,2130.8
7,2131.1
13,2131.4
11,2131.5
1,2132.2
16,2133.0
17,2133.1
22,2133.9
12,2134.1
14,2134.4
29,2134.5
3,2134.6
2,2134.7
15,2134.7
6,2135.0
30,2135.5
23,2135.6
27,2135.7
20,2135.9
31,2136.0
19,2136.1
26,2137.1
17,2137.8
11,2139.0
12,2139.8
29,2139.9
2,2139.9
14,2140.5
6,2141.0
0,2141.2
24,2141.5
30,2141.9
8,2142.1
17,2142.5
27,2142.8
13,2143.1
20,2143.2
31,2143.5
23,2145.4
2,2145.4
29,2145.7
12,2145.9
19,2146.9
26,2147.0
17,2147.4
6,2148.3
14,2148.7
11,2148.8
2,2151.4
29,2152.4
30,2152.4
17,2152.6
13,2152.8
12,2155.4
19,2156.3
27,2156.6
17,2158.4
2,2159.8
17,2165.2
29,2174.8
12,2174.9
17,2175.3
2,2175.3
27,2176.2
6,2176.7
23,2177.2
7,2177.3
14,2177.6
30,2177.7
0,2178.7
24,2178.8
8,2178.8
1,2178.9
16,2179.0
19,2179.1
26,2179.2
17,2182.6
29,2182.6
12,2182.7
2,2187.5
6,2188.2
30,2190.1
17,2191.0
13,2191.3
19,2192.4
12,2193.3
29,2193.4
13,2204.7
5,2206.8
5,2211.2
5,2216.0
12,2219.0
17,2219.1
2,2219.2
29,2219.4
10,2219.5
27,2219.8
5,2221.1
25,2223.1
10,2223.8
5,2226.1
6,2226.4
7,2227.0
23,2227.0
25,2227.3
10,2228.5
17,2230.4
2,2231.1
5,2231.1
12,2231.4
29,2231.9
25,2232.1
14,2232.4
30,2232.5
10,2233.0
5,2236.2
25,2237.4
10,2237.7
6,2238.3
5,2241.5
12,2242.0
10,2242.7
25,2243.3
29,2243.4
13,2244.8
19,2245.4
30,2245.5
5,2247.3
10,2247.8
25,2249.4
10,2252.8
5,2254.4
25,2256.2
10,2258.1
10,2263.9
10,2270.7
5,2506.5
10,2506.6
25,2506.6
17,2506.7
6,2506.7
12,2506.7
29,2506.9
13,2506.9
19,2507.0
2,2507.0
14,2507.0
27,2507.2
23,2507.3
31,2507.3
30,2507.3
20,2507.4
8,2507.6
7,2507.6
0,2507.6
11,2507.7
24,2507.7
26,2507.7
1,2507.8
16,2507.9
15,2508.3
22,2508.4
5,2512.8
25,2512.9
10,2513.0
17,2513.3
12,2513.4
6,2513.6
29,2513.6
2,2513.8
14,2513.8
19,2514.1
30,2514.1
27,2514.3
23,2514.4
13,2514.7
20,2514.7
31,2514.8
26,2515.3
8,2515.7
24,2515.9
0,2516.3
7,2516.4
1,2517.1
11,2517.3
5,2517.6
25,2517.8
10,2518.0
17,2518.3
16,2518.9
12,2519.3
6,2519.5
29,2519.5
2,2519.7
14,2519.7
30,2520.0
22,2520.6
19,2520.7
27,2520.7
20,2521.2
15,2521.3
23,2521.3
31,2521.4
26,2522.2
25,2522.5
10,2522.6
17,2523.2
3,2523.6
12,2525.5
6,2525.6
11,2525.6
29,2526.0
2,2526.1
13,2526.1
14,2526.1
30,2526.6
25,2526.8
0,2527.0
10,2527.2
27,2527.8
17,2528.1
20,2528.5
24,2528.8
8,2528.8
31,2529.6
19,2530.4
25,2531.1
10,2531.8
26,2532.5
23,2533.0
17,2533.3
6,2533.6
12,2534.6
25,2535.4
29,2535.5
2,2535.7
10,2536.7
14,2537.9
17,2538.9
30,2539.8
25,2540.0
10,2542.1
5,2543.7
25,2545.0
17,2545.5
5,2547.9
10,2548.0
25,2550.5
5,2552.4
10,2555.5
25,2556.6
5,2557.4
5,2562.9
25,2566.8
5,2569.2
13,2573.5
10,2573.9
19,2574.1
25,2574.9
12,2575.9
17,2576.0
2,2576.1
5,2576.2
29,2576.3
27,2576.7
10,2584.2
25,2584.6
5,2585.6
6,2586.6
17,2586.6
14,2586.8
2,2586.9
12,2586.9
23,2587.1
20,2587.2
31,2587.2
30,2587.2
29,2587.2
0,2587.4
8,2587.5
19,2587.5
24,2587.5
7,2587.5
13,2587.5
26,2587.6
11,2587.6
1,2587.7
16,2587.8
27,2588.0
22,2588.2
15,2588.2
10,2590.4
25,2590.7
5,2591.8
17,2593.1
6,2593.4
12,2593.5
2,2593.6
14,2593.6
29,2593.8
30,2593.9
23,2594.2
19,2594.4
31,2594.5
20,2594.5
26,2595.1
13,2595.1
27,2595.1
8,2595.5
24,2595.5
0,2595.8
7,2596.2
11,2596.6
1,2596.9
16,2598.0
17,2598.1
6,2599.3
12,2599.4
14,2599.4
2,2599.4
22,2599.5
15,2599.6
29,2599.7
30,2599.8
23,2600.7
20,2600.8
19,2600.9
31,2601.0
27,2601.3
3,2601.5
26,2602.0
17,2602.8
13,2604.2
11,2604.3
6,2605.1
2,2605.3
12,2605.3
0,2605.4
14,2605.5
29,2605.8
30,2606.1
24,2606.2
17,2607.4
8,2607.6
20,2607.7
27,2608.0
31,2608.6
19,2609.4
23,2610.5
6,2611.8
2,2612.0
26,2612.0
17,2612.2
12,2612.3
14,2613.6
29,2613.7
30,2615.4
11,2615.8
17,2617.4
27,2620.6
10,2621.1
20,2621.1
17,2623.0
10,2625.4
17,2629.5
10,2630.0
25,2633.4
10,2635.2
25,2637.6
13,2638.3
12,2638.5
2,2638.7
19,2638.9
29,2638.9
5,2638.9
17,2638.9
27,2640.2
10,2640.3
6,2642.1
25,2642.3
7,2642.7
23,2642.7
14,2643.6
30,2643.8
1,2645.0
16,2645.1
10,2645.1
26,2645.3
0,2645.4
24,2645.5
8,2645.5
12,2645.8
17,2645.9
29,2646.4
19,2647.0
10,2649.7
2,2650.0
13,2651.3
17,2653.2
12,2653.5
6,2653.6
10,2654.1
29,2654.9
5,2656.0
30,2656.5
10,2658.5
19,2659.3
25,2660.1
5,2660.2
10,2663.0
25,2664.3
5,2664.6
17,2666.1
14,2666.9
2,2666.9
12,2666.9
27,2667.0
6,2667.2
23,2667.2
20,2667.2
31,2667.2
29,2667.3
10,2667.4
13,2667.5
7,2667.6
11,2667.6
26,2667.7
0,2667.7
24,2667.8
1,2667.8
8,2667.8
16,2667.9
30,2667.9
19,2668.0
22,2668.2
15,2668.3
17,2672.5
12,2673.5
14,2673.7
2,2673.7
29,2674.0
27,2674.1
6,2674.1
23,2674.2
20,2674.4
31,2674.5
30,2674.6
19,2674.7
26,2675.1
13,2675.4
8,2675.7
24,2675.8
0,2676.0
7,2676.3
11,2676.4
1,2677.0
17,2677.4
16,2677.7
22,2679.1
12,2679.3
2,2679.5
14,2679.5
15,2679.6
29,2679.8
3,2679.9
6,2679.9
27,2680.4
30,2680.5
23,2680.6
20,2680.8
31,2681.0
19,2681.4
26,2682.0
17,2682.1
11,2683.9
13,2685.0
12,2685.2
14,2685.5
2,2685.5
0,2685.9
6,2685.9
29,2686.0
24,2686.6
17,2686.7
8,2686.8
30,2687.0
27,2687.5
20,2687.9
19,2688.1
31,2688.2
23,2690.4
26,2691.3
17,2691.4
12,2692.0
2,2692.6
6,2693.0
14,2693.4
29,2694.6
11,2695.0
13,2695.6
17,2696.5
19,2697.8
30,2698.7
27,2701.4
17,2702.1
17,2708.4
6,2721.8
14,2722.2
29,2722.3
12,2722.3
23,2722.3
30,2722.4
7,2722.4
17,2722.7
1,2723.8
16,2723.9
0,2724.1
24,2724.1
8,2724.1
26,2724.2
19,2724.4
13,2726.2
17,2730.6
2,2730.7
12,2730.8
27,2731.2
29,2731.3
6,2733.3
19,2733.4
30,2734.9
17,2738.4
13,2739.5
12,2740.1
29,2741.6
2,2742.1
17,2746.9
14,2746.9
6,2747.1
23,2747.1
31,2747.2
20,2747.2
27,2747.3
19,2747.4
12,2747.4
0,2747.5
7,2747.5
11,2747.6
8,2747.6
26,2747.7
24,2747.7
1,2747.8
30,2747.8
16,2748.0
22,2748.1
15,2748.3
29,2748.3
13,2748.5
2,2748.7
17,2753.2
12,2753.5
14,2753.6
29,2753.9
6,2753.9
23,2754.1
2,2754.3
19,2754.4
20,2754.4
27,2754.4
31,2754.5
30,2754.5
26,2755.1
8,2755.6
24,2755.7
0,2755.8
7,2756.1
13,2756.3
11,2756.5
1,2757.2
16,2758.0
17,2758.2
22,2759.0
12,2759.1
29,2759.2
2,2759.4
14,2759.4
15,2759.6
3,2759.6
6,2759.8
30,2760.4
23,2760.6
27,2760.6
20,2760.8
31,2760.9
19,2760.9
26,2762.1
17,2762.9
11,2763.9
2,2764.5
29,2764.5
12,2764.8
14,2765.5
6,2765.8
0,2765.9
24,2766.5
30,2766.8
8,2766.9
13,2767.1
17,2767.5
27,2767.6
20,2768.1
31,2768.4
2,2770.0
29,2770.2
23,2770.2
19,2770.4
12,2770.8
26,2771.9
17,2772.4
6,2772.6
14,2773.3
11,2773.7
13,2775.8
2,2775.8
29,2776.5
30,2776.9
17,2777.6
12,2779.6
27,2780.6
19,2782.7
2,2782.9
17,2783.3
17,2790.0
12,2799.7
29,2799.8
2,2799.9
17,2800.2
27,2801.0
6,2801.7
23,2802.2
7,2802.3
14,2802.6
30,2802.7
0,2803.7
24,2803.8
8,2803.8
1,2803.9
16,2804.0
26,2804.2
19,2804.5
12,2807.4
17,2807.5
29,2807.5
13,2810.7
2,2811.4
19,2812.5
6,2813.1
30,2815.0
17,2815.5
12,2817.0
29,2817.8
13,2823.6
19,2824.4
5,2831.8
5,2835.9
5,2840.5
17,2844.0
12,2844.0
2,2844.2
29,2844.4
27,2844.7
10,2844.8
25,2844.8
5,2845.3
25,2849.0
10,2849.0
5,2850.0
6,2851.4
23,2851.9
7,2852.0
25,2853.6
10,2853.7
5,2854.9
17,2855.0
2,2855.9
12,2856.3
29,2856.8
14,2857.4
30,2857.5
10,2858.0
13,2858.4
25,2858.4
19,2858.9
5,2859.6
10,2862.6
6,2863.2
25,2863.5
5,2864.5
12,2866.6
10,2867.1
29,2868.0
25,2868.7
5,2869.7
30,2870.2
10,2871.5
13,2871.9
25,2874.3
5,2875.5
10,2876.3
25,2880.5
10,2881.5
5,2882.3
10,2887.3
25,2893.2
10,2894.5
5,3131.5
25,3131.6
10,3131.6
12,3131.7
17,3131.7
6,3131.7
29,3131.9
2,3131.9
13,3131.9
19,3132.0
14,3132.0
27,3132.1
30,3132.3
31,3132.3
23,3132.3
20,3132.4
7,3132.6
8,3132.6
0,3132.6
26,3132.7
24,3132.7
11,3132.7
1,3132.8
16,3132.9
15,3133.3
22,3133.4
5,3137.8
25,3137.9
10,3138.0
17,3138.2
12,3138.4
6,3138.5
29,3138.6
2,3138.7
14,3138.8
30,3139.0
19,3139.0
23,3139.3
27,3139.3
20,3139.7
13,3139.7
31,3139.8
26,3140.2
8,3140.7
24,3140.9
0,3141.3
7,3141.4
1,3142.1
11,3142.3
5,3142.6
25,3142.8
10,3142.9
17,3143.2
16,3143.9
12,3144.2
6,3144.4
29,3144.5
14,3144.6
2,3144.6
30,3145.0
19,3145.5
27,3145.6
22,3145.6
20,3146.2
23,3146.3
15,3146.3
31,3146.4
26,3147.1
10,3147.6
17,3148.0
3,3148.6
12,3150.2
6,3150.4
11,3150.5
29,3150.7
2,3150.9
13,3150.9
14,3151.0
30,3151.5
0,3152.0
10,3152.1
27,3152.6
17,3152.8
20,3153.4
8,3153.6
24,3153.7
19,3154.5
31,3154.5
25,3156.0
10,3156.6
26,3157.2
17,3157.9
23,3157.9
12,3158.0
6,3158.0
29,3159.1
2,3159.6
25,3160.2
10,3161.3
14,3162.1
17,3163.4
30,3164.0
25,3164.7
10,3166.5
25,3169.4
17,3169.6
10,3172.1
5,3172.7
25,3174.7
5,3177.0
10,3178.7
25,3180.5
5,3181.6
17,3184.0
5,3186.8
25,3187.4
5,3192.5
13,3198.5
10,3198.6
19,3199.1
5,3199.2
25,3199.5
12,3200.9
2,3201.1
29,3201.3
17,3201.6
27,3201.6
5,3206.4
10,3208.4
25,3210.1
6,3211.6
12,3211.8
2,3211.8
14,3211.8
17,3211.8
29,3212.1
23,3212.1
5,3212.1
30,3212.1
20,3212.2
31,3212.2
8,3212.5
19,3212.5
13,3212.5
7,3212.5
0,3212.5
24,3212.5
26,3212.6
11,3212.6
1,3212.7
16,3212.8
27,3212.9
15,3213.2
22,3213.2
10,3214.5
25,3216.3
5,3217.3
17,3218.2
12,3218.4
6,3218.4
2,3218.6
14,3218.6
29,3218.7
30,3218.9
23,3219.2
19,3219.3
20,3219.5
31,3219.5
26,3220.0
13,3220.0
27,3220.0
24,3220.5
8,3220.5
0,3220.8
7,3221.2
11,3221.6
1,3221.9
16,3223.0
17,3223.2
6,3224.2
12,3224.2
2,3224.3
14,3224.4
29,3224.5
22,3224.5
15,3224.7
30,3224.8
23,3225.7
19,3225.7
20,3225.8
31,3226.0
27,3226.1
3,3226.3
26,3226.9
17,3227.9
13,3228.9
11,3229.2
6,3230.0
12,3230.1
2,3230.2
14,3230.4
0,3230.4
29,3230.6
30,3231.0
24,3231.2
8,3232.3
17,3232.5
20,3232.6
27,3232.7
31,3233.6
19,3233.9
23,3235.3
6,3236.5
12,3236.6
26,3236.7
2,3236.7
17,3237.2
29,3237.7
14,3238.0
30,3239.6
11,3240.9
17,3242.2
27,3244.4
20,3245.9
17,3247.7
6,3249.3
10,3249.3
2,3249.5
12,3250.8
10,3253.5
17,3253.8
10,3258.1
25,3259.3
17,3263.0
10,3263.0
25,3263.3
13,3263.3
19,3263.8
29,3263.9
2,3264.5
12,3264.7
27,3264.9
6,3267.6
23,3267.6
7,3267.7
10,3267.8
25,3267.8
14,3268.6
30,3268.7
1,3270.0
16,3270.1
17,3270.3
26,3270.3
0,3270.4
8,3270.5
24,3270.5
29,3271.3
19,3271.9
12,3272.3
10,3272.6
13,3276.2
2,3276.4
10,3277.1
17,3277.7
6,3279.4
29,3279.5
30,3281.0
12,3281.2
10,3281.5
19,3283.6
10,3285.8
5,3289.0
25,3289.7
17,3290.4
10,3290.4
14,3291.9
2,3292.0
27,3292.0
29,3292.2
12,3292.2
23,3292.2
20,3292.2
31,3292.2
6,3292.3
13,3292.4
7,3292.6
11,3292.6
26,3292.7
0,3292.7
24,3292.8
30,3292.8
8,3292.8
1,3292.8
19,3292.9
16,3292.9
22,3293.1
15,3293.3
17,3296.8
14,3298.6
29,3298.8
2,3298.8
12,3298.8
6,3299.1
27,3299.1
23,3299.2
20,3299.4
31,3299.5
30,3299.6
19,3299.8
26,3300.1
13,3300.3
8,3300.7
24,3300.8
0,3300.9
7,3301.3
11,3301.4
17,3301.7
1,3302.0
16,3302.8
22,3304.0
14,3304.4
12,3304.5
2,3304.6
15,3304.6
29,3304.6
3,3304.9
6,3305.0
27,3305.4
30,3305.4
23,3305.6
20,3305.8
31,3305.9
19,3306.3
17,3306.4
26,3307.0
11,3308.9
13,3309.7
12,3310.4
14,3310.5
2,3310.5
29,3310.7
0,3310.7
17,3310.8
6,3310.9
24,3311.6
30,3311.7
8,3311.8
27,3312.4
20,3312.9
19,3313.0
31,3313.2
23,3315.2
17,3315.3
26,3316.1
12,3317.0
2,3317.5
6,3317.9
14,3318.1
29,3318.3
13,3319.6
11,3319.8
17,3320.0
30,3321.9
19,3322.1
17,3325.1
27,3325.6
17,3330.7
17,3337.2
6,3346.8
29,3347.2
14,3347.2
30,3347.2
23,3347.3
12,3347.3
7,3347.4
1,3348.8
16,3348.9
0,3349.0
8,3349.1
26,3349.1
24,3349.1
19,3349.5
17,3349.6
13,3351.2
2,3355.7
12,3355.8
29,3356.2
27,3356.3
17,3356.6
6,3358.2
19,3358.5
30,3359.4
17,3363.4
13,3364.4
12,3364.9
29,3366.3
2,3367.0
17,3371.7
14,3371.9
23,3372.1
6,3372.1
20,3372.2
31,3372.2
12,3372.3
27,3372.3
7,3372.4
19,3372.4
0,3372.5
11,3372.6
8,3372.6
30,3372.7
26,3372.7
24,3372.7
1,3372.8
29,3372.9
16,3373.0
22,3373.1
15,3373.3
13,3373.5
2,3373.6
17,3378.0
12,3378.5
14,3378.6
29,3378.7
6,3378.9
2,3379.1
23,3379.1
19,3379.3
27,3379.4
20,3379.4
31,3379.5
30,3379.5
26,3380.1
8,3380.5
0,3380.7
24,3380.7
7,3381.1
13,3381.3
11,3381.4
1,3382.2
17,3382.9
16,3383.0
22,3383.9
12,3384.1
29,3384.1
2,3384.2
14,3384.4
3,3384.5
15,3384.6
6,3384.8
30,3385.3
27,3385.6
23,3385.6
20,3385.8
31,3385.9
19,3385.9
26,3387.0
17,3387.6
11,3388.9
2,3389.3
29,3389.5
12,3389.8
14,3390.4
6,3390.7
0,3391.0
24,3391.5
30,3391.6
8,3391.9
17,3392.2
27,3392.5
13,3392.6
20,3393.1
31,3393.4
2,3394.7
23,3395.1
29,3395.2
19,3395.2
12,3395.8
26,3396.7
17,3396.8
6,3397.4
14,3398.1
11,3398.5
2,3400.5
30,3400.6
13,3401.4
29,3401.7
17,3401.8
12,3404.3
27,3405.2
19,3407.0
2,3407.3
17,3407.3
17,3413.4
17,3423.6
2,3424.7
12,3424.7
29,3424.8
27,3425.9
6,3426.7
23,3427.2
7,3427.3
14,3427.6
30,3427.7
0,3428.7
8,3428.8
24,3428.8
1,3428.9
16,3429.0
26,3429.2
19,3429.3
17,3430.5
12,3432.3
29,3432.5
13,3435.7
2,3435.8
17,3437.1
19,3437.3
6,3438.1
30,3440.2
12,3441.8
29,3442.7
17,3447.6
13,3448.6
19,3448.9
5,3461.0
5,3465.2
12,3469.0
17,3469.1
2,3469.2
29,3469.4
27,3469.7
5,3469.7
25,3474.1
10,3474.2
5,3474.2
6,3476.4
23,3476.9
7,3477.0
25,3478.6
10,3478.8
5,3479.0
17,3480.0
2,3480.9
12,3481.2
29,3481.8
14,3482.4
30,3482.5
10,3482.9
13,3483.4
5,3483.4
25,3483.4
19,3483.9
10,3487.5
5,3487.9
6,3488.2
25,3488.4
12,3491.4
10,3491.8
5,3492.6
29,3493.0
25,3493.5
30,3495.2
10,3496.2
13,3496.8
5,3497.7
25,3499.0
10,3500.7
5,3503.4
25,3505.0
10,3505.6
5,3510.0
10,3511.1
25,3514.4
10,3517.3
10,3531.2
5,3756.5
12,3756.7
25,3756.7
6,3756.7
10,3756.8
17,3756.8
2,3756.9
13,3756.9
29,3756.9
14,3757.0
11,3757.0
26,3757.1
27,3757.1
31,3757.3
23,3757.3
30,3757.3
20,3757.4
9,3757.5
19,3757.5
7,3757.6
1,3757.8
16,3757.9
15,3758.3
22,3758.4
5,3762.8
25,3763.2
10,3763.3
17,3763.4
12,3763.4
6,3763.5
29,3763.6
2,3763.7
14,3763.8
26,3763.9
11,3764.0
30,3764.0
27,3764.3
23,3764.3
13,3764.7
20,3764.7
31,3764.8
9,3765.4
7,3766.4
19,3766.6
1,3767.1
5,3767.6
25,3768.3
17,3768.6
10,3768.7
16,3768.9
12,3769.2
6,3769.4
29,3769.5
2,3769.6
14,3769.6
26,3769.9
30,3770.0
11,3770.1
27,3770.5
22,3770.6
20,3771.2
31,3771.3
15,3771.3
23,3771.3
25,3773.1
3,3773.6
17,3773.7
10,3773.8
12,3775.2
6,3775.4
2,3775.7
9,3775.7
29,3775.8
13,3775.9
14,3776.0
26,3776.0
0,3776.3
11,3776.5
30,3776.5
27,3777.5
25,3777.9
20,3778.4
17,3779.0
10,3779.1
31,3779.2
24,3781.9
6,3782.7
25,3782.9
12,3783.0
26,3783.1
2,3783.5
23,3784.2
17,3784.6
29,3784.6
11,3784.8
10,3784.8
14,3787.1
25,3788.4
30,3789.0
27,3790.9
17,3791.1
10,3791.3
25,3794.3
5,3797.7
5,3802.0
25,3802.7
5,3806.6
5,3811.7
5,3817.4
13,3823.5
10,3823.6
25,3823.9
19,3824.0
5,3824.1
17,3825.9
12,3825.9
2,3826.1
29,3826.3
27,3826.6
5,3831.3
10,3833.8
25,3834.4
17,3836.6
6,3836.6
12,3836.8
14,3836.8
2,3836.8
11,3836.9
5,3837.0
26,3837.0
23,3837.1
30,3837.1
29,3837.1
31,3837.2
20,3837.2
9,3837.4
13,3837.5
7,3837.5
1,3837.7
16,3837.8
27,3837.9
22,3838.2
15,3838.2
19,3838.4
10,3840.1
25,3840.7
5,3842.3
17,3843.1
12,3843.4
6,3843.4
2,3843.5
14,3843.6
29,3843.7
11,3843.8
26,3843.8
30,3843.9
23,3844.2
20,3844.5
31,3844.5
27,3845.0
13,3845.0
10,3845.2
9,3845.2
25,3845.7
7,3846.2
1,3846.9
19,3847.2
16,3848.2
17,3848.3
6,3849.2
2,3849.2
12,3849.2
22,3849.4
14,3849.4
29,3849.6
26,3849.6
15,3849.7
30,3849.8
11,3849.8
10,3849.9
25,3850.5
23,3850.7
20,3850.8
31,3851.0
27,3851.1
3,3851.2
17,3853.2
13,3853.9
10,3854.4
0,3854.5
9,3854.6
6,3855.0
2,3855.0
12,3855.1
14,3855.4
26,3855.5
29,3855.6
11,3855.9
30,3856.0
27,3857.6
20,3857.6
17,3858.1
10,3858.8
31,3858.8
25,3859.2
2,3861.2
6,3861.3
23,3861.3
12,3861.6
26,3861.9
11,3862.8
29,3862.9
14,3863.0
10,3863.3
17,3863.3
25,3863.4
30,3864.6
25,3867.8
10,3868.2
27,3868.6
17,3868.8
2,3870.3
20,3870.9
6,3871.4
25,3872.6
10,3873.6
26,3873.7
17,3875.1
12,3875.7
25,3877.8
10,3879.6
25,3883.6
10,3887.7
17,3887.9
13,3888.3
19,3888.8
29,3888.9
2,3888.9
25,3889.3
27,3889.7
12,3889.7
6,3892.2
23,3892.6
7,3892.7
14,3893.6
30,3893.7
10,3894.2
25,3894.8
1,3895.0
16,3895.1
26,3895.5
29,3896.3
17,3896.4
9,3896.4
11,3896.5
12,3897.2
2,3900.0
10,3900.2
25,3900.3
13,3901.1
6,3903.3
29,3904.5
26,3904.7
25,3906.0
30,3906.0
12,3906.0
17,3906.8
10,3906.8
25,3912.2
5,3913.9
10,3916.6
2,3916.9
11,3916.9
14,3916.9
27,3917.0
6,3917.1
12,3917.1
29,3917.2
23,3917.2
20,3917.2
31,3917.2
17,3917.2
19,3917.3
13,3917.4
26,3917.5
7,3917.6
16,3917.8
30,3917.8
1,3917.8
9,3917.8
25,3917.8
22,3918.1
15,3918.3
25,3922.8
10,3923.0
14,3923.6
17,3923.7
2,3923.7
29,3923.8
12,3923.8
11,3923.9
27,3924.0
6,3924.0
26,3924.2
23,3924.2
20,3924.4
31,3924.5
30,3924.6
13,3925.3
9,3925.6
19,3926.0
7,3926.2
1,3927.0
16,3927.7
10,3928.1
17,3928.9
22,3929.0
2,3929.4
14,3929.4
12,3929.5
29,3929.6
15,3929.6
3,3929.7
6,3929.8
11,3930.0
26,3930.0
27,3930.3
30,3930.4
20,3930.8
23,3930.8
31,3931.0
0,3931.9
10,3933.0
17,3933.9
13,3934.7
9,3935.0
2,3935.3
12,3935.3
14,3935.5
6,3935.7
29,3935.7
26,3935.8
11,3936.3
30,3936.7
27,3937.2
19,3937.6
24,3937.8
10,3937.8
20,3937.8
31,3938.5
17,3938.9
7,3939.9
23,3941.7
12,3941.8
2,3941.9
26,3942.0
6,3942.2
10,3942.4
29,3943.1
14,3943.1
11,3943.3
17,3944.4
13,3944.6
30,3946.1
10,3946.9
27,3948.9
17,3950.3
20,3950.8
26,3951.0
10,3951.7
25,3952.9
10,3956.9
25,3957.0
17,3958.0
25,3961.5
10,3962.6
25,3966.5
10,3969.2
6,3971.8
25,3971.9
29,3972.2
14,3972.2
30,3972.3
12,3972.3
23,3972.3
7,3972.4
26,3973.7
1,3973.8
16,3973.9
9,3974.4
11,3974.5
10,3975.5
17,3975.7
13,3976.2
19,3976.7
25,3977.2
2,3980.7
12,3980.8
29,3981.2
27,3981.2
10,3981.7
25,3982.2
26,3982.6
17,3983.0
6,3983.1
30,3984.3
25,3987.2
10,3988.1
13,3989.4
12,3989.9
17,3990.8
29,3991.1
2,3992.0
25,3992.5
10,3996.5
14,3996.9
11,3997.0
23,3997.1
6,3997.1
17,3997.2
31,3997.2
26,3997.2
20,3997.2
27,3997.2
25,3997.3
12,3997.3
7,3997.5
19,3997.6
30,3997.7
9,3997.7
1,3997.8
29,3997.8
16,3998.0
22,3998.1
15,3998.3
13,3998.5
2,3998.6
25,4002.4
10,4002.8
17,4003.0
12,4003.5
14,4003.6
29,4003.6
11,4003.9
6,4003.9
26,4004.0
2,4004.1
23,4004.2
27,4004.2
20,4004.4
31,4004.5
30,4004.5
9,4005.4
7,4005.9
13,4006.3
19,4006.3
1,4007.2
10,4007.9
17,4008.0
16,4008.1
22,4008.8
29,4009.0
12,4009.0
2,4009.3
14,4009.4
15,4009.7
26,4009.8
3,4009.8
6,4009.8
11,4010.0
30,4010.3
27,4010.5
23,4010.7
20,4010.8
31,4011.0
10,4012.7
17,4012.7
2,4014.4
29,4014.4
12,4014.7
9,4014.8
14,4015.4
26,4015.6
6,4015.7
11,4016.3
30,4016.6
27,4017.2
17,4017.4
13,4017.5
10,4017.6
20,4017.7
31,4018.4
2,4019.7
29,4020.2
12,4020.6
23,4021.6
19,4021.6
26,4021.8
6,4022.3
17,4022.4
10,4022.4
14,4023.0
11,4023.0
30,4025.3
2,4025.5
13,4026.6
29,4026.7
10,4027.0
17,4027.8
27,4028.1
12,4028.2
20,4030.8
26,4031.0
10,4031.7
2,4032.3
17,4033.7
11,4036.0
10,4036.6
25,4040.7
17,4041.8
10,4042.1
25,4044.9
10,4048.0
25,4049.5
12,4049.5
2,4049.7
29,4049.8
17,4050.4
27,4050.4
6,4051.7
23,4052.2
7,4052.3
14,4052.6
30,4052.7
26,4053.9
1,4053.9
16,4054.0
10,4054.0
25,4054.3
9,4054.5
11,4055.0
12,4057.0
29,4057.5
17,4057.9
25,4059.2
10,4060.0
13,4060.7
2,4060.8
19,4061.3
26,4063.0
6,4063.0
25,4064.2
30,4064.8
12,4066.1
10,4066.1
29,4067.4
17,4068.5
25,4069.0
10,4072.6
13,4073.6
25,4074.0
25,4079.5
10,4083.6
25,4085.5
12,4094.0
17,4094.0
2,4094.2
25,4094.3
29,4094.4
27,4094.7
5,4098.7
6,4101.4
7,4102.0
23,4102.0
10,4102.3
17,4104.9
2,4105.9
12,4106.2
29,4106.8
14,4107.4
30,4107.5
13,4108.4
19,4109.0
10,4109.2
25,4109.4
6,4113.1
10,4115.7
5,4115.9
12,4116.3
29,4117.9
30,4120.1
5,4120.2
25,4120.6
13,4121.9
10,4124.4
5,4124.8
5,4130.0
5,4135.8
5,4142.9
5,4381.5
12,4381.6
13,4381.6
6,4381.7
25,4381.8
17,4381.8
14,4381.8
10,4381.8
29,4381.9
31,4381.9
11,4382.0
26,4382.1
27,4382.1
2,4382.3
23,4382.3
30,4382.3
19,4382.5
9,4382.5
7,4382.6
20,4382.7
22,4382.7
1,4382.8
16,4382.9
15,4383.3
5,4387.8
12,4388.2
10,4388.4
6,4388.5
14,4388.5
13,4388.5
25,4388.5
29,4388.6
17,4388.7
31,4388.7
26,4388.9
30,4389.0
11,4389.0
27,4389.3
23,4389.4
2,4389.7
9,4390.4
22,4390.6
7,4391.4
19,4391.6
1,4392.1
5,4392.6
12,4393.4
10,4393.7
16,4393.9
20,4394.0
14,4394.0
31,4394.2
25,4394.3
29,4394.4
13,4394.4
6,4394.4
26,4394.8
17,4394.8
30,4395.0
11,4395.1
27,4395.5
23,4396.1
15,4396.3
2,4397.3
22,4397.8
12,4398.4
10,4398.9
14,4399.3
31,4399.4
0,4399.6
25,4400.4
6,4400.4
9,4400.5
29,4400.6
13,4400.6
26,4400.9
30,4401.5
11,4401.5
17,4402.0
27,4402.5
12,4403.2
10,4404.3
31,4404.6
14,4404.7
20,4405.3
6,4407.5
26,4407.8
25,4408.0
13,4408.1
12,4408.3
23,4409.1
22,4409.7
11,4409.9
31,4410.0
10,4410.0
29,4410.1
14,4410.3
12,4413.8
30,4415.0
31,4415.8
14,4416.6
10,4416.8
12,4419.9
5,4422.7
31,4422.8
5,4427.0
12,4430.9
5,4431.7
5,4437.0
5,4442.8
13,4448.5
10,4448.6
25,4448.8
19,4449.0
5,4449.9
17,4450.9
2,4451.1
29,4451.3
12,4451.3
27,4451.6
5,4458.1
10,4458.9
25,4459.9
13,4461.1
6,4461.6
14,4461.7
12,4461.7
31,4461.8
17,4461.9
11,4461.9
26,4462.0
29,4462.1
23,4462.1
30,4462.1
9,4462.4
7,4462.5
2,4462.5
22,4462.5
20,4462.6
1,4462.7
16,4462.8
27,4462.9
15,4463.2
19,4463.6
5,4464.0
10,4465.3
25,4466.6
13,4467.8
12,4468.2
14,4468.3
6,4468.4
31,4468.6
17,4468.7
29,4468.8
26,4468.8
11,4468.8
30,4468.9
23,4469.2
2,4469.8
27,4470.0
22,4470.2
9,4470.2
10,4470.3
7,4471.2
1,4471.9
25,4472.2
19,4472.6
16,4473.3
12,4473.3
20,4473.3
14,4473.6
13,4473.6
31,4473.8
6,4474.2
26,4474.6
15,4474.7
29,4474.7
17,4474.8
30,4474.8
11,4474.8
10,4475.0
23,4475.8
27,4476.2
3,4476.3
2,4477.1
22,4477.2
25,4477.5
12,4478.2
14,4478.6
31,4478.7
9,4479.1
13,4479.5
10,4479.5
0,4479.6
6,4479.9
26,4480.5
29,4480.7
30,4481.0
11,4481.0
17,4481.4
27,4482.8
12,4482.9
25,4483.0
20,4483.2
31,4483.4
14,4483.7
10,4483.9
13,4485.8
6,4486.1
26,4486.7
23,4487.4
12,4487.7
22,4487.8
11,4488.0
29,4488.2
31,4488.3
10,4488.5
25,4488.9
14,4489.0
2,4490.0
30,4491.2
17,4492.9
12,4492.9
10,4493.4
31,4493.6
14,4494.7
27,4495.2
6,4495.4
13,4495.9
25,4496.9
26,4497.1
12,4498.5
10,4499.0
31,4499.3
14,4501.6
12,4505.0
10,4505.1
31,4506.2
10,4513.4
13,4513.7
2,4513.7
17,4513.8
19,4513.8
12,4513.9
29,4513.9
25,4514.0
27,4515.1
6,4517.1
7,4517.7
23,4517.7
30,4518.7
14,4519.0
1,4520.0
10,4520.1
16,4520.1
26,4520.3
12,4520.9
9,4521.3
11,4521.4
29,4521.4
25,4521.5
17,4522.0
2,4525.7
13,4526.3
10,4526.4
6,4528.0
12,4528.1
26,4529.4
29,4529.7
25,4529.7
30,4531.2
17,4533.5
10,4534.2
12,4541.6
14,4541.7
31,4541.8
13,4541.9
11,4541.9
27,4542.0
10,4542.0
25,4542.0
6,4542.1
29,4542.2
23,4542.2
19,4542.3
26,4542.4
22,4542.5
17,4542.5
7,4542.5
2,4542.6
20,4542.6
9,4542.7
1,4542.8
16,4542.9
30,4542.9
15,4543.3
12,4548.1
10,4548.2
14,4548.4
31,4548.6
25,4548.7
13,4548.8
11,4548.9
29,4548.9
6,4548.9
27,4549.1
26,4549.1
17,4549.2
23,4549.2
30,4549.6
2,4550.0
22,4550.2
9,4550.5
7,4551.1
19,4551.2
1,4552.0
16,4553.0
20,4553.0
12,4553.1
10,4553.3
14,4553.6
31,4553.9
25,4554.4
13,4554.5
15,4554.6
6,4554.7
29,4554.7
26,4554.9
11,4555.0
17,4555.2
0,4555.2
30,4555.5
27,4555.5
3,4555.7
23,4555.8
22,4557.4
2,4557.7
12,4557.9
10,4558.2
14,4558.6
31,4558.8
9,4559.4
25,4560.0
13,4560.1
6,4560.6
29,4560.7
26,4560.8
11,4561.2
30,4561.9
17,4562.0
20,4562.2
27,4562.5
12,4562.6
19,4562.8
10,4563.0
14,4563.6
31,4563.6
25,4565.8
13,4566.0
26,4566.9
6,4567.0
23,4567.3
12,4567.5
10,4567.6
11,4568.0
29,4568.3
22,4568.4
31,4568.6
14,4568.9
25,4571.7
30,4571.9
13,4572.0
10,4572.2
12,4572.6
31,4573.9
14,4574.6
26,4575.2
27,4575.5
17,4575.8
10,4577.1
12,4578.3
25,4578.4
6,4578.9
31,4579.7
13,4580.1
14,4581.3
11,4581.9
10,4582.5
12,4584.7
31,4586.5
10,4588.4
10,4596.2
30,4597.2
29,4597.2
6,4597.2
23,4597.4
7,4597.4
14,4597.7
12,4597.8
25,4598.5
26,4598.7
1,4598.8
16,4598.9
9,4599.4
11,4600.1
17,4600.1
13,4601.3
19,4601.7
10,4602.6
2,4605.7
12,4605.8
25,4606.0
29,4606.2
27,4606.3
17,4607.3
26,4607.8
10,4608.5
6,4608.6
30,4609.4
13,4613.7
12,4614.2
25,4614.4
10,4614.8
17,4615.0
29,4616.2
2,4617.7
14,4621.7
5,4621.8
10,4621.8
31,4621.8
12,4622.0
11,4622.0
23,4622.1
6,4622.1
27,4622.2
25,4622.3
26,4622.3
13,4622.4
7,4622.4
17,4622.5
22,4622.5
19,4622.6
20,4622.6
9,4622.6
30,4622.7
29,4622.8
1,4622.9
16,4622.9
15,4623.3
2,4625.0
10,4627.8
12,4628.2
14,4628.4
29,4628.6
31,4628.6
25,4628.7
17,4628.8
6,4628.9
11,4628.9
13,4629.0
26,4629.0
23,4629.2
27,4629.2
30,4629.5
22,4630.1
9,4630.3
7,4630.9
2,4631.4
19,4631.5
1,4632.3
10,4632.8
20,4632.9
16,4633.0
12,4633.1
14,4633.6
31,4633.8
29,4634.0
25,4634.3
17,4634.7
6,4634.7
15,4634.7
26,4634.8
13,4634.8
11,4634.9
3,4635.2
30,4635.3
0,4635.4
27,4635.6
23,4635.8
22,4637.3
10,4637.6
12,4638.0
14,4638.6
31,4638.8
2,4638.8
9,4639.1
29,4639.5
25,4639.9
6,4640.6
13,4640.6
26,4640.6
17,4640.9
11,4641.2
30,4641.7
10,4642.4
27,4642.5
20,4642.6
12,4642.6
31,4643.6
14,4643.6
29,4645.3
25,4645.6
13,4646.3
26,4646.8
19,4646.8
6,4647.0
23,4647.1
10,4647.2
12,4647.4
11,4648.1
31,4648.5
14,4648.9
22,4649.3
17,4650.2
25,4651.6
30,4651.8
10,4651.8
29,4651.9
13,4652.2
12,4652.5
31,4653.9
14,4654.6
27,4655.2
26,4655.5
10,4656.5
12,4658.1
25,4658.2
13,4658.8
31,4659.7
6,4659.8
14,4661.3
10,4661.4
12,4664.5
31,4666.7
10,4666.8
10,4672.8
17,4674.4
2,4674.6
12,4674.7
29,4674.8
27,4675.9
6,4677.2
7,4677.3
23,4677.3
30,4677.6
14,4678.1
25,4678.7
10,4678.8
1,4678.9
26,4678.9
16,4679.0
9,4679.7
11,4679.8
12,4682.0
17,4682.1
29,4682.5
10,4684.9
13,4685.7
19,4686.3
25,4686.5
2,4686.6
26,4688.0
6,4689.0
30,4690.0
12,4690.4
10,4691.0
29,4692.5
17,4692.6
25,4694.4
10,4697.7
13,4697.9
5,4706.8
10,4710.5
5,4710.9
5,4715.5
17,4719.0
12,4719.0
2,4719.2
29,4719.5
27,4719.7
5,4720.2
5,4725.0
6,4726.4
23,4727.0
7,4727.0
10,4727.6
5,4729.9
17,4730.6
12,4730.8
2,4731.5
29,4731.8
14,4732.4
30,4732.5
13,4733.4
25,4733.7
19,4734.0
5,4734.5
10,4734.5
6,4738.0
5,4739.4
12,4740.4
10,4740.9
29,4742.9
5,4744.5
25,4744.8
30,4745.3
13,4746.4
10,4749.6
5,4750.2
5,4756.8
5,5006.5
13,5006.6
6,5006.7
17,5006.8
25,5006.8
10,5006.8
31,5006.9
12,5006.9
11,5007.0
26,5007.1
27,5007.1
14,5007.2
19,5007.2
2,5007.3
23,5007.3
9,5007.5
29,5007.5
7,5007.6
22,5007.7
20,5007.7
1,5007.8
4,5007.9
16,5007.9
30,5008.2
15,5008.3
3,5008.6
5,5012.8
10,5013.4
25,5013.5
6,5013.5
13,5013.5
31,5013.7
17,5013.7
12,5013.8
26,5013.9
11,5014.0
27,5014.3
19,5014.4
14,5014.4
23,5014.4
2,5014.7
29,5015.3
9,5015.4
22,5015.6
7,5016.4
1,5017.2
30,5017.3
4,5017.3
5,5017.6
10,5018.7
16,5018.9
20,5019.1
31,5019.2
3,5019.3
25,5019.4
13,5019.4
6,5019.4
12,5019.8
17,5019.8
26,5019.9
11,5020.1
14,5020.4
27,5020.5
23,5021.1
15,5021.4
19,5021.4
2,5022.2
22,5022.9
10,5024.0
0,5024.2
31,5024.4
25,5025.5
6,5025.5
29,5025.5
13,5025.6
9,5025.7
26,5026.0
12,5026.3
11,5026.6
17,5026.7
14,5026.8
27,5027.6
31,5029.5
10,5029.5
20,5029.6
6,5032.8
26,5032.9
13,5033.3
25,5033.3
23,5034.2
31,5034.8
11,5034.8
22,5034.9
10,5035.5
14,5035.9
12,5036.4
31,5040.4
10,5045.0
31,5046.8
5,5047.8
5,5052.1
5,5056.9
5,5062.3
5,5068.3
13,5073.5
10,5073.6
25,5073.8
19,5074.0
5,5075.8
17,5075.9
12,5075.9
2,5076.1
29,5076.3
27,5076.6
10,5084.2
25,5085.0
5,5085.6
13,5086.1
6,5086.6
17,5086.8
31,5086.8
11,5086.9
12,5087.0
26,5087.0
14,5087.1
23,5087.2
9,5087.4
2,5087.5
7,5087.5
22,5087.5
20,5087.6
19,5087.7
1,5087.7
4,5087.7
16,5087.8
27,5087.9
30,5088.0
15,5088.2
3,5088.4
29,5088.6
10,5090.5
25,5091.6
5,5091.7
13,5092.9
6,5093.4
31,5093.6
17,5093.6
26,5093.8
11,5093.8
12,5093.9
14,5094.1
23,5094.2
19,5094.8
2,5094.8
27,5095.0
9,5095.1
22,5095.2
10,5095.6
7,5096.1
29,5096.2
4,5096.6
30,5096.8
1,5096.9
25,5097.2
20,5098.2
16,5098.2
3,5098.3
13,5098.6
31,5098.8
6,5099.2
15,5099.5
26,5099.6
17,5099.7
12,5099.8
11,5099.8
14,5100.2
10,5100.3
23,5100.8
27,5101.1
19,5101.7
2,5101.8
22,5102.2
25,5102.5
31,5103.7
9,5104.0
13,5104.5
10,5104.7
29,5104.8
6,5105.0
26,5105.5
12,5105.8
11,5106.0
17,5106.0
14,5106.3
20,5106.9
27,5107.7
25,5107.9
31,5108.5
10,5109.3
13,5110.7
6,5111.3
26,5111.7
23,5112.6
12,5112.8
22,5112.8
11,5113.2
31,5113.4
14,5113.6
25,5113.8
10,5114.2
17,5114.5
2,5114.5
19,5115.6
31,5118.7
27,5119.0
10,5119.5
13,5120.7
25,5121.2
26,5121.6
6,5122.9
31,5124.4
10,5125.4
31,5131.0
10,5134.4
12,5138.5
17,5138.5
13,5138.7
2,5138.7
25,5138.9
29,5138.9
19,5139.3
27,5139.9
10,5141.5
6,5142.4
23,5142.6
7,5142.7
1,5145.0
16,5145.1
26,5145.2
9,5146.3
25,5146.3
11,5146.4
17,5146.8
10,5148.0
2,5150.4
12,5150.6
13,5151.5
29,5152.4
6,5153.9
26,5154.3
25,5154.3
10,5155.3
5,5155.6
17,5157.5
5,5159.9
5,5164.4
31,5166.8
13,5166.9
10,5166.9
27,5167.0
25,5167.0
19,5167.0
11,5167.0
14,5167.1
12,5167.1
6,5167.2
23,5167.2
26,5167.4
2,5167.5
17,5167.5
22,5167.5
7,5167.6
20,5167.6
4,5167.7
9,5167.7
1,5167.8
16,5167.8
30,5168.0
15,5168.3
29,5168.3
3,5168.4
10,5173.4
31,5173.6
25,5173.7
13,5173.8
11,5173.9
12,5174.0
27,5174.1
19,5174.1
14,5174.1
26,5174.1
6,5174.1
17,5174.2
23,5174.2
2,5175.0
22,5175.1
9,5175.4
7,5176.1
29,5176.4
4,5176.5
30,5176.8
1,5177.0
3,5177.7
20,5177.9
16,5178.0
10,5178.6
31,5178.8
25,5179.4
15,5179.5
13,5179.6
12,5179.9
6,5179.9
26,5180.0
11,5180.1
14,5180.2
17,5180.3
27,5180.4
0,5180.6
23,5180.8
19,5181.0
22,5182.2
2,5182.5
31,5183.7
10,5183.7
9,5184.3
25,5185.1
13,5185.2
26,5185.8
6,5185.8
12,5186.0
14,5186.2
11,5186.4
17,5186.8
20,5186.8
27,5187.2
29,5187.9
19,5188.0
31,5188.6
10,5188.7
25,5190.9
13,5191.0
26,5192.0
22,5192.2
23,5192.3
6,5192.6
10,5193.5
14,5193.5
12,5193.5
31,5193.5
11,5193.9
25,5197.0
13,5197.1
17,5197.8
10,5198.5
31,5198.8
27,5198.8
19,5198.9
26,5201.6
10,5203.9
31,5204.5
25,5205.2
13,5205.8
10,5209.8
31,5211.2
10,5218.5
6,5221.8
23,5222.4
7,5222.4
26,5223.8
1,5223.8
16,5223.9
25,5224.1
9,5224.4
11,5224.5
17,5224.9
10,5225.6
13,5226.4
19,5226.7
12,5230.5
2,5230.7
29,5230.9
27,5231.2
25,5231.7
10,5232.1
17,5232.1
26,5232.9
6,5233.2
13,5239.1
10,5239.4
17,5239.5
25,5241.6
2,5242.5
12,5242.8
29,5244.5
31,5246.8
11,5247.0
10,5247.0
23,5247.1
14,5247.1
6,5247.1
19,5247.2
27,5247.3
26,5247.3
13,5247.4
7,5247.4
17,5247.4
22,5247.5
20,5247.6
9,5247.6
4,5247.7
1,5247.8
16,5247.9
30,5248.0
25,5248.2
3,5248.3
15,5248.3
12,5249.5
2,5249.7
29,5252.1
10,5253.2
31,5253.6
17,5253.8
25,5253.8
6,5253.9
11,5253.9
13,5254.0
26,5254.0
14,5254.1
23,5254.2
27,5254.3
19,5254.3
22,5255.1
9,5255.3
12,5255.4
7,5255.9
2,5256.2
4,5256.5
30,5256.8
1,5257.2
3,5257.7
20,5257.8
16,5258.3
10,5258.4
31,5258.8
25,5258.8
15,5259.5
29,5259.6
13,5259.7
17,5259.7
26,5259.8
6,5259.8
11,5260.0
14,5260.2
27,5260.6
23,5260.8
12,5261.0
19,5261.3
22,5262.2
10,5263.3
2,5263.3
31,5263.7
25,5263.9
9,5263.9
13,5265.5
26,5265.6
6,5265.7
17,5265.8
14,5266.2
11,5266.4
20,5266.6
12,5266.7
27,5267.5
10,5268.4
31,5268.6
25,5269.2
13,5271.2
19,5271.6
26,5271.8
23,5272.0
6,5272.5
12,5272.8
29,5272.9
22,5273.1
10,5273.4
14,5273.5
31,5273.5
11,5274.0
17,5274.1
25,5274.5
13,5277.0
10,5278.3
31,5278.8
27,5279.6
25,5279.9
26,5281.0
12,5282.9
13,5283.4
10,5283.4
31,5284.6
25,5285.6
10,5288.9
31,5291.3
25,5292.2
10,5295.2
13,5296.1
17,5299.4
2,5299.6
29,5299.8
12,5300.1
27,5300.7
6,5301.7
23,5302.3
7,5302.3
10,5302.4
26,5303.9
1,5303.9
16,5304.0
9,5304.7
25,5304.8
11,5304.8
17,5307.2
10,5310.3
19,5311.2
2,5311.5
13,5311.6
25,5311.9
6,5313.1
26,5313.1
12,5313.2
29,5313.4
17,5317.2
10,5317.8
25,5319.3
13,5325.1
5,5327.6
10,5329.3
5,5331.7
5,5336.3
5,5341.4
12,5344.0
17,5344.1
2,5344.2
29,5344.4
27,5344.7
5,5346.6
6,5351.4
5,5351.6
23,5352.0
10,5352.0
7,5352.0
17,5355.3
2,5356.4
12,5356.6
5,5356.7
13,5358.4
25,5358.7
19,5358.9
10,5359.0
5,5361.8
6,5363.2
10,5365.7
5,5367.2
25,5370.0
13,5371.3
5,5373.1
10,5375.3
5,5380.6
12,5631.5
13,5631.6
5,5631.6
17,5631.8
25,5631.8
19,5631.9
31,5631.9
10,5632.0
11,5632.0
26,5632.1
4,5632.1
27,5632.1
20,5632.2
14,5632.2
2,5632.3
29,5632.5
9,5632.5
22,5632.7
6,5632.8
1,5632.8
16,5632.9
21,5633.0
30,5633.2
15,5633.3
23,5633.5
3,5633.6
12,5638.2
5,5638.2
31,5638.5
13,5638.5
25,5638.5
17,5638.7
19,5638.7
26,5638.9
11,5639.0
4,5639.2
27,5639.3
10,5639.3
14,5639.4
2,5639.7
20,5639.8
29,5640.4
9,5640.4
22,5640.6
1,5642.2
30,5642.4
5,5643.2
21,5643.2
31,5643.4
12,5643.4
16,5643.9
6,5644.2
3,5644.3
13,5644.4
25,5644.4
19,5644.5
17,5644.8
26,5644.8
11,5645.1
4,5645.3
14,5645.4
27,5645.5
15,5646.0
20,5646.2
23,5646.3
10,5646.9
2,5647.6
22,5647.9
5,5648.1
31,5648.3
12,5648.4
25,5650.3
9,5650.4
19,5650.4
29,5650.5
13,5650.6
26,5650.9
28,5651.5
11,5651.5
14,5651.7
17,5651.8
4,5651.8
27,5652.2
20,5652.6
5,5652.7
31,5652.8
7,5653.1
8,5653.1
12,5653.1
21,5655.3
6,5655.5
19,5657.0
25,5657.0
31,5657.2
5,5657.2
26,5657.8
12,5658.1
13,5658.4
11,5659.8
14,5660.1
22,5660.8
31,5661.6
20,5661.7
5,5661.9
4,5663.3
12,5663.4
27,5663.4
31,5666.3
5,5666.9
12,5669.2
31,5671.3
5,5672.4
12,5676.4
31,5676.9
5,5678.8
31,5683.1
31,5695.6
13,5698.5
10,5698.6
25,5698.8
19,5699.0
12,5700.8
17,5700.9
2,5701.1
5,5701.1
29,5701.3
27,5701.6
25,5709.4
10,5709.6
13,5711.2
12,5711.5
5,5711.6
17,5711.8
11,5711.9
4,5712.0
31,5712.0
26,5712.0
14,5712.1
20,5712.1
19,5712.2
9,5712.4
22,5712.5
2,5712.5
1,5712.7
6,5712.7
16,5712.8
21,5712.8
27,5712.9
30,5713.0
15,5713.2
3,5713.3
23,5713.3
29,5713.5
25,5715.9
10,5716.6
13,5717.9
12,5718.1
5,5718.2
31,5718.6
17,5718.6
26,5718.8
11,5718.8
19,5718.9
4,5719.0
14,5719.1
20,5719.6
2,5719.8
27,5719.9
9,5720.1
22,5720.2
29,5721.0
25,5721.3
30,5721.7
1,5721.7
21,5722.3
3,5723.0
10,5723.0
6,5723.0
16,5723.1
5,5723.2
12,5723.2
31,5723.5
13,5723.7
15,5724.1
26,5724.6
17,5724.6
19,5724.7
11,5724.8
4,5725.0
23,5725.0
14,5725.1
20,5725.9
27,5726.0
25,5726.4
2,5727.1
22,5727.4
12,5728.0
5,5728.0
31,5728.3
8,5728.9
29,5729.3
13,5729.6
9,5729.9
10,5730.4
26,5730.5
19,5730.6
17,5730.9
11,5731.0
14,5731.2
4,5731.3
25,5731.4
20,5732.3
27,5732.4
5,5732.5
6,5732.6
12,5732.7
31,5732.8
21,5734.2
1,5735.5
30,5735.7
13,5735.9
26,5736.7
25,5736.8
5,5736.9
31,5737.0
15,5737.1
19,5737.2
12,5737.4
11,5738.0
14,5738.2
22,5738.7
17,5739.8
20,5740.7
2,5740.8
4,5740.9
5,5741.3
31,5741.3
27,5741.5
25,5742.5
12,5742.5
31,5745.8
5,5746.0
26,5746.4
13,5747.0
12,5747.9
25,5749.1
31,5750.5
5,5751.1
12,5754.0
31,5755.8
5,5756.7
31,5761.5
12,5762.7
5,5762.8
10,5763.4
17,5763.5
2,5763.8
19,5763.8
25,5763.8
29,5763.9
13,5764.0
27,5764.3
31,5768.3
5,5769.8
1,5770.0
16,5770.1
26,5770.2
25,5771.1
9,5771.3
11,5771.4
12,5771.8
17,5771.9
10,5774.1
2,5775.6
29,5777.0
13,5777.1
25,5778.5
26,5779.1
5,5782.2
17,5783.3
12,5791.3
19,5791.7
31,5791.8
25,5791.8
11,5792.0
27,5792.0
4,5792.0
13,5792.0
5,5792.0
10,5792.1
20,5792.1
14,5792.1
26,5792.3
17,5792.5
22,5792.5
2,5792.6
9,5792.7
1,5792.8
21,5792.8
6,5792.8
16,5792.8
30,5793.0
29,5793.2
15,5793.3
23,5793.3
3,5793.4
12,5797.9
31,5798.4
19,5798.5
25,5798.5
5,5798.5
4,5798.9
11,5798.9
13,5798.9
27,5799.0
26,5799.1
17,5799.1
14,5799.1
10,5799.3
20,5799.5
2,5800.0
22,5800.2
9,5800.4
29,5801.1
30,5801.7
1,5801.8
21,5802.8
16,5802.9
3,5802.9
6,5803.0
12,5803.0
31,5803.1
5,5803.4
25,5804.1
15,5804.2
19,5804.2
13,5804.7
4,5804.9
26,5804.9
23,5805.0
14,5805.1
11,5805.1
17,5805.1
27,5805.3
20,5805.8
10,5806.5
2,5807.4
22,5807.4
12,5807.8
31,5808.0
5,5808.2
25,5809.6
19,5809.8
9,5809.9
13,5810.4
26,5810.7
14,5811.0
4,5811.1
29,5811.3
11,5811.3
17,5811.6
27,5811.9
20,5812.1
12,5812.4
31,5812.6
5,5812.7
10,5813.1
6,5813.8
21,5815.0
25,5815.0
19,5815.6
13,5816.2
3,5816.3
31,5816.8
26,5816.9
5,5817.1
12,5817.2
14,5817.8
11,5818.5
22,5819.2
4,5819.3
20,5820.0
10,5820.3
25,5820.4
31,5821.1
5,5821.5
27,5821.7
19,5821.9
12,5822.2
13,5822.3
17,5823.5
26,5825.3
31,5825.5
5,5826.1
25,5826.1
12,5827.7
31,5830.2
5,5831.2
13,5831.7
19,5832.3
25,5832.4
12,5833.7
31,5835.4
5,5836.8
31,5841.1
5,5843.1
12,5843.3
25,5844.6
31,5847.7
26,5848.7
1,5848.8
16,5848.9
9,5849.4
11,5849.5
17,5849.8
10,5851.3
13,5851.5
25,5851.6
19,5852.4
2,5855.7
29,5855.9
5,5856.1
27,5856.2
12,5856.6
17,5857.0
26,5857.8
25,5858.4
10,5862.1
13,5864.3
17,5864.6
2,5867.8
25,5867.9
5,5868.8
29,5869.3
12,5869.5
31,5871.8
19,5871.8
11,5872.0
4,5872.0
14,5872.1
20,5872.1
27,5872.2
26,5872.3
13,5872.4
17,5872.4
22,5872.5
9,5872.7
1,5872.8
6,5872.8
21,5872.9
16,5873.0
30,5873.0
10,5873.2
15,5873.3
23,5873.3
3,5873.3
25,5874.3
2,5875.0
5,5875.1
12,5876.0
29,5876.8
31,5878.4
19,5878.6
17,5878.8
13,5878.9
11,5878.9
4,5879.0
26,5879.0
14,5879.1
27,5879.3
20,5879.5
25,5879.8
5,5880.0
22,5880.2
9,5880.4
10,5880.5
12,5880.9
30,5881.6
2,5881.6
1,5881.7
21,5882.5
3,5882.8
6,5883.0
16,5883.2
31,5883.2
15,5884.1
29,5884.2
19,5884.4
13,5884.7
17,5884.7
5,5884.8
25,5884.8
26,5884.8
4,5885.0
11,5885.0
14,5885.1
23,5885.1
27,5885.6
12,5885.7
20,5885.9
22,5887.5
10,5888.0
31,5888.0
2,5889.2
25,5889.7
9,5890.1
19,5890.1
12,5890.2
13,5890.5
26,5890.6
17,5890.9
14,5891.1
4,5891.2
11,5891.2
27,5892.2
20,5892.3
6,5894.0
12,5894.5
25,5894.7
29,5895.1
21,5895.2
19,5895.9
13,5896.2
10,5896.5
26,5896.6
31,5896.8
14,5897.9
11,5898.3
12,5898.9
22,5899.5
17,5899.7
25,5899.9
4,5900.2
20,5900.9
31,5901.0
13,5902.1
5,5902.1
19,5902.3
27,5902.9
12,5903.6
26,5904.4
25,5905.0
31,5905.5
5,5906.4
10,5906.5
12,5908.6
13,5908.8
31,5910.2
25,5910.4
5,5911.0
19,5913.2
12,5914.2
31,5915.4
5,5916.0
25,5916.3
12,5920.7
31,5921.1
5,5921.6
25,5923.7
17,5924.4
2,5924.6
29,5924.8
27,5925.3
12,5927.2
5,5927.5
31,5927.7
1,5928.9
26,5928.9
16,5929.0
9,5929.7
11,5929.8
25,5931.2
17,5932.1
5,5933.5
12,5935.0
13,5935.6
10,5935.8
19,5936.4
2,5936.5
25,5937.7
26,5937.9
29,5938.0
5,5941.4
17,5942.3
25,5944.3
10,5946.6
13,5948.1
25,5954.6
12,5969.0
17,5969.1
5,5969.2
2,5969.2
29,5969.4
27,5969.7
17,5980.5
12,5980.9
2,5981.5
5,5982.3
13,5983.4
10,5983.5
25,5983.7
19,5983.9
25,5994.5
10,5994.6
13,5996.4
12,6256.5
5,6256.6
17,6256.8
31,6256.9
11,6257.0
4,6257.1
26,6257.1
27,6257.1
14,6257.2
23,6257.2
20,6257.2
7,6257.3
2,6257.3
19,6257.5
9,6257.5
29,6257.5
13,6257.7
22,6257.7
25,6257.7
1,6257.8
6,6257.8
16,6257.9
21,6258.0
30,6258.2
15,6258.3
3,6258.6
5,6263.2
12,6263.2
31,6263.5
17,6263.7
26,6263.9
11,6264.0
23,6264.2
4,6264.2
27,6264.3
14,6264.4
2,6264.7
20,6264.8
19,6265.2
29,6265.3
9,6265.4
22,6265.6
7,6265.7
25,6266.5
1,6267.1
30,6267.4
21,6268.0
13,6268.1
5,6268.2
31,6268.4
12,6268.5
16,6268.9
3,6269.2
6,6269.2
26,6269.8
17,6269.8
11,6270.1
4,6270.3
14,6270.4
27,6270.5
23,6270.7
15,6271.0
20,6271.2
2,6272.3
19,6273.0
22,6273.1
5,6273.1
31,6273.3
12,6273.4
24,6273.4
0,6273.9
29,6275.7
26,6275.9
9,6276.2
11,6276.5
14,6276.6
17,6276.8
4,6276.8
28,6277.0
27,6277.1
25,6277.3
20,6277.6
7,6277.7
5,6277.7
31,6277.8
12,6278.1
13,6278.7
23,6279.4
21,6279.9
6,6281.0
31,6282.2
5,6282.3
26,6282.7
12,6283.0
14,6284.5
22,6285.1
11,6285.1
31,6286.6
20,6286.7
5,6287.0
4,6287.8
12,6288.2
27,6288.3
31,6291.1
5,6292.2
12,6293.9
31,6296.1
5,6297.9
12,6300.4
31,6301.5
5,6304.6
31,6307.5
31,6316.0
12,6325.9
17,6325.9
2,6326.1
5,6326.1
29,6326.3
27,6326.6
23,6329.3
7,6329.3
12,6336.4
5,6336.6
17,6336.7
31,6336.8
11,6336.9
26,6337.0
4,6337.0
14,6337.1
20,6337.1
19,6337.3
9,6337.4
22,6337.5
2,6337.5
13,6337.6
25,6337.6
1,6337.7
6,6337.7
16,6337.8
21,6337.8
27,6337.9
30,6338.0
23,6338.1
15,6338.2
3,6338.4
29,6338.4
7,6339.4
12,6343.0
5,6343.2
31,6343.4
17,6343.5
11,6343.8
26,6343.8
4,6343.9
14,6344.1
20,6344.5
2,6344.8
27,6344.9
19,6344.9
23,6345.0
9,6345.2
22,6345.2
25,6345.9
29,6346.0
30,6346.6
1,6346.8
21,6347.2
13,6347.2
7,6347.4
6,6347.9
5,6348.1
31,6348.2
12,6348.2
3,6348.3
16,6348.3
15,6349.3
17,6349.5
26,6349.6
11,6349.8
4,6349.9
14,6350.1
20,6350.9
27,6351.0
23,6351.6
22,6352.3
2,6352.4
19,6352.5
31,6353.0
12,6353.0
5,6353.0
29,6354.4
25,6355.3
17,6355.5
26,6355.5
0,6355.9
11,6355.9
9,6356.0
14,6356.0
4,6356.1
13,6356.2
20,6357.2
27,6357.4
5,6357.5
12,6357.6
7,6357.7
6,6357.9
10,6358.2
21,6359.0
30,6359.6
8,6359.6
23,6359.9
3,6361.4
15,6361.4
31,6361.8
26,6361.9
5,6361.9
12,6362.3
14,6362.4
11,6362.6
22,6362.8
17,6363.4
4,6364.0
20,6365.4
31,6366.0
5,6366.3
27,6366.5
12,6367.3
31,6370.5
5,6370.9
12,6372.7
26,6372.9
14,6374.4
31,6375.1
11,6375.7
5,6375.9
12,6378.6
31,6380.3
5,6381.4
31,6385.9
12,6386.0
5,6387.5
17,6388.6
2,6388.7
29,6388.9
27,6389.2
23,6389.8
7,6389.8
31,6392.2
12,6393.3
5,6394.2
25,6394.8
1,6395.0
16,6395.1
26,6395.3
9,6396.3
11,6396.6
17,6396.9
2,6400.5
29,6402.4
23,6403.4
26,6404.4
5,6404.6
12,6404.7
31,6406.2
17,6407.9
12,6416.8
5,6416.8
27,6417.0
4,6417.0
11,6417.0
20,6417.1
14,6417.1
7,6417.2
19,6417.3
31,6417.3
26,6417.4
2,6417.5
22,6417.5
13,6417.6
17,6417.6
25,6417.7
23,6417.7
9,6417.7
21,6417.8
16,6417.8
6,6417.8
1,6417.8
30,6418.0
3,6418.3
15,6418.3
29,6418.3
5,6423.4
12,6423.5
31,6423.8
11,6423.9
4,6423.9
27,6424.0
14,6424.1
26,6424.1
17,6424.3
20,6424.5
23,6424.8
19,6424.9
2,6425.0
22,6425.2
7,6425.4
9,6425.5
25,6426.0
29,6426.3
30,6426.6
1,6427.0
13,6427.1
21,6427.6
6,6427.9
16,6427.9
3,6427.9
5,6428.3
12,6428.5
31,6428.6
15,6429.3
26,6429.9
4,6429.9
11,6430.0
14,6430.0
17,6430.2
27,6430.3
20,6430.8
23,6431.5
0,6432.0
19,6432.2
22,6432.3
2,6432.5
5,6433.1
12,6433.3
31,6433.5
26,6435.8
14,6435.9
4,6436.0
11,6436.2
9,6436.2
17,6436.6
13,6436.7
27,6436.9
25,6436.9
20,6437.1
7,6437.3
29,6437.4
5,6437.6
12,6438.0
6,6438.4
21,6439.5
3,6441.8
23,6441.8
5,6442.0
26,6442.0
31,6442.2
14,6442.3
12,6442.8
15,6443.1
4,6443.2
11,6443.2
22,6444.5
20,6445.2
17,6446.1
5,6446.4
31,6446.4
27,6446.8
12,6447.8
26,6450.9
31,6450.9
5,6451.1
12,6453.2
14,6454.3
31,6455.6
5,6456.2
12,6459.2
31,6460.7
5,6461.9
31,6466.4
12,6467.8
5,6468.3
31,6472.8
25,6473.6
26,6473.7
1,6473.8
16,6473.9
9,6474.4
11,6474.5
17,6474.9
23,6480.6
7,6480.6
2,6480.7
29,6480.9
27,6481.2
5,6481.3
12,6481.5
17,6482.1
26,6482.7
17,6489.5
2,6492.7
12,6493.8
5,6494.2
29,6494.6
31,6496.8
11,6497.0
4,6497.0
14,6497.1
20,6497.1
23,6497.2
27,6497.2
26,6497.3
17,6497.4
19,6497.4
7,6497.5
22,6497.5
13,6497.6
9,6497.6
25,6497.7
6,6497.8
1,6497.8
21,6497.9
16,6498.0
30,6498.0
15,6498.3
3,6498.4
2,6499.9
12,6500.2
5,6500.6
29,6502.2
31,6503.4
17,6503.8
11,6503.9
26,6504.0
4,6504.0
23,6504.1
14,6504.1
27,6504.3
20,6504.5
19,6505.0
22,6505.2
12,6505.2
9,6505.3
7,6505.4
5,6505.4
25,6506.1
2,6506.5
30,6506.6
1,6507.0
13,6507.1
21,6507.4
3,6508.0
6,6508.0
31,6508.1
16,6508.4
15,6509.3
17,6509.6
26,6509.8
29,6509.9
12,6510.0
11,6510.0
4,6510.0
5,6510.1
14,6510.1
27,6510.5
23,6510.5
20,6510.8
0,6512.1
22,6512.4
19,6512.5
31,6513.0
2,6513.7
26,6515.6
17,6515.7
14,6516.0
11,6516.1
4,6516.1
9,6516.2
7,6516.4
13,6516.4
25,6517.1
27,6517.2
20,6517.3
31,6517.6
23,6518.9
12,6518.9
6,6519.4
21,6519.9
30,6520.2
26,6521.8
31,6521.8
14,6522.5
11,6522.5
12,6523.1
17,6523.1
15,6523.4
4,6523.8
22,6524.1
31,6526.0
20,6526.0
12,6527.5
5,6527.5
27,6527.7
31,6530.5
26,6530.6
5,6531.8
12,6532.2
11,6532.9
31,6535.2
14,6535.9
5,6536.4
12,6537.4
31,6540.3
5,6541.5
12,6543.0
31,6546.0
5,6547.2
12,6549.0
17,6549.4
2,6549.6
7,6549.7
29,6549.8
23,6549.8
27,6550.3
31,6552.4
5,6553.1
25,6553.8
1,6553.9
26,6553.9
16,6554.0
9,6554.7
11,6554.8
12,6555.6
17,6557.1
5,6559.3
2,6561.5
26,6562.9
29,6563.4
12,6565.7
17,6566.9
5,6568.8
12,6594.0
17,6594.0
5,6594.2
2,6594.2
7,6594.3
23,6594.4
29,6594.5
27,6594.7
17,6605.3
12,6605.8
2,6606.4
5,6607.2
12,6881.5
23,6881.7
17,6881.8
5,6881.8
31,6881.9
13,6881.9
4,6882.1
27,6882.1
22,6882.1
15,6882.1
14,6882.2
7,6882.3
26,6882.3
2,6882.3
19,6882.5
29,6882.5
9,6882.5
11,6882.6
25,6882.7
1,6882.8
16,6882.9
6,6882.9
21,6883.0
20,6883.1
30,6883.2
3,6883.6
23,6888.2
12,6888.2
31,6888.5
5,6888.6
17,6888.7
22,6888.9
13,6888.9
27,6889.0
15,6889.1
4,6889.2
26,6889.3
14,6889.4
2,6889.7
19,6890.2
29,6890.4
9,6890.4
7,6890.7
11,6891.0
25,6891.5
1,6892.1
30,6892.4
21,6893.0
12,6893.5
23,6893.5
31,6893.5
20,6893.9
16,6893.9
6,6894.2
3,6894.2
5,6894.3
22,6894.8
17,6894.9
13,6895.0
15,6895.2
14,6895.3
4,6895.3
27,6895.5
26,6895.9
2,6897.3
19,6898.1
31,6898.3
12,6898.4
23,6898.7
0,6898.7
5,6900.1
29,6900.4
22,6901.0
25,6901.0
13,6901.5
11,6901.6
9,6901.6
8,6901.6
15,6901.7
14,6901.7
4,6901.8
17,6902.0
31,6902.8
28,6903.0
12,6903.2
27,6903.3
23,6904.0
26,6905.1
30,6906.1
5,6906.3
31,6907.2
6,6907.3
12,6908.1
22,6909.0
23,6909.7
14,6910.7
31,6911.7
15,6911.8
13,6912.2
4,6912.7
12,6913.4
5,6915.4
23,6916.3
31,6916.4
12,6919.2
31,6921.5
12,6926.1
31,6927.1
31,6933.6
12,6950.9
17,6950.9
2,6951.1
5,6951.1
7,6951.3
29,6951.3
23,6951.3
27,6951.6
12,6961.5
17,6961.7
31,6961.8
13,6961.8
23,6961.9
4,6962.0
15,6962.0
5,6962.0
22,6962.0
14,6962.1
26,6962.2
19,6962.3
9,6962.4
2,6962.4
11,6962.5
25,6962.6
1,6962.7
6,6962.7
21,6962.8
16,6962.8
27,6962.9
30,6963.0
20,6963.0
3,6963.4
29,6963.5
7,6963.8
12,6968.1
31,6968.4
23,6968.4
17,6968.5
13,6968.8
22,6968.8
5,6968.8
15,6968.9
4,6968.9
14,6969.1
26,6969.1
2,6969.6
27,6969.7
19,6969.9
9,6970.2
11,6970.5
25,6971.0
29,6971.1
30,6971.7
7,6971.9
1,6971.9
21,6972.2
6,6972.9
20,6973.0
31,6973.2
3,6973.2
12,6973.2
16,6973.3
23,6973.6
22,6974.5
5,6974.6
17,6974.6
13,6974.8
15,6974.9
4,6975.0
14,6975.2
26,6975.6
27,6976.0
2,6976.9
19,6977.4
31,6978.0
12,6978.0
23,6978.6
29,6979.5
25,6980.0
5,6980.1
11,6980.3
22,6980.4
17,6980.8
13,6980.9
15,6981.0
9,6981.1
4,6981.2
14,6981.3
10,6982.3
31,6982.5
12,6982.7
30,6983.6
27,6983.6
23,6983.7
7,6983.8
6,6984.1
26,6984.5
5,6985.7
31,6986.8
22,6986.8
12,6987.3
13,6988.4
15,6988.5
14,6988.6
17,6989.0
23,6989.2
4,6989.4
2,6989.4
31,6991.0
5,6991.9
12,6992.2
23,6995.1
31,6995.5
12,6997.6
22,6998.8
31,7000.3
5,7002.8
23,7003.1
12,7003.4
31,7005.6
12,7010.7
31,7011.4
17,7013.5
2,7013.6
7,7013.8
29,7013.9
27,7014.2
23,7015.3
5,7015.3
12,7018.0
31,7018.4
15,7018.7
13,7018.8
22,7019.5
25,7019.9
1,7020.0
16,7020.1
26,7020.2
9,7021.3
11,7021.4
17,7021.8
27,7022.0
23,7022.9
2,7024.9
29,7027.5
26,7029.4
12,7029.4
15,7030.6
23,7032.1
27,7032.5
17,7032.9
5,7041.7
31,7041.8
12,7041.8
13,7041.9
23,7042.0
22,7042.0
4,7042.0
14,7042.1
7,7042.2
19,7042.3
2,7042.4
17,7042.6
11,7042.6
9,7042.7
26,7042.7
25,7042.7
6,7042.8
1,7042.8
15,7042.8
21,7042.8
16,7042.9
27,7043.0
20,7043.0
30,7043.0
29,7043.3
3,7043.3
31,7048.4
5,7048.5
12,7048.5
23,7048.5
13,7048.8
22,7048.8
4,7048.9
14,7049.1
17,7049.3
26,7049.6
15,7049.7
2,7049.8
27,7049.8
19,7049.9
7,7050.4
9,7050.5
11,7050.7
25,7051.0
29,7051.4
30,7051.5
1,7052.0
21,7052.4
3,7052.7
6,7052.8
31,7053.1
16,7053.2
20,7053.4
12,7053.5
23,7053.6
5,7054.1
22,7054.5
13,7054.8
4,7054.9
14,7055.1
17,7055.3
15,7055.8
26,7055.9
27,7056.1
2,7056.8
19,7057.2
31,7058.0
12,7058.3
23,7058.7
5,7059.4
22,7060.2
13,7060.9
11,7060.9
4,7061.0
14,7061.1
9,7061.2
17,7061.6
15,7062.2
25,7062.4
31,7062.5
7,7062.9
12,7063.0
29,7063.4
27,7063.4
23,7063.8
26,7064.0
30,7064.4
5,7064.9
6,7065.0
21,7065.4
22,7066.3
31,7066.8
20,7067.3
14,7067.8
12,7067.8
4,7068.0
13,7068.2
23,7069.3
5,7070.7
19,7070.9
31,7071.0
15,7071.5
17,7071.8
12,7072.9
22,7074.8
23,7075.4
31,7075.5
5,7077.8
12,7078.4
31,7080.3
12,7084.6
23,7085.3
31,7085.5
31,7091.3
12,7096.9
15,7097.2
13,7097.3
22,7097.6
27,7097.6
31,7098.1
23,7098.4
25,7098.7
26,7098.7
1,7098.8
16,7098.9
9,7099.4
11,7099.5
17,7100.0
7,7105.3
2,7105.7
5,7105.7
29,7105.9
23,7106.0
27,7106.7
12,7107.1
17,7107.2
26,7108.2
15,7109.1
23,7114.4
17,7114.7
2,7117.5
5,7118.8
27,7119.6
12,7119.9
31,7121.8
13,7121.9
22,7122.0
4,7122.0
14,7122.1
23,7122.1
17,7122.4
19,7122.4
7,7122.5
9,7122.6
15,7122.6
25,7122.7
26,7122.7
1,7122.8
11,7122.8
6,7122.8
29,7122.8
16,7122.9
21,7122.9
30,7123.0
20,7123.1
3,7123.3
2,7124.7
5,7125.4
12,7126.4
27,7126.5
23,7128.2
31,7128.4
13,7128.8
17,7128.8
22,7128.8
4,7129.0
14,7129.1
15,7129.6
26,7129.6
19,7130.0
9,7130.4
29,7130.4
7,7130.5
11,7130.8
5,7130.9
25,7131.1
2,7131.3
12,7131.3
30,7131.4
1,7132.1
21,7132.3
27,7132.5
3,7132.7
6,7132.9
31,7133.1
20,7133.2
23,7133.3
16,7133.4
22,7134.5
17,7134.6
13,7134.8
4,7135.0
14,7135.1
15,7135.7
26,7135.9
5,7136.1
12,7136.2
19,7137.4
31,7138.0
2,7138.1
23,7138.3
27,7138.7
29,7139.5
22,7140.2
12,7140.6
17,7140.7
13,7140.9
4,7141.1
14,7141.1
5,7141.2
9,7141.2
11,7141.4
7,7142.0
15,7142.1
31,7142.6
25,7143.0
23,7143.3
26,7144.0
30,7144.6
12,7145.0
6,7145.2
22,7146.3
27,7146.5
5,7146.5
31,7146.8
17,7147.8
14,7148.0
13,7148.4
23,7148.7
4,7149.1
12,7149.5
31,7151.0
2,7151.0
15,7151.8
5,7152.2
12,7154.2
22,7154.5
23,7154.5
31,7155.5
5,7158.8
12,7159.4
31,7160.2
23,7161.9
12,7165.1
31,7165.5
31,7171.2
12,7171.9
17,7174.4
2,7174.6
7,7174.7
29,7174.8
5,7175.0
27,7175.1
23,7175.7
15,7177.5
13,7177.6
22,7177.8
31,7178.1
25,7178.7
26,7178.9
1,7178.9
12,7178.9
16,7179.0
9,7179.7
11,7179.8
17,7182.1
27,7183.4
23,7183.6
2,7186.1
26,7188.3
5,7188.5
12,7189.3
15,7189.4
17,7191.9
23,7194.5
12,7219.0
17,7219.0
23,7219.2
7,7219.2
5,7219.2
2,7219.2
29,7219.4
27,7219.7
17,7230.3
12,7230.9
2,7231.2
23,7231.7
15,7232.5
13,7232.5
5,7232.8
22,7232.8
27,7233.3
23,7242.0
15,7245.1
12,7506.5
17,7506.6
23,7506.7
25,7506.8
13,7506.9
4,7507.1
22,7507.1
27,7507.1
31,7507.1
14,7507.2
26,7507.3
2,7507.3
5,7507.3
7,7507.4
15,7507.4
9,7507.5
29,7507.5
19,7507.5
11,7507.6
1,7507.8
16,7507.9
21,7508.0
20,7508.1
30,7508.2
3,7508.6
12,7513.2
23,7513.2
17,7513.3
25,7513.5
31,7513.9
22,7513.9
13,7513.9
27,7514.0
4,7514.2
26,7514.3
14,7514.4
2,7514.7
15,7515.0
19,7515.2
5,7515.3
9,7515.4
29,7515.4
7,7515.7
11,7516.0
1,7517.1
30,7517.3
21,7518.0
23,7518.5
12,7518.5
17,7518.8
16,7518.9
20,7519.0
3,7519.3
31,7519.4
25,7519.6
22,7519.8
13,7520.0
4,7520.3
14,7520.4
27,7520.5
26,7521.0
19,7523.1
2,7523.2
12,7523.4
23,7523.6
15,7523.8
17,7524.2
6,7524.3
31,7524.8
5,7525.6
22,7525.9
25,7526.2
29,7526.3
13,7526.5
14,7526.8
4,7526.8
9,7527.2
11,7527.5
12,7528.2
27,7528.4
7,7529.0
23,7529.0
21,7529.4
17,7529.8
31,7530.0
26,7530.6
30,7530.8
12,7533.1
22,7533.7
23,7534.7
14,7535.5
31,7535.6
17,7536.0
13,7536.9
25,7537.0
4,7537.7
12,7538.5
23,7541.5
31,7541.7
12,7544.2
17,7547.7
12,7551.2
31,7552.1
17,7575.7
12,7575.9
5,7576.1
2,7576.1
25,7576.2
29,7576.3
23,7576.3
7,7576.3
27,7576.6
17,7584.0
12,7586.5
13,7586.8
31,7586.9
23,7586.9
25,7586.9
4,7587.0
22,7587.0
14,7587.1
26,7587.2
15,7587.3
19,7587.3
9,7587.4
2,7587.4
11,7587.5
1,7587.7
16,7587.8
21,7587.8
27,7587.9
30,7588.0
20,7588.0
3,7588.4
5,7588.5
29,7588.6
7,7588.8
17,7590.2
12,7593.0
23,7593.4
31,7593.7
25,7593.7
13,7593.8
22,7593.8
4,7593.9
26,7594.1
14,7594.1
2,7594.6
27,7594.7
15,7594.8
19,7594.9
9,7595.1
17,7595.2
11,7595.6
5,7596.1
29,7596.2
30,7596.7
7,7596.8
1,7596.9
21,7597.2
16,7598.1
3,7598.2
12,7598.2
20,7598.2
23,7598.6
31,7599.0
22,7599.5
25,7599.7
13,7599.8
17,7599.9
4,7600.0
14,7600.1
26,7600.7
27,7600.9
6,7601.8
2,7601.9
19,7602.3
12,7603.0
15,7603.2
23,7603.6
31,7604.1
29,7604.4
17,7604.5
5,7604.8
11,7604.9
9,7605.0
0,7605.3
22,7605.4
13,7605.9
25,7605.9
14,7606.2
4,7606.2
12,7607.6
10,7607.6
27,7608.1
21,7608.2
7,7608.2
30,7608.5
23,7608.8
17,7608.9
31,7609.0
26,7609.7
22,7611.9
12,7612.2
14,7613.1
13,7613.5
17,7613.6
25,7613.8
2,7614.1
23,7614.2
31,7614.3
4,7614.9
12,7617.1
17,7618.5
31,7619.9
23,7620.2
12,7622.3
17,7624.0
22,7625.9
31,7626.2
12,7628.0
23,7628.8
17,7630.0
12,7634.5
17,7637.8
25,7638.3
2,7638.6
5,7638.7
7,7638.8
29,7638.9
27,7639.2
23,7640.4
12,7641.1
13,7643.6
15,7643.6
22,7644.7
17,7644.9
1,7645.0
16,7645.1
26,7645.2
25,7645.7
9,7646.3
11,7646.4
27,7647.0
23,7648.1
12,7648.7
2,7650.0
17,7652.0
29,7652.4
25,7653.9
26,7654.5
15,7656.5
27,7657.3
23,7657.5
17,7663.1
12,7666.3
31,7666.9
13,7666.9
25,7667.0
4,7667.0
22,7667.0
5,7667.1
7,7667.1
14,7667.1
23,7667.1
19,7667.3
2,7667.4
11,7667.6
26,7667.7
9,7667.7
16,7667.8
1,7667.8
21,7667.8
27,7667.9
20,7668.0
30,7668.0
29,7668.3
3,7668.4
15,7668.7
17,7669.5
12,7673.0
23,7673.5
31,7673.7
25,7673.7
22,7673.8
13,7673.8
4,7673.9
14,7674.1
17,7674.6
26,7674.6
27,7674.7
2,7674.7
5,7674.9
19,7674.9
7,7675.3
9,7675.5
11,7675.6
15,7676.4
29,7676.4
30,7676.6
1,7677.0
21,7677.5
16,7677.6
3,7677.7
12,7678.0
20,7678.5
23,7678.6
31,7679.0
17,7679.4
25,7679.6
22,7679.6
13,7679.8
4,7679.9
14,7680.0
27,7681.0
26,7681.1
6,7681.3
2,7681.9
19,7682.1
12,7682.8
23,7683.7
31,7683.9
17,7684.0
5,7684.7
11,7685.4
22,7685.4
9,7685.5
25,7685.7
15,7685.8
13,7685.9
14,7686.0
4,7686.1
12,7687.4
29,7687.9
7,7688.2
27,7688.3
17,7688.6
23,7688.8
31,7688.8
21,7689.4
26,7689.5
30,7690.0
22,7691.7
12,7692.0
14,7692.6
25,7693.3
13,7693.4
17,7693.5
4,7693.8
31,7693.9
23,7694.4
19,7694.9
2,7695.1
12,7696.8
17,7698.8
31,7699.5
23,7700.5
12,7702.1
22,7703.4
17,7704.3
25,7705.0
31,7705.6
14,7706.6
12,7707.8
17,7710.3
23,7710.3
12,7714.5
31,7715.9
25,7716.9
17,7717.3
13,7722.2
15,7722.2
27,7722.5
22,7723.1
23,7723.4
26,7723.7
1,7723.8
16,7723.9
9,7724.4
11,7724.5
25,7725.5
17,7726.0
7,7730.3
12,7730.7
5,7730.7
2,7730.7
29,7730.9
23,7731.0
27,7731.7
17,7733.0
26,7733.2
15,7735.1
23,7739.6
17,7740.2
12,7742.1
2,7742.3
29,7744.4
27,7744.6
25,7745.3
17,7746.8
13,7746.9
31,7746.9
4,7747.0
22,7747.0
14,7747.1
23,7747.1
19,7747.4
5,7747.5
7,7747.5
9,7747.6
26,7747.7
11,7747.7
1,7747.8
21,7747.9
30,7748.0
16,7748.0
20,7748.1
3,7748.4
15,7748.5
12,7748.6
2,7749.5
27,7751.5
29,7752.0
25,7752.1
17,7752.6
23,7753.2
12,7753.7
31,7753.7
13,7753.8
22,7753.8
4,7754.0
14,7754.1
26,7754.6
19,7755.0
5,7755.2
9,7755.3
7,7755.5
11,7755.7
2,7756.0
15,7756.3
30,7756.6
1,7757.1
21,7757.3
27,7757.4
17,7757.7
3,7757.7
25,7757.9
16,7758.0
23,7758.3
20,7758.4
12,7758.5
31,7759.0
29,7759.4
22,7759.6
13,7759.8
4,7760.0
14,7760.0
26,7760.9
6,7762.1
19,7762.3
17,7762.4
2,7762.7
23,7763.2
12,7763.2
27,7763.5
25,7763.5
31,7764.0
5,7764.8
9,7765.3
22,7765.4
15,7766.0
13,7766.0
14,7766.1
11,7766.2
4,7766.2
17,7767.1
7,7767.5
12,7767.5
23,7768.2
31,7769.0
25,7769.1
26,7769.4
21,7769.6
27,7771.0
12,7771.7
22,7771.7
17,7771.8
14,7773.1
23,7773.6
13,7773.8
31,7774.2
4,7774.5
25,7775.0
2,7775.1
19,7775.5
12,7776.1
17,7776.7
23,7779.4
31,7779.8
12,7780.7
17,7782.1
25,7782.1
22,7783.7
12,7785.7
31,7786.0
23,7786.5
17,7788.0
12,7791.3
17,7795.6
12,7797.5
31,7799.1
2,7799.5
5,7799.6
7,7799.7
29,7799.8
27,7800.1
23,7800.6
17,7802.5
15,7802.6
13,7802.6
25,7802.7
22,7803.5
26,7803.9
1,7803.9
16,7804.0
12,7804.1
9,7804.7
11,7804.8
27,7808.4
23,7808.5
17,7808.9
25,7810.9
2,7810.9
12,7812.7
29,7813.2
26,7813.3
15,7815.5
17,7815.7
23,7819.2
25,7823.9
17,7828.6
12,7844.0
5,7844.2
7,7844.2
2,7844.2
23,7844.2
29,7844.4
27,7844.7
17,7844.7
25,7848.2
17,7852.6
12,7855.7
2,7856.1
23,7856.7
15,7857.5
13,7857.5
22,7857.8
27,7858.2
25,7860.2
17,7863.9
23,7867.0
15,7870.8
12,8131.5
17,8131.6
23,8131.7
13,8131.9
22,8132.0
4,8132.0
31,8132.1
27,8132.1
14,8132.2
25,8132.2
29,8132.2
5,8132.3
2,8132.3
7,8132.3
15,8132.4
19,8132.5
9,8132.5
11,8132.6
26,8132.8
21,8133.0
20,8133.1
30,8133.2
3,8133.6
28,8134.2
23,8138.2
12,8138.2
17,8138.3
22,8138.6
4,8138.7
31,8138.9
13,8138.9
27,8139.0
29,8139.2
14,8139.4
2,8139.7
25,8139.8
15,8140.0
19,8140.2
5,8140.3
9,8140.4
7,8140.7
11,8141.0
26,8141.2
30,8142.3
21,8143.0
12,8143.5
23,8143.5
17,8143.8
22,8144.0
20,8144.0
4,8144.1
3,8144.3
31,8144.4
13,8145.0
14,8145.4
27,8145.5
29,8145.5
2,8147.8
19,8148.0
12,8148.3
23,8148.6
15,8149.1
17,8149.1
4,8149.2
22,8149.3
25,8149.5
31,8149.8
28,8150.1
5,8150.4
6,8151.0
11,8151.2
13,8151.5
26,8151.6
14,8151.8
9,8152.0
27,8153.0
12,8153.1
29,8153.7
7,8153.8
23,8154.0
4,8154.3
22,8154.6
17,8154.6
21,8154.7
31,8155.0
20,8157.6
12,8158.0
4,8159.7
23,8159.7
22,8160.3
14,8160.5
17,8160.5
31,8160.6
13,8161.8
2,8162.2
12,8163.1
4,8165.6
22,8166.5
23,8166.5
31,8166.6
17,8167.9
12,8168.7
4,8172.7
12,8174.8
31,8175.3
22,8178.6
12,8185.1
25,8199.5
17,8200.1
2,8201.1
5,8201.1
29,8201.3
7,8201.3
23,8201.3
27,8201.6
12,8201.6
17,8208.3
12,8211.6
13,8211.8
4,8211.8
22,8211.8
23,8211.9
31,8211.9
25,8212.0
14,8212.1
15,8212.3
19,8212.3
9,8212.4
2,8212.4
29,8212.5
11,8212.5
26,8212.7
21,8212.8
27,8212.9
20,8213.0
30,8213.0
5,8213.4
3,8213.4
7,8213.8
28,8214.0
17,8214.5
12,8218.2
23,8218.4
22,8218.5
4,8218.5
31,8218.7
13,8218.8
14,8219.1
29,8219.4
25,8219.4
17,8219.5
2,8219.6
27,8219.7
15,8219.8
19,8219.8
9,8220.2
11,8220.5
26,8220.8
5,8221.1
7,8221.7
30,8221.7
21,8222.3
20,8223.1
12,8223.3
3,8223.3
22,8223.6
23,8223.6
4,8223.7
31,8224.0
17,8224.3
13,8224.8
14,8225.1
29,8225.6
27,8225.9
28,8226.6
2,8226.8
19,8227.1
6,8227.2
25,8227.3
12,8228.1
15,8228.3
4,8228.6
23,8228.6
22,8228.6
17,8228.8
31,8229.0
5,8229.1
11,8229.2
9,8229.8
13,8230.9
14,8231.2
0,8231.4
26,8231.9
27,8232.6
12,8232.7
29,8232.9
30,8233.0
7,8233.1
17,8233.2
4,8233.5
21,8233.5
22,8233.6
23,8233.8
31,8234.0
12,8237.2
17,8237.7
2,8237.8
14,8238.2
4,8238.6
22,8238.8
13,8239.0
31,8239.2
23,8239.2
19,8239.9
12,8241.9
17,8242.6
4,8244.1
22,8244.3
31,8244.8
23,8245.2
27,8245.5
12,8247.0
17,8247.8
4,8250.1
22,8250.5
31,8251.1
12,8252.5
17,8253.6
23,8253.8
4,8258.4
12,8258.5
17,8260.3
22,8260.4
25,8263.3
2,8263.6
5,8263.7
29,8263.9
7,8263.9
12,8264.5
31,8264.5
27,8264.8
23,8265.4
17,8266.7
13,8268.6
15,8268.6
12,8270.7
22,8270.8
9,8271.3
11,8271.4
26,8271.6
17,8272.6
27,8272.8
23,8273.1
2,8274.8
25,8275.7
29,8276.7
5,8277.0
17,8278.7
12,8278.7
15,8281.5
23,8282.7
27,8284.2
17,8285.9
12,8291.7
22,8291.8
4,8291.8
31,8291.9
13,8291.9
17,8292.0
7,8292.1
14,8292.1
23,8292.1
19,8292.3
2,8292.3
29,8292.5
25,8292.6
11,8292.6
9,8292.7
21,8292.8
27,8292.9
26,8292.9
30,8293.0
20,8293.0
5,8293.1
3,8293.4
15,8293.7
28,8294.0
17,8297.6
12,8298.3
22,8298.4
23,8298.5
4,8298.5
31,8298.7
13,8298.8
14,8299.1
29,8299.4
27,8299.5
2,8299.6
19,8299.8
7,8300.3
25,8300.3
9,8300.4
11,8300.6
26,8301.0
5,8301.2
15,8301.4
30,8301.6
17,8302.5
21,8302.5
3,8302.8
12,8303.3
20,8303.4
22,8303.6
23,8303.6
4,8303.7
31,8304.0
13,8304.8
14,8305.1
29,8305.6
27,8305.7
28,8306.1
19,8306.8
2,8306.8
17,8307.2
12,8308.1
4,8308.5
22,8308.5
23,8308.6
25,8308.7
31,8308.9
11,8309.6
15,8310.6
9,8310.6
13,8311.0
14,8311.1
5,8311.9
17,8312.0
26,8312.2
27,8312.5
12,8312.6
7,8313.2
4,8313.3
22,8313.4
29,8313.5
31,8313.8
23,8313.8
21,8314.0
19,8316.9
17,8316.9
12,8317.2
14,8317.8
22,8318.4
4,8318.4
2,8318.6
13,8318.8
31,8318.9
23,8319.3
12,8322.0
17,8322.3
22,8323.8
4,8323.8
31,8324.4
23,8325.4
12,8327.0
17,8328.0
25,8328.9
4,8329.6
22,8329.7
31,8330.5
12,8332.6
17,8334.2
23,8335.1
4,8336.6
22,8337.3
12,8338.7
31,8339.7
25,8341.0
17,8342.3
13,8347.2
15,8347.2
27,8347.5
23,8348.3
12,8348.5
22,8349.1
9,8349.4
11,8349.5
26,8349.7
17,8351.6
7,8355.3
5,8355.7
2,8355.7
29,8355.9
23,8355.9
12,8356.6
27,8356.7
17,8358.8
15,8360.1
23,8364.4
17,8366.6
12,8366.8
2,8367.2
29,8369.0
27,8369.2
5,8369.3
25,8370.0
22,8371.9
31,8371.9
4,8371.9
13,8371.9
23,8372.1
14,8372.1
19,8372.4
7,8372.5
9,8372.6
17,8372.7
11,8372.7
21,8372.9
30,8373.0
26,8373.0
20,8373.1
12,8373.2
3,8373.4
15,8373.6
28,8374.0
2,8374.5
29,8375.7
27,8376.0
5,8376.9
25,8377.4
17,8378.1
23,8378.2
12,8378.3
22,8378.5
4,8378.6
31,8378.7
13,8378.8
14,8379.1
19,8379.9
9,8380.3
7,8380.5
11,8380.6
2,8380.9
26,8381.1
15,8381.3
29,8381.6
30,8381.6
27,8381.9
21,8382.4
3,8382.8
17,8382.9
12,8383.1
23,8383.3
20,8383.3
22,8383.6
4,8383.8
31,8384.0
5,8384.1
13,8384.8
14,8385.1
25,8385.1
28,8386.2
19,8387.1
29,8387.5
17,8387.5
2,8387.7
27,8387.9
23,8388.3
22,8388.6
4,8388.7
31,8389.0
11,8390.2
9,8390.2
15,8390.9
13,8391.0
14,8391.1
17,8392.1
7,8392.5
26,8392.9
23,8393.3
22,8393.4
25,8393.5
4,8393.6
31,8393.9
29,8394.2
5,8394.5
27,8394.6
21,8394.8
12,8396.4
17,8396.5
14,8397.8
19,8398.4
22,8398.5
23,8398.6
4,8398.8
13,8398.9
31,8399.0
2,8399.2
12,8400.6
17,8401.2
22,8403.9
4,8404.3
23,8404.4
31,8404.6
12,8405.0
17,8406.2
12,8409.8
22,8409.8
4,8410.4
31,8410.7
23,8411.3
17,8411.8
12,8414.9
22,8417.3
17,8417.9
4,8419.7
12,8420.6
31,8421.7
17,8424.4
2,8424.5
5,8424.6
7,8424.7
29,8424.8
27,8425.1
23,8425.5
12,8426.4
13,8427.6
15,8427.6
25,8427.6
22,8429.4
9,8429.7
11,8429.8
26,8430.0
17,8430.6
12,8432.2
23,8433.3
27,8433.4
2,8435.8
17,8436.7
29,8437.7
5,8438.2
12,8438.5
25,8440.0
15,8440.7
17,8443.4
23,8443.9
27,8446.8
12,8449.6
17,8469.0
2,8469.2
23,8469.2
5,8469.2
7,8469.2
12,8469.3
29,8469.4
27,8469.9
25,8472.5
17,8476.8
2,8481.1
12,8481.2
23,8481.7
15,8482.5
13,8482.5
22,8482.7
29,8482.7
27,8483.3
25,8485.2
17,8487.2
23,8492.1
15,8496.0
27,8496.8
23,8756.7
13,8756.9
12,8757.0
4,8757.0
22,8757.0
31,8757.1
16,8757.1
17,8757.2
14,8757.2
25,8757.2
7,8757.3
15,8757.4
9,8757.5
19,8757.5
11,8757.6
27,8757.7
26,8757.8
21,8758.0
20,8758.1
30,8758.2
10,8758.3
29,8758.3
3,8758.6
28,8759.2
23,8763.2
22,8763.6
4,8763.7
31,8763.9
13,8763.9
14,8764.4
12,8764.4
17,8764.6
25,8764.8
16,8764.9
15,8765.0
19,8765.2
9,8765.4
7,8765.7
27,8765.8
11,8766.0
26,8766.2
30,8767.4
21,8768.0
23,8768.5
20,8768.9
22,8769.0
4,8769.1
3,8769.3
31,8769.4
29,8769.8
13,8770.0
10,8770.2
14,8770.4
12,8770.6
17,8772.4
19,8772.8
23,8773.7
15,8774.0
25,8774.0
6,8774.1
22,8774.1
4,8774.2
2,8774.5
31,8774.7
11,8775.2
16,8775.2
18,8775.2
28,8775.8
27,8776.5
13,8776.5
5,8776.6
14,8776.8
12,8776.8
26,8776.8
9,8777.0
7,8777.6
23,8779.0
22,8779.3
0,8779.3
4,8779.3
21,8779.3
31,8780.1
12,8784.3
23,8784.6
4,8784.8
22,8784.8
31,8785.6
14,8785.6
13,8786.5
22,8790.7
4,8790.8
23,8791.1
31,8791.7
22,8798.1
4,8798.7
31,8802.1
25,8824.5
17,8825.4
23,8826.3
7,8826.3
25,8836.7
13,8836.8
23,8836.8
4,8836.8
22,8836.8
31,8836.9
12,8836.9
16,8837.0
14,8837.1
19,8837.3
15,8837.3
9,8837.4
11,8837.5
27,8837.6
26,8837.7
21,8837.8
30,8838.0
20,8838.0
29,8838.1
10,8838.1
17,8838.2
3,8838.4
7,8838.8
28,8839.0
23,8843.3
4,8843.5
22,8843.5
31,8843.7
13,8843.8
14,8844.1
25,8844.1
12,8844.2
16,8844.7
19,8844.8
15,8844.8
9,8845.1
17,8845.4
27,8845.5
11,8845.5
26,8845.8
7,8846.7
30,8846.7
21,8847.2
3,8848.2
20,8848.3
23,8848.5
22,8848.6
4,8848.8
31,8849.0
29,8849.0
10,8849.5
13,8849.8
14,8850.1
12,8850.3
25,8852.0
19,8852.0
28,8852.2
6,8852.3
17,8852.8
15,8853.2
23,8853.5
22,8853.6
4,8853.7
16,8854.1
31,8854.1
2,8854.4
11,8854.7
18,8854.9
27,8854.9
9,8855.3
0,8855.5
13,8855.9
14,8856.1
12,8856.3
26,8856.3
7,8857.3
21,8858.2
22,8858.5
23,8858.6
4,8858.7
30,8859.0
31,8859.1
5,8859.7
14,8862.9
12,8862.9
19,8863.1
13,8863.2
22,8863.7
23,8863.9
4,8863.9
31,8864.3
25,8865.7
22,8869.2
4,8869.6
23,8869.7
31,8869.9
22,8875.3
4,8876.0
31,8876.3
23,8876.6
12,8876.7
22,8884.8
25,8888.4
7,8888.8
17,8889.2
23,8889.7
4,8890.0
16,8893.3
15,8893.6
13,8893.6
27,8893.9
10,8894.5
9,8896.3
11,8896.4
22,8896.4
26,8896.6
23,8897.1
17,8898.6
25,8900.3
23,8905.6
15,8906.1
22,8916.8
4,8916.8
23,8916.9
13,8916.9
31,8916.9
12,8916.9
16,8917.1
17,8917.1
14,8917.1
7,8917.2
19,8917.3
25,8917.4
11,8917.6
9,8917.6
27,8917.7
21,8917.8
26,8917.9
30,8918.0
20,8918.0
29,8918.1
10,8918.2
3,8918.4
15,8918.6
28,8919.0
23,8923.4
22,8923.4
4,8923.5
31,8923.7
13,8923.9
14,8924.1
12,8924.1
17,8924.4
16,8924.6
19,8924.8
25,8925.0
7,8925.3
11,8925.4
9,8925.4
27,8925.6
26,8926.0
15,8926.2
30,8926.6
21,8927.5
3,8927.9
20,8928.5
23,8928.5
22,8928.5
4,8928.7
29,8928.7
10,8929.0
31,8929.0
13,8929.8
14,8930.1
12,8930.2
6,8931.0
17,8931.6
19,8931.7
28,8931.8
2,8932.2
0,8932.4
25,8932.8
18,8932.9
24,8933.1
16,8933.2
22,8933.5
23,8933.5
4,8933.6
31,8934.0
11,8934.1
27,8934.7
15,8934.9
9,8935.2
13,8936.0
7,8936.0
14,8936.1
12,8936.2
5,8937.0
26,8937.4
21,8938.0
22,8938.4
4,8938.4
23,8938.5
31,8938.9
19,8940.8
12,8942.7
14,8942.8
4,8943.4
22,8943.5
13,8943.8
31,8943.9
23,8943.9
17,8945.2
22,8948.9
4,8948.9
31,8949.4
23,8949.7
12,8953.5
25,8953.9
4,8954.8
22,8954.9
31,8955.3
23,8956.5
17,8958.6
4,8962.6
22,8962.8
31,8963.1
25,8965.6
16,8971.7
15,8972.2
13,8972.2
23,8972.4
27,8972.5
10,8972.8
9,8974.4
22,8974.4
11,8974.5
26,8974.7
17,8975.7
7,8980.3
23,8980.6
15,8984.8
16,8985.3
23,8989.6
25,8995.0
17,8995.7
22,8996.8
13,8996.9
4,8996.9
31,8996.9
12,8997.0
23,8997.1
14,8997.1
19,8997.4
11,8997.5
7,8997.5
9,8997.7
27,8997.7
21,8997.9
26,8998.0
30,8998.0
29,8998.1
20,8998.1
10,8998.2
16,8998.4
3,8998.4
15,8998.5
28,8999.0
25,9002.4
17,9003.0
23,9003.2
22,9003.4
4,9003.6
31,9003.7
13,9003.8
14,9004.1
12,9004.2
19,9004.9
7,9005.4
9,9005.4
11,9005.5
27,9005.6
26,9006.1
15,9006.2
16,9006.5
30,9006.6
21,9007.3
3,9007.7
23,9008.2
20,9008.4
22,9008.5
29,9008.6
4,9008.8
31,9009.1
10,9009.3
25,9009.7
13,9009.8
14,9010.1
17,9010.2
12,9010.3
6,9011.7
19,9011.8
28,9012.1
0,9012.9
2,9013.1
23,9013.1
22,9013.5
4,9013.7
18,9013.8
31,9014.1
11,9014.6
27,9015.0
15,9015.3
9,9015.3
14,9016.0
13,9016.0
7,9016.1
12,9016.3
16,9016.8
25,9017.4
26,9017.6
23,9018.1
17,9018.4
22,9018.4
4,9018.7
31,9019.0
21,9019.1
19,9022.6
14,9022.6
12,9023.0
23,9023.4
22,9023.5
13,9023.6
4,9023.9
31,9024.1
22,9029.0
23,9029.1
4,9029.5
31,9029.7
22,9035.1
23,9035.7
31,9035.8
4,9035.8
14,9036.0
12,9036.3
22,9044.0
31,9046.4
4,9048.7
7,9049.7
23,9050.2
16,9051.8
13,9052.6
25,9052.6
15,9052.6
27,9052.9
10,9052.9
17,9053.4
9,9054.7
11,9054.8
26,9055.0
22,9055.1
23,9057.9
17,9064.7
25,9064.8
15,9065.4
23,9067.7
7,9094.2
23,9094.3
25,9097.5
17,9098.4
16,9103.4
10,9104.5
23,9106.7
13,9107.5
15,9107.5
22,9107.8
27,9107.8
25,9110.2
23,9117.2
15,9120.8
23,9381.7
11,9381.8
13,9381.9
12,9382.0
4,9382.0
22,9382.1
16,9382.1
25,9382.2
17,9382.2
7,9382.4
15,9382.4
31,9382.4
9,9382.5
19,9382.5
27,9382.7
26,9382.8
14,9382.8
21,9383.0
20,9383.1
6,9383.1
29,9383.3
10,9383.3
3,9383.6
28,9384.2
23,9388.4
11,9388.7
4,9388.7
13,9388.9
22,9389.0
12,9389.4
17,9389.6
31,9389.7
25,9389.8
16,9389.9
15,9390.0
19,9390.2
9,9390.4
7,9390.7
27,9390.8
26,9391.2
14,9392.0
6,9392.8
21,9393.0
20,9394.0
4,9394.1
23,9394.3
3,9394.3
22,9394.8
11,9394.9
29,9395.0
13,9395.0
10,9395.3
12,9395.7
31,9395.8
17,9397.6
19,9397.7
15,9398.8
25,9399.0
5,9399.1
4,9399.2
14,9399.7
16,9399.8
23,9400.5
30,9400.5
9,9400.9
22,9401.0
0,9401.2
11,9401.3
27,9401.3
28,9401.4
13,9401.5
31,9401.7
12,9402.0
7,9402.1
1,9402.5
26,9402.5
6,9404.0
4,9404.5
2,9405.2
20,9405.9
23,9408.3
22,9408.4
31,9408.6
4,9410.0
12,9410.5
11,9410.6
19,9411.3
13,9411.5
4,9416.1
4,9424.6
25,9449.5
17,9450.4
7,9451.3
23,9451.4
25,9461.6
11,9461.6
4,9461.8
13,9461.8
12,9461.9
16,9462.0
22,9462.0
23,9462.1
31,9462.3
19,9462.3
15,9462.3
9,9462.4
14,9462.6
27,9462.6
26,9462.7
21,9462.8
6,9462.8
20,9463.0
10,9463.1
29,9463.1
17,9463.2
3,9463.4
7,9463.7
28,9464.0
4,9468.5
11,9468.5
23,9468.7
13,9468.8
22,9468.8
25,9469.1
12,9469.2
31,9469.5
16,9469.6
19,9469.8
15,9469.8
9,9470.0
27,9470.4
17,9470.4
26,9470.8
14,9471.4
7,9471.5
6,9472.0
21,9472.3
20,9472.9
3,9473.1
29,9473.6
4,9473.7
10,9474.1
11,9474.4
23,9474.5
22,9474.6
13,9474.7
12,9475.3
31,9475.6
19,9476.8
25,9476.9
28,9477.0
2,9477.3
30,9477.5
17,9477.9
15,9478.2
5,9478.4
4,9478.7
9,9478.7
16,9478.8
14,9479.1
27,9479.4
0,9479.9
23,9480.4
22,9480.4
11,9480.5
13,9480.8
7,9480.8
12,9481.4
31,9481.5
26,9481.7
24,9482.5
1,9482.6
6,9482.7
4,9483.6
21,9484.9
20,9485.3
23,9486.8
22,9486.9
11,9487.5
13,9487.9
19,9488.1
31,9488.4
12,9488.6
4,9488.9
4,9494.5
23,9499.7
22,9499.7
4,9500.7
4,9512.7
25,9513.3
7,9513.8
17,9514.2
23,9515.0
16,9517.8
15,9518.6
13,9518.6
10,9518.9
27,9518.9
22,9519.5
9,9521.3
11,9521.4
26,9521.6
23,9522.6
17,9523.6
6,9525.1
25,9525.3
11,9529.0
16,9531.2
15,9531.5
23,9532.0
9,9534.7
11,9537.9
4,9541.8
12,9541.9
13,9541.9
22,9542.0
17,9542.1
7,9542.1
23,9542.3
31,9542.3
19,9542.3
25,9542.5
14,9542.6
27,9542.8
21,9542.8
26,9542.9
20,9542.9
29,9543.1
10,9543.2
6,9543.2
3,9543.4
16,9543.6
15,9543.8
28,9544.0
9,9544.3
11,9544.4
4,9548.5
22,9548.8
23,9548.9
13,9548.9
12,9549.1
17,9549.4
31,9549.5
19,9549.8
11,9549.9
25,9550.1
7,9550.1
27,9550.6
26,9551.0
14,9551.3
15,9551.4
16,9551.7
9,9551.9
6,9552.4
21,9552.7
3,9552.8
20,9553.1
29,9553.3
4,9553.7
22,9554.5
23,9554.6
10,9554.6
13,9554.8
11,9555.1
12,9555.2
31,9555.5
30,9555.8
19,9556.7
17,9556.8
28,9556.9
0,9556.9
25,9558.1
4,9558.5
14,9558.9
27,9559.3
7,9559.4
2,9559.9
11,9560.2
22,9560.3
15,9560.5
23,9560.6
9,9560.7
1,9560.8
13,9560.9
12,9561.1
31,9561.3
16,9561.5
26,9561.9
4,9563.3
20,9563.6
6,9563.8
21,9564.7
11,9565.3
19,9566.5
22,9566.7
12,9567.4
23,9567.4
31,9567.6
13,9567.9
4,9568.4
11,9570.8
4,9573.8
11,9576.6
22,9578.1
12,9578.2
31,9578.9
25,9578.9
4,9579.7
17,9579.8
11,9583.8
4,9587.2
25,9590.9
23,9597.0
13,9597.2
15,9597.2
27,9597.5
16,9597.9
22,9598.0
10,9599.0
9,9599.4
26,9599.7
17,9599.7
11,9599.9
6,9602.6
7,9605.3
23,9605.6
11,9607.7
15,9609.9
16,9611.2
9,9612.9
23,9615.2
11,9617.7
25,9620.0
17,9620.7
13,9621.9
4,9621.9
12,9622.0
22,9622.0
31,9622.4
19,9622.4
23,9622.4
7,9622.4
14,9622.6
27,9622.7
21,9622.9
26,9623.0
29,9623.1
6,9623.1
20,9623.1
10,9623.3
3,9623.4
15,9623.5
16,9623.5
28,9624.0
11,9624.3
9,9624.3
25,9627.4
17,9628.0
23,9628.4
4,9628.6
22,9628.8
13,9628.8
12,9629.2
31,9629.5
11,9629.8
19,9629.9
7,9630.3
27,9630.5
26,9631.1
15,9631.2
14,9631.3
16,9631.5
6,9632.1
9,9632.3
21,9632.5
3,9632.8
20,9633.0
29,9633.3
4,9633.8
23,9634.1
10,9634.5
22,9634.6
25,9634.7
13,9634.8
11,9634.9
17,9635.1
12,9635.4
31,9635.6
30,9635.9
28,9636.9
19,9636.9
5,9637.2
0,9637.7
4,9638.7
14,9639.1
7,9639.2
27,9639.3
23,9639.7
11,9639.9
22,9640.4
15,9640.5
13,9640.9
12,9641.3
31,9641.5
16,9641.6
2,9641.9
26,9642.3
25,9642.5
9,9642.9
17,9642.9
4,9643.6
6,9643.8
20,9644.4
11,9645.0
21,9645.3
23,9645.7
22,9646.7
12,9648.0
31,9648.2
13,9648.3
4,9648.8
19,9648.9
11,9650.5
23,9653.6
4,9654.4
11,9656.4
22,9658.7
4,9660.5
11,9664.2
4,9670.0
7,9674.7
23,9674.8
15,9677.6
13,9677.6
25,9677.6
16,9677.7
27,9677.9
17,9678.4
22,9678.5
10,9678.8
9,9679.7
26,9680.0
11,9680.3
6,9682.5
23,9682.5
11,9688.4
17,9689.5
25,9689.9
15,9690.4
16,9691.1
23,9692.1
9,9693.3
11,9699.7
7,9719.2
23,9719.3
25,9722.5
17,9723.4
16,9730.2
10,9731.3
23,9732.4
13,9732.5
15,9732.5
27,9732.8
22,9732.8
25,9735.0
23,9743.6
15,9745.8
