24,82.6
12,82.8
3,83.1
4,83.1
1,83.2
16,83.2
15,83.3
23,83.4
26,83.4
28,83.5
24,85.0
12,85.2
3,86.0
4,86.0
16,86.3
1,86.3
15,86.5
23,86.6
26,86.8
28,86.9
24,88.4
12,89.3
3,99.8
4,100.9
24,162.3
12,162.7
3,163.0
4,163.0
16,163.0
15,163.1
1,163.1
23,163.2
26,163.2
28,163.3
24,164.7
12,165.1
3,165.8
4,166.0
16,166.0
1,166.1
15,166.3
23,166.3
26,166.6
28,166.6
24,168.3
12,169.3
3,176.7
4,180.3
24,218.6
12,221.0
24,242.6
12,242.9
16,243.0
3,243.0
4,243.0
1,243.1
15,243.1
23,243.2
26,243.2
28,243.3
24,245.0
12,245.3
16,246.0
4,246.0
3,246.0
1,246.1
23,246.3
15,246.3
28,246.6
26,246.6
24,248.3
12,249.4
3,257.2
4,260.6
12,299.5
24,299.7
24,347.4
24,627.6
12,627.8
4,628.1
3,628.1
1,628.2
16,628.2
23,628.3
15,628.3
26,628.4
28,628.4
24,630.0
12,630.2
16,631.1
3,631.1
4,631.1
1,631.3
15,631.4
23,631.6
26,631.6
28,631.9
24,633.4
12,634.6
3,644.5
4,645.5
24,699.0
12,707.7
4,708.0
3,708.0
16,708.0
1,708.1
15,708.1
23,708.2
26,708.2
28,708.3
24,708.6
12,710.1
3,710.8
4,711.0
16,711.0
1,711.1
24,711.2
23,711.3
15,711.3
26,711.6
28,711.6
12,714.3
24,716.8
3,721.7
4,725.3
24,760.5
12,765.9
24,787.5
12,787.9
3,788.0
16,788.0
4,788.0
1,788.1
15,788.1
26,788.2
23,788.2
28,788.3
24,789.8
12,790.3
4,791.0
3,791.0
16,791.0
1,791.1
15,791.3
23,791.3
26,791.6
28,791.6
24,793.0
12,794.4
3,802.2
4,805.7
12,844.5
24,847.2
24,867.8
12,867.8
4,868.0
16,868.0
3,868.0
1,868.1
15,868.1
26,868.2
23,868.2
28,868.3
24,870.0
12,870.3
4,871.0
3,871.0
16,871.0
1,871.1
15,871.3
23,871.4
28,871.6
26,871.6
24,873.5
12,874.3
3,882.3
4,885.8
24,922.0
12,924.3
24,968.4
24,1252.6
12,1252.8
4,1253.1
3,1253.1
1,1253.2
16,1253.2
23,1253.3
15,1253.3
26,1253.4
28,1253.4
24,1255.0
12,1255.2
3,1256.1
16,1256.1
4,1256.1
1,1256.3
15,1256.4
26,1256.6
23,1256.6
28,1256.9
24,1258.4
12,1259.6
3,1269.5
4,1270.5
24,1324.0
12,1332.7
4,1333.0
16,1333.0
3,1333.0
1,1333.1
15,1333.1
26,1333.2
23,1333.2
28,1333.3
24,1333.6
12,1335.1
3,1335.8
16,1336.0
4,1336.0
1,1336.1
24,1336.2
23,1336.3
15,1336.3
26,1336.6
28,1336.6
12,1339.3
24,1341.8
3,1346.7
4,1350.3
24,1385.5
12,1390.9
24,1412.5
12,1412.9
3,1413.0
16,1413.0
4,1413.0
15,1413.1
1,1413.1
26,1413.2
23,1413.2
28,1413.3
24,1414.8
12,1415.3
3,1416.0
16,1416.0
4,1416.0
1,1416.1
23,1416.3
15,1416.3
28,1416.6
26,1416.6
24,1418.0
12,1419.4
3,1427.2
4,1430.7
12,1469.4
24,1472.2
24,1492.8
12,1492.8
16,1493.0
3,1493.0
4,1493.0
1,1493.1
15,1493.1
23,1493.2
26,1493.2
28,1493.3
24,1495.0
12,1495.3
16,1496.0
4,1496.0
3,1496.0
1,1496.1
15,1496.3
23,1496.4
28,1496.6
26,1496.6
24,1498.5
12,1499.3
3,1507.3
4,1510.8
24,1547.0
12,1549.3
24,1593.4
24,1877.6
12,1877.8
3,1878.1
4,1878.1
16,1878.2
1,1878.2
23,1878.3
15,1878.3
28,1878.4
26,1878.4
24,1880.0
12,1880.2
3,1881.1
16,1881.1
4,1881.1
1,1881.3
15,1881.4
26,1881.6
23,1881.6
28,1881.9
24,1883.4
12,1884.6
3,1894.5
4,1895.5
24,1948.9
12,1957.7
4,1958.0
16,1958.0
3,1958.0
15,1958.1
1,1958.1
26,1958.2
23,1958.2
28,1958.3
24,1958.6
12,1960.1
3,1960.8
4,1961.0
16,1961.0
1,1961.1
24,1961.2
15,1961.3
23,1961.3
28,1961.6
26,1961.6
12,1964.3
24,1966.8
3,1971.7
4,1975.3
24,2010.5
12,2015.9
24,2037.5
12,2037.9
16,2038.0
4,2038.0
3,2038.0
15,2038.1
1,2038.1
26,2038.2
23,2038.2
28,2038.3
24,2039.8
12,2040.3
16,2041.0
3,2041.0
4,2041.0
1,2041.1
15,2041.3
23,2041.3
28,2041.6
26,2041.6
24,2043.0
12,2044.4
3,2052.2
4,2055.7
12,2094.4
24,2097.2
24,2117.8
12,2117.8
3,2118.0
4,2118.0
16,2118.0
15,2118.1
1,2118.1
23,2118.2
26,2118.2
28,2118.3
24,2120.0
12,2120.3
3,2121.0
16,2121.0
4,2121.0
1,2121.1
15,2121.3
23,2121.4
26,2121.6
28,2121.6
24,2123.5
12,2124.3
3,2132.3
4,2135.8
24,2172.0
12,2174.3
24,2218.4
24,2502.6
12,2502.8
4,2503.1
3,2503.1
16,2503.2
1,2503.2
15,2503.3
23,2503.3
26,2503.4
28,2503.4
24,2505.0
12,2505.2
3,2506.1
16,2506.1
4,2506.1
1,2506.3
15,2506.4
26,2506.6
23,2506.6
28,2506.9
24,2508.4
12,2509.6
3,2519.5
4,2520.5
24,2573.9
12,2582.7
4,2583.0
16,2583.0
3,2583.0
1,2583.1
15,2583.1
26,2583.2
23,2583.2
28,2583.3
24,2583.6
12,2585.1
3,2585.8
4,2586.0
16,2586.0
1,2586.1
24,2586.2
15,2586.3
23,2586.3
28,2586.6
26,2586.6
12,2589.3
24,2591.8
3,2596.7
4,2600.4
24,2635.5
12,2640.9
24,2662.5
12,2662.9
4,2663.0
3,2663.0
16,2663.0
1,2663.1
15,2663.1
26,2663.2
23,2663.2
28,2663.3
24,2664.9
12,2665.3
16,2666.0
3,2666.0
4,2666.0
1,2666.1
15,2666.3
23,2666.3
26,2666.6
28,2666.6
24,2668.1
12,2669.4
3,2677.2
4,2680.7
12,2719.4
24,2720.8
24,2742.7
12,2742.8
3,2743.0
16,2743.0
4,2743.0
1,2743.1
15,2743.1
23,2743.2
26,2743.2
28,2743.3
24,2745.1
12,2745.3
16,2746.0
3,2746.0
4,2746.0
1,2746.1
15,2746.3
23,2746.4
26,2746.6
28,2746.6
24,2748.5
12,2749.3
3,2757.3
4,2760.8
24,2797.7
12,2799.3
24,2844.4
24,3127.6
12,3127.8
4,3128.1
3,3128.1
16,3128.2
1,3128.2
15,3128.3
23,3128.3
26,3128.4
28,3128.4
24,3130.0
12,3130.2
16,3131.1
4,3131.1
3,3131.1
1,3131.3
15,3131.4
23,3131.6
26,3131.6
28,3131.9
24,3133.4
12,3134.6
3,3144.6
4,3145.5
24,3198.9
12,3207.7
16,3208.0
4,3208.0
3,3208.0
15,3208.1
1,3208.1
26,3208.2
23,3208.2
28,3208.3
24,3208.6
12,3210.1
3,3210.8
16,3211.0
4,3211.0
1,3211.1
24,3211.2
23,3211.3
15,3211.3
28,3211.6
26,3211.6
12,3214.3
24,3216.8
3,3221.7
4,3225.4
24,3260.5
12,3265.9
24,3287.5
12,3287.9
4,3288.0
3,3288.0
16,3288.0
1,3288.1
15,3288.1
23,3288.2
26,3288.2
28,3288.3
24,3289.9
12,3290.3
3,3291.0
4,3291.0
16,3291.0
1,3291.1
15,3291.3
23,3291.3
26,3291.6
28,3291.6
24,3293.1
12,3294.4
3,3302.2
4,3305.7
12,3344.4
24,3345.8
24,3367.7
12,3367.8
3,3368.0
4,3368.0
16,3368.0
15,3368.1
1,3368.1
26,3368.2
23,3368.2
28,3368.3
24,3370.1
12,3370.3
4,3371.0
3,3371.0
16,3371.0
1,3371.1
15,3371.3
23,3371.4
28,3371.6
26,3371.6
24,3373.5
12,3374.3
3,3382.3
4,3385.8
24,3422.7
12,3424.3
24,3469.4
24,3752.6
5,3752.8
12,3752.8
3,3753.1
16,3753.2
1,3753.2
23,3753.3
15,3753.3
28,3753.4
26,3753.4
24,3755.0
12,3755.2
5,3755.4
3,3756.1
16,3756.1
1,3756.3
15,3756.4
23,3756.6
26,3756.6
28,3756.9
24,3758.4
12,3759.6
5,3759.9
3,3769.6
24,3823.9
5,3832.7
12,3832.7
3,3833.0
16,3833.0
15,3833.1
1,3833.1
23,3833.2
26,3833.2
28,3833.3
24,3833.6
12,3835.1
5,3835.2
3,3835.8
16,3836.0
1,3836.1
24,3836.2
23,3836.3
15,3836.3
28,3836.6
26,3836.6
12,3839.3
5,3839.4
24,3841.8
3,3846.7
24,3885.5
12,3890.9
5,3892.5
24,3912.5
12,3912.9
3,3913.0
16,3913.0
5,3913.0
1,3913.1
15,3913.1
23,3913.2
26,3913.2
28,3913.3
24,3914.9
12,3915.3
5,3915.5
16,3916.0
3,3916.0
1,3916.1
23,3916.3
15,3916.3
28,3916.6
26,3916.6
24,3918.1
12,3919.4
5,3920.2
3,3927.2
12,3969.4
5,3970.4
24,3970.8
24,3992.7
12,3992.8
5,3992.9
16,3993.0
3,3993.0
15,3993.1
1,3993.1
23,3993.2
26,3993.2
28,3993.3
24,3995.1
12,3995.3
5,3995.3
3,3996.0
16,3996.0
1,3996.1
15,3996.3
23,3996.4
28,3996.6
26,3996.6
24,3998.5
12,3999.3
5,3999.5
3,4007.3
24,4047.7
12,4049.3
5,4050.7
24,4094.4
24,4377.6
12,4377.8
5,4377.8
1,4378.2
16,4378.2
23,4378.3
15,4378.3
26,4378.4
28,4378.4
0,4378.5
24,4380.0
5,4380.2
12,4380.2
16,4381.1
1,4381.3
15,4381.4
23,4381.6
26,4381.6
28,4381.9
0,4382.1
24,4383.4
12,4384.6
5,4384.8
24,4448.9
12,4457.7
5,4457.7
16,4458.0
1,4458.1
15,4458.1
23,4458.2
26,4458.2
28,4458.3
0,4458.3
24,4458.6
12,4460.1
5,4460.2
16,4461.0
1,4461.1
24,4461.2
23,4461.3
15,4461.3
28,4461.6
26,4461.6
0,4461.9
12,4464.3
5,4464.4
24,4466.8
24,4510.5
12,4515.9
5,4517.3
24,4537.5
12,4537.9
16,4538.0
5,4538.0
1,4538.1
15,4538.1
26,4538.2
23,4538.2
28,4538.3
0,4538.3
24,4539.9
12,4540.3
5,4540.5
16,4541.0
1,4541.1
23,4541.3
15,4541.3
28,4541.6
26,4541.6
0,4541.9
24,4543.1
12,4544.4
5,4545.2
12,4594.4
5,4595.3
24,4595.8
24,4617.7
12,4617.8
5,4617.9
16,4618.0
15,4618.1
1,4618.1
23,4618.2
26,4618.2
28,4618.3
0,4618.3
24,4620.1
5,4620.3
12,4620.3
16,4621.0
1,4621.1
15,4621.3
23,4621.4
28,4621.6
26,4621.6
0,4621.9
24,4623.5
12,4624.3
5,4624.5
24,4672.7
12,4674.3
5,4675.7
24,4719.4
10,5002.6
24,5002.6
5,5002.8
16,5003.2
1,5003.2
15,5003.3
23,5003.3
28,5003.4
26,5003.4
0,5003.5
24,5005.0
10,5005.0
5,5005.2
16,5006.1
1,5006.3
15,5006.4
23,5006.6
26,5006.6
28,5006.9
0,5006.9
10,5008.3
24,5008.4
5,5009.8
10,5072.8
24,5073.9
5,5082.7
16,5083.0
15,5083.1
1,5083.1
26,5083.2
23,5083.2
0,5083.3
28,5083.3
10,5083.5
24,5083.6
5,5085.2
10,5085.9
16,5086.0
1,5086.1
24,5086.2
15,5086.3
23,5086.3
26,5086.6
28,5086.6
0,5086.9
5,5089.4
10,5090.7
24,5091.8
10,5134.1
24,5135.5
5,5142.3
10,5162.4
24,5162.5
16,5163.0
5,5163.0
1,5163.1
15,5163.1
26,5163.2
23,5163.2
28,5163.3
0,5163.3
10,5164.8
24,5164.9
5,5165.5
16,5166.0
1,5166.1
23,5166.3
15,5166.3
26,5166.6
28,5166.6
0,5166.9
10,5167.9
24,5168.1
5,5170.2
5,5220.3
24,5220.8
10,5231.4
24,5242.7
5,5242.9
16,5243.0
15,5243.1
1,5243.1
23,5243.2
26,5243.2
28,5243.3
0,5243.3
10,5243.3
24,5245.1
5,5245.3
10,5245.7
16,5246.0
1,5246.1
15,5246.3
23,5246.4
28,5246.6
26,5246.6
0,5246.9
24,5248.5
5,5249.5
10,5249.9
10,5293.0
24,5297.7
5,5300.7
10,5336.6
24,5344.4
10,5627.6
24,5627.6
5,5627.8
6,5627.9
16,5628.2
1,5628.2
15,5628.3
28,5628.4
26,5628.4
0,5628.5
10,5629.9
24,5630.0
5,5630.2
6,5630.4
16,5631.1
1,5631.3
15,5631.4
26,5631.6
0,5631.9
28,5631.9
10,5633.2
24,5633.4
5,5634.8
6,5635.1
10,5695.3
24,5698.9
5,5707.7
6,5707.7
16,5708.0
15,5708.1
1,5708.1
26,5708.2
10,5708.2
0,5708.3
28,5708.3
24,5708.6
5,5710.2
6,5710.3
10,5710.6
16,5711.0
1,5711.1
24,5711.2
15,5711.3
26,5711.6
28,5711.6
0,5711.9
5,5714.4
10,5714.7
6,5715.1
24,5716.8
10,5758.9
24,5760.5
5,5767.3
6,5769.4
10,5787.4
24,5787.5
5,5788.0
16,5788.0
15,5788.1
1,5788.1
26,5788.2
6,5788.2
28,5788.3
0,5788.3
10,5789.8
24,5789.9
5,5790.5
6,5790.7
16,5791.0
1,5791.1
15,5791.3
28,5791.6
26,5791.6
0,5791.9
10,5792.9
24,5793.1
5,5795.2
6,5795.7
5,5845.3
24,5845.8
6,5847.1
10,5856.0
24,5867.7
5,5867.9
16,5868.0
6,5868.0
15,5868.1
1,5868.1
26,5868.2
0,5868.3
28,5868.3
10,5868.3
24,5870.1
5,5870.3
6,5870.6
10,5870.7
16,5871.0
1,5871.1
15,5871.3
28,5871.6
26,5871.6
0,5871.9
24,5873.5
5,5874.5
10,5874.8
6,5875.4
10,5918.0
24,5922.7
5,5925.7
6,5927.0
10,5961.4
24,5969.4
10,6252.6
24,6252.6
5,6252.8
6,6252.8
19,6252.9
16,6253.2
1,6253.2
26,6253.4
28,6253.4
0,6253.5
10,6254.9
24,6255.0
5,6255.2
6,6255.4
19,6255.4
16,6256.1
1,6256.3
26,6256.6
0,6256.9
28,6256.9
10,6258.2
24,6258.4
5,6259.8
6,6260.1
19,6260.2
10,6320.3
24,6323.9
19,6332.7
6,6332.7
5,6332.7
16,6333.0
1,6333.1
10,6333.2
26,6333.2
0,6333.3
28,6333.3
24,6333.6
5,6335.2
19,6335.3
6,6335.3
10,6335.6
16,6336.0
1,6336.1
24,6336.2
26,6336.6
28,6336.6
0,6336.9
5,6339.4
10,6339.7
19,6340.1
6,6340.1
24,6341.8
10,6383.9
24,6385.5
5,6392.3
6,6394.1
19,6394.9
10,6412.4
24,6412.5
5,6413.0
16,6413.0
6,6413.1
1,6413.1
19,6413.2
26,6413.2
0,6413.3
28,6413.3
10,6414.8
24,6414.9
5,6415.5
6,6415.7
19,6415.8
16,6416.0
1,6416.1
28,6416.6
26,6416.6
0,6416.9
10,6417.9
24,6418.1
5,6420.2
6,6420.7
19,6421.4
5,6470.3
24,6470.8
6,6472.1
19,6472.4
10,6481.0
24,6492.7
5,6492.9
6,6493.0
16,6493.0
1,6493.1
19,6493.1
26,6493.2
28,6493.3
0,6493.3
10,6493.3
24,6495.1
5,6495.3
19,6495.6
6,6495.6
10,6495.7
16,6496.0
1,6496.1
26,6496.6
28,6496.6
0,6496.9
24,6498.5
5,6499.5
10,6499.8
6,6500.4
19,6500.5
10,6543.0
24,6547.7
5,6550.7
6,6552.0
19,6552.4
10,6586.4
24,6594.4
10,6877.6
24,6877.6
5,6877.8
19,6877.8
6,6877.8
29,6878.2
16,6878.2
26,6878.4
28,6878.4
0,6878.5
10,6879.9
24,6880.0
5,6880.2
19,6880.4
6,6880.4
29,6881.1
16,6881.1
26,6881.6
0,6881.9
28,6881.9
10,6883.2
24,6883.4
5,6884.8
6,6885.1
19,6885.1
10,6945.3
24,6948.9
19,6957.7
6,6957.7
5,6957.7
29,6958.0
16,6958.0
26,6958.2
10,6958.2
28,6958.3
0,6958.3
24,6958.6
5,6960.2
19,6960.3
6,6960.3
10,6960.6
29,6961.0
16,6961.0
24,6961.2
28,6961.6
26,6961.6
0,6961.9
5,6964.4
10,6964.7
6,6965.1
19,6965.1
24,6966.8
29,6980.9
10,7008.9
24,7010.5
5,7017.3
6,7019.1
19,7019.7
10,7037.4
24,7037.5
29,7038.0
16,7038.0
5,7038.0
6,7038.1
19,7038.2
26,7038.2
0,7038.3
28,7038.3
10,7039.8
24,7039.9
5,7040.5
19,7040.6
6,7040.7
29,7040.9
16,7041.0
28,7041.6
26,7041.6
0,7041.9
10,7042.9
24,7043.1
5,7045.2
6,7045.7
19,7045.8
29,7058.2
5,7095.3
24,7095.8
6,7097.1
19,7097.5
10,7106.0
24,7117.7
5,7117.9
29,7118.0
6,7118.0
16,7118.0
19,7118.1
26,7118.2
0,7118.3
28,7118.3
10,7118.3
24,7120.1
5,7120.3
6,7120.6
19,7120.6
10,7120.7
29,7121.0
16,7121.0
28,7121.6
26,7121.6
0,7121.9
24,7123.5
5,7124.5
10,7124.8
6,7125.4
19,7125.5
29,7144.1
10,7168.0
24,7172.7
5,7175.7
6,7177.0
19,7177.4
10,7211.4
24,7219.4
10,7502.6
24,7502.6
6,7502.8
5,7502.8
19,7502.8
20,7503.1
29,7503.2
28,7503.4
26,7503.4
0,7503.5
10,7504.9
24,7505.0
5,7505.2
19,7505.4
6,7505.4
20,7505.8
29,7506.1
26,7506.6
0,7506.9
28,7506.9
10,7508.2
24,7508.4
5,7509.8
19,7510.1
6,7510.1
20,7515.2
29,7528.4
10,7570.3
24,7573.9
6,7582.7
19,7582.7
5,7582.7
20,7582.9
29,7583.0
26,7583.2
10,7583.2
0,7583.3
28,7583.3
24,7583.6
5,7585.2
19,7585.3
6,7585.3
10,7585.6
20,7585.8
29,7585.9
24,7586.2
28,7586.6
26,7586.6
0,7586.9
5,7589.4
10,7589.7
19,7590.1
6,7590.1
24,7591.8
20,7594.1
29,7602.7
10,7633.9
24,7635.5
5,7642.3
6,7644.1
19,7644.7
10,7662.4
24,7662.5
5,7663.0
20,7663.0
29,7663.0
6,7663.1
19,7663.2
26,7663.2
0,7663.3
28,7663.3
10,7664.8
24,7664.9
5,7665.5
19,7665.6
6,7665.7
20,7665.8
29,7666.0
28,7666.6
26,7666.6
0,7666.9
10,7667.9
24,7668.1
5,7670.2
6,7670.7
19,7670.8
20,7674.1
29,7688.2
5,7720.3
24,7720.8
6,7722.1
19,7722.5
10,7731.0
24,7742.7
29,7742.9
5,7742.9
20,7743.0
6,7743.0
19,7743.1
26,7743.2
10,7743.3
0,7743.3
28,7743.3
24,7745.1
5,7745.3
6,7745.6
19,7745.6
10,7745.7
20,7745.7
29,7745.9
26,7746.6
28,7746.6
0,7746.9
24,7748.5
5,7749.5
10,7749.8
6,7750.4
19,7750.5
20,7754.1
29,7762.6
10,7793.0
24,7797.7
5,7800.7
6,7802.0
19,7802.4
10,7836.4
24,7844.4
10,8127.6
5,8127.8
6,8127.8
19,8127.8
20,8128.1
11,8128.2
29,8128.2
28,8128.4
26,8128.4
0,8128.5
10,8129.9
5,8130.2
19,8130.4
6,8130.4
20,8130.9
11,8131.1
29,8131.1
26,8131.6
28,8131.9
0,8131.9
10,8133.2
5,8134.8
19,8135.1
6,8135.1
20,8140.1
11,8147.3
29,8153.4
10,8195.3
19,8207.7
6,8207.7
5,8207.7
20,8207.9
29,8208.0
11,8208.0
26,8208.2
10,8208.2
28,8208.3
0,8208.3
5,8210.2
6,8210.3
19,8210.3
10,8210.6
20,8210.8
29,8210.9
11,8211.0
28,8211.6
26,8211.6
0,8211.9
5,8214.4
10,8214.7
6,8215.1
19,8215.1
20,8219.1
11,8226.6
29,8227.7
10,8258.9
5,8267.3
6,8269.1
19,8269.7
10,8287.4
20,8288.0
11,8288.0
29,8288.0
5,8288.0
6,8288.1
19,8288.2
26,8288.2
28,8288.3
0,8288.3
10,8289.8
5,8290.5
19,8290.6
6,8290.7
20,8290.8
11,8291.0
29,8291.0
26,8291.6
28,8291.6
0,8291.9
10,8292.9
5,8295.2
6,8295.7
19,8295.8
20,8299.1
11,8306.9
29,8313.2
5,8345.3
6,8347.1
19,8347.5
10,8356.0
5,8367.9
29,8367.9
20,8368.0
11,8368.0
6,8368.0
19,8368.1
26,8368.2
28,8368.3
0,8368.3
10,8368.3
5,8370.3
19,8370.6
6,8370.6
20,8370.7
10,8370.7
29,8370.9
11,8371.0
28,8371.6
26,8371.6
0,8371.9
5,8374.5
10,8374.8
6,8375.4
19,8375.5
20,8379.1
11,8387.1
29,8387.6
10,8418.0
5,8425.7
6,8427.0
19,8427.4
10,8461.4
27,8752.6
10,8752.6
6,8752.8
5,8752.8
19,8752.8
20,8753.1
11,8753.1
29,8753.2
28,8753.4
0,8753.5
10,8754.9
27,8755.0
5,8755.2
6,8755.4
19,8755.4
20,8755.9
11,8756.1
29,8756.1
0,8756.9
28,8756.9
10,8758.2
27,8758.4
5,8759.8
6,8760.1
19,8760.1
20,8765.1
11,8771.8
29,8778.4
10,8820.3
27,8823.9
19,8832.7
6,8832.7
5,8832.7
20,8832.9
11,8833.0
29,8833.0
10,8833.2
0,8833.3
28,8833.3
27,8833.6
5,8835.2
19,8835.3
6,8835.3
10,8835.6
20,8835.8
29,8835.9
11,8836.0
27,8836.1
28,8836.6
0,8836.9
5,8839.4
10,8839.7
6,8840.1
19,8840.1
27,8841.1
20,8844.1
11,8851.6
29,8852.7
10,8883.9
27,8884.5
5,8892.3
6,8894.1
19,8894.7
10,8912.4
27,8912.5
11,8913.0
20,8913.0
29,8913.0
5,8913.0
6,8913.1
19,8913.2
28,8913.3
0,8913.3
10,8914.8
27,8914.8
5,8915.5
19,8915.6
6,8915.7
20,8915.8
11,8916.0
29,8916.0
28,8916.6
0,8916.9
10,8917.9
27,8918.0
5,8920.2
6,8920.7
19,8920.8
20,8924.1
11,8931.9
29,8938.2
5,8970.3
6,8972.1
19,8972.5
27,8976.8
10,8981.0
5,8992.9
29,8992.9
11,8993.0
20,8993.0
27,8993.0
6,8993.0
19,8993.1
10,8993.3
28,8993.3
0,8993.3
27,8995.2
5,8995.3
19,8995.6
6,8995.6
20,8995.7
10,8995.7
29,8995.9
11,8996.0
28,8996.6
0,8996.9
27,8998.8
5,8999.5
10,8999.8
6,9000.4
19,9000.5
20,9004.1
11,9012.1
29,9012.6
10,9043.0
27,9044.8
5,9050.7
6,9052.0
19,9052.4
10,9086.4
27,9089.3
10,9377.6
27,9377.6
5,9377.8
6,9377.8
19,9377.8
11,9378.1
20,9378.1
29,9378.2
0,9378.5
9,9378.5
27,9379.9
10,9379.9
5,9380.2
19,9380.4
6,9380.4
20,9380.9
29,9381.1
11,9381.1
9,9381.9
0,9381.9
27,9383.2
10,9383.2
5,9384.8
6,9385.1
19,9385.1
20,9390.1
11,9396.8
29,9403.4
10,9445.3
27,9445.8
19,9457.7
6,9457.7
5,9457.7
20,9457.9
11,9458.0
29,9458.0
10,9458.2
0,9458.3
9,9458.3
27,9458.3
5,9460.2
19,9460.3
6,9460.3
10,9460.6
27,9460.7
20,9460.8
29,9460.9
11,9461.0
9,9461.6
0,9461.9
5,9464.4
10,9464.7
27,9464.9
6,9465.1
19,9465.1
20,9469.1
11,9476.6
29,9477.7
10,9508.9
27,9509.0
5,9517.3
6,9519.1
19,9519.7
10,9537.4
27,9537.4
5,9538.0
11,9538.0
29,9538.0
20,9538.0
6,9538.1
19,9538.2
0,9538.3
9,9538.3
10,9539.8
27,9539.8
5,9540.5
19,9540.6
6,9540.7
20,9540.8
11,9541.0
29,9541.0
9,9541.6
0,9541.9
10,9542.9
27,9543.0
5,9545.2
6,9545.7
19,9545.8
20,9549.1
11,9556.9
29,9563.2
5,9595.3
6,9597.1
19,9597.5
27,9601.6
10,9606.0
5,9617.9
29,9617.9
27,9618.0
20,9618.0
6,9618.0
11,9618.0
19,9618.1
9,9618.3
0,9618.3
10,9618.3
27,9620.2
5,9620.3
19,9620.6
6,9620.6
10,9620.7
20,9620.7
29,9620.9
11,9621.0
9,9621.6
0,9621.9
27,9623.8
5,9624.5
10,9624.8
6,9625.4
19,9625.5
20,9629.1
11,9637.1
29,9637.6
10,9668.0
27,9669.9
5,9675.7
6,9677.0
19,9677.4
10,9711.4
27,9714.3
