5,89.9
2,90.4
6,91.3
7,93.6
1,93.9
3,104.2
5,106.9
2,107.1
6,109.7
1,109.9
0,114.8
2,115.8
3,121.6
2,128.1
5,169.7
2,170.1
6,171.0
7,173.0
1,173.5
3,183.6
5,185.9
2,186.0
6,188.9
1,189.1
0,191.8
2,193.9
7,197.3
5,198.4
3,200.8
2,202.9
5,249.6
2,249.9
6,250.5
7,252.1
1,252.4
0,254.7
3,263.8
2,265.6
5,266.3
1,268.2
6,268.3
2,274.0
3,281.1
2,284.7
5,634.7
2,635.0
6,635.8
1,637.4
7,637.6
3,649.0
5,650.8
2,650.9
1,653.5
6,653.6
0,657.3
2,659.2
6,666.1
5,666.9
2,669.4
5,714.5
2,714.7
6,715.4
7,716.7
1,716.7
0,718.8
3,728.4
5,729.7
2,730.0
1,732.6
6,732.7
7,737.3
2,738.3
0,739.2
5,745.2
2,747.7
3,748.1
1,750.8
6,752.3
5,794.4
2,794.7
6,795.3
1,796.3
7,796.3
0,798.4
3,799.4
5,806.7
2,809.9
1,812.1
6,812.6
3,814.8
2,818.1
0,819.4
5,822.3
6,825.2
2,827.3
1,827.3
5,874.3
2,874.5
6,875.0
7,876.0
1,876.1
0,878.0
3,878.6
5,886.4
2,889.7
1,892.0
6,892.3
3,894.1
7,897.0
2,897.9
0,901.1
5,902.1
2,906.7
6,910.0
5,1259.5
2,1259.7
6,1260.2
1,1261.0
7,1261.2
0,1263.3
3,1264.2
5,1271.9
2,1275.1
1,1277.4
6,1277.7
3,1279.6
2,1283.1
0,1283.7
5,1286.5
7,1286.8
6,1290.4
2,1292.4
5,1339.3
2,1339.4
6,1339.9
7,1340.7
1,1340.8
0,1342.8
3,1343.2
5,1351.1
2,1352.6
1,1356.7
6,1357.0
3,1358.5
2,1360.4
7,1362.2
0,1363.1
5,1365.7
2,1368.1
6,1369.1
1,1369.4
2,1379.9
5,1419.2
2,1419.4
6,1419.8
1,1420.6
7,1420.6
0,1422.3
3,1422.8
5,1430.6
2,1432.3
1,1436.4
6,1436.8
3,1438.2
2,1440.0
0,1443.1
5,1444.7
2,1447.7
1,1448.4
6,1448.5
2,1459.3
5,1499.1
2,1499.3
6,1499.7
7,1500.5
1,1500.5
0,1502.3
3,1502.6
5,1510.2
2,1511.7
1,1516.4
6,1516.7
3,1518.1
2,1519.4
7,1521.0
5,1522.6
0,1523.5
2,1526.9
6,1528.4
2,1537.5
5,1884.3
2,1884.5
6,1884.9
1,1885.6
7,1885.7
0,1887.5
3,1887.9
5,1895.9
2,1897.8
1,1901.9
6,1902.3
3,1903.5
2,1905.6
7,1905.9
0,1907.9
5,1910.1
2,1913.6
6,1914.8
2,1926.8
5,1964.1
2,1964.2
6,1964.6
7,1965.3
1,1965.4
0,1966.9
3,1967.4
5,1975.0
2,1976.3
1,1981.3
6,1981.5
3,1982.8
2,1983.9
7,1985.4
5,1986.9
0,1987.4
2,1991.3
6,1993.4
1,1996.9
2,2001.8
5,2044.1
2,2044.2
6,2044.5
7,2045.2
1,2045.3
0,2046.4
3,2047.1
5,2054.8
2,2056.1
1,2061.0
6,2061.3
3,2062.5
2,2063.7
5,2066.8
0,2067.1
2,2071.1
7,2071.2
1,2071.5
6,2072.5
2,2081.3
5,2124.0
2,2124.2
6,2124.4
1,2125.1
7,2125.1
0,2126.4
3,2126.9
5,2134.5
2,2135.8
1,2140.8
6,2141.1
3,2142.4
2,2143.4
5,2146.5
0,2147.5
2,2150.6
7,2151.3
6,2152.5
2,2160.2
5,2166.7
5,2509.2
2,2509.4
6,2509.6
7,2510.4
1,2510.4
0,2511.7
3,2512.2
5,2520.1
2,2521.8
1,2526.5
6,2526.8
3,2527.9
7,2529.3
2,2529.4
5,2532.4
0,2532.4
2,2537.0
6,2539.2
2,2548.4
5,2589.0
2,2589.1
6,2589.5
7,2590.1
1,2590.1
0,2591.2
3,2591.8
5,2599.4
2,2600.4
1,2605.9
6,2606.1
3,2607.2
2,2608.0
7,2609.6
5,2611.0
0,2611.7
2,2615.3
6,2617.9
1,2618.3
2,2625.0
5,2668.9
2,2669.1
6,2669.4
7,2669.9
1,2670.0
0,2670.9
3,2671.4
5,2679.1
2,2680.2
1,2685.6
6,2686.0
3,2687.0
2,2687.7
7,2689.1
5,2690.9
0,2691.7
2,2695.0
1,2695.7
6,2697.4
2,2704.2
5,2748.9
2,2749.0
6,2749.2
7,2749.9
1,2750.0
0,2750.9
3,2751.2
5,2758.9
2,2759.8
1,2765.5
6,2765.8
3,2766.8
2,2767.4
7,2769.1
5,2770.8
0,2772.0
2,2774.6
6,2777.1
2,2783.0
5,2789.1
5,3133.3
2,3133.5
6,3133.5
7,3133.9
1,3134.0
0,3134.2
3,3134.3
4,3135.7
5,3140.8
2,3141.2
6,3144.9
1,3146.1
7,3146.2
5,3148.3
2,3149.5
3,3151.1
0,3156.0
2,3157.4
5,3158.6
6,3159.5
2,3168.0
5,3213.2
6,3213.3
2,3213.3
7,3213.7
1,3213.8
0,3214.0
3,3214.1
4,3215.4
5,3220.6
2,3220.9
6,3224.2
1,3225.5
7,3225.6
5,3227.8
2,3228.5
3,3230.4
0,3234.8
2,3235.9
5,3236.8
6,3238.7
1,3240.7
4,3242.5
2,3244.9
5,3293.2
6,3293.3
2,3293.3
1,3293.7
7,3293.7
0,3294.0
3,3294.1
4,3295.3
5,3300.6
2,3300.9
6,3304.0
1,3305.2
7,3305.9
5,3308.0
2,3308.5
3,3310.4
0,3313.8
4,3315.7
1,3316.0
2,3316.0
5,3317.7
6,3318.5
2,3324.6
5,3373.1
6,3373.2
2,3373.3
7,3373.7
1,3373.7
0,3374.0
3,3374.1
4,3375.4
5,3380.5
2,3380.9
6,3384.0
1,3385.3
7,3385.7
5,3387.9
2,3388.6
3,3390.4
0,3394.1
2,3396.2
5,3397.4
6,3398.6
2,3405.1
5,3758.3
6,3758.5
0,3758.6
2,3758.9
7,3758.9
1,3758.9
4,3759.1
3,3759.3
5,3765.8
2,3767.8
6,3769.9
0,3770.6
1,3770.9
7,3771.2
5,3773.4
3,3775.5
2,3777.1
5,3783.0
6,3784.4
2,3786.6
5,3838.2
6,3838.3
0,3838.4
2,3838.7
7,3838.7
1,3838.8
4,3838.9
3,3839.1
5,3845.5
2,3847.4
6,3849.2
0,3849.9
1,3850.4
7,3850.7
5,3852.9
3,3854.8
2,3856.3
5,3861.8
6,3863.6
1,3865.6
2,3865.8
4,3867.6
5,3918.2
6,3918.3
0,3918.4
2,3918.7
1,3918.7
7,3918.7
4,3918.8
3,3919.1
5,3925.6
2,3927.4
6,3929.0
0,3930.0
1,3930.1
7,3930.9
5,3932.9
3,3934.8
2,3936.2
4,3939.5
1,3941.2
5,3942.3
6,3943.5
2,3945.5
1,3959.2
5,3998.1
6,3998.2
0,3998.4
1,3998.7
7,3998.7
2,3998.8
4,3998.9
3,3999.1
5,4005.5
2,4007.4
6,4009.0
0,4009.9
1,4010.1
7,4010.8
5,4012.9
3,4014.8
2,4016.3
5,4022.1
6,4023.6
2,4025.6
5,4035.3
6,4383.5
5,4383.6
0,4383.6
1,4383.9
7,4383.9
4,4384.1
3,4384.3
2,4385.2
5,4392.9
6,4394.9
0,4395.8
1,4396.1
7,4396.2
3,4400.4
2,4401.2
1,4409.3
5,4410.8
6,4413.9
6,4463.3
0,4463.4
5,4463.5
7,4463.7
1,4463.8
4,4463.9
3,4464.1
2,4464.9
5,4472.8
6,4474.2
0,4475.1
7,4475.5
1,4475.7
3,4479.7
2,4480.9
4,4484.1
6,4486.8
5,4488.0
1,4488.6
7,4492.1
2,4493.6
6,4543.3
0,4543.4
5,4543.5
1,4543.7
7,4543.7
4,4543.8
3,4544.1
2,4545.0
5,4552.8
6,4554.1
0,4555.1
1,4555.3
7,4555.6
3,4559.7
2,4560.9
4,4562.9
1,4565.3
6,4566.6
5,4570.6
7,4575.4
2,4579.6
6,4623.2
0,4623.4
5,4623.5
7,4623.6
1,4623.7
4,4623.9
3,4624.1
2,4624.9
5,4632.9
6,4634.0
0,4635.1
7,4635.5
1,4635.5
3,4639.7
2,4640.8
4,4642.9
6,4646.6
5,4648.0
1,4648.1
7,4654.7
2,4658.0
0,5008.6
1,5009.0
4,5009.1
3,5009.3
6,5009.5
7,5009.6
5,5009.7
2,5010.2
0,5021.0
1,5021.6
7,5023.8
3,5025.8
2,5026.5
6,5026.9
5,5028.2
7,5034.4
2,5038.2
0,5041.6
0,5088.4
1,5088.8
4,5088.9
3,5089.1
6,5089.3
7,5089.4
5,5089.6
2,5090.0
0,5100.1
1,5101.1
7,5101.5
3,5105.2
2,5106.1
6,5106.2
5,5107.8
4,5107.9
7,5111.7
1,5113.9
2,5117.8
0,5168.4
1,5168.7
4,5168.8
3,5169.1
6,5169.3
7,5169.4
5,5169.6
2,5170.0
0,5180.1
1,5180.6
7,5181.6
3,5185.1
6,5186.2
2,5186.2
5,5187.3
4,5187.4
1,5191.0
7,5191.9
2,5196.6
0,5248.4
1,5248.7
4,5248.9
3,5249.1
6,5249.3
7,5249.4
5,5249.6
2,5249.9
0,5260.1
1,5260.8
7,5261.6
3,5265.2
2,5266.1
6,5266.3
4,5267.5
5,5267.7
7,5272.0
2,5277.4
1,5279.0
0,5280.4
0,5633.6
1,5633.6
4,5634.1
7,5634.6
5,5634.7
2,5635.2
3,5639.6
1,5643.6
0,5646.0
7,5648.6
6,5650.5
5,5650.9
2,5650.9
4,5652.0
1,5654.0
3,5657.6
7,5659.5
2,5661.7
0,5662.9
1,5665.6
5,5669.1
0,5713.4
1,5713.4
4,5713.9
7,5714.4
5,5714.6
2,5715.0
3,5718.3
1,5722.8
0,5725.0
7,5726.4
6,5730.0
2,5730.2
5,5730.6
4,5731.6
1,5733.2
3,5737.3
0,5737.5
7,5737.6
2,5740.7
1,5741.7
4,5751.4
1,5753.4
1,5793.4
0,5793.4
4,5793.8
7,5794.3
5,5794.6
2,5794.9
3,5798.1
1,5802.7
0,5805.0
7,5806.5
5,5810.2
2,5810.3
6,5810.8
4,5811.6
1,5812.5
3,5817.4
0,5817.5
7,5817.7
2,5819.8
1,5821.9
7,5836.5
0,5873.4
1,5873.4
4,5873.9
7,5874.4
5,5874.5
2,5874.9
3,5877.9
1,5882.7
0,5885.0
7,5886.5
2,5890.3
5,5890.6
6,5890.6
4,5891.8
1,5893.2
3,5897.5
7,5897.8
2,5900.7
0,5901.2
1,5903.1
0,6258.6
7,6258.9
1,6259.4
5,6259.7
2,6260.2
4,6261.3
3,6264.2
7,6270.4
0,6271.0
2,6275.1
5,6275.7
1,6276.1
6,6276.4
7,6280.2
3,6282.1
4,6283.7
2,6285.9
0,6286.2
1,6289.0
7,6290.0
5,6293.6
0,6338.4
7,6338.7
1,6339.3
5,6339.6
2,6340.1
4,6340.9
3,6342.7
7,6348.6
0,6349.9
2,6354.8
5,6355.0
1,6355.7
6,6355.8
7,6358.6
3,6361.7
0,6362.2
1,6365.8
2,6366.5
7,6368.3
6,6375.9
0,6418.4
7,6418.7
1,6419.3
5,6419.6
2,6420.0
4,6420.9
3,6422.9
7,6428.8
0,6429.9
2,6434.8
5,6435.1
1,6435.7
6,6435.8
7,6438.8
3,6442.1
4,6442.8
0,6445.0
2,6446.0
1,6447.6
7,6447.8
0,6498.4
7,6498.7
1,6499.2
5,6499.6
2,6500.0
4,6500.8
3,6503.2
7,6508.7
0,6510.0
2,6514.9
5,6515.3
1,6515.7
6,6516.0
7,6519.0
3,6522.7
0,6524.9
1,6526.5
7,6530.6
2,6533.7
0,6883.6
2,6883.8
7,6883.9
4,6886.4
6,6889.1
3,6889.2
7,6895.4
2,6895.7
0,6895.9
5,6903.0
1,6904.7
7,6904.9
6,6905.8
2,6905.9
0,6911.1
3,6914.0
7,6914.8
2,6917.5
0,6963.4
2,6963.7
7,6963.7
4,6966.0
6,6967.7
3,6967.9
1,6969.5
7,6973.7
2,6974.5
0,6975.0
5,6982.2
7,6983.0
2,6984.2
6,6984.6
1,6986.1
4,6987.9
3,6988.6
0,6990.2
7,6993.3
2,6994.8
0,7043.4
7,7043.7
2,7043.7
4,7045.8
6,7047.7
3,7048.1
1,7049.3
7,7053.9
2,7054.7
0,7055.0
5,7062.4
7,7063.1
2,7064.4
6,7065.0
1,7066.9
0,7070.6
3,7070.6
7,7072.7
2,7075.0
0,7123.4
2,7123.6
7,7123.7
4,7125.9
6,7127.8
3,7128.1
1,7129.4
7,7133.8
2,7134.5
0,7135.1
5,7142.7
7,7143.0
2,7144.3
6,7145.4
1,7146.9
3,7149.6
0,7152.9
7,7153.0
2,7154.9
0,7508.6
2,7508.8
1,7509.5
7,7509.8
4,7511.4
3,7514.2
6,7514.3
2,7520.7
0,7521.0
7,7525.1
1,7529.8
2,7531.6
5,7531.8
0,7531.8
4,7532.3
6,7532.9
7,7535.5
2,7544.2
0,7588.4
2,7588.7
1,7589.3
7,7589.6
4,7590.8
6,7592.7
3,7593.6
2,7599.9
0,7599.9
7,7604.4
1,7608.5
5,7609.0
2,7610.0
0,7610.0
6,7612.3
4,7612.7
7,7613.7
3,7614.5
2,7619.9
0,7668.4
2,7668.6
1,7669.3
7,7669.5
4,7670.8
6,7672.8
3,7673.3
2,7679.7
0,7680.0
7,7684.6
1,7688.7
5,7689.5
0,7690.2
2,7690.6
4,7691.6
6,7692.7
7,7694.3
2,7702.6
0,7748.4
2,7748.6
1,7749.3
7,7749.5
4,7750.8
6,7752.8
3,7753.7
2,7759.5
0,7760.0
7,7764.6
1,7768.8
5,7769.8
2,7770.2
0,7770.3
6,7772.5
7,7774.3
3,7775.0
2,7780.0
2,8133.8
7,8134.1
1,8134.5
6,8135.2
0,8135.9
4,8136.4
3,8139.2
7,8144.9
2,8145.7
6,8154.5
1,8154.5
7,8154.8
2,8155.6
0,8156.2
5,8156.9
3,8157.6
7,8166.0
2,8167.4
2,8213.7
7,8213.9
1,8214.3
6,8215.0
0,8215.6
4,8215.9
3,8218.2
7,8223.3
2,8225.0
7,8232.7
1,8233.1
6,8233.6
5,8234.1
2,8234.7
0,8235.3
3,8236.8
4,8238.2
7,8241.5
2,8243.6
6,8245.7
7,8254.7
2,8293.6
7,8293.8
1,8294.3
6,8295.0
0,8295.5
4,8295.7
3,8297.9
7,8303.2
2,8304.7
7,8312.6
1,8313.2
6,8313.7
2,8314.6
5,8314.7
0,8315.4
3,8317.3
7,8322.6
2,8325.5
2,8373.6
7,8373.9
1,8374.3
6,8375.0
0,8375.5
4,8375.8
3,8378.3
7,8383.4
2,8384.4
7,8392.9
1,8393.3
6,8393.8
2,8394.4
5,8395.0
0,8395.6
3,8397.8
4,8400.9
7,8402.1
2,8403.4
1,8406.5
2,8758.8
0,8758.8
7,8759.1
1,8759.5
6,8760.1
4,8761.6
3,8764.2
7,8769.9
2,8770.5
0,8775.7
6,8777.8
5,8778.2
1,8779.0
2,8780.6
7,8780.7
4,8782.4
3,8783.1
0,8790.6
0,8838.6
2,8838.7
7,8838.9
1,8839.3
6,8840.0
4,8840.9
3,8843.4
7,8848.3
2,8850.1
0,8855.3
6,8857.3
5,8857.8
1,8858.1
7,8858.2
2,8859.9
4,8861.7
3,8861.8
0,8868.2
7,8868.8
1,8869.6
6,8869.9
2,8870.9
0,8918.5
2,8918.7
7,8918.9
1,8919.3
6,8920.0
4,8920.9
3,8922.9
7,8928.5
2,8929.9
0,8935.9
6,8937.4
5,8937.9
1,8938.2
7,8938.6
2,8939.7
4,8942.5
3,8942.9
0,8949.1
1,8951.0
7,8951.8
2,8952.4
0,8998.5
2,8998.6
7,8998.9
1,8999.3
6,8999.9
4,9000.8
3,9003.3
7,9008.5
2,9009.8
0,9015.4
6,9017.5
5,9017.9
1,9018.3
7,9018.6
2,9019.7
3,9022.6
4,9022.7
0,9028.4
1,9028.9
7,9030.4
2,9030.8
6,9038.0
0,9383.5
7,9384.1
1,9384.5
2,9384.8
6,9385.2
4,9386.4
3,9389.2
7,9394.9
0,9394.9
2,9401.1
5,9401.9
6,9403.9
7,9405.2
1,9405.2
3,9406.9
4,9408.1
0,9408.4
5,9411.8
6,9416.4
0,9463.3
7,9463.9
1,9464.3
2,9464.6
6,9464.9
4,9465.8
3,9468.5
7,9473.4
0,9474.0
2,9480.5
5,9481.4
7,9482.9
6,9483.1
1,9484.0
0,9485.7
3,9485.9
4,9487.2
5,9491.5
2,9491.5
6,9493.2
7,9493.4
1,9493.9
0,9543.3
7,9543.9
1,9544.3
2,9544.6
6,9544.9
4,9545.7
3,9547.9
7,9553.5
0,9554.0
2,9560.4
5,9561.5
7,9563.2
6,9563.4
1,9564.3
0,9565.8
3,9567.0
4,9567.5
5,9572.4
7,9576.1
2,9578.5
0,9623.2
7,9623.9
1,9624.3
2,9624.5
6,9624.9
4,9625.7
3,9628.3
7,9633.5
0,9633.9
2,9640.4
5,9641.7
7,9643.2
6,9643.3
1,9644.1
0,9645.9
3,9646.7
4,9649.5
5,9651.7
7,9654.7
6,9655.6
1,9655.6
2,9655.8
