359,27.8
167,29.1
305,29.6
133,30.5
113,30.7
10,32.2
364,32.9
163,33.0
19,33.6
218,33.8
18,33.8
263,33.9
172,34.0
307,34.3
224,35.1
360,35.9
299,37.1
300,37.5
120,37.6
258,38.9
301,39.5
243,39.5
310,39.8
354,40.1
86,40.3
63,42.2
175,42.2
355,42.2
67,42.7
212,43.1
62,43.2
198,44.4
246,44.6
2,45.0
68,45.1
126,45.3
342,45.7
168,45.7
35,46.3
326,46.4
365,46.5
260,46.5
351,46.6
363,47.0
39,47.2
367,47.6
336,47.7
109,47.8
156,47.9
251,48.6
155,48.6
207,49.3
206,49.5
128,49.9
264,50.3
323,50.3
25,51.4
268,51.4
16,51.5
370,51.6
122,51.6
13,51.7
129,52.2
115,52.3
57,52.3
116,52.5
216,52.5
12,53.0
302,53.2
205,53.2
247,53.5
208,53.6
219,53.8
295,54.0
225,54.4
273,54.9
159,55.8
222,56.2
139,56.7
312,56.9
240,57.0
291,57.0
361,57.3
53,57.4
217,57.4
266,57.5
123,57.6
27,58.1
113,58.1
228,58.5
78,58.9
218,58.9
359,59.1
253,59.4
131,59.8
19,59.9
6,60.5
7,60.8
98,61.3
60,61.4
15,61.7
167,61.9
316,62.2
59,62.6
66,62.8
177,63.7
133,63.7
65,64.7
204,65.5
18,65.6
130,65.9
70,66.2
158,66.3
172,66.4
75,67.0
307,68.9
364,69.2
161,70.9
283,71.2
265,71.3
360,72.7
248,73.1
300,73.3
242,73.8
4,74.7
368,75.2
63,75.4
305,75.6
327,76.9
258,77.5
52,77.9
301,78.1
175,78.4
354,79.1
224,79.2
43,79.8
189,80.8
22,80.9
76,81.5
67,81.7
163,81.9
81,82.4
10,82.5
310,82.7
198,84.1
186,84.6
182,84.9
169,85.8
120,86.5
278,88.8
365,89.9
359,90.7
167,96.3
58,96.7
128,97.2
125,97.3
370,97.5
355,98.3
218,99.3
39,100.4
117,100.6
326,101.0
12,103.3
156,103.4
77,103.4
268,104.3
220,104.8
62,104.8
113,106.2
35,106.5
334,106.6
135,107.6
361,108.8
323,109.1
32,109.2
92,109.3
206,109.8
63,110.0
216,110.7
367,111.1
340,111.1
124,112.7
14,112.8
286,113.0
294,114.0
298,114.1
240,114.4
301,115.5
212,115.8
219,115.9
315,116.1
244,116.6
350,116.9
253,117.7
47,117.9
6,118.4
247,119.1
360,120.8
19,121.0
133,121.6
112,121.9
0,122.6
145,124.5
175,124.5
349,125.2
23,125.6
10,125.9
5,126.3
146,126.4
120,127.0
4,127.2
56,127.4
52,127.4
161,127.5
15,127.9
205,128.0
107,128.2
264,128.9
305,128.9
160,129.1
245,129.7
273,130.4
18,132.1
322,132.2
342,132.5
53,132.5
159,132.7
302,133.8
153,135.6
113,136.1
129,136.4
242,136.9
130,138.8
300,139.0
122,139.2
156,139.2
191,139.6
218,140.4
219,140.5
208,140.6
369,140.7
260,141.0
370,141.0
41,141.3
16,142.2
214,142.4
268,142.4
364,142.7
229,142.7
340,143.3
35,143.9
313,143.9
308,145.2
140,145.8
195,146.3
199,146.8
74,147.3
210,147.5
80,147.5
367,148.0
24,149.3
163,149.5
360,150.5
299,150.8
78,152.3
198,152.9
192,153.6
220,154.2
328,155.2
247,159.0
19,159.5
215,161.7
206,162.4
361,162.9
359,163.6
225,164.5
2,164.6
120,165.4
81,168.2
64,170.0
291,172.3
216,172.8
172,173.1
182,173.4
355,173.9
253,174.0
218,174.4
224,174.4
349,174.7
6,174.9
167,176.6
18,176.8
63,178.4
336,179.2
113,179.6
115,180.0
52,181.1
240,181.4
301,181.6
219,181.9
245,182.1
4,183.2
360,183.7
96,183.9
145,184.2
317,184.7
370,185.2
304,185.4
248,185.5
25,185.7
353,186.2
326,188.2
12,188.6
22,189.4
124,190.3
229,191.4
273,191.5
33,192.2
133,192.2
305,192.5
315,192.5
160,193.1
308,193.1
35,193.5
212,193.6
278,194.3
268,194.3
205,195.5
286,195.9
123,196.0
10,196.1
323,196.3
156,196.4
32,196.6
47,196.8
210,196.9
140,197.0
41,197.3
214,197.5
72,198.1
62,198.5
177,198.6
261,198.9
80,200.3
198,200.5
175,200.5
311,201.1
366,201.4
163,202.1
260,202.2
76,203.0
207,204.9
272,205.1
120,205.9
139,206.2
77,206.9
220,207.2
155,210.8
109,210.9
342,211.2
218,212.9
167,213.2
359,213.8
27,214.7
367,215.3
266,218.7
28,219.0
368,219.2
63,219.3
130,219.5
354,219.9
217,220.3
318,220.8
365,220.9
86,221.7
363,222.2
2,222.2
264,222.8
128,222.8
370,223.0
307,223.3
168,223.4
300,224.1
312,224.3
22,224.5
172,224.5
302,225.6
125,225.7
108,226.4
39,226.5
299,226.6
68,226.7
38,226.9
126,227.2
12,227.4
258,228.2
310,229.0
18,229.3
13,229.5
69,230.0
65,230.1
98,230.5
133,230.5
74,230.5
273,230.8
355,230.8
308,231.3
316,231.4
57,231.4
313,231.6
374,231.7
24,232.1
35,232.6
214,232.6
361,233.1
204,233.2
206,234.1
199,234.3
247,235.0
360,235.0
265,235.2
291,235.4
336,235.6
248,235.6
92,235.9
263,236.2
276,236.2
210,236.5
216,236.5
326,236.7
364,236.7
278,236.8
334,236.8
123,237.0
16,237.0
175,237.6
327,238.1
70,238.4
33,238.6
59,238.9
160,239.0
43,239.1
198,239.4
60,239.6
32,239.9
7,239.9
30,240.1
62,240.1
186,240.2
253,240.4
104,240.6
335,240.9
182,241.0
6,241.2
197,241.7
323,241.7
81,241.7
75,242.2
107,242.2
381,242.4
135,242.7
225,243.1
189,243.2
359,243.2
120,243.3
134,243.7
218,243.8
174,243.9
25,244.3
215,244.4
330,244.6
256,244.6
219,244.7
224,244.8
367,245.4
191,245.5
369,246.4
129,246.4
231,246.4
145,247.5
47,248.5
77,248.6
261,249.8
163,251.9
100,251.9
366,252.0
337,252.9
138,253.0
229,253.0
315,253.4
167,253.5
76,255.6
131,255.6
301,255.7
220,255.7
178,256.0
113,256.3
340,256.4
63,256.5
17,257.3
156,257.4
305,257.8
240,257.8
132,258.0
38,258.5
354,258.7
96,259.0
14,259.5
212,259.8
294,260.0
10,260.8
205,261.0
268,261.4
246,261.4
298,261.6
5,262.9
122,263.1
4,263.3
19,263.4
244,263.7
307,264.2
15,264.5
213,264.5
242,264.7
133,264.7
310,264.8
115,264.9
18,265.6
12,265.6
342,265.6
299,266.3
22,266.4
153,266.9
208,267.2
350,267.5
83,267.8
380,268.4
52,268.7
355,268.7
146,269.1
300,269.7
53,269.7
157,269.8
159,270.4
216,270.9
218,271.8
302,272.5
360,272.8
370,275.9
161,277.6
247,277.6
35,279.5
140,279.5
79,281.3
0,281.5
6,283.7
81,283.8
217,284.1
273,284.6
80,285.1
39,286.1
175,287.2
182,288.5
366,289.0
116,289.1
189,289.2
224,289.7
359,290.1
364,290.8
326,291.5
113,291.6
167,292.3
172,293.4
120,294.2
305,294.9
219,295.9
18,296.1
186,296.2
133,296.2
335,296.4
30,297.1
283,297.3
19,297.5
171,297.6
229,297.9
163,297.9
361,298.2
43,298.6
25,298.8
130,298.8
264,299.4
268,299.9
198,301.2
78,302.3
27,302.8
190,303.2
327,304.1
177,304.2
86,304.7
218,305.6
33,306.1
308,306.5
265,307.2
69,307.7
370,308.2
323,308.9
35,309.8
360,309.9
10,312.0
63,312.1
206,312.8
336,312.9
315,313.2
156,313.9
368,315.3
245,315.3
248,315.4
266,316.3
23,317.2
108,317.5
353,317.6
4,318.5
300,319.7
197,321.8
104,322.1
6,323.2
175,323.7
212,324.7
113,325.6
208,325.8
145,328.7
100,329.0
56,329.1
120,329.1
219,329.4
12,330.6
273,331.0
167,331.1
129,331.2
318,331.3
133,331.6
307,332.4
139,332.4
32,332.5
359,332.5
261,333.2
76,333.3
115,333.6
77,333.7
256,334.0
367,335.0
364,335.1
146,336.2
301,337.2
369,337.6
216,339.2
355,339.8
218,340.5
304,340.8
17,341.5
22,341.7
278,342.3
75,342.4
340,344.4
130,345.0
370,345.3
349,346.0
264,348.0
63,348.0
92,348.6
198,348.7
360,348.8
361,349.0
2,349.1
215,349.2
125,350.0
19,350.2
160,350.7
268,351.1
291,351.4
354,352.2
112,352.3
161,352.4
163,352.4
62,352.6
206,353.3
28,354.9
263,355.1
265,357.3
350,357.4
326,357.7
334,357.8
222,358.6
74,358.7
65,360.1
315,361.3
35,361.6
380,361.8
13,361.8
157,362.7
308,365.3
113,365.5
323,366.3
77,366.6
172,367.2
219,367.8
81,369.0
310,369.1
208,369.2
120,369.3
33,369.4
280,370.4
220,371.3
218,371.9
258,372.9
59,373.2
168,373.9
213,374.5
302,375.6
123,375.6
122,376.8
70,378.1
6,378.3
359,378.4
224,378.9
307,378.9
300,378.9
365,379.2
337,379.5
138,379.6
336,379.9
210,380.1
175,381.0
63,381.4
344,381.7
254,382.3
38,382.7
18,383.0
229,383.2
145,384.2
204,384.3
330,384.3
133,386.8
311,387.3
2,387.9
197,388.8
182,389.1
261,389.1
12,389.5
256,390.7
104,392.1
291,392.8
353,393.3
115,394.1
100,395.1
216,401.0
301,404.4
198,404.6
278,410.4
145,410.9
155,411.2
17,412.2
105,412.3
146,412.8
342,413.2
206,413.4
326,413.4
340,414.5
242,414.6
47,414.7
336,415.3
286,415.7
5,415.8
245,416.4
244,416.6
215,418.0
153,418.1
352,418.2
63,418.2
144,418.6
273,418.8
22,418.9
298,419.2
225,419.3
76,419.6
323,420.1
205,420.3
75,420.3
367,420.7
6,420.9
56,421.1
210,421.2
359,421.3
25,421.4
189,421.6
335,421.7
302,421.7
172,421.9
39,421.9
96,422.2
120,422.4
167,422.4
2,422.4
65,422.5
186,422.5
133,422.7
218,423.4
59,423.5
0,423.6
349,423.6
182,423.6
207,423.9
190,424.2
305,424.3
147,424.8
370,424.8
356,424.8
231,425.1
381,425.6
355,425.7
81,425.8
62,425.9
67,425.9
32,426.0
177,426.0
124,427.2
214,427.8
360,428.0
13,428.1
58,428.1
4,428.5
52,428.6
70,429.0
130,429.1
175,429.1
160,429.2
251,430.1
86,430.8
113,431.6
112,431.8
35,432.1
216,432.3
64,432.5
291,433.8
55,437.2
134,452.8
276,453.8
308,454.8
268,456.9
77,457.6
369,457.7
175,457.7
313,457.8
315,457.9
273,458.2
135,459.0
283,459.1
354,459.4
210,459.7
220,460.5
35,460.9
74,462.4
229,462.8
327,462.8
367,463.1
33,463.2
72,463.7
22,463.7
260,464.3
214,464.7
191,465.3
261,466.2
334,466.9
219,467.3
81,467.9
326,468.6
256,469.0
299,469.3
100,469.5
204,469.7
145,471.1
162,471.4
248,473.9
336,473.9
140,474.3
32,475.2
80,476.1
197,476.2
183,476.5
133,476.5
6,476.9
218,477.0
311,477.2
278,477.7
30,477.9
215,478.8
104,478.9
323,478.9
63,479.7
18,480.1
163,480.3
307,481.8
217,481.9
330,482.3
92,483.0
12,483.1
366,483.4
359,483.7
342,484.5
305,485.7
205,485.7
182,486.6
10,487.2
43,487.3
335,488.6
361,489.8
128,490.2
113,490.2
24,490.7
167,491.0
130,492.2
273,492.4
186,493.6
381,494.6
231,495.7
47,495.7
210,496.2
240,498.1
156,498.3
302,498.8
300,498.9
76,499.1
266,499.2
96,499.7
120,499.8
147,499.9
1,501.0
175,502.0
27,502.1
356,502.6
360,503.1
308,503.4
364,503.4
370,503.7
294,503.8
86,503.9
268,505.0
125,505.1
155,505.7
98,505.8
55,506.0
22,507.0
16,507.7
248,507.9
199,508.3
313,508.4
368,508.7
65,508.9
336,509.7
100,509.9
198,510.3
218,511.2
163,511.3
299,511.6
145,511.8
310,511.9
215,512.1
247,512.2
122,512.4
93,513.0
245,513.1
350,513.1
53,513.1
12,513.2
254,513.4
263,513.8
133,514.4
159,514.7
6,515.9
359,516.3
172,516.3
208,516.5
4,518.2
253,518.7
337,520.2
355,522.2
342,523.5
334,524.6
19,524.7
205,524.9
326,525.0
361,525.3
81,525.5
344,526.2
327,526.7
305,526.8
35,527.0
52,527.2
265,528.5
59,529.0
113,530.3
167,530.9
33,531.6
189,532.1
135,532.7
105,535.3
30,535.6
301,535.7
43,536.8
2,537.3
87,537.5
115,538.9
140,542.8
7,543.8
60,544.0
229,544.0
219,546.4
302,546.7
335,547.1
186,547.2
5,547.5
175,547.8
32,547.9
278,548.2
77,548.3
366,548.4
80,548.6
18,548.7
273,549.1
315,549.4
171,549.9
156,550.1
134,550.7
130,550.8
92,550.9
120,550.9
369,550.9
240,551.0
323,551.1
10,551.2
183,551.4
381,552.8
370,552.9
367,553.3
162,554.1
191,555.1
294,555.7
35,556.7
42,556.8
311,558.6
334,558.9
354,561.3
93,563.1
248,564.1
27,564.2
340,565.1
98,565.4
253,565.8
244,565.8
133,571.1
4,573.6
247,574.0
12,574.3
14,574.4
17,575.3
330,575.4
76,581.6
326,586.4
81,588.4
219,593.5
77,593.9
74,594.9
120,596.7
145,596.9
33,598.5
245,600.2
63,600.3
261,600.8
336,600.8
323,600.8
60,601.1
376,601.1
353,601.3
256,601.4
302,601.6
7,601.8
156,601.9
35,602.1
98,603.4
301,604.0
155,604.0
240,604.4
175,604.7
2,604.7
206,605.0
315,605.1
327,605.5
198,605.5
342,605.6
260,606.0
248,606.4
5,606.5
62,606.5
135,607.0
251,607.2
32,607.2
113,607.3
209,607.6
57,608.1
359,608.6
10,608.7
6,608.7
294,609.7
278,609.8
13,609.9
65,609.9
280,610.3
220,610.4
275,610.6
354,610.9
92,611.0
295,611.3
22,611.6
125,611.8
243,611.9
276,611.9
274,612.0
104,612.6
167,612.7
361,612.8
254,612.8
115,612.9
138,612.9
305,613.8
197,613.8
67,614.6
215,615.1
146,615.4
307,615.7
218,616.0
43,616.1
242,616.2
169,616.2
310,616.6
172,616.6
340,617.0
12,617.1
244,617.4
223,617.8
86,618.4
298,619.4
160,619.5
136,619.7
263,619.8
367,620.0
163,620.2
283,620.3
364,620.8
168,620.8
368,620.9
370,621.0
17,621.8
352,623.0
128,623.4
39,625.2
133,626.0
108,626.1
75,626.6
277,628.0
216,630.4
81,636.5
308,636.8
213,638.0
18,638.6
268,639.4
360,640.1
299,640.5
326,641.1
130,641.5
35,641.7
273,642.0
68,643.0
359,643.1
175,643.3
300,643.6
354,644.4
83,645.1
260,645.2
123,645.4
218,645.7
79,646.7
63,647.1
126,647.1
258,647.2
365,647.3
120,647.3
307,648.2
109,648.4
264,648.4
22,648.9
336,649.0
27,649.3
155,649.5
198,649.7
301,650.1
19,650.7
24,650.7
302,650.8
310,650.9
2,651.0
220,651.1
172,651.7
113,651.9
168,652.3
342,652.8
169,654.2
247,654.3
312,654.8
265,654.9
86,655.6
12,655.8
15,656.1
16,656.5
361,656.5
204,658.1
370,660.6
4,660.8
291,661.3
59,662.5
13,663.1
6,668.7
105,669.2
205,669.6
364,670.6
78,672.0
167,672.3
67,673.0
145,673.2
10,673.6
253,674.0
156,675.1
163,677.7
206,677.8
65,677.9
240,678.2
96,679.8
93,682.5
162,682.7
175,682.7
266,682.8
35,683.0
77,683.9
354,684.0
368,684.2
268,684.3
147,684.4
356,684.9
323,685.8
27,686.2
100,686.5
55,686.7
32,687.1
218,687.1
273,687.4
305,687.6
1,687.8
367,687.8
113,688.6
337,689.1
120,689.8
38,690.0
342,690.0
215,690.0
277,690.1
131,690.2
254,690.5
370,690.5
52,690.6
125,690.8
128,690.9
34,691.6
28,692.0
360,692.2
280,693.0
108,693.8
168,694.2
274,694.8
126,694.9
374,695.1
264,695.1
86,695.9
344,696.8
69,699.1
112,699.4
298,700.7
301,701.0
216,701.5
6,701.6
244,702.1
272,702.3
355,702.4
161,703.7
219,705.5
222,705.5
122,706.0
361,706.3
212,706.4
0,706.7
23,707.0
81,708.9
25,709.1
153,709.3
327,709.8
205,710.4
220,710.8
19,711.6
63,711.6
4,712.0
35,712.1
92,712.4
144,712.6
242,713.3
167,713.8
350,713.9
145,714.3
77,716.0
74,716.3
265,716.6
65,716.9
334,717.1
208,719.2
370,720.7
380,720.8
218,721.2
97,721.8
157,721.9
42,724.1
125,724.3
156,725.3
206,725.4
356,725.7
368,725.9
76,726.5
268,726.8
302,726.9
317,728.1
323,728.7
248,729.3
366,729.6
120,729.8
367,730.5
224,730.6
32,730.7
280,731.3
87,731.3
28,731.5
33,731.9
174,732.2
40,732.9
62,734.3
326,734.9
113,735.3
354,735.8
175,737.0
188,737.1
124,739.7
22,742.9
220,744.0
160,744.2
308,744.4
35,744.6
126,745.3
260,748.0
274,748.2
74,751.1
77,752.5
168,752.7
218,754.2
312,754.4
167,754.5
135,756.6
367,760.4
321,770.6
199,771.3
41,774.1
340,775.5
210,776.0
14,776.4
273,776.7
214,777.0
5,777.8
207,778.5
160,778.6
219,778.7
215,779.2
7,781.6
301,781.9
35,782.3
299,782.9
24,783.5
251,784.4
108,784.7
2,784.9
32,785.1
218,785.4
98,785.5
225,785.9
120,786.5
366,786.5
22,787.1
260,787.9
217,787.9
224,788.3
359,788.5
18,788.6
126,788.7
370,788.9
243,789.3
145,789.7
60,790.2
124,790.3
15,790.5
352,790.7
360,790.9
12,791.1
220,791.5
363,791.6
278,791.6
38,791.8
116,792.7
365,792.9
354,792.9
155,793.0
216,793.1
342,793.3
326,793.4
367,793.4
302,793.7
168,794.0
263,794.0
27,794.1
247,794.7
53,794.7
323,795.0
159,795.2
10,795.4
244,795.5
368,795.6
129,795.8
81,795.9
131,796.1
115,796.2
198,796.9
264,796.9
132,797.9
189,798.1
163,798.4
209,798.9
240,799.2
57,799.4
228,799.5
86,799.8
374,799.8
279,800.1
295,800.2
47,800.4
33,800.6
182,801.0
133,802.8
43,803.7
30,804.6
286,804.7
336,805.3
69,805.9
229,805.9
330,806.3
175,806.8
294,807.6
167,808.1
305,808.3
138,808.8
248,810.4
79,811.6
254,812.3
156,812.4
308,813.1
77,813.3
315,814.6
213,814.7
298,814.7
6,818.0
96,818.2
215,819.4
205,819.5
261,819.6
100,820.1
310,820.3
218,821.0
66,821.1
307,821.9
153,822.6
210,823.4
299,823.7
245,823.9
172,823.9
122,824.7
113,824.8
120,825.0
145,825.2
243,825.3
63,825.6
359,826.0
342,827.5
13,828.3
39,830.6
18,830.7
146,830.8
197,831.5
68,831.9
304,832.2
83,832.7
12,833.3
22,833.5
356,835.5
32,838.6
167,838.9
355,839.1
360,839.8
140,840.1
117,840.1
217,840.2
246,840.3
305,841.1
35,841.2
336,841.5
75,841.5
80,842.0
163,842.8
2,843.3
268,844.3
124,844.5
125,845.0
128,845.8
370,846.4
263,846.8
10,846.9
147,847.6
280,847.8
225,849.1
119,849.3
155,849.4
274,849.9
326,850.1
41,850.3
273,850.9
220,851.0
215,851.2
272,851.7
248,851.9
81,852.8
55,852.8
240,853.0
93,853.0
353,853.9
302,854.0
1,854.3
86,854.4
98,855.1
368,855.2
308,855.2
366,855.2
254,855.3
309,855.4
358,855.5
6,855.7
25,856.0
65,856.5
76,857.2
190,857.7
100,858.0
222,858.2
340,858.8
145,859.9
96,860.4
303,860.7
104,862.0
350,862.4
216,863.2
301,863.6
74,864.0
334,866.2
342,866.5
367,867.3
162,867.8
144,868.5
14,869.9
327,870.0
160,871.1
197,872.2
189,873.0
210,873.2
87,874.7
278,874.9
17,876.2
146,876.3
35,877.1
218,878.6
380,879.1
92,879.3
77,879.7
219,879.9
299,880.0
354,880.2
24,880.7
157,881.1
43,881.3
370,881.8
120,881.8
208,881.8
186,881.9
212,882.7
108,883.1
224,884.6
323,886.3
317,887.9
273,888.0
125,889.3
130,889.4
122,889.7
27,889.9
182,890.0
335,891.5
86,892.2
366,892.2
81,892.8
214,894.9
268,895.0
300,895.0
225,895.2
231,895.2
222,896.3
364,896.8
350,897.4
360,898.1
272,898.2
175,898.5
32,898.8
139,900.5
76,900.7
97,901.9
220,902.8
47,903.2
355,903.3
41,904.7
266,904.8
124,905.3
381,905.6
63,905.7
115,906.3
260,906.9
206,907.0
301,907.2
318,907.6
133,907.9
19,908.0
367,908.2
198,908.5
359,908.5
279,909.0
155,909.7
38,909.8
129,909.8
191,909.9
308,909.9
342,910.4
219,910.5
334,911.0
307,911.6
313,912.0
207,912.6
113,913.1
361,913.2
218,914.1
163,914.4
65,915.0
326,915.2
2,915.6
188,916.2
369,916.3
258,917.4
58,918.5
167,920.3
243,920.5
33,921.2
35,921.9
312,921.9
168,922.0
365,922.1
116,922.7
74,922.8
22,923.0
305,923.1
172,923.4
126,925.0
18,925.6
354,925.8
67,926.6
299,926.8
368,927.7
242,927.9
69,928.7
224,928.9
128,929.9
10,931.8
278,931.8
264,931.9
273,933.6
24,934.1
13,934.7
27,935.4
62,935.6
359,936.1
123,936.5
263,936.6
120,937.4
360,937.8
214,938.5
370,938.5
210,940.3
109,940.5
160,941.3
175,942.1
351,942.3
291,942.7
198,943.2
6,943.5
108,944.3
300,945.2
204,945.7
216,946.3
218,946.3
215,947.0
56,947.4
298,947.6
336,947.7
4,948.0
244,948.2
301,948.4
2,948.6
86,948.8
145,949.0
52,949.1
310,950.5
113,950.7
254,951.1
245,951.1
81,951.7
132,951.9
182,953.9
197,954.1
248,954.2
367,954.3
63,954.7
78,955.3
12,955.4
225,955.4
323,956.0
25,956.4
100,956.8
195,957.4
167,957.9
133,958.2
76,959.2
19,959.4
361,961.6
77,965.8
268,965.9
330,967.4
359,972.1
261,972.4
315,973.1
278,973.6
353,974.1
120,974.7
256,975.0
354,975.3
175,975.6
92,977.3
163,977.5
130,977.9
326,978.4
75,978.6
273,980.0
22,980.7
266,980.9
212,984.0
35,986.3
224,987.0
336,987.2
206,988.7
63,988.8
218,988.9
355,991.5
370,991.9
86,992.1
299,992.2
24,993.0
258,993.7
219,993.8
214,994.4
25,996.4
216,998.1
18,998.8
308,1005.7
313,1006.8
260,1008.8
68,1012.2
33,1015.1
115,1015.9
363,1016.1
30,1017.8
155,1019.0
145,1019.2
2,1019.4
198,1019.5
365,1021.0
367,1021.3
126,1023.1
207,1023.2
163,1023.4
251,1023.7
360,1023.8
336,1024.3
98,1024.4
104,1025.2
168,1025.2
60,1026.5
368,1026.7
197,1027.1
310,1027.4
12,1027.4
38,1027.5
359,1027.6
264,1027.9
218,1027.9
245,1028.2
120,1028.5
13,1028.7
248,1028.8
243,1028.8
108,1029.1
354,1029.2
131,1029.3
204,1029.7
353,1030.0
301,1030.1
254,1030.2
307,1030.3
35,1030.4
86,1030.8
208,1031.0
63,1031.1
146,1031.4
380,1031.7
263,1031.8
81,1032.1
157,1032.1
374,1032.5
62,1032.8
172,1033.1
350,1033.4
302,1033.6
291,1034.0
125,1034.1
370,1034.3
169,1034.5
225,1035.8
222,1035.8
118,1036.0
277,1036.6
206,1036.7
312,1036.9
219,1037.8
105,1037.8
190,1038.5
122,1038.6
323,1039.0
100,1039.2
215,1040.5
342,1041.0
210,1041.3
317,1041.5
278,1041.8
273,1042.3
24,1042.7
6,1043.2
186,1043.4
123,1045.0
43,1045.4
295,1045.7
160,1046.1
214,1047.6
109,1050.2
2,1051.7
260,1051.9
299,1053.5
72,1059.8
133,1062.2
22,1062.7
155,1067.2
66,1067.2
243,1067.7
145,1068.7
261,1069.3
158,1070.2
256,1072.2
336,1073.7
19,1076.0
74,1076.2
245,1078.3
116,1080.8
300,1080.9
353,1081.3
204,1082.9
104,1083.3
35,1083.4
307,1083.5
220,1084.2
276,1084.4
197,1084.4
198,1084.5
264,1085.0
219,1085.2
18,1085.2
115,1085.9
273,1086.1
248,1086.3
17,1086.3
32,1086.3
146,1086.7
260,1086.8
210,1087.3
2,1087.5
229,1088.5
77,1088.5
311,1088.7
295,1088.9
113,1089.0
13,1089.0
251,1089.5
349,1089.7
98,1089.8
291,1090.0
263,1090.5
342,1090.5
278,1090.6
361,1090.9
359,1092.1
64,1092.2
370,1092.3
92,1092.4
326,1092.4
60,1092.8
154,1092.8
6,1093.0
4,1093.5
214,1094.1
218,1094.7
360,1097.9
207,1098.1
265,1098.3
155,1099.3
334,1099.3
163,1099.4
243,1100.9
206,1101.4
380,1101.7
93,1102.0
12,1102.6
330,1102.9
120,1103.0
133,1103.1
63,1103.5
355,1103.7
224,1103.9
366,1104.1
216,1104.9
225,1104.9
24,1105.1
301,1105.2
367,1105.4
208,1105.9
145,1106.8
182,1107.1
175,1108.0
47,1108.4
336,1108.4
364,1108.5
76,1108.8
130,1109.0
335,1109.5
189,1110.0
160,1110.5
352,1111.0
19,1111.0
22,1111.5
39,1111.8
286,1111.8
0,1111.9
56,1112.0
43,1112.0
323,1112.2
81,1112.3
172,1112.5
327,1112.6
135,1112.7
381,1112.7
25,1112.7
186,1112.9
5,1113.4
261,1113.5
41,1113.8
59,1113.8
347,1113.9
78,1114.0
198,1114.3
299,1114.7
70,1115.0
219,1115.5
134,1115.6
344,1116.1
122,1116.3
340,1116.6
337,1116.6
273,1116.9
231,1116.9
215,1117.1
100,1117.4
205,1117.6
369,1117.8
153,1118.2
266,1118.4
75,1118.5
256,1118.5
177,1118.8
300,1119.3
283,1119.6
124,1120.7
245,1121.1
210,1121.9
167,1122.3
358,1122.4
112,1122.6
353,1122.7
254,1123.5
191,1123.6
309,1123.8
86,1124.5
275,1124.7
32,1125.8
318,1126.0
222,1127.8
268,1128.0
35,1128.1
370,1128.9
6,1130.4
342,1130.7
197,1140.0
248,1145.0
356,1148.0
145,1149.0
96,1149.1
336,1150.1
147,1151.7
2,1151.9
155,1152.4
360,1153.7
215,1154.1
305,1154.2
308,1154.6
55,1154.9
100,1155.0
218,1155.2
105,1156.3
1,1156.4
98,1156.9
65,1157.4
115,1157.5
198,1158.0
342,1159.2
251,1159.3
301,1159.8
210,1161.6
214,1161.8
74,1163.4
124,1163.8
63,1163.8
302,1164.3
22,1164.4
260,1164.5
220,1164.5
160,1165.8
62,1165.9
167,1166.0
204,1166.1
359,1167.1
163,1167.8
354,1168.2
299,1168.6
28,1170.1
172,1170.9
368,1171.5
168,1171.6
355,1172.0
35,1172.2
312,1172.2
365,1172.3
258,1172.5
370,1172.6
212,1172.7
24,1172.9
206,1173.1
77,1173.4
126,1175.0
291,1176.8
120,1177.9
58,1178.1
175,1178.4
353,1179.5
12,1179.8
156,1180.7
363,1180.9
323,1181.7
60,1181.8
108,1182.4
367,1182.5
336,1182.7
57,1183.1
245,1183.3
224,1183.5
145,1184.9
264,1186.0
316,1186.0
113,1186.1
268,1186.2
307,1186.5
128,1186.7
242,1186.9
32,1187.2
63,1187.3
340,1187.5
218,1188.5
304,1190.1
117,1190.2
254,1190.3
216,1191.0
358,1192.4
182,1193.7
65,1194.1
309,1194.3
5,1194.9
146,1195.9
14,1195.9
215,1201.3
167,1201.8
22,1202.3
76,1203.1
280,1203.5
274,1203.7
74,1203.9
219,1204.5
326,1204.6
137,1204.8
18,1206.3
305,1207.1
34,1207.2
220,1207.3
77,1208.1
38,1208.3
334,1209.2
349,1209.6
308,1210.0
81,1210.3
112,1210.6
367,1210.9
35,1211.0
123,1211.5
133,1211.5
355,1211.6
361,1211.9
310,1212.0
213,1212.5
218,1213.1
370,1213.2
273,1213.4
206,1215.1
25,1215.4
354,1215.8
86,1216.1
6,1216.7
47,1217.1
124,1217.7
299,1217.8
214,1217.9
191,1218.2
59,1218.3
210,1218.5
39,1218.7
168,1219.2
336,1219.8
145,1222.1
335,1222.7
231,1223.5
342,1223.5
313,1223.8
337,1224.8
68,1224.9
160,1225.7
63,1225.7
56,1227.5
2,1228.5
216,1229.5
301,1229.6
260,1230.0
153,1233.3
340,1233.6
144,1233.7
352,1234.0
302,1234.9
105,1235.6
5,1235.7
7,1239.7
199,1242.6
198,1243.1
120,1244.1
360,1249.0
344,1250.6
175,1250.7
247,1251.0
300,1251.8
19,1251.8
78,1252.5
113,1252.9
359,1253.2
205,1254.4
218,1255.2
219,1256.0
349,1258.3
145,1258.3
122,1258.7
115,1259.0
206,1259.8
6,1260.1
273,1261.7
361,1263.0
370,1263.4
74,1264.4
220,1265.9
367,1266.3
35,1266.8
76,1267.7
41,1267.9
326,1269.6
366,1270.2
334,1270.7
182,1271.0
188,1271.9
355,1272.1
189,1272.2
47,1273.4
32,1273.4
222,1273.5
124,1274.0
225,1274.2
224,1275.1
317,1276.0
279,1277.1
350,1279.5
280,1280.3
208,1280.9
22,1282.0
97,1282.6
24,1284.9
214,1286.8
210,1287.5
308,1288.0
219,1292.3
321,1293.5
318,1293.7
126,1294.0
186,1294.3
130,1294.6
218,1295.2
273,1295.3
340,1296.3
191,1296.7
367,1297.0
129,1297.1
36,1297.3
38,1297.5
120,1298.3
335,1299.4
177,1299.9
35,1301.5
207,1304.9
374,1308.1
86,1310.8
225,1312.2
336,1313.0
245,1313.0
145,1314.1
81,1314.4
353,1314.7
370,1314.8
220,1315.0
212,1315.1
272,1315.3
168,1315.7
175,1316.0
248,1316.1
174,1316.1
41,1316.5
360,1316.5
33,1317.4
135,1317.7
326,1317.8
327,1318.1
139,1318.1
98,1318.3
47,1318.3
157,1318.3
131,1318.4
219,1318.6
380,1318.6
2,1318.9
190,1318.9
104,1319.1
222,1319.2
197,1319.3
254,1319.5
228,1319.8
198,1319.9
266,1319.9
77,1320.2
208,1320.4
32,1320.7
27,1321.1
12,1321.7
367,1321.8
273,1322.6
40,1322.7
167,1322.8
188,1323.2
16,1323.6
268,1323.9
366,1324.8
176,1325.4
35,1326.8
300,1327.2
361,1328.3
116,1328.7
56,1329.2
364,1330.6
218,1330.6
108,1332.5
19,1333.1
126,1333.6
146,1334.3
115,1335.4
216,1336.9
195,1337.3
310,1337.4
323,1337.5
301,1339.7
109,1340.2
113,1340.5
78,1341.0
291,1341.1
79,1341.6
359,1341.6
123,1342.7
82,1343.5
120,1344.2
5,1344.4
18,1345.2
354,1345.4
206,1346.2
365,1346.3
155,1347.0
172,1348.1
312,1348.1
168,1349.3
2,1349.4
352,1349.9
38,1350.2
260,1350.9
204,1351.0
59,1351.5
198,1351.8
160,1352.2
273,1353.2
311,1353.8
0,1354.7
80,1355.8
35,1356.0
140,1356.2
360,1356.3
308,1356.7
163,1358.9
67,1359.0
220,1359.3
175,1362.0
218,1362.5
268,1364.4
367,1365.3
30,1365.3
63,1369.3
313,1370.4
62,1370.9
27,1371.0
219,1371.3
136,1371.8
276,1372.1
364,1372.4
214,1372.6
130,1372.7
69,1373.4
374,1373.7
266,1374.7
318,1375.2
283,1376.0
134,1378.2
120,1380.4
302,1382.3
81,1382.7
186,1383.5
335,1383.7
381,1383.8
126,1385.5
323,1386.0
208,1386.5
189,1387.2
129,1387.2
33,1387.4
178,1387.4
369,1388.0
300,1388.5
366,1388.7
231,1388.8
340,1389.0
182,1389.7
206,1391.0
38,1391.9
95,1392.2
360,1394.8
349,1395.0
380,1395.6
146,1396.5
4,1396.6
113,1396.8
218,1397.1
13,1398.4
370,1398.5
6,1398.9
210,1399.2
248,1400.1
334,1400.4
191,1400.4
2,1400.5
135,1400.6
253,1400.6
19,1400.9
35,1401.2
245,1401.4
145,1401.6
301,1401.8
350,1401.9
74,1401.9
291,1402.0
156,1402.2
198,1402.4
215,1402.4
361,1402.4
52,1402.8
64,1403.0
167,1403.5
308,1403.9
115,1404.3
355,1404.6
327,1404.9
57,1405.2
163,1405.4
63,1405.7
175,1405.7
329,1405.8
112,1406.0
124,1406.1
264,1406.3
43,1406.6
353,1407.1
77,1407.2
359,1407.4
214,1407.7
367,1407.8
204,1408.2
62,1408.2
354,1408.5
123,1408.7
220,1408.7
65,1409.4
160,1409.6
172,1410.1
22,1410.5
58,1410.6
242,1411.3
24,1411.5
219,1412.6
263,1413.3
312,1413.4
364,1413.5
268,1413.9
168,1413.9
368,1415.2
222,1415.4
260,1416.5
243,1416.5
305,1416.8
10,1416.9
313,1418.3
342,1418.3
155,1420.3
315,1420.5
299,1420.6
273,1421.6
130,1421.9
258,1422.1
307,1422.6
122,1423.6
120,1423.9
133,1425.7
276,1427.2
134,1427.7
278,1429.9
47,1432.5
229,1433.3
175,1438.3
369,1439.5
298,1439.8
76,1440.0
32,1440.2
301,1440.9
323,1440.9
67,1442.3
113,1442.5
138,1443.4
244,1443.4
360,1443.5
81,1444.2
56,1444.7
35,1444.8
359,1445.2
136,1445.9
86,1446.0
283,1446.4
335,1446.7
218,1446.9
198,1447.0
351,1447.1
186,1447.1
109,1447.4
77,1447.6
330,1447.6
364,1447.6
251,1448.0
381,1448.1
169,1448.4
2,1448.6
38,1449.0
16,1449.2
219,1449.2
273,1449.6
311,1449.7
96,1449.7
189,1450.0
19,1450.2
225,1450.3
300,1450.6
208,1451.2
210,1451.3
120,1451.4
163,1451.7
214,1451.8
317,1452.0
126,1452.2
367,1452.3
322,1452.9
243,1452.9
132,1453.6
182,1454.1
129,1454.2
231,1454.4
260,1455.0
160,1455.5
13,1455.8
342,1455.9
366,1456.9
295,1457.2
17,1457.7
157,1457.9
116,1458.0
18,1458.5
10,1458.8
133,1459.5
380,1461.6
130,1464.0
36,1464.7
334,1467.2
175,1477.7
172,1477.8
359,1479.0
273,1479.1
22,1479.4
47,1480.3
310,1481.4
76,1482.5
120,1483.5
217,1483.5
167,1483.8
224,1484.3
72,1485.2
278,1485.3
360,1485.3
323,1486.3
138,1487.6
326,1487.7
35,1487.7
16,1487.9
218,1487.9
133,1488.1
223,1488.5
75,1489.2
81,1489.7
139,1490.1
198,1490.5
77,1491.6
38,1491.9
86,1491.9
190,1492.0
225,1492.1
176,1492.1
367,1493.1
268,1493.2
186,1493.3
361,1493.7
220,1494.2
25,1494.4
219,1494.8
216,1495.3
330,1495.4
335,1496.1
78,1496.5
300,1496.8
327,1496.8
364,1496.9
370,1497.1
210,1497.5
87,1497.6
247,1498.6
302,1499.0
113,1499.1
177,1499.3
276,1499.5
64,1499.8
215,1499.8
189,1499.9
32,1499.9
351,1500.0
135,1500.1
2,1500.6
6,1501.0
57,1501.5
229,1501.9
136,1502.3
291,1502.8
183,1502.9
19,1503.6
354,1503.7
163,1503.8
59,1504.1
272,1504.2
43,1504.4
62,1504.5
123,1504.5
311,1504.6
130,1504.6
18,1504.7
283,1505.3
27,1505.7
337,1505.9
70,1506.3
79,1506.5
273,1506.5
168,1506.7
359,1506.8
92,1506.9
263,1507.1
169,1507.2
13,1508.1
366,1508.6
82,1508.9
128,1509.1
175,1509.2
33,1509.6
109,1509.7
41,1510.5
172,1511.4
277,1512.8
205,1513.4
286,1513.9
93,1514.0
228,1514.8
243,1514.8
132,1515.2
120,1515.5
35,1516.5
206,1517.3
162,1518.3
63,1518.5
315,1518.9
307,1519.2
47,1519.3
65,1520.2
124,1524.0
264,1525.2
207,1525.8
360,1527.1
160,1527.8
198,1528.4
66,1529.2
116,1530.1
155,1530.4
336,1530.4
145,1531.2
251,1531.5
113,1532.4
2,1532.5
300,1534.4
353,1534.4
349,1537.4
104,1538.6
214,1541.0
248,1542.1
291,1542.9
146,1544.5
4,1545.0
134,1545.0
175,1546.9
13,1547.8
367,1548.6
218,1550.3
365,1550.8
381,1551.5
219,1552.0
312,1552.2
62,1552.3
35,1553.1
186,1554.5
135,1554.5
168,1554.6
354,1555.1
318,1555.3
204,1555.7
130,1556.4
327,1557.1
361,1557.4
206,1557.7
63,1557.8
74,1557.9
81,1558.0
210,1558.0
77,1558.3
273,1558.4
123,1558.6
59,1559.2
323,1559.3
220,1559.4
276,1559.9
308,1559.9
316,1560.5
65,1560.6
260,1560.9
28,1561.3
177,1561.4
370,1562.1
299,1562.5
268,1562.7
32,1563.6
22,1564.7
342,1565.4
126,1565.7
215,1565.7
33,1567.4
105,1567.6
212,1568.0
302,1568.3
222,1568.5
167,1568.9
272,1568.9
162,1570.4
301,1572.8
122,1573.1
311,1573.4
115,1573.6
145,1574.3
6,1576.7
155,1577.2
336,1578.2
261,1578.9
2,1579.5
256,1581.0
72,1581.6
219,1587.6
214,1588.6
273,1589.3
198,1589.5
98,1590.0
35,1592.6
204,1593.0
100,1594.4
160,1595.1
291,1595.5
353,1595.7
359,1596.1
245,1596.3
62,1596.7
63,1597.0
172,1599.2
13,1600.2
86,1601.3
254,1601.6
120,1602.0
367,1602.6
47,1602.7
225,1603.2
354,1603.4
206,1604.6
218,1604.8
168,1605.4
57,1605.9
124,1606.2
360,1606.5
251,1606.7
25,1607.7
64,1608.6
123,1609.0
370,1609.0
220,1609.5
326,1609.5
216,1609.5
77,1609.7
81,1609.9
41,1610.0
207,1610.5
349,1610.6
18,1611.1
175,1611.3
113,1612.7
177,1613.8
161,1614.6
212,1615.3
228,1616.0
361,1616.7
310,1620.1
40,1620.5
23,1620.5
188,1621.4
35,1626.8
6,1627.2
283,1627.2
301,1627.9
145,1629.4
298,1630.3
244,1631.6
242,1632.1
2,1635.8
39,1637.5
336,1637.8
167,1639.9
63,1640.0
305,1641.1
128,1641.3
68,1641.4
354,1641.7
359,1642.1
217,1642.2
307,1642.6
156,1642.8
258,1643.0
365,1643.2
62,1644.3
352,1645.4
304,1645.5
206,1647.0
65,1647.3
172,1647.4
260,1647.6
219,1647.7
120,1650.0
67,1651.8
56,1652.0
27,1653.2
340,1653.8
273,1654.4
268,1654.9
175,1656.3
198,1656.6
264,1658.0
364,1658.5
163,1658.6
113,1659.2
35,1660.8
108,1660.9
130,1661.3
93,1661.7
266,1662.4
218,1662.6
312,1662.6
368,1663.0
146,1663.5
30,1663.8
168,1664.0
140,1664.1
323,1665.0
32,1665.0
33,1666.0
109,1666.2
302,1666.5
327,1666.6
133,1666.7
295,1666.8
370,1667.0
300,1667.1
207,1667.4
43,1667.6
229,1667.6
92,1667.8
315,1668.3
311,1668.9
360,1669.1
361,1669.3
278,1669.9
169,1670.3
265,1670.7
367,1670.7
301,1671.4
70,1671.8
2,1672.1
13,1672.3
326,1673.5
115,1673.7
308,1673.7
316,1674.6
59,1674.8
286,1674.9
135,1674.9
77,1675.3
63,1675.5
291,1675.7
354,1675.9
145,1675.9
353,1676.9
155,1677.7
105,1677.7
4,1677.9
206,1678.4
161,1679.0
349,1679.1
204,1679.9
41,1679.9
197,1680.0
245,1680.4
261,1680.4
256,1680.8
17,1681.0
336,1681.0
104,1681.0
47,1681.9
359,1682.3
23,1683.5
248,1683.6
6,1687.0
334,1689.5
81,1692.0
328,1694.8
125,1697.0
163,1699.2
120,1704.6
263,1705.5
225,1706.4
62,1710.9
360,1712.7
189,1712.7
172,1713.4
76,1713.6
13,1713.7
198,1714.2
2,1716.4
359,1716.5
300,1717.8
219,1719.0
307,1719.5
351,1721.2
57,1721.8
302,1722.5
35,1722.5
16,1722.9
268,1722.9
291,1722.9
243,1723.0
204,1723.1
273,1723.2
12,1723.4
208,1723.4
63,1723.5
104,1723.5
124,1723.7
248,1724.2
215,1724.3
197,1724.3
220,1724.5
98,1724.8
366,1724.9
210,1725.4
367,1725.9
145,1726.0
66,1726.2
188,1726.4
361,1726.6
214,1726.7
19,1726.9
354,1726.9
160,1727.2
100,1727.4
308,1727.5
326,1727.8
74,1727.8
299,1727.9
41,1728.0
336,1728.3
380,1728.9
65,1729.1
158,1729.2
128,1729.6
312,1729.7
81,1729.7
80,1730.1
177,1730.1
139,1730.7
327,1730.9
140,1730.9
260,1731.2
155,1731.3
168,1731.6
146,1731.7
123,1732.3
190,1732.4
370,1733.2
18,1733.2
27,1733.6
86,1734.0
163,1734.0
342,1734.1
242,1734.1
272,1734.2
311,1734.9
135,1735.8
229,1736.1
340,1736.2
301,1736.3
15,1736.7
334,1736.8
153,1736.9
42,1737.1
216,1737.3
207,1737.5
92,1737.8
96,1738.1
25,1738.1
218,1738.3
278,1739.0
310,1739.3
33,1739.5
365,1739.6
376,1740.3
133,1740.8
93,1740.8
22,1742.0
14,1743.5
217,1743.6
130,1743.7
347,1743.8
39,1744.7
108,1744.8
53,1749.4
159,1751.7
247,1752.2
313,1755.5
79,1757.2
369,1758.0
273,1758.3
47,1758.9
77,1759.0
261,1760.5
178,1760.6
120,1760.9
35,1761.3
256,1761.6
32,1761.9
254,1762.3
175,1762.4
367,1762.5
182,1762.7
38,1763.1
315,1763.6
81,1763.8
323,1764.0
138,1765.3
219,1765.4
353,1765.4
5,1766.0
17,1766.2
145,1766.4
330,1766.6
245,1767.5
335,1767.6
132,1767.6
197,1767.7
213,1767.8
186,1769.1
10,1769.4
366,1769.7
116,1770.7
336,1773.8
215,1774.7
225,1775.3
66,1776.4
359,1776.7
340,1777.7
210,1778.3
63,1778.5
263,1778.8
18,1779.2
2,1779.3
56,1779.6
133,1779.8
243,1780.0
299,1781.0
153,1781.0
218,1782.3
144,1783.5
163,1785.6
172,1786.1
6,1786.2
304,1786.3
146,1787.4
229,1788.6
360,1788.9
326,1788.9
160,1790.7
216,1794.1
328,1796.6
140,1797.6
264,1798.3
86,1798.8
145,1799.0
108,1799.5
301,1804.2
268,1805.2
362,1805.7
295,1806.0
342,1806.2
352,1806.2
370,1807.6
207,1808.9
130,1810.5
155,1812.5
81,1813.3
308,1813.9
95,1815.2
313,1815.7
369,1816.4
260,1819.0
273,1819.9
47,1820.3
307,1821.2
186,1822.3
133,1822.4
278,1823.2
178,1823.3
302,1823.6
318,1823.8
98,1823.8
336,1823.9
15,1824.0
381,1824.1
248,1824.2
335,1824.8
231,1824.8
175,1825.0
120,1825.2
12,1825.4
43,1825.4
134,1825.5
33,1825.5
334,1825.7
189,1826.0
182,1826.2
177,1826.3
197,1826.3
30,1826.5
104,1826.8
60,1827.3
214,1827.3
315,1828.5
225,1829.5
35,1831.3
243,1831.5
323,1831.5
261,1831.9
353,1832.2
367,1832.4
198,1832.6
210,1833.1
2,1833.2
330,1834.0
13,1835.3
62,1836.1
276,1836.2
286,1837.7
160,1839.3
124,1840.0
283,1840.4
354,1843.5
220,1844.0
156,1845.4
77,1845.6
38,1847.5
10,1847.8
240,1848.1
57,1848.4
53,1848.9
199,1848.9
340,1849.7
135,1850.3
63,1850.5
326,1850.5
168,1850.5
294,1851.1
159,1851.2
228,1853.3
81,1855.1
113,1855.3
123,1855.9
35,1856.2
86,1856.4
273,1857.6
301,1858.2
219,1858.6
327,1859.2
218,1859.4
136,1859.7
120,1860.1
206,1860.6
138,1861.9
65,1863.4
41,1864.3
79,1864.5
311,1866.9
367,1870.4
242,1873.1
47,1874.9
225,1879.4
298,1879.6
160,1881.8
62,1882.1
177,1883.9
2,1884.5
215,1885.7
283,1886.6
291,1887.4
204,1888.8
359,1889.2
254,1890.6
13,1890.8
145,1891.0
172,1891.9
354,1895.3
63,1899.7
135,1903.3
307,1903.6
35,1903.9
326,1904.2
18,1904.3
39,1904.4
216,1905.7
19,1906.6
361,1906.7
198,1907.4
113,1907.7
218,1908.2
360,1908.8
258,1908.9
300,1909.0
133,1909.4
247,1909.5
364,1910.0
175,1910.0
219,1911.2
299,1911.9
220,1912.0
370,1913.4
367,1914.0
120,1914.1
16,1914.2
355,1914.3
123,1914.4
12,1915.3
206,1915.7
188,1916.3
168,1916.6
57,1917.5
163,1917.6
126,1917.6
224,1917.6
273,1917.8
124,1918.2
81,1918.4
176,1918.5
214,1918.8
263,1918.9
359,1918.9
78,1918.9
243,1919.4
24,1919.4
351,1919.6
228,1920.3
22,1920.4
189,1920.6
77,1920.8
334,1921.3
130,1921.4
169,1921.5
308,1921.7
86,1921.9
260,1922.0
225,1922.1
354,1922.2
10,1922.2
64,1922.7
210,1923.0
264,1923.0
47,1923.2
2,1923.8
15,1923.8
159,1924.0
38,1924.1
312,1924.2
301,1924.2
67,1924.3
132,1924.7
160,1924.9
53,1925.0
268,1925.2
172,1925.4
278,1925.6
182,1925.7
56,1926.3
266,1926.4
277,1926.7
76,1927.0
335,1927.0
43,1927.2
186,1927.2
302,1927.4
310,1927.5
62,1927.6
136,1927.9
313,1928.2
340,1928.3
178,1928.4
365,1928.4
327,1928.6
283,1929.1
381,1929.5
242,1931.8
35,1931.8
177,1931.9
14,1932.1
129,1932.2
305,1932.4
153,1932.7
215,1932.7
139,1932.7
134,1932.9
213,1933.3
190,1934.7
279,1935.2
25,1935.3
276,1937.1
145,1938.5
146,1939.4
6,1940.9
298,1941.0
205,1941.3
245,1941.4
244,1942.0
291,1942.2
63,1943.2
336,1943.5
349,1943.8
216,1944.9
13,1945.3
167,1945.4
52,1946.5
218,1947.2
96,1947.8
113,1948.4
66,1949.2
198,1949.9
18,1950.2
248,1950.3
360,1950.8
115,1950.9
39,1951.1
253,1951.6
353,1952.3
19,1952.6
4,1952.6
212,1954.1
359,1954.1
370,1955.1
0,1955.7
355,1955.8
206,1956.2
304,1956.2
2,1956.7
326,1956.8
120,1956.9
224,1957.3
307,1957.8
258,1958.6
161,1962.2
160,1962.3
133,1964.1
323,1965.4
197,1967.3
347,1967.4
62,1967.6
175,1967.7
315,1969.1
261,1970.2
256,1971.7
229,1975.2
32,1975.6
219,1976.7
273,1976.7
98,1977.0
311,1977.2
77,1978.4
12,1978.8
156,1980.2
35,1981.4
240,1983.6
340,1983.6
268,1985.2
140,1985.7
80,1987.0
113,1987.5
163,1987.7
33,1987.9
294,1988.9
301,1990.1
10,1990.8
361,1991.2
120,1992.2
92,1993.4
27,1993.5
364,1994.4
354,1995.8
359,1996.4
360,1996.9
278,1997.1
63,1998.2
130,1998.2
175,1999.0
67,2000.0
334,2000.7
327,2000.8
367,2000.8
81,2001.1
260,2001.1
308,2001.3
300,2001.7
133,2002.0
369,2002.4
135,2003.3
305,2003.4
214,2003.5
276,2003.9
299,2004.6
210,2005.1
313,2005.2
172,2006.0
342,2006.1
22,2006.2
266,2006.4
204,2006.4
155,2006.5
134,2007.7
128,2008.1
307,2008.9
18,2009.9
243,2010.4
273,2010.5
186,2010.9
86,2011.0
218,2011.2
2,2011.3
167,2011.6
326,2011.9
35,2014.3
336,2016.3
25,2016.9
75,2019.6
72,2020.3
74,2024.0
77,2025.0
219,2026.3
145,2026.8
32,2034.1
105,2034.3
183,2034.5
311,2035.4
220,2035.9
217,2036.6
162,2038.9
299,2040.5
39,2040.6
171,2040.8
24,2043.0
210,2043.5
276,2043.8
304,2043.8
22,2044.3
264,2044.3
370,2044.4
43,2044.8
35,2044.9
93,2044.9
18,2045.5
63,2046.0
359,2046.1
278,2046.2
260,2046.7
205,2047.1
354,2048.4
133,2048.5
263,2048.9
160,2049.5
342,2049.8
113,2050.8
305,2051.1
122,2051.5
96,2052.2
163,2052.6
6,2052.8
215,2053.1
147,2053.4
120,2053.5
62,2054.5
10,2054.6
55,2055.0
65,2055.0
307,2055.3
100,2055.6
1,2056.0
315,2056.3
218,2056.4
356,2057.6
308,2057.6
336,2057.7
156,2058.5
167,2058.9
246,2059.1
302,2059.4
12,2060.7
172,2061.8
310,2061.9
243,2062.0
363,2062.7
175,2063.0
30,2063.4
13,2064.3
116,2065.2
240,2065.3
248,2066.5
365,2066.9
69,2067.0
33,2067.8
140,2067.8
146,2069.2
323,2071.6
340,2072.3
206,2073.0
145,2073.1
80,2074.2
366,2074.5
35,2074.9
27,2075.0
4,2075.9
268,2076.2
219,2076.6
353,2076.8
162,2077.0
245,2077.3
216,2077.6
118,2078.1
337,2078.1
153,2078.3
300,2078.5
197,2078.5
108,2078.6
63,2078.9
28,2078.9
32,2079.6
104,2079.6
23,2081.0
349,2082.6
17,2083.0
273,2083.7
160,2084.2
125,2084.5
161,2085.0
6,2085.5
344,2085.5
370,2085.8
264,2085.8
299,2086.8
368,2087.1
298,2087.1
74,2087.1
59,2087.2
218,2087.3
210,2087.5
247,2087.5
144,2087.6
113,2087.7
301,2087.7
2,2087.9
360,2088.1
253,2088.3
364,2088.4
215,2088.6
198,2088.7
350,2089.1
22,2089.2
354,2089.2
128,2089.3
291,2089.3
380,2089.3
265,2089.5
361,2089.6
123,2089.6
56,2089.9
355,2090.0
214,2090.2
168,2090.4
205,2090.4
208,2090.4
18,2090.6
204,2090.6
124,2090.6
157,2090.6
19,2091.4
52,2091.9
244,2092.0
120,2092.0
65,2092.1
359,2092.3
312,2092.4
342,2092.7
24,2093.3
242,2093.5
336,2093.7
167,2093.8
308,2093.8
100,2094.3
220,2094.6
163,2094.8
96,2094.8
115,2094.8
119,2095.1
67,2095.5
112,2095.5
62,2095.6
327,2096.0
64,2096.3
130,2096.4
77,2096.9
126,2096.9
13,2097.2
367,2097.6
356,2097.9
57,2098.5
122,2098.6
172,2098.8
16,2099.1
78,2099.5
222,2099.7
258,2101.0
351,2101.2
219,2102.4
0,2107.0
280,2110.3
175,2111.2
35,2111.6
206,2111.9
334,2112.0
146,2112.4
86,2112.6
92,2114.2
266,2115.7
169,2116.5
145,2117.1
354,2117.2
273,2118.4
310,2118.6
212,2118.9
38,2119.6
93,2120.2
218,2120.2
160,2120.6
81,2121.5
277,2122.5
210,2122.6
302,2122.6
136,2123.1
278,2124.3
43,2124.3
147,2124.5
260,2125.6
134,2125.6
276,2125.6
55,2126.9
156,2126.9
283,2126.9
63,2127.4
364,2127.6
335,2127.6
1,2127.7
186,2128.2
120,2128.3
381,2128.4
323,2128.6
6,2130.2
301,2131.5
189,2131.7
162,2133.4
72,2134.6
370,2134.7
74,2135.9
22,2136.4
340,2136.8
32,2137.8
76,2138.2
366,2138.3
35,2138.5
240,2138.7
311,2139.5
219,2139.7
10,2139.8
330,2141.0
229,2141.1
294,2141.4
190,2143.6
272,2145.1
56,2150.6
14,2151.5
273,2152.6
298,2152.7
139,2155.3
268,2156.6
208,2157.4
17,2158.6
360,2158.8
146,2159.2
300,2159.2
248,2159.2
195,2159.4
145,2159.8
197,2160.0
5,2160.0
308,2161.0
380,2161.4
157,2162.6
24,2162.7
198,2163.0
350,2163.6
244,2164.1
218,2164.2
163,2164.5
98,2165.5
336,2165.5
104,2165.7
115,2165.7
301,2167.6
60,2169.8
359,2170.4
109,2171.0
2,2171.4
204,2171.9
364,2172.0
175,2172.4
19,2174.4
113,2175.1
67,2177.2
302,2178.6
242,2180.5
4,2181.0
78,2181.1
206,2181.6
6,2182.0
361,2182.6
70,2185.9
52,2186.8
133,2187.3
59,2192.5
342,2193.5
370,2194.9
205,2196.0
122,2197.2
105,2197.2
100,2199.5
208,2200.0
145,2200.3
301,2201.4
219,2203.0
278,2203.1
380,2203.3
352,2204.3
157,2204.5
146,2204.6
189,2205.0
317,2205.8
17,2206.3
350,2206.3
43,2206.9
125,2207.0
115,2207.0
118,2208.7
224,2209.6
364,2209.8
215,2209.9
81,2210.0
218,2210.1
336,2210.2
340,2210.9
120,2211.0
360,2211.8
264,2211.9
222,2213.6
108,2214.0
163,2217.0
229,2219.3
92,2220.3
295,2220.3
56,2221.1
326,2221.8
367,2222.1
334,2222.2
41,2222.3
35,2222.4
33,2222.4
135,2222.5
153,2222.8
368,2223.2
32,2223.4
155,2223.7
27,2223.7
47,2224.4
327,2224.6
220,2224.8
129,2224.8
74,2224.9
366,2225.0
305,2225.0
245,2225.1
140,2225.2
207,2225.3
10,2225.5
356,2225.7
167,2225.7
130,2225.8
93,2226.1
342,2226.2
298,2226.4
355,2226.9
266,2227.0
244,2227.2
273,2227.8
370,2228.0
116,2228.0
63,2228.2
147,2228.3
80,2228.7
219,2228.8
96,2229.1
55,2229.4
69,2229.6
1,2229.8
77,2230.1
6,2231.3
210,2232.0
205,2232.1
65,2233.3
162,2233.8
144,2234.2
30,2234.4
145,2234.5
318,2234.9
38,2235.2
175,2235.3
86,2237.6
301,2240.0
323,2241.0
133,2241.4
151,2241.5
272,2241.9
286,2243.2
216,2243.7
22,2244.2
160,2245.7
308,2245.8
124,2246.1
299,2246.4
214,2247.5
260,2247.5
225,2248.5
126,2249.2
243,2250.2
215,2250.4
35,2250.9
168,2251.2
5,2251.5
218,2252.1
354,2252.6
251,2252.8
2,2253.2
359,2253.3
367,2254.0
315,2254.6
268,2255.1
138,2255.3
81,2255.5
120,2255.6
280,2256.5
220,2256.8
212,2256.9
131,2257.1
374,2257.2
77,2257.4
326,2258.0
25,2258.3
352,2258.3
174,2258.7
273,2258.9
18,2259.1
62,2259.2
28,2259.7
336,2260.1
363,2260.2
40,2260.4
365,2261.1
217,2261.2
219,2262.2
108,2262.3
122,2262.6
310,2262.7
32,2263.2
222,2264.3
224,2265.1
342,2265.6
172,2265.8
190,2265.9
113,2266.1
68,2266.3
153,2266.5
370,2266.6
105,2266.9
307,2267.1
79,2267.6
263,2268.2
145,2268.4
258,2268.6
167,2269.0
116,2269.7
19,2270.7
360,2270.9
129,2271.6
15,2271.7
44,2272.8
33,2272.9
210,2273.4
177,2273.5
186,2275.1
327,2275.5
35,2277.8
175,2278.9
355,2279.3
39,2280.0
276,2280.6
198,2280.9
115,2281.5
218,2282.1
299,2282.1
63,2282.4
216,2282.5
155,2285.4
22,2285.5
6,2285.5
123,2286.7
305,2286.7
366,2287.1
12,2288.6
291,2289.4
197,2290.2
18,2290.4
204,2290.9
160,2292.0
0,2292.4
347,2293.0
340,2295.4
247,2295.9
98,2296.6
14,2296.9
140,2297.9
301,2299.2
248,2300.1
298,2300.6
244,2301.2
308,2302.3
336,2302.8
5,2303.2
10,2303.4
253,2303.7
240,2304.2
2,2304.3
60,2304.5
156,2306.6
145,2307.3
294,2309.2
7,2309.5
260,2309.7
302,2313.5
100,2314.2
342,2314.3
206,2316.1
205,2316.7
212,2318.6
113,2318.9
352,2319.8
35,2320.0
105,2320.3
122,2321.1
268,2321.3
162,2321.7
65,2322.6
312,2324.7
242,2324.8
365,2325.3
168,2326.0
69,2326.6
63,2326.7
354,2326.7
62,2327.0
318,2328.3
316,2329.0
218,2329.3
30,2329.8
367,2331.9
175,2331.9
33,2334.5
273,2337.0
59,2339.3
6,2340.9
313,2340.9
4,2341.5
104,2341.6
360,2342.4
370,2342.6
380,2343.5
115,2343.5
300,2344.3
198,2344.6
197,2344.9
2,2345.6
369,2345.8
130,2346.3
248,2346.8
264,2347.7
86,2347.8
163,2348.1
145,2348.2
353,2348.2
336,2348.4
178,2348.7
291,2348.8
266,2349.4
245,2349.9
155,2349.9
95,2350.6
265,2352.0
81,2354.2
349,2354.4
98,2355.5
146,2356.1
295,2356.7
38,2357.1
308,2357.3
186,2357.8
229,2358.2
335,2358.9
219,2359.1
182,2359.9
231,2360.0
133,2360.5
278,2360.5
315,2360.7
190,2360.9
323,2361.3
47,2361.8
120,2361.9
342,2362.1
334,2362.8
19,2363.4
225,2363.6
213,2363.7
32,2363.7
268,2363.8
243,2364.0
218,2364.5
368,2364.7
76,2365.7
77,2366.0
254,2366.1
328,2366.2
125,2366.5
330,2367.0
215,2367.2
261,2367.4
63,2368.0
207,2368.0
307,2368.4
220,2369.0
260,2369.4
132,2369.9
189,2370.5
35,2370.6
354,2370.8
359,2370.9
367,2371.3
138,2371.4
275,2371.6
124,2372.0
13,2372.6
302,2373.0
301,2373.4
177,2374.0
58,2374.6
228,2374.6
57,2374.8
273,2375.3
286,2375.4
168,2375.4
70,2375.6
263,2376.0
279,2377.9
247,2378.5
34,2378.6
62,2379.0
86,2379.4
79,2379.6
43,2379.8
277,2380.7
123,2380.8
169,2381.3
2,2382.0
92,2383.3
370,2383.8
366,2386.4
175,2389.5
33,2390.0
278,2392.4
223,2393.6
323,2394.2
108,2394.2
131,2394.2
126,2397.9
27,2398.0
374,2398.7
264,2399.0
365,2399.1
163,2400.2
368,2400.3
266,2401.9
312,2402.4
318,2403.1
81,2403.6
327,2407.9
307,2410.1
25,2411.1
172,2413.2
310,2413.2
359,2413.5
133,2414.4
216,2415.0
18,2415.4
190,2415.7
218,2416.0
300,2416.7
116,2416.8
128,2417.6
63,2417.8
167,2418.1
305,2419.0
35,2420.0
113,2421.2
363,2421.8
10,2422.4
30,2424.4
69,2424.4
19,2424.5
4,2424.6
370,2425.6
316,2425.9
206,2425.9
186,2426.3
59,2426.6
130,2427.4
6,2427.5
205,2427.7
177,2427.9
361,2429.1
360,2429.5
301,2429.8
168,2430.0
52,2430.2
268,2430.4
86,2430.4
367,2430.5
308,2430.6
81,2431.1
33,2431.7
326,2431.7
291,2432.3
248,2432.4
355,2432.4
222,2432.6
12,2432.8
336,2433.6
245,2433.7
77,2433.9
213,2434.0
32,2434.5
350,2434.6
219,2434.9
212,2435.1
254,2435.1
38,2435.1
280,2435.2
253,2435.8
136,2435.9
104,2436.0
74,2436.2
274,2436.2
220,2436.3
240,2436.5
120,2436.7
135,2437.0
125,2437.0
283,2437.1
380,2437.1
349,2437.1
208,2437.2
157,2437.4
197,2437.8
175,2437.9
354,2438.0
247,2438.1
146,2438.2
155,2438.2
364,2438.4
22,2439.2
302,2439.2
342,2439.6
115,2439.8
145,2440.0
126,2440.6
340,2441.7
218,2442.1
294,2443.3
273,2444.0
139,2445.0
163,2445.1
198,2445.3
156,2448.7
98,2450.4
56,2458.2
14,2462.2
298,2463.1
244,2466.3
301,2469.7
215,2470.8
5,2471.8
10,2474.6
302,2475.1
145,2475.2
7,2475.8
310,2476.4
100,2476.7
342,2477.9
147,2478.4
248,2478.4
60,2478.4
79,2479.3
6,2480.0
240,2481.5
178,2484.0
105,2484.1
218,2485.3
35,2485.6
213,2485.9
81,2485.9
367,2486.3
138,2486.3
2,2487.2
15,2487.6
300,2488.0
47,2488.1
205,2488.3
369,2488.6
168,2488.9
175,2489.0
53,2489.1
273,2489.2
77,2489.3
38,2489.5
354,2489.8
159,2489.8
133,2489.9
308,2490.4
307,2490.4
86,2490.4
65,2490.8
229,2491.2
247,2491.3
123,2491.5
34,2491.5
17,2491.6
155,2491.9
113,2492.1
254,2492.1
360,2493.5
305,2493.9
70,2494.0
19,2494.4
59,2495.0
4,2495.1
32,2495.6
242,2495.7
58,2495.8
275,2496.3
112,2496.6
76,2497.0
210,2497.1
280,2498.2
370,2498.7
63,2500.1
167,2502.4
22,2502.6
18,2503.5
359,2506.4
355,2508.0
172,2510.2
13,2513.2
216,2514.2
243,2515.4
291,2515.7
218,2517.7
198,2518.5
274,2518.5
220,2519.1
361,2520.3
326,2520.7
215,2521.4
77,2521.7
35,2522.2
169,2523.2
136,2524.2
124,2524.6
92,2525.0
265,2525.1
277,2525.3
263,2526.1
32,2526.2
323,2526.3
278,2526.3
74,2526.8
120,2527.0
327,2527.1
370,2527.3
273,2527.3
367,2527.4
163,2527.5
81,2527.7
175,2527.7
219,2527.8
223,2527.8
86,2528.0
368,2528.2
227,2528.3
138,2528.4
40,2528.6
283,2528.7
311,2528.7
364,2529.4
119,2529.4
130,2529.6
125,2529.7
334,2529.8
280,2530.2
135,2530.4
360,2530.6
33,2530.8
268,2531.1
310,2531.2
272,2531.3
222,2531.8
354,2531.9
76,2532.2
183,2532.2
27,2532.9
350,2533.0
254,2533.3
133,2534.5
126,2534.7
208,2534.8
25,2534.9
16,2535.1
300,2535.1
276,2536.5
176,2537.1
380,2538.5
79,2538.8
157,2539.1
12,2539.1
42,2541.3
24,2542.8
19,2543.3
206,2543.6
115,2544.1
248,2544.4
212,2545.4
123,2546.0
113,2546.7
22,2547.1
218,2547.2
63,2548.4
104,2548.6
336,2549.2
353,2550.4
349,2550.5
139,2550.5
160,2551.1
35,2551.3
340,2551.7
145,2552.3
197,2552.6
247,2553.2
98,2553.3
146,2553.7
161,2554.0
56,2554.9
6,2555.1
264,2555.3
107,2555.5
216,2556.0
253,2556.1
192,2556.8
156,2557.1
14,2557.8
0,2559.7
177,2559.8
315,2560.0
199,2560.2
261,2561.3
302,2561.6
186,2562.6
17,2563.4
256,2563.5
273,2565.3
370,2565.8
210,2566.5
175,2566.6
229,2567.0
77,2567.6
162,2570.3
41,2570.8
171,2570.9
32,2571.0
286,2573.1
219,2573.3
122,2573.8
189,2573.9
301,2575.7
337,2575.8
47,2576.5
153,2577.7
323,2578.5
23,2580.0
120,2581.4
206,2594.1
62,2595.0
360,2596.1
218,2596.4
19,2596.4
222,2597.1
215,2597.6
2,2600.4
212,2600.7
268,2601.0
258,2602.3
225,2602.7
65,2604.7
243,2605.4
13,2605.7
35,2606.2
308,2606.8
81,2607.9
163,2608.4
129,2611.6
57,2612.7
359,2613.1
312,2613.3
63,2613.3
365,2613.4
30,2613.7
172,2613.8
318,2613.9
364,2614.5
130,2614.7
186,2614.7
175,2615.2
134,2616.1
168,2616.3
367,2617.6
291,2618.2
177,2618.4
214,2619.3
204,2621.3
316,2622.4
86,2623.0
145,2623.0
273,2623.5
219,2623.9
354,2624.4
353,2624.4
327,2625.1
381,2625.7
266,2625.8
264,2626.4
335,2627.0
245,2627.2
370,2628.1
336,2630.1
38,2630.1
368,2630.4
283,2630.7
120,2630.9
28,2631.1
47,2631.5
135,2631.8
108,2632.9
43,2634.9
32,2636.0
189,2636.3
272,2636.4
125,2637.1
35,2637.3
124,2637.5
350,2639.1
206,2639.4
113,2639.6
268,2641.6
146,2642.0
104,2642.2
300,2642.5
248,2642.5
218,2642.6
41,2642.6
167,2642.8
307,2643.0
25,2643.0
77,2643.6
155,2643.7
116,2643.8
220,2644.2
18,2644.4
191,2644.5
190,2644.8
4,2644.9
361,2645.2
334,2645.2
27,2645.2
305,2645.4
10,2645.5
342,2645.7
6,2646.0
74,2646.0
156,2646.3
247,2646.7
326,2647.1
44,2648.1
367,2648.2
205,2648.8
216,2648.9
302,2649.3
197,2649.8
240,2650.1
188,2650.2
19,2650.2
253,2650.3
366,2651.1
161,2651.4
260,2651.8
12,2651.8
81,2652.0
33,2652.4
52,2653.4
66,2653.8
159,2653.9
53,2654.3
23,2654.5
98,2654.9
294,2655.0
323,2655.1
63,2656.3
100,2657.0
207,2657.4
198,2657.6
162,2658.1
299,2658.6
115,2659.2
160,2659.4
210,2660.2
2,2660.6
65,2660.9
175,2661.0
273,2661.7
145,2662.1
60,2662.3
22,2663.4
301,2664.2
315,2664.6
336,2665.1
133,2665.5
295,2667.8
353,2668.8
278,2669.4
261,2670.6
120,2673.2
35,2673.2
225,2673.5
219,2678.1
62,2679.2
243,2679.9
186,2680.7
214,2681.4
174,2681.4
251,2682.2
327,2682.9
87,2683.9
13,2684.8
92,2685.1
74,2685.3
367,2686.0
263,2687.4
359,2687.6
96,2688.0
264,2688.3
354,2688.6
215,2688.7
334,2688.7
86,2689.2
168,2690.7
163,2691.1
24,2691.2
220,2691.5
72,2691.8
312,2692.4
308,2692.9
124,2695.2
123,2698.9
204,2699.9
276,2700.1
2,2702.7
210,2703.1
160,2703.2
130,2703.4
291,2703.8
104,2705.0
81,2706.7
313,2706.9
63,2707.0
197,2707.1
248,2707.2
307,2707.6
273,2707.7
380,2708.9
335,2709.0
302,2709.4
157,2710.4
218,2710.4
175,2710.9
381,2711.0
43,2711.0
35,2711.0
135,2711.1
208,2711.2
134,2711.4
17,2711.9
146,2712.3
301,2713.1
369,2713.2
33,2713.4
350,2713.4
364,2713.6
189,2714.0
77,2714.1
256,2714.3
278,2714.4
360,2715.2
219,2715.2
38,2715.6
330,2715.6
229,2715.9
206,2716.0
126,2716.0
182,2716.1
145,2716.2
242,2716.2
231,2716.5
191,2716.7
326,2716.9
323,2717.0
47,2717.3
367,2718.0
310,2718.3
261,2718.9
370,2719.5
224,2719.6
258,2719.6
317,2719.9
138,2719.9
22,2720.6
361,2720.7
172,2720.7
125,2720.8
40,2720.9
133,2721.1
12,2721.2
132,2721.3
169,2721.8
359,2722.5
334,2722.7
254,2722.7
354,2722.8
336,2723.3
365,2723.4
108,2723.6
13,2724.0
120,2724.1
214,2724.2
42,2724.9
220,2725.5
76,2725.7
280,2726.0
222,2726.2
92,2726.3
355,2726.4
86,2726.5
215,2726.6
136,2727.5
168,2728.0
274,2728.0
163,2728.1
299,2728.1
277,2728.5
24,2728.6
32,2728.7
213,2728.8
216,2729.5
74,2729.6
308,2729.7
368,2729.8
115,2730.0
62,2730.1
57,2730.3
58,2731.1
300,2731.9
70,2731.9
225,2732.0
128,2732.1
123,2732.8
124,2733.6
65,2733.7
167,2734.0
218,2734.4
34,2734.6
4,2736.1
63,2736.5
160,2736.7
265,2737.0
198,2737.4
2,2737.5
212,2739.0
59,2739.3
260,2739.8
268,2740.9
113,2741.9
340,2743.2
264,2744.7
206,2746.1
349,2746.3
161,2748.2
353,2748.4
14,2750.5
146,2752.0
145,2752.2
122,2753.7
370,2754.0
302,2754.0
263,2755.3
380,2756.9
208,2757.3
350,2757.7
219,2758.5
210,2758.6
157,2758.7
215,2760.0
153,2760.9
108,2761.3
301,2761.3
5,2761.6
144,2762.1
342,2762.6
197,2762.6
120,2763.0
6,2763.1
243,2763.4
248,2763.6
247,2764.1
15,2764.2
207,2764.5
19,2764.6
336,2764.7
98,2764.7
155,2765.1
251,2765.1
105,2765.2
360,2765.4
96,2767.1
60,2767.1
7,2767.5
129,2767.5
367,2767.7
205,2767.7
104,2767.9
2,2768.2
53,2768.4
307,2768.5
159,2768.5
12,2768.6
13,2769.0
100,2769.3
359,2769.5
115,2769.6
323,2769.7
10,2769.8
337,2770.2
17,2770.5
295,2770.6
291,2770.6
175,2770.8
126,2771.3
198,2772.1
286,2773.0
32,2773.7
16,2773.8
218,2774.2
225,2774.5
33,2774.5
278,2775.4
35,2776.4
116,2776.4
222,2778.3
163,2785.8
273,2786.4
229,2788.6
219,2788.6
63,2789.7
56,2790.1
268,2791.1
206,2791.5
172,2791.5
364,2792.3
62,2793.0
81,2793.5
57,2793.6
311,2793.6
140,2795.3
326,2795.5
351,2795.6
27,2795.6
327,2797.6
41,2799.6
360,2799.7
135,2800.5
120,2800.5
80,2801.1
109,2802.1
145,2803.9
2,2804.4
133,2804.6
245,2805.7
300,2807.3
66,2807.6
204,2807.6
243,2807.7
155,2810.2
353,2810.2
183,2811.0
336,2811.8
198,2812.1
158,2812.8
189,2813.3
35,2813.4
74,2814.3
19,2814.7
260,2815.0
186,2815.2
342,2815.6
115,2816.2
77,2816.4
295,2816.5
301,2816.5
334,2817.2
370,2817.3
251,2817.5
366,2818.1
219,2818.5
361,2818.6
76,2818.6
87,2819.5
317,2819.6
280,2820.3
220,2820.5
122,2820.6
218,2820.9
98,2821.2
254,2821.7
358,2822.9
274,2823.2
309,2824.1
305,2824.8
113,2825.0
63,2825.0
215,2825.6
222,2825.8
249,2826.2
175,2826.3
32,2826.5
65,2827.0
167,2827.3
28,2827.7
97,2827.8
367,2832.0
323,2832.4
116,2834.4
207,2835.3
264,2836.2
129,2837.1
355,2838.2
18,2838.8
154,2846.5
206,2846.6
155,2848.0
2,2849.0
198,2849.7
243,2849.8
19,2849.8
33,2850.5
360,2851.5
133,2852.0
300,2852.4
273,2853.0
359,2854.5
109,2856.5
120,2857.1
76,2858.9
78,2861.6
351,2862.8
268,2863.1
330,2863.9
16,2864.6
225,2864.9
175,2866.2
113,2867.8
366,2868.1
361,2873.0
370,2874.8
6,2875.3
163,2876.6
278,2876.9
27,2877.3
218,2877.6
364,2878.3
122,2881.5
337,2881.7
210,2881.9
32,2882.5
368,2882.6
323,2883.2
266,2883.5
265,2884.7
219,2885.3
92,2886.3
108,2888.7
264,2889.3
35,2890.2
33,2891.2
229,2892.1
315,2893.8
286,2896.3
81,2898.4
86,2899.6
326,2900.3
190,2900.8
145,2900.9
177,2902.9
47,2905.5
367,2906.3
222,2908.7
273,2909.2
56,2910.5
126,2911.4
138,2912.3
218,2912.7
340,2913.0
228,2913.6
360,2915.3
220,2916.1
77,2917.3
215,2918.6
301,2918.9
124,2920.1
168,2920.2
213,2920.6
370,2920.6
308,2920.9
22,2921.3
24,2922.6
167,2923.2
74,2923.3
160,2924.0
38,2924.5
131,2924.8
350,2924.8
355,2925.3
120,2925.4
35,2925.5
268,2926.2
254,2926.7
175,2927.7
354,2927.8
76,2929.2
32,2929.7
69,2930.4
214,2930.8
359,2931.4
298,2931.6
207,2932.4
208,2935.0
163,2935.9
146,2939.3
219,2941.4
300,2943.4
368,2944.9
125,2945.3
96,2945.4
380,2946.8
264,2947.7
13,2947.8
145,2948.6
4,2948.6
6,2949.1
210,2949.6
342,2950.2
245,2950.3
198,2950.9
336,2951.3
118,2951.3
157,2951.7
248,2952.2
104,2952.8
197,2952.9
263,2953.4
2,2953.4
100,2953.8
205,2954.3
349,2954.8
206,2955.6
291,2956.5
63,2956.7
64,2956.8
361,2957.0
215,2957.2
370,2957.7
218,2957.8
360,2957.8
356,2958.0
353,2958.2
265,2959.7
112,2961.1
351,2961.1
310,2962.0
172,2963.1
12,2964.5
167,2965.1
359,2965.8
305,2966.5
307,2966.8
304,2967.7
216,2968.5
22,2969.0
74,2969.6
117,2969.9
355,2970.1
280,2970.7
274,2972.1
92,2973.2
326,2973.4
77,2975.9
278,2980.0
334,2980.4
327,2983.1
133,2983.4
32,2985.0
33,2985.5
135,2986.7
35,2987.5
220,2987.9
367,2988.7
188,2990.4
81,2993.4
115,2994.9
177,2995.0
39,2995.4
155,2998.4
