4,83.2
27,83.3
19,83.5
2,83.8
10,83.8
17,83.8
16,83.9
7,84.0
18,84.1
26,84.1
4,86.3
27,86.3
19,86.9
2,88.4
10,88.4
17,88.4
16,88.5
7,89.8
18,90.7
26,90.8
27,163.1
4,163.1
19,163.3
10,163.6
16,163.7
17,163.7
2,163.7
7,163.9
26,164.0
18,164.0
27,166.1
4,166.1
19,166.6
2,168.0
10,168.0
17,168.0
16,168.4
7,169.7
18,169.8
26,170.6
27,243.1
4,243.1
19,243.3
2,243.6
10,243.6
17,243.7
16,243.7
18,243.9
7,243.9
26,244.0
4,246.1
27,246.1
19,246.6
2,248.0
10,248.0
16,248.1
17,248.1
7,249.2
18,249.9
26,250.0
27,628.2
4,628.2
19,628.4
10,628.8
2,628.8
16,628.8
17,628.8
7,629.0
18,629.1
26,629.1
27,631.3
4,631.3
19,631.9
10,633.1
2,633.4
16,633.5
17,633.5
7,634.8
18,635.7
26,635.8
4,708.1
27,708.1
19,708.3
2,708.6
10,708.6
17,708.7
16,708.7
7,708.9
18,709.0
26,709.0
4,711.1
27,711.1
19,711.6
2,713.0
17,713.0
10,713.0
16,713.4
7,714.7
18,714.8
26,715.6
27,788.1
4,788.1
19,788.3
2,788.6
10,788.6
16,788.7
17,788.7
7,788.9
18,788.9
26,789.0
27,791.1
4,791.1
19,791.6
2,793.0
10,793.0
16,793.1
17,793.1
7,794.2
18,794.9
26,795.0
4,868.1
27,868.1
19,868.3
10,868.6
2,868.6
16,868.7
17,868.7
7,868.9
18,868.9
26,869.0
27,871.1
4,871.1
19,871.6
10,873.0
2,873.0
17,873.1
16,873.1
7,874.2
18,874.9
26,875.0
27,1253.2
4,1253.2
19,1253.4
10,1253.8
2,1253.8
16,1253.8
17,1253.8
7,1254.0
18,1254.1
26,1254.1
27,1256.3
4,1256.3
19,1256.9
10,1258.1
2,1258.4
17,1258.5
16,1258.5
7,1259.8
18,1260.7
26,1260.8
4,1333.1
27,1333.1
19,1333.3
2,1333.6
10,1333.6
17,1333.7
16,1333.7
7,1333.9
26,1334.0
18,1334.0
4,1336.1
27,1336.1
19,1336.6
2,1338.0
10,1338.0
17,1338.0
16,1338.4
7,1339.7
18,1339.8
26,1340.6
4,1413.1
27,1413.1
19,1413.3
2,1413.6
10,1413.6
17,1413.7
16,1413.7
7,1413.9
18,1413.9
26,1414.0
4,1416.1
27,1416.1
19,1416.6
10,1418.0
2,1418.0
16,1418.1
17,1418.1
7,1419.2
18,1419.9
26,1420.0
4,1493.1
27,1493.1
19,1493.3
10,1493.6
2,1493.6
16,1493.7
17,1493.7
7,1493.9
18,1493.9
26,1494.0
4,1496.1
27,1496.1
19,1496.6
10,1498.0
2,1498.0
17,1498.1
16,1498.1
7,1499.2
18,1499.9
26,1500.0
27,1878.2
4,1878.2
19,1878.4
17,1878.8
16,1878.8
10,1878.8
2,1878.8
7,1879.0
26,1879.1
18,1879.1
27,1881.3
4,1881.3
19,1881.9
10,1883.1
2,1883.4
16,1883.5
17,1883.5
7,1884.8
18,1885.7
26,1885.8
4,1958.1
27,1958.1
19,1958.3
2,1958.6
10,1958.6
16,1958.7
17,1958.7
7,1958.9
18,1959.0
26,1959.0
27,1961.1
4,1961.1
19,1961.6
17,1963.0
10,1963.0
2,1963.0
16,1963.4
7,1964.7
18,1964.8
26,1965.6
27,2038.1
4,2038.1
19,2038.3
2,2038.6
10,2038.6
17,2038.7
16,2038.7
18,2038.9
7,2038.9
26,2039.0
4,2041.1
27,2041.1
19,2041.6
2,2043.0
10,2043.0
17,2043.1
16,2043.1
7,2044.2
18,2044.9
26,2045.0
27,2118.1
4,2118.1
19,2118.3
10,2118.6
2,2118.6
17,2118.7
16,2118.7
7,2118.9
18,2118.9
26,2119.0
27,2121.1
4,2121.1
19,2121.6
10,2123.0
2,2123.0
16,2123.1
17,2123.1
7,2124.2
18,2124.9
26,2125.0
27,2503.2
4,2503.2
19,2503.4
16,2503.8
17,2503.8
10,2503.8
2,2503.8
7,2504.0
26,2504.1
18,2504.1
27,2506.3
4,2506.3
19,2506.9
10,2508.1
2,2508.4
17,2508.5
16,2508.5
7,2509.8
18,2510.7
26,2510.8
4,2583.1
27,2583.1
19,2583.3
2,2583.6
10,2583.6
17,2583.7
16,2583.7
7,2583.9
26,2584.0
18,2584.0
27,2586.1
4,2586.1
19,2586.6
2,2588.0
10,2588.0
17,2588.0
16,2588.4
7,2589.7
18,2589.8
26,2590.6
4,2663.1
27,2663.1
19,2663.3
2,2663.6
10,2663.6
16,2663.7
17,2663.7
7,2663.9
18,2663.9
26,2664.0
27,2666.1
4,2666.1
19,2666.6
10,2668.0
2,2668.0
17,2668.1
16,2668.1
7,2669.2
18,2669.9
26,2670.0
4,2743.1
27,2743.1
19,2743.3
2,2743.6
10,2743.6
16,2743.7
17,2743.7
18,2743.9
7,2743.9
26,2744.0
27,2746.1
4,2746.1
19,2746.6
2,2748.0
10,2748.0
17,2748.1
16,2748.1
7,2749.2
18,2749.9
26,2750.0
27,3128.2
4,3128.2
19,3128.4
10,3128.8
2,3128.8
17,3128.8
16,3128.8
7,3129.0
26,3129.1
18,3129.1
27,3131.3
4,3131.3
19,3131.9
10,3133.1
2,3133.4
16,3133.5
17,3133.5
7,3134.8
18,3135.7
26,3135.8
27,3208.1
4,3208.1
19,3208.3
10,3208.6
2,3208.6
17,3208.7
16,3208.7
7,3208.9
18,3209.0
26,3209.0
27,3211.1
4,3211.1
19,3211.6
17,3213.0
2,3213.0
10,3213.0
16,3213.4
7,3214.7
18,3214.8
26,3215.6
27,3288.1
4,3288.1
19,3288.3
10,3288.6
2,3288.6
17,3288.7
16,3288.7
7,3288.9
18,3288.9
26,3289.0
27,3291.1
4,3291.1
19,3291.6
2,3293.0
10,3293.0
17,3293.1
16,3293.1
7,3294.2
18,3294.9
26,3295.0
27,3368.1
4,3368.1
19,3368.3
10,3368.6
2,3368.6
17,3368.7
16,3368.7
18,3368.9
7,3368.9
26,3369.0
27,3371.1
4,3371.1
19,3371.6
2,3373.0
10,3373.0
17,3373.1
16,3373.1
7,3374.2
18,3374.9
26,3375.0
27,3753.2
4,3753.2
19,3753.4
17,3753.8
2,3753.8
16,3753.8
10,3753.8
3,3754.0
26,3754.1
18,3754.1
27,3756.3
4,3756.3
19,3756.9
10,3758.1
2,3758.4
17,3758.5
16,3758.5
3,3759.8
18,3760.7
26,3760.8
4,3833.1
27,3833.1
19,3833.3
10,3833.6
2,3833.6
17,3833.7
16,3833.7
3,3833.9
18,3834.0
26,3834.0
27,3836.1
4,3836.1
19,3836.6
17,3838.0
2,3838.0
10,3838.0
16,3838.4
3,3839.1
18,3839.8
26,3840.6
27,3913.1
4,3913.1
19,3913.3
2,3913.6
10,3913.6
16,3913.7
17,3913.7
3,3913.9
18,3913.9
26,3914.0
27,3916.1
4,3916.1
19,3916.6
10,3918.0
2,3918.0
17,3918.1
16,3918.1
3,3919.2
18,3919.9
26,3920.0
27,3993.1
4,3993.1
19,3993.3
2,3993.6
10,3993.6
17,3993.7
16,3993.7
18,3993.9
3,3993.9
26,3994.0
27,3996.1
4,3996.1
19,3996.6
2,3998.0
10,3998.0
17,3998.1
16,3998.1
3,3999.2
18,3999.9
26,4000.0
27,4378.2
4,4378.2
19,4378.4
25,4378.6
2,4378.8
17,4378.8
16,4378.8
3,4379.0
26,4379.1
18,4379.1
27,4381.3
4,4381.3
19,4381.9
25,4382.5
2,4383.4
16,4383.5
17,4383.5
3,4384.8
18,4385.7
26,4385.8
4,4458.1
27,4458.1
19,4458.3
25,4458.5
2,4458.6
17,4458.7
16,4458.7
3,4458.9
18,4459.0
26,4459.0
27,4461.1
4,4461.1
19,4461.6
25,4462.2
17,4463.0
2,4463.0
16,4463.4
3,4464.1
18,4464.8
26,4465.6
27,4538.1
4,4538.1
19,4538.3
25,4538.4
2,4538.6
16,4538.7
17,4538.7
3,4538.9
18,4538.9
26,4539.0
4,4541.1
27,4541.1
19,4541.6
25,4542.2
2,4543.0
17,4543.1
16,4543.1
3,4544.2
18,4544.9
26,4545.0
27,4618.1
4,4618.1
19,4618.3
25,4618.4
2,4618.6
16,4618.7
17,4618.7
3,4618.9
18,4618.9
26,4619.0
4,4621.1
27,4621.1
19,4621.6
25,4622.2
2,4623.0
17,4623.1
16,4623.1
3,4624.2
18,4624.9
26,4625.0
27,5003.2
4,5003.2
19,5003.4
25,5003.6
17,5003.8
2,5003.8
3,5004.0
26,5004.1
21,5004.1
18,5004.1
27,5006.3
4,5006.3
19,5006.9
25,5007.6
2,5008.4
17,5008.5
3,5009.8
21,5010.6
18,5010.7
26,5010.8
4,5083.1
27,5083.1
19,5083.3
25,5083.5
2,5083.6
17,5083.7
21,5083.9
3,5083.9
26,5084.0
18,5084.0
27,5086.1
4,5086.1
19,5086.6
25,5087.2
17,5088.0
2,5088.0
3,5089.1
18,5089.8
21,5089.8
26,5090.6
4,5163.1
27,5163.1
19,5163.3
25,5163.4
2,5163.6
17,5163.7
3,5163.9
21,5163.9
18,5163.9
26,5164.0
27,5166.1
4,5166.1
19,5166.6
25,5167.2
2,5168.0
17,5168.1
3,5169.2
21,5169.8
18,5169.9
26,5170.0
27,5243.1
4,5243.1
19,5243.3
25,5243.4
2,5243.6
17,5243.7
21,5243.9
18,5243.9
3,5243.9
26,5244.0
27,5246.1
4,5246.1
19,5246.6
25,5247.2
2,5248.0
17,5248.1
3,5249.2
21,5249.9
18,5249.9
26,5250.0
4,5628.2
27,5628.2
19,5628.4
25,5628.6
2,5628.8
17,5628.8
23,5628.8
3,5629.0
21,5629.1
26,5629.1
27,5631.3
4,5631.3
19,5631.9
25,5632.6
23,5633.0
2,5633.4
17,5633.5
3,5634.8
21,5635.0
26,5635.8
27,5708.1
4,5708.1
19,5708.3
25,5708.5
2,5708.6
23,5708.6
17,5708.7
21,5708.9
3,5708.9
26,5709.0
4,5711.1
27,5711.1
19,5711.6
25,5712.2
23,5712.9
17,5713.0
2,5713.0
3,5714.1
21,5714.8
26,5715.6
27,5788.1
4,5788.1
19,5788.3
25,5788.4
23,5788.6
2,5788.6
17,5788.7
3,5788.9
21,5788.9
26,5789.0
27,5791.1
4,5791.1
19,5791.6
25,5792.2
23,5792.6
2,5793.0
17,5793.1
3,5794.2
21,5794.8
26,5795.0
27,5868.1
4,5868.1
19,5868.3
25,5868.4
23,5868.6
2,5868.6
17,5868.7
3,5868.9
21,5868.9
26,5869.0
27,5871.1
4,5871.1
19,5871.6
25,5872.2
23,5872.6
2,5873.0
17,5873.1
3,5874.2
21,5874.9
26,5875.0
4,6253.2
27,6253.2
0,6253.6
25,6253.6
23,6253.7
2,6253.8
17,6253.8
3,6254.0
21,6254.1
26,6254.1
27,6256.3
4,6256.3
0,6257.5
25,6257.6
23,6258.0
2,6258.4
17,6258.5
3,6259.8
21,6260.0
26,6260.8
27,6333.1
4,6333.1
0,6333.4
25,6333.5
2,6333.6
23,6333.6
17,6333.7
3,6333.9
21,6333.9
26,6334.0
4,6336.1
27,6336.1
0,6337.2
25,6337.2
23,6337.9
17,6338.0
2,6338.0
3,6339.1
21,6339.8
26,6340.6
4,6413.1
27,6413.1
25,6413.4
0,6413.4
2,6413.6
23,6413.6
17,6413.7
21,6413.9
3,6413.9
26,6414.0
4,6416.1
27,6416.1
25,6417.2
0,6417.2
23,6417.6
2,6418.0
17,6418.1
3,6419.2
21,6419.8
26,6420.0
27,6493.1
4,6493.1
0,6493.4
25,6493.4
23,6493.6
2,6493.6
17,6493.7
21,6493.9
3,6493.9
26,6494.0
27,6496.1
4,6496.1
0,6497.2
25,6497.2
23,6497.6
2,6498.0
17,6498.1
3,6499.2
21,6499.9
26,6500.0
27,6878.2
4,6878.2
28,6878.4
25,6878.6
0,6878.6
23,6878.7
2,6878.8
3,6879.0
26,6879.1
21,6879.1
27,6881.3
4,6881.3
28,6881.6
0,6882.3
25,6882.6
23,6883.0
2,6883.4
3,6884.8
21,6885.0
26,6885.8
4,6958.1
27,6958.1
28,6958.2
0,6958.4
25,6958.5
23,6958.6
2,6958.6
3,6958.9
21,6958.9
26,6959.0
4,6961.1
27,6961.1
28,6961.3
0,6962.2
25,6962.2
23,6962.9
2,6963.0
3,6964.1
21,6964.8
26,6965.6
27,7038.1
4,7038.1
28,7038.2
0,7038.4
25,7038.4
23,7038.6
2,7038.6
21,7038.9
3,7038.9
26,7039.0
4,7041.1
27,7041.1
28,7041.4
25,7042.2
0,7042.2
23,7042.6
2,7043.0
3,7044.2
21,7044.8
26,7045.0
4,7118.1
27,7118.1
28,7118.2
25,7118.4
0,7118.4
23,7118.6
2,7118.6
21,7118.9
3,7118.9
26,7119.0
4,7121.1
27,7121.1
28,7121.4
25,7122.2
0,7122.2
23,7122.6
2,7123.0
3,7124.2
21,7124.9
26,7125.0
27,7503.2
5,7503.3
28,7503.3
0,7503.6
25,7503.6
23,7503.7
2,7503.8
3,7504.0
26,7504.1
21,7504.1
5,7506.3
27,7506.3
28,7506.6
0,7507.3
25,7507.6
23,7508.0
2,7508.4
3,7509.8
21,7510.0
26,7510.8
5,7583.1
27,7583.1
28,7583.2
0,7583.4
25,7583.5
23,7583.6
2,7583.6
21,7583.9
3,7583.9
26,7584.0
27,7586.1
28,7586.3
5,7586.3
0,7587.2
25,7587.2
23,7587.9
2,7588.0
3,7589.1
21,7589.8
26,7590.6
27,7663.1
5,7663.1
28,7663.2
0,7663.4
25,7663.4
23,7663.6
2,7663.6
3,7663.9
21,7663.9
26,7664.0
27,7666.1
5,7666.1
28,7666.4
25,7667.2
0,7667.2
23,7667.6
2,7668.0
3,7669.2
21,7669.8
26,7670.0
27,7743.1
5,7743.1
28,7743.2
0,7743.4
25,7743.4
2,7743.6
23,7743.6
3,7743.9
21,7743.9
26,7744.0
5,7746.1
27,7746.1
28,7746.4
0,7747.2
25,7747.2
23,7747.6
2,7748.0
3,7749.2
21,7749.9
26,7750.0
24,8128.2
28,8128.3
5,8128.3
0,8128.6
25,8128.6
23,8128.7
2,8128.8
3,8129.0
26,8129.1
21,8129.1
5,8131.3
24,8131.3
28,8131.6
0,8132.3
25,8132.6
23,8133.0
2,8133.4
3,8134.8
21,8135.0
26,8135.8
24,8208.1
5,8208.1
28,8208.2
0,8208.4
25,8208.5
2,8208.6
23,8208.6
3,8208.9
21,8208.9
26,8209.0
24,8211.1
5,8211.3
28,8211.3
0,8212.2
25,8212.2
23,8212.9
2,8213.0
3,8214.1
21,8214.8
26,8215.6
5,8288.1
24,8288.1
28,8288.2
0,8288.4
25,8288.4
2,8288.6
23,8288.6
3,8288.9
21,8288.9
26,8289.0
24,8291.1
5,8291.1
28,8291.4
0,8292.2
25,8292.2
23,8292.6
2,8293.0
3,8294.2
21,8294.8
26,8295.0
24,8368.1
5,8368.1
28,8368.2
0,8368.4
25,8368.4
2,8368.6
23,8368.6
3,8368.9
21,8368.9
26,8369.0
5,8371.1
24,8371.1
28,8371.4
25,8372.2
0,8372.2
23,8372.6
2,8373.0
3,8374.2
21,8374.9
26,8375.0
24,8753.2
5,8753.3
28,8753.3
25,8753.6
0,8753.6
23,8753.7
3,8754.0
22,8754.0
21,8754.1
26,8754.1
24,8756.3
5,8756.3
28,8756.6
0,8757.3
25,8757.6
23,8758.0
22,8759.7
3,8759.8
21,8760.0
26,8760.8
5,8833.1
24,8833.1
28,8833.2
0,8833.4
25,8833.5
23,8833.6
21,8833.9
22,8833.9
3,8833.9
26,8834.0
24,8836.1
28,8836.3
5,8836.3
25,8837.2
0,8837.2
23,8837.9
22,8839.1
3,8839.1
21,8839.8
26,8840.6
5,8913.1
24,8913.1
28,8913.2
25,8913.4
0,8913.4
23,8913.6
22,8913.9
3,8913.9
21,8913.9
26,8914.0
5,8916.1
24,8916.1
28,8916.4
25,8917.2
0,8917.2
23,8917.6
22,8919.1
3,8919.2
21,8919.8
26,8920.0
24,8993.1
5,8993.1
28,8993.2
25,8993.4
0,8993.4
23,8993.6
22,8993.8
3,8993.9
21,8993.9
26,8994.0
24,8996.1
5,8996.1
28,8996.4
25,8997.2
0,8997.2
23,8997.6
3,8999.2
22,8999.2
21,8999.9
26,9000.0
24,9378.2
5,9378.3
28,9378.3
11,9378.5
25,9378.6
0,9378.6
23,9378.7
22,9379.0
3,9379.0
21,9379.1
24,9381.3
5,9381.3
28,9381.6
11,9381.9
0,9382.3
25,9382.6
23,9383.0
3,9384.8
22,9384.8
21,9385.0
5,9458.1
24,9458.1
28,9458.2
11,9458.3
0,9458.4
25,9458.5
23,9458.6
21,9458.9
22,9458.9
3,9458.9
24,9461.1
5,9461.3
28,9461.3
11,9461.6
25,9462.2
0,9462.2
23,9462.9
22,9464.1
3,9464.1
21,9464.8
5,9538.1
24,9538.1
28,9538.2
11,9538.3
25,9538.4
0,9538.4
23,9538.6
3,9538.9
22,9538.9
21,9538.9
5,9541.1
24,9541.1
28,9541.4
11,9541.6
0,9542.2
25,9542.2
23,9542.6
22,9544.1
3,9544.2
21,9544.8
5,9618.1
24,9618.1
28,9618.2
11,9618.3
25,9618.4
0,9618.4
23,9618.6
22,9618.8
3,9618.9
21,9618.9
24,9621.1
5,9621.1
28,9621.4
11,9621.6
0,9622.2
25,9622.2
23,9622.6
22,9624.2
3,9624.2
21,9624.9
