14,86.7
23,86.9
11,87.0
2,87.0
19,87.1
7,87.3
4,87.3
9,87.5
16,87.7
6,87.7
20,87.8
28,87.8
0,87.8
10,87.9
31,87.9
25,87.9
1,88.0
13,88.0
30,88.1
5,88.1
15,88.2
12,88.3
21,88.3
27,88.4
8,88.4
26,88.8
14,93.4
11,93.8
23,94.0
19,94.1
2,94.1
4,94.4
7,94.8
9,95.7
20,95.8
16,96.0
28,96.2
10,96.2
25,96.7
0,96.9
1,97.1
6,97.2
12,97.5
30,97.8
5,97.8
14,98.6
31,98.7
13,98.8
11,99.6
23,100.1
2,100.5
19,100.8
27,101.1
15,101.2
4,101.5
7,101.6
8,101.9
21,101.9
20,103.3
14,103.5
11,105.4
23,106.0
16,106.1
28,106.5
9,107.1
10,107.4
26,107.8
2,107.9
14,108.4
7,109.2
1,109.4
19,110.5
31,111.0
11,112.0
23,112.8
14,113.5
20,115.2
14,118.9
14,124.8
14,132.4
14,154.9
11,155.0
6,155.2
4,155.4
19,155.7
2,166.8
23,166.8
14,166.9
7,167.2
9,167.3
11,167.4
20,167.6
16,167.6
28,167.6
0,167.6
13,167.7
31,167.7
25,167.7
10,167.7
4,167.8
1,167.8
5,167.9
19,167.9
30,168.0
15,168.0
21,168.1
12,168.1
8,168.1
27,168.2
26,168.6
6,169.1
14,173.5
2,173.8
23,173.8
11,174.2
7,174.5
19,174.7
4,174.9
9,175.3
20,175.3
16,175.5
28,175.6
10,175.7
25,176.2
0,176.2
1,176.4
12,176.9
5,177.2
30,177.3
31,177.7
13,177.9
6,178.2
14,178.6
27,179.7
23,179.8
11,179.9
2,180.2
8,180.5
15,180.8
21,180.9
19,181.1
7,181.1
4,181.6
20,182.3
14,183.4
16,184.2
26,184.5
28,184.9
10,185.1
11,185.6
9,185.7
23,185.7
1,187.2
2,187.3
14,188.1
7,188.2
25,188.3
19,188.5
0,188.7
31,189.4
20,191.4
11,191.8
23,192.2
14,192.9
4,193.9
10,196.9
14,197.9
11,200.2
14,203.4
23,205.5
14,209.4
14,217.1
6,218.4
11,218.6
4,218.6
19,218.8
9,226.5
14,226.6
2,226.7
19,227.6
16,238.2
0,238.3
25,238.4
1,238.5
2,238.8
20,239.0
19,239.0
23,241.2
28,241.4
7,241.7
30,241.8
14,241.9
11,246.8
4,247.1
6,247.4
13,247.7
9,247.7
10,247.7
31,247.7
2,247.8
5,247.9
19,248.0
15,248.0
21,248.1
8,248.1
12,248.1
23,248.2
27,248.2
14,248.5
26,248.6
16,248.8
20,249.0
7,249.0
25,250.0
0,250.1
28,250.3
1,250.3
30,251.8
14,253.6
11,253.6
4,254.1
23,254.3
2,254.5
19,254.7
7,255.5
10,255.7
9,255.7
6,256.5
20,256.9
12,257.0
5,257.2
16,257.2
31,257.7
13,257.8
14,258.3
28,259.0
11,259.2
27,259.6
23,260.0
8,260.3
25,260.5
21,260.7
2,260.8
4,260.9
19,260.9
15,261.0
1,261.4
7,261.8
0,262.1
30,264.0
20,264.3
11,264.8
10,264.9
26,265.1
9,265.2
23,265.5
19,267.4
4,268.0
6,268.1
2,269.2
7,269.3
16,269.8
31,270.1
11,270.5
23,271.3
10,275.9
19,276.0
11,276.3
23,277.9
4,278.7
14,280.0
11,283.0
14,284.3
14,288.9
14,294.0
14,299.5
9,304.6
19,304.7
2,304.9
14,305.7
11,307.2
6,307.4
4,307.6
14,312.7
19,313.5
14,325.1
11,353.0
14,353.1
6,353.3
4,353.5
19,353.7
14,631.7
2,631.9
23,631.9
11,632.0
19,632.1
4,632.3
7,632.3
9,632.4
6,632.6
0,632.7
28,632.7
16,632.7
20,632.7
10,632.8
31,632.8
13,632.9
25,632.9
1,633.0
30,633.1
5,633.1
15,633.2
8,633.2
21,633.3
12,633.3
27,633.3
26,633.7
14,638.3
11,638.8
2,639.0
23,639.0
19,639.0
4,639.4
7,639.8
20,640.7
9,640.7
16,640.9
28,641.0
10,641.0
25,641.6
0,641.7
6,642.0
1,642.1
12,642.4
30,642.7
5,642.8
14,643.4
31,643.5
13,643.7
11,644.5
23,645.0
2,645.4
19,645.7
27,645.7
15,646.2
4,646.4
8,646.5
7,646.5
21,646.8
20,648.1
14,648.3
11,650.3
16,650.9
23,650.9
28,651.1
10,651.7
26,651.8
9,651.9
2,652.9
14,653.0
7,654.1
1,654.5
31,655.1
19,655.1
0,655.3
11,656.5
23,657.5
14,657.9
4,658.8
20,659.3
14,663.2
11,665.9
14,668.9
14,675.4
11,698.9
14,699.0
6,699.2
4,699.4
19,699.6
23,711.8
14,711.8
2,711.8
7,712.2
11,712.2
9,712.3
16,712.6
20,712.6
0,712.6
28,712.6
10,712.7
13,712.7
31,712.7
19,712.7
4,712.7
25,712.7
1,712.8
5,712.9
30,713.0
15,713.0
21,713.1
8,713.1
12,713.1
27,713.2
26,713.6
6,713.8
14,718.4
23,718.8
2,718.8
11,719.0
19,719.5
7,719.5
4,719.7
9,720.3
20,720.3
16,720.5
28,720.6
10,720.7
25,721.2
0,721.3
1,721.4
12,721.9
5,722.1
30,722.2
31,722.6
13,722.9
6,723.0
14,723.4
23,724.7
11,724.7
27,724.8
2,725.1
8,725.5
21,725.7
19,725.8
15,725.8
7,726.0
4,726.4
20,727.2
14,728.1
16,728.9
26,729.3
28,730.1
11,730.3
10,730.4
9,730.6
23,730.6
24,731.7
2,732.4
1,732.6
14,732.7
25,732.8
7,733.4
19,733.5
31,734.0
0,734.4
30,736.1
11,736.1
23,736.9
20,737.1
4,737.1
14,737.4
14,742.3
11,742.8
10,742.8
14,747.6
23,747.8
14,753.4
14,760.2
11,763.7
6,764.1
4,764.3
19,764.5
14,767.3
9,771.3
2,771.5
19,772.4
14,778.3
0,782.2
16,782.2
19,782.3
25,782.3
1,782.4
2,782.8
20,783.0
23,784.0
28,784.3
7,784.6
30,784.7
14,786.3
11,791.8
4,792.0
6,792.4
14,792.4
2,792.6
23,792.6
10,792.7
31,792.7
13,792.7
9,792.7
19,792.9
5,792.9
15,793.0
12,793.1
8,793.1
21,793.1
27,793.2
7,793.3
16,793.5
26,793.6
20,794.0
28,794.6
25,794.6
0,794.8
1,794.9
30,796.5
14,797.7
11,798.6
4,799.1
23,799.2
2,799.4
19,799.8
7,800.4
9,800.7
10,800.7
6,801.5
16,801.9
12,802.0
5,802.2
20,802.2
14,802.4
13,802.7
31,802.7
28,803.8
11,804.2
27,804.7
23,805.1
25,805.1
8,805.4
21,805.7
2,805.8
4,805.8
1,805.9
19,806.1
15,806.1
0,806.9
7,807.0
14,807.1
11,809.7
10,810.1
9,810.2
20,810.8
23,811.0
14,811.5
19,812.5
4,812.5
2,812.8
16,813.0
6,813.1
25,815.1
11,815.2
31,815.5
7,815.6
1,815.6
0,815.9
23,817.8
14,820.1
20,820.4
11,820.9
19,821.0
10,821.3
4,821.4
2,821.4
16,824.2
14,824.4
11,827.2
14,828.9
14,833.7
14,839.0
11,839.6
14,844.9
9,849.4
19,849.5
2,849.6
14,851.4
6,852.2
4,852.4
11,853.8
19,858.2
14,859.3
16,863.5
0,863.6
2,863.7
25,863.7
1,863.8
20,864.3
23,871.8
14,871.8
11,871.9
4,872.1
7,872.2
19,872.3
28,872.6
9,872.6
13,872.7
2,872.7
6,872.7
10,872.7
31,872.8
5,872.9
30,873.0
21,873.1
12,873.1
8,873.1
15,873.2
27,873.2
26,873.6
16,873.9
20,874.1
25,874.9
0,875.3
1,875.4
14,878.4
11,878.6
23,878.8
19,879.1
4,879.1
2,879.4
7,879.5
9,880.5
28,880.6
10,880.6
6,881.9
12,881.9
20,882.0
16,882.2
30,882.2
5,882.2
31,882.8
13,882.8
14,883.3
11,884.2
27,884.6
23,884.7
25,885.3
19,885.3
8,885.4
2,885.6
21,885.7
4,885.7
7,885.9
15,886.0
1,886.5
0,887.3
14,888.0
26,889.0
11,889.7
20,889.9
28,890.3
23,890.5
9,890.7
10,890.8
24,891.5
14,892.5
19,892.7
7,892.8
2,893.5
4,895.3
11,895.4
16,895.4
31,895.9
23,896.8
14,897.1
11,901.7
14,902.0
10,903.0
6,904.7
19,906.2
23,906.7
14,906.9
4,907.3
11,908.5
14,912.0
14,917.3
11,920.2
14,923.1
9,929.6
19,929.7
14,929.8
2,929.8
23,937.2
28,937.5
7,937.8
30,937.9
14,938.1
19,942.5
11,944.4
6,944.8
4,945.0
14,945.2
23,949.7
14,953.0
19,955.5
14,1256.7
2,1256.9
23,1256.9
19,1257.0
11,1257.0
4,1257.2
7,1257.3
9,1257.5
6,1257.6
28,1257.7
16,1257.7
20,1257.7
0,1257.7
10,1257.8
31,1257.8
1,1257.9
25,1257.9
13,1257.9
5,1258.1
30,1258.1
8,1258.2
15,1258.2
21,1258.3
27,1258.3
12,1258.3
26,1258.7
14,1263.3
11,1263.8
2,1264.0
23,1264.0
19,1264.0
4,1264.3
7,1264.8
20,1265.6
9,1265.7
16,1265.9
10,1266.0
28,1266.0
25,1266.6
0,1266.7
1,1267.0
6,1267.1
12,1267.4
30,1267.7
5,1267.8
14,1268.3
31,1268.5
13,1268.7
11,1269.4
23,1269.9
2,1270.3
19,1270.5
27,1270.7
15,1271.2
4,1271.3
7,1271.4
8,1271.5
21,1271.8
20,1272.9
14,1273.1
11,1275.1
23,1275.8
16,1275.8
28,1276.0
26,1276.5
10,1276.6
9,1276.8
2,1277.6
14,1277.7
19,1279.1
7,1279.1
1,1279.3
31,1279.9
0,1280.2
11,1281.1
23,1282.3
14,1282.4
4,1283.5
20,1283.9
14,1287.5
11,1288.5
14,1293.0
23,1295.8
14,1299.1
14,1308.7
11,1323.9
6,1324.2
4,1324.4
19,1324.6
14,1324.8
23,1336.8
14,1336.8
2,1336.8
11,1337.2
7,1337.2
9,1337.3
28,1337.6
19,1337.6
0,1337.6
20,1337.6
16,1337.6
10,1337.7
31,1337.7
4,1337.7
13,1337.7
25,1337.7
1,1337.8
5,1337.9
15,1338.0
30,1338.0
21,1338.1
8,1338.1
12,1338.1
27,1338.2
26,1338.6
6,1338.8
14,1343.3
23,1343.8
2,1343.8
11,1343.9
19,1344.4
7,1344.5
4,1344.7
20,1345.2
9,1345.3
16,1345.4
10,1345.7
28,1345.7
25,1346.2
0,1346.3
1,1346.4
12,1346.9
5,1347.1
30,1347.3
31,1347.6
13,1347.9
6,1348.0
14,1348.3
11,1349.5
23,1349.7
27,1349.8
2,1350.1
8,1350.5
19,1350.6
21,1350.7
15,1350.8
7,1351.0
4,1351.3
20,1352.2
14,1353.0
16,1353.8
26,1354.4
11,1355.0
28,1355.1
9,1355.4
10,1355.5
23,1355.5
24,1356.3
2,1357.1
14,1357.6
1,1357.6
25,1357.7
19,1357.8
7,1358.2
31,1359.0
0,1359.6
11,1360.5
20,1360.7
4,1360.8
30,1361.5
23,1361.8
14,1362.1
11,1366.6
14,1366.7
10,1368.0
14,1371.8
23,1372.3
11,1375.1
14,1377.3
14,1383.4
6,1389.1
4,1389.2
19,1389.5
14,1389.6
11,1390.0
9,1396.3
2,1396.5
14,1396.6
19,1397.3
19,1406.9
16,1407.1
0,1407.2
25,1407.3
1,1407.4
2,1407.7
20,1408.0
23,1409.0
28,1409.3
14,1409.5
7,1409.6
30,1409.7
11,1416.7
14,1416.8
4,1417.0
6,1417.4
2,1417.5
23,1417.6
31,1417.7
10,1417.7
13,1417.7
9,1417.7
19,1417.8
5,1417.9
15,1418.0
8,1418.1
12,1418.1
21,1418.1
27,1418.2
7,1418.3
16,1418.4
26,1418.6
20,1419.0
28,1419.5
25,1419.6
0,1419.8
1,1419.9
30,1421.5
14,1422.7
11,1423.5
4,1424.0
23,1424.2
2,1424.3
19,1424.6
7,1425.3
9,1425.7
10,1425.7
6,1426.5
16,1426.6
12,1427.0
20,1427.0
5,1427.2
14,1427.5
31,1427.7
13,1427.7
28,1428.6
11,1429.0
27,1429.7
23,1430.0
25,1430.1
8,1430.4
21,1430.4
2,1430.6
4,1430.6
15,1430.8
1,1430.8
19,1430.9
7,1431.8
0,1431.9
14,1432.2
11,1434.4
20,1435.0
9,1435.2
10,1435.2
23,1435.9
14,1436.7
19,1437.2
4,1437.3
2,1437.6
16,1437.7
6,1438.1
11,1439.7
7,1439.7
25,1440.1
31,1440.5
1,1440.6
0,1441.1
14,1441.1
23,1442.6
20,1443.6
19,1445.1
11,1445.1
14,1445.4
2,1445.9
10,1446.5
4,1446.6
16,1448.3
14,1449.7
11,1450.9
14,1454.3
11,1457.6
14,1459.3
14,1464.8
14,1470.9
9,1474.4
19,1474.5
2,1474.6
11,1476.9
14,1477.1
6,1477.2
4,1477.3
19,1483.0
14,1484.6
16,1488.6
0,1488.7
2,1488.7
25,1488.8
1,1488.9
20,1489.4
23,1496.8
14,1496.8
11,1496.8
4,1497.1
19,1497.2
7,1497.2
6,1497.6
9,1497.6
28,1497.6
10,1497.7
2,1497.7
13,1497.7
31,1497.8
5,1497.9
30,1498.0
8,1498.1
15,1498.1
21,1498.1
12,1498.1
27,1498.2
26,1498.6
16,1499.0
20,1499.1
25,1500.1
0,1500.4
1,1500.5
14,1503.3
11,1503.6
23,1503.8
19,1504.0
4,1504.1
2,1504.3
7,1504.5
9,1505.5
10,1505.6
28,1505.6
6,1506.8
20,1506.9
12,1506.9
30,1507.2
5,1507.2
16,1507.3
13,1507.7
31,1507.8
14,1508.2
11,1509.1
27,1509.7
23,1509.7
19,1510.1
8,1510.3
2,1510.5
4,1510.6
21,1510.6
25,1510.7
7,1510.8
15,1510.9
1,1511.6
0,1512.4
14,1512.9
26,1514.1
11,1514.4
20,1514.8
28,1515.3
23,1515.4
9,1515.6
10,1515.9
19,1517.2
14,1517.3
7,1517.7
2,1518.1
11,1519.9
4,1519.9
16,1520.2
31,1520.9
23,1521.5
14,1521.8
11,1525.8
14,1526.5
10,1528.4
6,1529.7
23,1530.1
19,1530.8
14,1531.3
7,1531.5
4,1531.9
11,1532.0
14,1536.1
11,1539.1
14,1541.2
14,1546.6
14,1552.6
9,1554.6
19,1554.7
2,1554.8
14,1560.8
23,1562.2
28,1562.5
7,1562.8
30,1562.9
19,1567.3
14,1568.9
11,1569.5
6,1569.9
4,1570.0
23,1574.6
14,1577.2
19,1579.9
14,1881.6
11,1881.9
2,1881.9
23,1881.9
19,1882.0
4,1882.2
7,1882.3
9,1882.4
6,1882.6
0,1882.7
20,1882.7
28,1882.7
16,1882.7
10,1882.8
31,1882.8
1,1882.9
13,1882.9
25,1882.9
5,1883.1
30,1883.1
8,1883.2
15,1883.2
27,1883.3
21,1883.3
12,1883.3
26,1883.7
14,1888.2
11,1888.7
19,1888.9
23,1888.9
2,1889.0
4,1889.3
7,1889.8
9,1890.6
20,1890.6
16,1890.9
10,1891.0
28,1891.0
25,1891.6
0,1891.7
6,1892.0
1,1892.0
12,1892.4
30,1892.7
5,1892.8
14,1893.1
31,1893.5
13,1893.7
11,1894.2
23,1894.9
2,1895.2
19,1895.3
27,1895.8
4,1896.1
15,1896.2
7,1896.4
8,1896.5
21,1896.8
20,1897.9
14,1897.9
11,1899.8
23,1900.7
16,1900.7
28,1901.0
26,1901.3
9,1901.5
10,1901.5
2,1902.3
14,1902.4
19,1903.3
7,1904.0
1,1904.1
31,1904.7
0,1905.2
11,1905.5
14,1907.0
23,1907.1
4,1907.7
20,1908.7
14,1911.8
11,1911.9
14,1917.1
23,1919.0
14,1922.8
14,1929.6
11,1948.8
14,1948.9
6,1949.2
4,1949.4
19,1949.5
14,1961.3
23,1961.8
2,1961.8
11,1962.1
7,1962.2
9,1962.3
16,1962.5
20,1962.6
28,1962.6
19,1962.6
0,1962.6
31,1962.7
10,1962.7
4,1962.7
13,1962.7
25,1962.7
1,1962.8
5,1962.9
30,1963.0
8,1963.1
15,1963.1
12,1963.1
21,1963.1
27,1963.2
26,1963.6
6,1963.7
14,1967.8
2,1968.8
23,1968.8
11,1968.9
19,1969.4
7,1969.5
4,1969.7
20,1970.2
9,1970.3
16,1970.4
10,1970.7
28,1970.7
25,1971.1
0,1971.2
1,1971.4
12,1971.9
5,1972.1
30,1972.3
31,1972.6
14,1972.7
13,1973.0
6,1973.0
11,1974.4
23,1974.6
27,1974.8
2,1975.0
19,1975.5
8,1975.5
21,1975.7
7,1975.9
15,1976.0
4,1976.2
20,1977.1
14,1977.4
16,1978.7
26,1979.4
11,1979.7
28,1980.1
9,1980.3
23,1980.4
10,1980.6
24,1981.3
2,1981.9
14,1981.9
1,1982.4
25,1982.5
19,1982.5
7,1982.9
31,1983.9
0,1984.5
4,1985.0
11,1985.1
20,1985.3
14,1986.2
18,1986.3
23,1986.6
14,1990.6
11,1990.8
10,1993.0
14,1995.2
23,1995.6
11,1997.4
14,2000.3
14,2005.8
14,2012.0
11,2014.0
6,2014.1
4,2014.2
19,2014.4
14,2018.6
9,2021.3
2,2021.5
19,2022.2
14,2028.0
19,2031.4
16,2032.1
0,2032.2
25,2032.3
1,2032.4
2,2032.7
20,2032.9
23,2034.0
28,2034.3
7,2034.6
30,2034.7
14,2035.7
11,2041.7
14,2041.9
4,2042.0
6,2042.4
2,2042.5
23,2042.5
13,2042.7
19,2042.7
10,2042.7
9,2042.7
31,2042.7
5,2042.9
21,2043.1
15,2043.1
12,2043.1
8,2043.1
27,2043.2
7,2043.3
16,2043.3
26,2043.6
20,2043.9
28,2044.5
25,2044.6
0,2044.8
1,2044.9
30,2046.4
14,2047.3
11,2048.5
4,2049.0
23,2049.1
2,2049.2
19,2049.5
7,2050.3
10,2050.7
9,2050.7
6,2051.4
16,2051.6
20,2051.9
12,2052.0
14,2052.1
5,2052.2
13,2052.7
31,2052.7
28,2053.6
11,2053.9
27,2054.7
23,2054.9
25,2055.1
21,2055.4
8,2055.4
2,2055.5
4,2055.5
19,2055.7
1,2055.8
15,2056.0
7,2056.8
0,2056.8
14,2056.9
11,2059.2
20,2060.0
9,2060.1
10,2060.2
23,2060.7
14,2061.1
19,2061.9
4,2062.3
2,2062.5
16,2062.7
6,2063.1
11,2064.4
7,2064.5
25,2065.1
31,2065.4
1,2065.5
0,2065.9
23,2067.0
20,2068.5
19,2069.4
11,2069.7
14,2069.8
2,2070.7
10,2071.3
4,2071.4
16,2073.4
14,2074.0
11,2075.2
14,2078.4
23,2079.0
11,2081.4
14,2083.1
14,2088.2
11,2092.5
14,2093.9
19,2099.4
9,2099.4
2,2099.6
14,2100.4
6,2102.2
4,2102.3
11,2104.2
14,2107.5
19,2107.8
16,2113.6
0,2113.7
2,2113.7
25,2113.8
1,2113.9
20,2114.4
14,2119.9
11,2121.8
23,2121.8
4,2122.1
19,2122.1
7,2122.2
28,2122.6
6,2122.6
9,2122.6
2,2122.7
10,2122.7
13,2122.7
31,2122.8
5,2122.9
30,2123.0
15,2123.1
21,2123.1
8,2123.1
12,2123.1
27,2123.2
26,2123.6
16,2123.9
20,2124.1
25,2125.0
0,2125.4
1,2125.5
14,2126.2
11,2128.5
23,2128.8
19,2128.9
4,2129.1
2,2129.3
7,2129.5
9,2130.5
10,2130.6
28,2130.6
14,2131.1
6,2131.7
12,2131.9
20,2131.9
16,2132.2
5,2132.2
30,2132.2
13,2132.7
31,2132.8
11,2133.9
23,2134.6
27,2134.7
19,2134.9
25,2135.3
8,2135.3
2,2135.4
4,2135.6
21,2135.6
7,2135.8
15,2135.8
1,2136.5
0,2137.4
26,2139.1
11,2139.1
20,2139.7
9,2140.2
28,2140.2
23,2140.3
10,2140.9
19,2141.7
7,2142.6
2,2142.8
11,2144.5
16,2144.8
4,2144.9
31,2145.8
23,2146.3
11,2150.2
14,2152.8
10,2153.2
23,2153.9
6,2154.8
19,2155.4
7,2155.9
11,2156.0
4,2157.0
14,2157.3
14,2161.8
11,2162.2
14,2166.3
11,2170.6
14,2171.2
14,2176.6
19,2179.6
9,2179.6
2,2179.7
14,2182.6
23,2187.2
28,2187.5
7,2187.8
30,2187.9
14,2188.6
19,2192.0
11,2194.5
14,2194.5
6,2195.0
4,2195.1
23,2199.4
14,2200.6
19,2203.5
14,2208.0
14,2506.6
23,2506.9
11,2506.9
2,2506.9
19,2507.0
4,2507.2
7,2507.3
9,2507.4
6,2507.6
20,2507.7
16,2507.7
28,2507.7
0,2507.7
25,2507.8
31,2507.8
10,2507.8
13,2507.9
1,2507.9
5,2508.1
30,2508.1
15,2508.2
8,2508.2
12,2508.3
27,2508.3
21,2508.3
26,2508.7
14,2513.1
11,2513.6
2,2513.9
19,2513.9
23,2513.9
4,2514.3
7,2514.7
20,2515.5
9,2515.6
16,2515.8
28,2516.0
10,2516.0
25,2516.6
0,2516.7
6,2517.0
1,2517.0
12,2517.4
30,2517.7
5,2517.8
14,2518.0
31,2518.5
13,2518.8
11,2519.1
23,2519.8
2,2520.2
19,2520.2
27,2520.7
4,2521.0
15,2521.3
7,2521.4
8,2521.6
21,2521.7
14,2522.7
20,2522.7
11,2524.6
16,2525.5
23,2525.6
28,2526.0
26,2526.2
10,2526.5
9,2526.5
2,2527.2
14,2527.2
19,2527.9
7,2528.8
1,2529.0
31,2529.7
11,2530.2
0,2530.4
14,2531.7
23,2531.8
4,2531.9
20,2533.2
11,2536.3
14,2536.3
14,2541.4
23,2542.0
11,2545.7
14,2546.9
14,2553.1
14,2564.4
11,2573.8
6,2574.2
4,2574.3
19,2574.5
14,2575.7
2,2586.8
14,2586.8
23,2586.8
7,2587.1
11,2587.1
9,2587.3
16,2587.5
19,2587.5
20,2587.6
0,2587.6
28,2587.6
4,2587.6
10,2587.7
25,2587.7
31,2587.7
13,2587.7
1,2587.8
5,2587.9
30,2588.0
21,2588.1
12,2588.1
15,2588.1
8,2588.1
27,2588.2
26,2588.6
6,2588.8
14,2593.2
2,2593.7
23,2593.7
11,2593.8
19,2594.2
7,2594.5
4,2594.6
20,2595.2
9,2595.3
16,2595.4
28,2595.7
10,2595.7
25,2596.1
0,2596.2
1,2596.4
12,2596.9
5,2597.1
30,2597.3
31,2597.6
13,2597.8
6,2598.0
14,2598.1
11,2599.2
23,2599.6
27,2599.9
2,2599.9
19,2600.3
8,2600.5
21,2600.7
7,2600.8
15,2601.0
4,2601.0
20,2602.1
14,2602.8
16,2603.6
26,2604.4
11,2604.4
28,2605.1
9,2605.3
23,2605.3
10,2605.7
24,2606.3
2,2606.7
19,2607.1
14,2607.3
25,2607.4
1,2607.5
7,2607.8
31,2608.8
4,2609.5
11,2609.6
0,2609.6
20,2610.3
18,2610.7
23,2611.4
14,2611.6
11,2615.2
14,2616.0
10,2618.2
23,2619.3
14,2620.6
11,2621.4
14,2625.6
14,2631.2
11,2632.8
14,2637.3
6,2639.1
4,2639.2
19,2639.3
11,2641.2
14,2643.8
9,2646.3
2,2646.4
19,2647.1
14,2652.7
19,2656.2
16,2657.1
0,2657.2
25,2657.3
1,2657.4
2,2657.6
20,2657.9
23,2659.0
28,2659.3
7,2659.6
30,2659.7
14,2660.3
14,2666.7
11,2666.7
4,2667.0
2,2667.4
6,2667.4
23,2667.5
19,2667.6
13,2667.7
31,2667.7
10,2667.7
9,2667.7
5,2667.9
15,2668.1
8,2668.1
21,2668.1
12,2668.1
27,2668.2
16,2668.3
7,2668.3
26,2668.6
20,2668.9
28,2669.5
25,2669.6
0,2669.8
1,2669.9
30,2671.4
14,2672.3
11,2673.4
23,2674.0
4,2674.0
2,2674.1
19,2674.4
7,2675.3
9,2675.7
10,2675.7
6,2676.4
16,2676.5
20,2676.9
12,2677.0
14,2677.0
5,2677.2
13,2677.7
31,2677.7
28,2678.5
11,2678.7
27,2679.7
23,2679.8
25,2680.1
2,2680.3
8,2680.3
21,2680.4
19,2680.5
4,2680.5
1,2680.8
15,2681.0
7,2681.7
0,2681.8
11,2683.9
20,2684.8
9,2685.0
10,2685.2
23,2685.5
19,2686.6
4,2687.2
2,2687.4
16,2687.5
6,2688.0
11,2689.0
7,2689.2
25,2690.1
26,2690.4
31,2690.4
1,2690.6
0,2691.0
23,2691.7
30,2692.7
20,2693.0
19,2693.9
11,2694.0
2,2695.3
4,2696.1
10,2696.3
16,2697.8
14,2698.9
11,2699.4
23,2700.0
14,2703.2
11,2705.1
14,2707.8
11,2712.1
14,2712.8
14,2718.4
9,2724.4
19,2724.4
2,2724.5
14,2724.6
6,2727.2
4,2727.3
11,2727.5
14,2731.2
19,2732.6
2,2738.7
16,2738.7
0,2738.8
25,2738.9
1,2739.0
20,2739.5
14,2739.9
19,2745.8
23,2746.8
14,2746.8
11,2746.8
4,2747.1
7,2747.2
9,2747.6
6,2747.6
2,2747.6
28,2747.6
10,2747.7
13,2747.7
31,2747.8
5,2747.9
30,2748.0
8,2748.1
21,2748.1
12,2748.1
27,2748.2
15,2748.2
26,2748.6
16,2748.9
20,2749.1
25,2750.0
0,2750.4
1,2750.5
14,2752.7
19,2752.7
11,2753.5
23,2753.7
4,2754.1
2,2754.2
7,2754.5
9,2755.5
28,2755.6
10,2755.6
6,2756.7
12,2756.9
20,2756.9
30,2757.1
5,2757.2
16,2757.2
14,2757.5
13,2757.7
31,2757.8
19,2758.7
11,2758.8
23,2759.5
27,2759.7
8,2760.1
25,2760.3
2,2760.3
4,2760.5
21,2760.6
7,2760.7
15,2760.9
1,2761.5
0,2762.4
11,2763.9
26,2764.5
20,2764.6
28,2765.0
19,2765.1
23,2765.1
9,2765.1
10,2765.8
7,2767.4
2,2767.4
11,2769.2
4,2769.5
16,2769.8
31,2770.8
23,2770.9
14,2770.9
11,2774.7
14,2775.2
19,2775.4
23,2777.5
10,2777.9
7,2779.5
14,2779.5
6,2779.9
11,2780.4
4,2781.8
14,2784.0
19,2785.5
11,2786.1
14,2788.5
11,2792.5
14,2793.3
14,2798.5
14,2804.2
9,2804.6
19,2804.7
2,2804.7
11,2806.4
14,2810.7
23,2812.2
28,2812.5
7,2812.7
30,2812.9
19,2816.9
14,2817.7
6,2820.1
4,2820.2
11,2821.1
23,2824.2
14,2824.5
19,2827.9
14,2833.2
14,3131.6
2,3131.9
23,3131.9
11,3131.9
19,3132.0
4,3132.2
7,3132.2
9,3132.4
6,3132.6
20,3132.7
28,3132.7
16,3132.7
0,3132.7
25,3132.8
10,3132.8
31,3132.8
13,3132.9
1,3132.9
30,3133.1
5,3133.1
15,3133.2
8,3133.2
21,3133.3
27,3133.3
12,3133.3
26,3133.7
14,3138.1
11,3138.6
23,3138.9
2,3138.9
19,3138.9
4,3139.2
7,3139.7
20,3140.5
9,3140.6
16,3140.8
10,3141.0
28,3141.0
25,3141.6
0,3141.7
6,3141.9
1,3142.0
12,3142.4
30,3142.8
14,3142.9
5,3142.9
31,3143.5
13,3143.8
11,3144.0
23,3144.8
2,3145.1
19,3145.1
27,3145.8
4,3145.9
15,3146.3
7,3146.3
8,3146.6
21,3146.7
14,3147.6
20,3147.7
11,3149.4
16,3150.4
23,3150.5
28,3151.0
26,3151.2
9,3151.4
10,3151.4
2,3152.0
14,3152.1
19,3152.5
7,3153.7
1,3153.8
31,3154.7
11,3154.8
0,3155.4
4,3156.4
14,3156.5
23,3156.6
20,3157.9
11,3160.7
14,3161.0
23,3165.4
14,3165.9
11,3167.9
14,3171.2
14,3177.1
14,3184.6
11,3198.7
6,3199.2
4,3199.3
19,3199.4
14,3199.5
14,3211.4
2,3211.8
23,3211.8
11,3212.0
7,3212.1
9,3212.3
19,3212.4
16,3212.5
20,3212.6
28,3212.6
4,3212.6
0,3212.6
10,3212.7
31,3212.7
25,3212.7
13,3212.7
1,3212.8
5,3212.9
30,3213.0
12,3213.1
15,3213.1
21,3213.1
8,3213.1
27,3213.2
26,3213.6
6,3213.7
14,3217.8
11,3218.7
2,3218.7
23,3218.7
19,3219.2
7,3219.4
4,3219.5
20,3220.2
9,3220.3
16,3220.3
28,3220.7
10,3220.7
25,3221.1
0,3221.2
1,3221.4
12,3221.9
5,3222.1
30,3222.3
31,3222.6
14,3222.7
13,3222.8
6,3222.8
11,3224.0
23,3224.6
2,3224.9
27,3224.9
19,3225.2
8,3225.5
21,3225.6
7,3225.8
4,3226.0
15,3226.1
20,3227.0
14,3227.5
16,3228.4
11,3229.1
26,3229.4
23,3230.2
28,3230.2
9,3230.3
10,3230.7
24,3231.4
2,3231.6
19,3231.8
25,3232.2
1,3232.5
7,3232.7
31,3233.7
11,3234.3
4,3234.3
0,3234.6
20,3235.4
18,3235.9
23,3236.2
11,3239.7
14,3240.3
10,3243.2
23,3243.4
19,3244.2
14,3244.7
2,3245.0
11,3245.7
7,3245.8
14,3249.4
11,3253.7
14,3254.5
14,3260.1
6,3264.0
4,3264.1
19,3264.8
11,3265.2
14,3265.9
9,3271.3
2,3271.4
14,3271.8
19,3272.3
14,3278.5
19,3280.8
16,3282.0
0,3282.1
25,3282.2
1,3282.3
2,3282.5
20,3282.8
23,3284.0
28,3284.3
7,3284.6
30,3284.7
14,3285.0
14,3291.4
11,3291.7
4,3292.0
2,3292.3
6,3292.4
19,3292.5
23,3292.5
10,3292.7
13,3292.7
31,3292.7
9,3292.7
5,3292.9
15,3293.0
21,3293.1
8,3293.1
12,3293.1
27,3293.2
16,3293.3
7,3293.3
26,3293.6
20,3293.9
28,3294.5
25,3294.6
0,3294.7
1,3294.9
30,3296.5
14,3297.0
11,3298.4
4,3299.0
23,3299.0
2,3299.1
19,3299.3
7,3300.3
10,3300.6
9,3300.7
6,3301.4
16,3301.4
14,3301.7
20,3301.8
12,3302.0
5,3302.2
31,3302.7
13,3302.7
28,3303.5
11,3303.7
27,3304.7
23,3304.7
25,3305.1
2,3305.3
19,3305.3
8,3305.3
4,3305.4
21,3305.5
1,3305.8
15,3306.0
0,3306.6
7,3306.7
11,3308.8
20,3309.5
9,3310.1
10,3310.2
23,3310.4
19,3311.4
4,3312.1
2,3312.3
16,3312.6
6,3313.1
11,3313.8
7,3314.1
26,3315.0
25,3315.2
31,3315.4
1,3315.6
0,3316.0
23,3316.4
20,3317.5
19,3318.4
11,3318.7
2,3320.2
4,3320.9
10,3321.2
16,3323.0
14,3323.7
11,3324.0
23,3324.0
14,3327.8
11,3329.6
14,3332.3
11,3336.1
14,3337.1
14,3342.5
14,3348.4
9,3349.4
19,3349.4
2,3349.5
11,3352.0
6,3352.2
4,3352.3
14,3354.5
19,3357.6
14,3361.0
2,3363.9
16,3363.9
0,3364.0
25,3364.1
1,3364.2
20,3364.7
19,3370.6
14,3371.4
23,3371.8
11,3371.8
4,3372.1
7,3372.2
2,3372.6
6,3372.6
9,3372.6
28,3372.6
13,3372.7
10,3372.7
31,3372.8
5,3372.9
30,3373.0
8,3373.1
21,3373.1
15,3373.1
12,3373.1
27,3373.2
26,3373.6
16,3373.9
20,3374.1
25,3374.8
0,3375.3
1,3375.4
19,3377.5
14,3377.7
11,3378.5
23,3378.7
4,3379.0
2,3379.2
7,3379.4
9,3380.5
10,3380.6
28,3380.6
6,3381.7
20,3381.8
12,3381.9
16,3382.1
5,3382.2
30,3382.2
14,3382.5
13,3382.7
31,3382.8
19,3383.5
11,3383.8
23,3384.5
27,3384.7
25,3385.0
8,3385.1
2,3385.3
21,3385.5
4,3385.5
7,3385.7
15,3385.9
1,3386.3
0,3387.3
14,3387.4
11,3388.9
26,3389.3
20,3389.4
19,3389.7
28,3390.1
23,3390.1
9,3390.1
10,3390.8
7,3392.4
2,3392.4
11,3394.0
16,3394.3
4,3394.3
31,3395.4
23,3395.8
14,3395.9
19,3398.7
11,3399.6
14,3400.2
23,3402.3
10,3402.7
7,3404.4
14,3404.5
6,3405.0
11,3405.1
4,3406.8
19,3407.4
14,3409.1
11,3410.8
14,3413.6
11,3417.1
14,3418.4
14,3423.6
11,3428.4
14,3429.3
9,3429.7
19,3429.7
2,3429.8
14,3435.9
23,3437.2
28,3437.5
7,3437.8
30,3437.9
19,3441.6
14,3443.0
6,3445.3
4,3445.4
11,3445.7
23,3449.2
14,3450.0
19,3452.1
14,3459.5
14,3756.6
0,3756.8
16,3756.8
11,3756.9
2,3756.9
23,3756.9
4,3757.2
7,3757.2
8,3757.4
6,3757.6
28,3757.7
20,3757.7
10,3757.8
25,3757.8
31,3757.8
1,3757.9
19,3757.9
13,3757.9
5,3758.1
30,3758.1
15,3758.2
12,3758.3
21,3758.3
27,3758.3
26,3758.7
14,3763.1
11,3763.6
16,3763.6
2,3763.8
0,3763.8
23,3763.9
4,3764.2
7,3764.7
8,3764.7
20,3765.5
28,3766.0
10,3766.0
25,3766.6
6,3766.9
1,3767.0
12,3767.4
30,3767.7
5,3767.8
14,3767.9
19,3768.4
31,3768.5
13,3768.8
11,3769.0
16,3769.4
2,3769.8
23,3769.8
0,3770.0
27,3770.7
4,3770.9
15,3771.3
7,3771.3
21,3771.8
14,3772.6
20,3772.7
8,3772.7
11,3774.4
16,3775.2
23,3775.5
2,3776.0
10,3776.4
0,3776.8
14,3777.1
9,3777.1
28,3777.4
26,3777.5
7,3778.8
1,3779.0
11,3779.8
4,3781.4
14,3781.5
23,3781.6
16,3781.7
20,3783.2
2,3785.4
11,3785.7
14,3786.1
10,3789.6
23,3790.3
14,3791.1
11,3793.0
16,3793.7
14,3796.6
14,3802.8
14,3816.9
11,3823.8
6,3824.2
4,3824.3
19,3824.4
14,3825.5
14,3836.5
16,3836.6
0,3836.7
2,3836.8
23,3836.8
7,3837.1
11,3837.1
8,3837.2
28,3837.6
20,3837.6
4,3837.6
31,3837.7
10,3837.7
13,3837.7
25,3837.7
1,3837.8
5,3837.9
30,3838.0
15,3838.0
21,3838.1
12,3838.1
27,3838.2
26,3838.6
6,3838.8
19,3839.3
14,3842.9
16,3843.4
0,3843.6
2,3843.6
23,3843.7
11,3843.7
4,3844.5
8,3844.5
7,3844.5
20,3845.2
10,3845.6
28,3845.7
25,3846.1
1,3846.3
12,3847.0
5,3847.1
30,3847.3
31,3847.7
14,3847.8
13,3847.9
6,3848.1
16,3849.1
11,3849.1
19,3849.6
23,3849.6
2,3849.6
0,3849.7
27,3849.9
21,3850.6
15,3850.7
7,3850.8
4,3851.0
8,3851.6
20,3852.1
14,3852.6
11,3854.2
16,3854.6
23,3855.2
10,3855.5
2,3855.7
24,3856.3
0,3856.5
28,3856.6
14,3857.0
25,3857.3
7,3857.7
1,3857.9
11,3859.4
4,3859.8
18,3860.1
16,3860.3
20,3860.7
23,3861.1
14,3861.2
2,3863.9
11,3864.8
8,3865.2
14,3865.5
16,3866.4
10,3867.5
23,3868.1
14,3870.1
11,3870.8
14,3875.0
16,3875.6
11,3878.7
14,3880.6
14,3886.8
6,3889.0
4,3889.1
19,3889.2
11,3890.1
0,3892.8
16,3893.1
2,3893.2
14,3893.4
8,3893.5
14,3903.1
16,3904.9
2,3906.9
0,3907.1
25,3907.2
1,3907.3
20,3907.8
23,3909.0
28,3909.3
7,3909.5
30,3909.7
14,3910.6
16,3913.5
11,3916.7
14,3916.8
2,3917.0
4,3917.0
0,3917.3
8,3917.3
6,3917.4
23,3917.5
19,3917.6
13,3917.7
31,3917.7
10,3917.7
5,3917.9
21,3918.1
15,3918.1
12,3918.1
27,3918.2
7,3918.3
26,3918.6
20,3918.9
25,3919.6
28,3919.6
16,3919.8
1,3919.8
30,3921.4
14,3922.2
11,3923.4
2,3923.6
4,3924.0
23,3924.0
0,3924.0
8,3924.5
16,3925.1
7,3925.3
10,3925.6
6,3926.4
20,3926.9
14,3927.0
12,3927.1
5,3927.2
19,3927.6
13,3927.7
31,3927.7
11,3928.6
28,3928.9
2,3929.5
27,3929.7
23,3929.8
15,3930.0
25,3930.1
16,3930.1
0,3930.2
1,3930.3
4,3930.4
21,3930.5
8,3931.4
7,3931.8
11,3933.7
9,3933.8
10,3934.2
16,3935.1
23,3935.5
20,3935.5
2,3935.7
4,3937.1
0,3937.5
6,3938.2
11,3938.7
19,3939.0
7,3939.6
16,3940.1
25,3940.1
1,3940.2
23,3941.5
2,3942.2
10,3943.6
11,3943.6
20,3944.7
8,3945.0
16,3945.0
4,3945.9
0,3946.7
11,3948.7
14,3948.7
23,3949.4
16,3950.0
2,3950.1
14,3953.1
11,3954.3
16,3955.4
14,3957.7
11,3960.5
16,3961.3
14,3962.8
14,3968.5
16,3968.8
11,3971.8
0,3973.1
2,3973.4
8,3973.8
14,3975.1
16,3975.9
6,3977.2
4,3977.2
19,3977.4
11,3980.4
14,3982.4
16,3984.9
0,3986.4
2,3986.8
25,3989.1
1,3989.2
20,3989.7
16,3992.3
14,3995.6
2,3996.2
0,3996.4
11,3996.8
23,3996.8
4,3997.1
7,3997.2
8,3997.3
6,3997.6
28,3997.6
10,3997.7
13,3997.7
19,3997.8
31,3997.8
5,3997.9
30,3998.0
12,3998.1
15,3998.1
21,3998.1
27,3998.2
16,3998.4
26,3998.6
20,3999.1
25,3999.8
1,4000.0
14,4001.9
2,4002.7
0,4003.0
11,4003.5
23,4003.7
16,4003.9
4,4004.0
7,4004.5
8,4004.5
10,4005.6
28,4005.6
6,4006.8
14,4006.8
20,4006.8
12,4007.0
5,4007.1
30,4007.2
19,4007.6
13,4007.6
31,4007.9
2,4008.4
11,4008.7
16,4008.9
0,4009.0
23,4009.5
27,4009.7
25,4009.8
15,4009.9
1,4010.4
4,4010.4
21,4010.5
7,4010.8
8,4011.5
11,4013.8
16,4013.8
2,4014.3
20,4014.8
23,4015.1
0,4015.5
10,4015.5
28,4016.1
7,4017.5
16,4018.9
11,4018.9
4,4019.1
18,4020.0
23,4020.9
2,4021.1
29,4022.8
16,4024.4
14,4024.4
11,4024.4
10,4026.7
23,4027.5
0,4028.4
14,4028.7
11,4029.8
6,4030.0
19,4030.3
16,4030.4
7,4030.8
4,4031.7
14,4033.3
11,4035.4
14,4038.0
16,4039.1
11,4041.5
14,4043.0
14,4048.4
11,4050.3
0,4053.1
2,4053.4
16,4053.6
8,4053.7
14,4054.5
14,4062.0
23,4062.2
28,4062.5
7,4062.8
30,4062.9
16,4065.8
0,4066.8
14,4069.6
11,4070.2
6,4070.3
4,4070.4
19,4070.5
23,4074.2
14,4077.7
16,4100.6
0,4100.8
2,4101.2
8,4101.5
16,4112.5
14,4381.6
11,4381.7
16,4381.9
23,4381.9
7,4382.0
4,4382.0
0,4382.1
6,4382.2
8,4382.3
30,4382.5
2,4382.5
21,4382.6
28,4382.7
10,4382.8
31,4382.8
29,4382.9
13,4382.9
19,4382.9
5,4383.1
15,4383.2
27,4383.3
12,4383.3
20,4383.5
26,4383.7
14,4388.1
11,4388.3
4,4388.7
23,4388.9
7,4388.9
6,4389.3
16,4389.5
8,4389.6
30,4389.9
0,4390.0
2,4390.5
21,4390.6
10,4391.0
28,4391.1
29,4392.1
12,4392.4
5,4392.8
14,4392.9
11,4393.2
31,4393.5
19,4393.5
13,4393.8
4,4394.2
7,4394.5
23,4394.8
20,4395.6
27,4395.7
15,4396.3
6,4396.3
30,4397.3
14,4397.6
8,4397.8
11,4397.9
16,4398.3
1,4398.8
4,4399.8
7,4399.9
23,4400.4
21,4400.8
0,4400.9
10,4401.4
2,4401.8
14,4402.1
22,4402.2
28,4402.4
26,4402.5
11,4402.6
7,4405.5
24,4405.9
4,4405.9
14,4406.5
23,4406.5
31,4407.1
11,4407.3
6,4408.6
14,4411.1
30,4411.2
7,4411.6
11,4412.3
23,4414.1
10,4414.5
4,4414.5
14,4416.1
11,4417.8
7,4420.7
14,4421.6
11,4423.8
14,4427.7
11,4432.3
14,4438.1
6,4449.2
4,4449.3
19,4449.4
11,4449.4
14,4450.3
16,4460.7
0,4460.9
2,4461.3
8,4461.5
14,4461.7
23,4461.8
11,4461.8
7,4461.9
4,4462.1
30,4462.4
21,4462.4
28,4462.6
6,4462.6
10,4462.7
31,4462.7
13,4462.7
29,4462.7
5,4462.9
15,4463.0
12,4463.1
27,4463.2
20,4463.3
26,4463.6
19,4464.2
16,4468.1
14,4468.2
11,4468.3
0,4468.6
7,4468.7
4,4468.7
23,4468.7
8,4468.7
2,4469.1
30,4469.6
6,4469.6
21,4470.2
10,4470.6
28,4470.7
29,4471.6
12,4472.0
5,4472.1
31,4472.7
13,4472.7
14,4473.0
11,4473.1
19,4474.0
20,4474.0
4,4474.2
7,4474.2
23,4474.5
27,4474.7
15,4475.6
16,4475.9
8,4475.9
6,4476.3
30,4476.6
1,4477.7
14,4477.8
11,4477.9
0,4478.0
22,4478.9
21,4479.0
7,4479.5
2,4479.6
4,4479.6
23,4480.1
10,4480.3
28,4481.5
25,4481.6
14,4482.2
11,4482.4
7,4484.8
4,4485.2
31,4485.5
6,4485.5
23,4485.8
14,4486.5
11,4486.8
30,4488.6
7,4490.5
14,4490.8
4,4491.4
11,4491.5
10,4491.7
23,4492.0
14,4495.3
11,4496.4
7,4496.9
14,4500.3
4,4501.0
11,4501.8
23,4502.1
14,4505.7
11,4507.7
7,4511.1
14,4511.7
11,4513.7
6,4513.9
19,4514.2
4,4515.5
14,4518.0
11,4520.5
16,4520.6
0,4520.8
2,4521.2
8,4521.5
14,4525.5
11,4532.2
16,4532.3
23,4534.0
28,4534.3
7,4534.7
30,4534.7
14,4534.9
14,4541.7
4,4541.8
6,4542.0
11,4542.0
8,4542.3
21,4542.4
0,4542.4
23,4542.4
7,4542.5
19,4542.6
2,4542.7
31,4542.7
29,4542.7
10,4542.7
13,4542.7
5,4542.9
15,4543.0
12,4543.1
27,4543.2
20,4543.3
16,4543.4
30,4543.5
26,4543.6
28,4544.6
14,4547.4
4,4548.4
11,4548.5
7,4548.8
23,4548.9
6,4549.0
8,4549.6
21,4550.1
0,4550.2
2,4550.6
30,4550.6
10,4550.6
16,4551.0
29,4551.5
12,4552.1
5,4552.1
14,4552.1
19,4552.1
13,4552.6
31,4552.7
11,4553.3
4,4553.8
28,4553.9
20,4554.1
7,4554.2
27,4554.4
23,4554.6
15,4555.6
6,4555.7
8,4556.5
30,4557.7
1,4557.9
11,4558.0
16,4558.6
21,4558.8
4,4559.2
7,4559.4
10,4559.5
0,4559.9
23,4560.2
2,4561.1
6,4562.5
19,4563.3
4,4564.5
7,4564.8
31,4565.6
23,4566.1
10,4568.6
4,4569.8
14,4569.9
7,4570.5
11,4571.3
6,4572.0
23,4572.9
14,4573.9
4,4575.5
11,4575.6
7,4577.2
14,4578.3
11,4580.1
4,4582.0
14,4583.0
11,4585.0
14,4588.1
11,4590.4
14,4593.8
11,4596.3
16,4596.5
0,4596.7
2,4597.1
8,4597.4
14,4600.3
4,4602.2
6,4602.2
11,4602.3
19,4602.4
14,4607.3
16,4608.1
11,4608.9
14,4619.4
11,4620.4
4,4621.8
23,4621.8
7,4621.9
6,4622.1
8,4622.2
0,4622.2
21,4622.4
30,4622.4
2,4622.5
28,4622.6
16,4622.7
10,4622.7
13,4622.7
29,4622.7
19,4622.8
31,4622.8
5,4622.9
12,4623.1
15,4623.1
27,4623.2
20,4623.4
26,4623.6
14,4625.7
11,4626.7
4,4628.5
23,4628.7
7,4628.7
6,4629.1
8,4629.5
30,4629.6
21,4630.1
0,4630.1
16,4630.3
2,4630.4
14,4630.5
10,4630.6
28,4630.7
29,4631.5
11,4631.5
12,4632.0
5,4632.2
19,4632.4
13,4632.6
31,4632.8
4,4633.8
20,4634.1
7,4634.2
23,4634.5
27,4634.6
15,4635.5
6,4635.8
11,4636.2
8,4636.5
30,4636.5
1,4637.6
16,4637.9
22,4638.9
21,4639.0
4,4639.2
7,4639.5
23,4640.1
0,4640.2
10,4640.4
11,4640.7
2,4641.2
28,4641.6
4,4644.7
7,4644.8
11,4644.9
23,4645.8
31,4646.1
6,4646.4
30,4647.9
11,4649.3
7,4650.6
4,4650.8
10,4651.5
23,4652.2
11,4653.7
19,4655.2
7,4657.1
4,4657.1
6,4657.2
11,4658.5
11,4663.3
4,4664.5
14,4665.0
23,4666.5
11,4668.4
14,4669.3
11,4674.0
14,4674.0
14,4679.1
16,4679.4
0,4679.6
2,4680.0
11,4680.2
8,4680.3
14,4684.8
23,4687.5
28,4687.5
7,4687.7
30,4687.9
14,4690.6
16,4691.3
11,4691.7
6,4695.3
4,4695.4
19,4695.5
14,4696.3
23,4699.8
11,4701.3
14,4701.9
14,4707.8
14,4715.1
16,4728.5
0,4728.7
2,4729.1
8,4729.4
16,4740.9
14,5006.6
11,5006.7
16,5006.9
23,5006.9
7,5007.0
0,5007.1
30,5007.1
6,5007.1
4,5007.2
8,5007.3
2,5007.5
21,5007.6
22,5007.7
28,5007.7
5,5007.7
10,5007.8
29,5007.8
31,5007.8
13,5007.9
19,5007.9
12,5008.0
15,5008.2
27,5008.3
20,5008.5
26,5008.7
14,5013.1
11,5013.2
30,5013.8
7,5013.8
23,5013.9
6,5014.2
4,5014.2
16,5014.5
8,5014.6
0,5015.0
21,5015.5
2,5015.5
5,5016.0
10,5016.0
28,5016.1
29,5016.9
22,5016.9
14,5017.9
11,5018.1
19,5018.5
31,5018.5
12,5018.6
13,5018.8
7,5019.4
30,5019.5
23,5019.8
20,5020.5
27,5020.7
4,5020.9
6,5021.1
15,5021.3
8,5022.4
14,5022.6
11,5022.9
16,5023.3
24,5023.9
7,5024.9
30,5025.3
23,5025.5
0,5026.3
10,5026.7
28,5026.9
14,5027.1
2,5027.1
21,5027.4
11,5027.6
26,5027.9
5,5028.0
4,5029.9
7,5030.5
22,5030.7
23,5031.5
14,5031.6
30,5031.6
11,5032.4
6,5032.6
14,5036.2
7,5036.7
11,5037.4
23,5038.9
10,5040.3
14,5041.2
30,5042.9
11,5043.0
14,5046.7
7,5046.7
11,5049.1
14,5052.9
11,5059.6
14,5065.1
6,5074.2
4,5074.3
19,5074.4
11,5074.9
14,5075.9
16,5085.7
0,5085.9
2,5086.3
8,5086.5
14,5086.8
23,5086.8
7,5086.9
30,5086.9
11,5086.9
21,5087.4
5,5087.5
22,5087.5
28,5087.6
4,5087.6
6,5087.6
31,5087.7
10,5087.7
29,5087.7
13,5087.7
12,5087.8
15,5088.0
27,5088.2
20,5088.3
26,5088.6
19,5089.3
16,5093.1
14,5093.2
11,5093.3
0,5093.6
30,5093.6
8,5093.7
7,5093.7
23,5093.7
2,5094.1
4,5094.5
6,5094.6
21,5095.2
5,5095.5
10,5095.6
28,5095.7
22,5096.2
29,5096.5
13,5097.5
31,5097.7
14,5098.1
12,5098.1
11,5098.2
20,5098.9
30,5099.2
7,5099.3
19,5099.3
23,5099.5
27,5100.0
15,5100.1
16,5100.6
4,5100.9
8,5101.1
6,5101.4
14,5102.8
11,5102.9
0,5102.9
2,5104.2
7,5104.5
30,5104.8
23,5105.1
10,5105.4
21,5105.9
28,5106.4
14,5107.1
5,5107.2
11,5107.4
22,5107.5
4,5109.1
7,5109.9
30,5110.7
23,5110.9
14,5111.4
11,5111.9
6,5112.3
7,5115.7
14,5115.8
11,5116.6
10,5117.0
23,5117.4
30,5117.6
14,5120.5
11,5121.6
7,5122.3
14,5125.6
11,5127.1
14,5131.3
11,5133.2
14,5137.6
6,5138.9
4,5139.0
19,5139.2
11,5139.5
22,5144.3
5,5144.4
30,5144.4
14,5144.6
12,5144.7
16,5145.6
0,5145.8
2,5146.2
8,5146.5
11,5146.5
14,5157.1
16,5157.5
30,5158.0
23,5159.0
28,5159.3
7,5159.6
14,5166.1
11,5166.5
4,5167.0
6,5167.0
30,5167.3
8,5167.3
21,5167.4
23,5167.4
0,5167.4
7,5167.5
19,5167.6
2,5167.7
31,5167.7
29,5167.7
13,5167.7
22,5167.7
5,5167.7
10,5167.7
12,5167.9
15,5168.0
27,5168.2
20,5168.3
16,5168.5
26,5168.6
28,5169.6
14,5172.2
11,5173.0
30,5173.8
7,5173.9
23,5174.0
6,5174.0
4,5174.0
8,5174.6
0,5175.2
21,5175.2
10,5175.5
2,5175.6
5,5175.7
16,5176.2
22,5176.2
29,5176.3
14,5176.9
19,5177.4
13,5177.5
31,5177.7
11,5177.8
12,5178.1
28,5178.3
20,5179.0
7,5179.3
30,5179.3
27,5179.3
15,5179.4
23,5179.7
4,5180.4
6,5180.8
14,5181.6
8,5181.6
11,5182.5
10,5184.0
26,5184.3
16,5184.6
7,5184.6
30,5184.8
0,5185.1
23,5185.3
2,5186.0
14,5186.0
5,5186.1
21,5186.1
4,5187.0
11,5187.1
6,5187.5
19,5188.8
22,5189.1
7,5190.0
30,5190.5
23,5191.1
31,5191.2
11,5191.5
20,5192.9
10,5193.1
14,5194.9
4,5195.2
8,5195.3
11,5195.7
7,5195.9
6,5196.7
30,5197.0
23,5197.8
14,5199.0
11,5200.1
7,5203.0
14,5203.4
11,5204.6
14,5208.0
11,5209.6
14,5213.1
11,5215.0
14,5218.8
11,5221.0
16,5221.5
0,5221.7
2,5222.1
8,5222.3
5,5223.2
22,5223.2
30,5223.3
12,5223.6
14,5225.2
11,5227.2
6,5227.2
4,5227.3
19,5227.4
14,5232.1
16,5233.0
11,5234.3
14,5243.2
11,5246.8
23,5246.8
7,5246.9
30,5247.0
4,5247.1
6,5247.1
8,5247.2
0,5247.2
21,5247.4
2,5247.5
28,5247.6
29,5247.7
16,5247.7
10,5247.7
22,5247.7
5,5247.7
13,5247.7
19,5247.8
31,5247.8
12,5248.0
15,5248.1
27,5248.2
20,5248.4
26,5248.6
14,5249.5
11,5253.2
23,5253.7
7,5253.7
30,5253.7
4,5254.1
6,5254.1
14,5254.4
8,5254.5
0,5255.0
21,5255.2
16,5255.3
2,5255.4
28,5255.5
10,5255.5
5,5255.6
29,5256.2
22,5256.3
13,5257.4
19,5257.5
31,5257.8
11,5258.1
12,5258.5
20,5258.8
7,5259.2
30,5259.3
15,5259.4
23,5259.5
27,5259.6
4,5260.4
6,5260.8
8,5261.7
11,5262.8
16,5263.2
7,5264.5
30,5264.8
10,5264.9
23,5265.0
0,5265.6
28,5265.8
21,5265.8
2,5266.3
5,5266.7
26,5267.1
11,5267.3
4,5268.4
22,5269.2
7,5269.9
30,5270.6
23,5270.6
31,5270.8
11,5271.8
6,5272.5
10,5275.3
7,5275.7
11,5276.5
23,5276.7
30,5277.3
19,5280.3
4,5281.3
11,5281.4
7,5282.3
6,5282.3
11,5286.2
23,5286.4
14,5289.0
11,5291.3
14,5293.2
11,5296.8
14,5297.6
14,5302.5
11,5302.9
5,5303.2
22,5303.2
30,5303.3
12,5303.5
16,5304.4
0,5304.6
2,5305.0
8,5305.3
14,5307.9
23,5312.1
28,5312.5
7,5312.7
11,5312.8
30,5313.3
14,5313.4
16,5316.4
14,5318.8
6,5320.3
4,5320.4
19,5320.5
11,5321.5
23,5323.8
14,5324.2
30,5326.4
14,5329.7
11,5334.8
14,5335.6
14,5343.1
16,5353.5
0,5353.7
2,5354.1
8,5354.4
16,5366.0
14,5631.6
4,5631.8
11,5631.8
23,5631.9
16,5631.9
7,5632.0
30,5632.0
8,5632.0
0,5632.1
6,5632.1
26,5632.4
2,5632.5
22,5632.6
5,5632.6
28,5632.7
31,5632.8
10,5632.8
29,5632.8
12,5632.9
19,5632.9
15,5633.2
27,5633.3
21,5633.4
20,5633.5
14,5638.1
4,5638.5
11,5638.5
30,5638.7
8,5638.8
7,5638.8
23,5638.9
6,5639.2
16,5639.5
26,5639.7
0,5640.0
2,5640.5
5,5640.8
28,5641.0
10,5641.0
22,5641.7
29,5641.9
14,5642.9
12,5643.4
31,5643.5
19,5643.5
4,5643.8
11,5643.8
7,5644.4
30,5644.5
8,5644.6
23,5644.8
20,5645.5
27,5645.7
6,5646.1
15,5646.2
26,5646.5
1,5647.5
14,5647.6
4,5648.8
24,5648.9
11,5649.1
16,5649.2
7,5649.9
30,5650.2
23,5650.4
8,5650.4
18,5650.5
0,5650.9
28,5651.1
5,5651.3
13,5651.3
10,5651.8
2,5651.9
14,5652.1
3,5653.6
4,5654.0
11,5654.4
22,5655.2
7,5655.6
23,5656.2
30,5656.4
14,5656.5
8,5656.7
6,5657.7
26,5658.0
4,5659.5
11,5660.1
14,5661.1
7,5661.9
23,5662.9
4,5665.4
14,5666.0
11,5666.4
30,5666.6
8,5668.4
14,5671.4
4,5673.2
7,5676.0
14,5677.5
11,5679.7
14,5686.7
6,5699.2
11,5699.3
4,5699.3
19,5699.4
14,5700.1
16,5710.7
0,5710.9
2,5711.3
8,5711.4
14,5711.7
23,5711.8
30,5711.9
7,5711.9
4,5712.0
11,5712.0
26,5712.3
5,5712.5
22,5712.5
28,5712.6
6,5712.6
29,5712.7
10,5712.7
31,5712.7
12,5712.8
15,5713.0
27,5713.2
20,5713.3
21,5713.3
19,5714.2
16,5718.1
8,5718.1
14,5718.2
30,5718.6
11,5718.6
0,5718.6
4,5718.6
23,5718.7
7,5718.7
2,5719.1
26,5719.4
6,5719.6
5,5720.5
28,5720.6
10,5720.7
22,5721.2
29,5721.5
31,5722.8
14,5723.1
12,5723.1
11,5723.8
20,5723.8
8,5723.8
4,5723.9
19,5724.2
7,5724.3
30,5724.3
23,5724.5
27,5725.1
15,5725.3
26,5726.1
6,5726.4
16,5726.4
14,5727.7
0,5727.9
13,5727.9
2,5728.5
11,5728.8
4,5728.8
8,5729.3
7,5729.6
30,5729.9
5,5730.0
23,5730.0
28,5730.6
18,5730.6
10,5731.2
25,5731.6
14,5732.1
22,5733.4
11,5733.7
4,5733.8
3,5734.2
29,5734.4
7,5734.9
8,5734.9
23,5735.6
26,5735.6
24,5735.7
30,5735.8
14,5736.4
6,5737.0
11,5738.9
4,5739.0
7,5740.7
14,5740.7
8,5740.9
23,5741.8
30,5743.2
11,5744.4
10,5744.5
4,5744.6
14,5745.4
7,5747.2
8,5748.8
14,5750.4
11,5750.6
4,5750.9
23,5751.6
14,5755.9
11,5761.1
4,5761.6
14,5762.2
6,5763.9
19,5764.2
14,5768.8
5,5769.2
22,5769.2
30,5769.4
12,5769.6
16,5770.6
0,5770.8
11,5770.9
2,5771.2
8,5771.3
4,5772.2
14,5779.0
16,5782.8
23,5784.0
28,5784.3
30,5784.5
7,5784.6
14,5786.6
4,5791.2
8,5791.3
26,5791.5
11,5791.5
6,5792.0
23,5792.4
0,5792.4
7,5792.5
14,5792.5
30,5792.6
19,5792.6
10,5792.7
29,5792.7
2,5792.7
31,5792.7
22,5792.7
5,5792.7
12,5793.0
15,5793.0
27,5793.2
20,5793.3
21,5793.3
16,5793.6
28,5794.5
14,5797.6
4,5797.8
8,5798.0
11,5798.2
26,5798.7
7,5798.9
30,5798.9
6,5799.0
23,5799.0
0,5800.2
2,5800.6
10,5800.6
5,5800.7
29,5801.2
22,5801.3
16,5801.3
19,5802.2
31,5802.8
28,5803.0
4,5803.0
11,5803.4
12,5803.5
8,5803.7
20,5803.8
7,5804.3
30,5804.4
27,5804.5
23,5804.7
15,5804.9
26,5805.2
6,5805.8
18,5806.1
13,5807.4
4,5807.9
11,5808.4
8,5809.3
0,5809.6
16,5809.6
7,5809.6
30,5810.0
23,5810.2
2,5810.5
5,5810.8
10,5811.1
4,5812.6
6,5812.7
11,5813.2
26,5813.8
19,5813.8
3,5813.9
8,5815.0
7,5815.1
22,5815.2
31,5815.7
30,5815.9
23,5816.1
4,5817.3
11,5817.9
7,5821.0
8,5821.5
4,5822.0
11,5822.7
6,5822.8
23,5822.9
30,5823.0
10,5823.9
4,5827.1
11,5828.0
7,5828.6
14,5832.1
4,5832.7
11,5833.7
8,5834.5
14,5836.5
4,5838.8
11,5840.3
14,5841.3
16,5846.5
0,5846.7
14,5846.7
2,5847.1
22,5848.2
5,5848.2
30,5848.4
4,5848.4
12,5848.6
8,5849.1
14,5852.0
6,5852.1
19,5852.4
11,5852.6
4,5857.2
14,5857.6
26,5858.0
16,5858.8
8,5859.0
14,5863.5
4,5865.3
14,5870.8
8,5871.1
11,5871.7
23,5871.8
7,5871.9
30,5872.0
0,5872.1
6,5872.1
4,5872.2
2,5872.5
28,5872.6
29,5872.7
26,5872.7
10,5872.7
22,5872.7
5,5872.7
31,5872.8
19,5872.8
12,5872.9
16,5872.9
15,5873.1
27,5873.2
21,5873.3
20,5873.4
14,5876.6
8,5877.8
4,5878.2
11,5878.4
23,5878.7
7,5878.7
30,5878.7
6,5879.1
26,5880.0
0,5880.0
2,5880.4
10,5880.5
28,5880.5
16,5880.6
5,5880.7
29,5881.1
22,5881.4
14,5881.6
19,5882.4
31,5882.9
4,5883.1
8,5883.2
12,5883.3
11,5883.5
20,5883.7
30,5884.3
7,5884.3
15,5884.4
23,5884.5
27,5884.7
18,5884.8
6,5885.9
26,5886.4
13,5886.8
4,5887.9
8,5888.5
11,5888.5
16,5889.2
7,5889.5
23,5889.9
30,5889.9
0,5890.0
28,5890.3
10,5890.8
2,5891.1
5,5892.0
4,5892.6
11,5893.4
8,5893.9
26,5893.9
7,5894.9
23,5895.5
30,5895.8
31,5896.3
6,5896.6
20,5896.8
4,5897.3
11,5898.5
8,5899.5
7,5900.7
23,5901.5
4,5902.3
10,5902.7
30,5902.9
14,5903.1
11,5903.8
19,5905.2
8,5905.7
6,5907.2
4,5907.4
7,5907.4
14,5907.6
11,5909.4
23,5909.7
14,5911.9
4,5912.6
11,5915.3
8,5915.8
14,5916.4
4,5918.1
14,5921.1
11,5922.0
4,5924.0
14,5926.3
22,5928.1
5,5928.1
30,5928.3
12,5928.5
16,5929.4
0,5929.6
2,5930.0
8,5931.5
4,5931.7
14,5932.0
26,5936.6
23,5937.2
28,5937.5
7,5937.7
14,5937.8
30,5938.3
4,5938.7
8,5939.2
16,5941.6
14,5943.7
11,5944.8
6,5945.3
4,5945.3
19,5945.5
23,5949.1
8,5949.1
14,5950.0
30,5951.6
4,5952.8
14,5957.0
11,5958.3
16,5978.5
0,5978.7
2,5979.1
8,5979.4
16,5991.2
14,6256.7
4,6256.8
8,6256.9
16,6256.9
11,6256.9
30,6257.0
0,6257.1
6,6257.1
7,6257.3
28,6257.4
26,6257.4
23,6257.4
2,6257.5
5,6257.6
22,6257.6
24,6257.7
10,6257.8
29,6257.8
19,6257.9
12,6257.9
27,6258.3
21,6258.4
17,6258.5
14,6263.4
4,6263.5
30,6263.7
8,6263.8
11,6263.9
6,6264.2
16,6264.5
7,6264.6
26,6264.7
28,6264.7
0,6265.0
23,6265.5
2,6265.5
5,6265.8
10,6266.0
22,6266.7
24,6266.7
29,6266.9
12,6268.4
19,6268.5
14,6268.7
4,6268.8
30,6269.5
8,6269.6
11,6270.6
27,6270.8
6,6271.2
28,6271.3
7,6271.5
26,6271.6
18,6272.6
16,6273.5
14,6273.7
4,6273.9
17,6274.0
20,6274.5
23,6275.0
30,6275.1
13,6275.4
0,6275.4
8,6275.5
5,6276.6
22,6276.9
2,6276.9
10,6277.0
14,6278.9
11,6279.1
4,6279.1
3,6280.5
28,6280.9
30,6281.1
8,6281.7
7,6282.3
26,6283.5
14,6284.5
4,6284.6
30,6288.7
4,6290.7
14,6290.8
8,6291.5
4,6299.5
11,6323.7
14,6323.8
4,6324.1
6,6324.2
19,6324.4
16,6335.7
0,6335.9
2,6336.3
8,6336.4
14,6336.4
30,6336.9
4,6337.0
11,6337.1
7,6337.2
26,6337.3
28,6337.3
23,6337.3
5,6337.5
22,6337.5
24,6337.5
6,6337.6
10,6337.7
29,6337.7
12,6337.8
27,6338.2
21,6338.3
17,6338.3
19,6339.3
14,6343.0
8,6343.1
16,6343.2
4,6343.6
30,6343.6
0,6343.6
11,6344.0
2,6344.1
7,6344.4
28,6344.4
26,6344.4
6,6344.7
23,6345.1
5,6345.5
10,6345.7
24,6346.1
22,6346.2
29,6346.5
12,6348.0
14,6348.2
8,6348.8
4,6348.9
30,6349.2
19,6349.2
27,6350.1
11,6350.4
28,6350.7
7,6351.0
16,6351.1
26,6351.2
6,6351.4
18,6352.0
0,6352.7
13,6353.1
14,6353.2
17,6353.4
23,6353.9
4,6353.9
20,6354.2
8,6354.3
2,6354.3
30,6354.8
5,6355.7
22,6356.0
10,6356.3
25,6356.6
11,6357.5
28,6358.1
14,6358.2
4,6359.0
7,6359.2
8,6359.8
30,6360.5
24,6360.5
26,6360.9
6,6363.0
14,6363.6
4,6364.3
8,6365.7
30,6366.9
14,6369.4
10,6369.7
4,6370.0
8,6372.6
4,6376.5
14,6376.7
30,6379.9
11,6388.5
6,6389.1
19,6389.2
4,6389.5
14,6389.7
22,6394.2
5,6394.2
12,6394.6
30,6395.5
16,6395.6
0,6395.8
2,6396.2
8,6396.4
11,6402.0
16,6408.0
23,6409.0
14,6409.0
28,6409.3
7,6409.6
30,6409.7
4,6411.2
26,6411.4
8,6411.4
14,6416.9
6,6417.0
11,6417.2
0,6417.4
30,6417.5
24,6417.5
19,6417.6
22,6417.7
29,6417.7
5,6417.7
10,6417.7
2,6417.7
4,6417.8
12,6417.9
27,6418.2
8,6418.2
7,6418.3
17,6418.3
21,6418.3
28,6418.3
16,6418.6
26,6418.8
23,6418.9
14,6423.1
4,6423.2
30,6423.8
8,6423.9
6,6424.0
11,6424.2
0,6425.1
7,6425.2
28,6425.2
26,6425.3
10,6425.6
2,6425.6
5,6425.7
24,6425.9
16,6426.4
22,6426.4
29,6426.4
23,6427.0
19,6427.1
14,6428.1
4,6428.1
12,6428.2
8,6428.9
30,6429.2
27,6429.5
17,6430.2
11,6430.4
6,6430.9
13,6431.3
18,6431.3
20,6431.6
26,6432.0
7,6432.1
28,6432.1
4,6432.7
14,6433.0
8,6434.0
0,6434.4
30,6434.6
16,6435.4
10,6435.7
2,6435.8
5,6436.5
11,6436.7
4,6437.3
6,6437.9
14,6437.9
24,6438.2
23,6438.5
22,6438.9
19,6439.0
8,6439.2
30,6440.1
4,6441.8
14,6442.6
28,6443.3
11,6443.7
7,6444.4
26,6444.5
8,6444.8
30,6446.1
4,6446.4
14,6447.6
10,6447.9
6,6449.0
8,6450.8
4,6451.2
14,6452.9
30,6453.9
4,6456.5
11,6456.7
14,6458.8
8,6459.5
4,6462.3
14,6466.9
4,6469.0
16,6471.5
0,6471.7
2,6472.1
5,6473.2
22,6473.2
30,6473.5
12,6473.6
8,6473.8
11,6477.1
6,6477.1
19,6477.4
4,6478.1
14,6478.3
16,6483.9
30,6486.9
14,6496.6
4,6496.7
11,6496.8
8,6496.8
0,6497.1
6,6497.1
7,6497.2
26,6497.2
28,6497.3
23,6497.3
24,6497.5
2,6497.5
30,6497.6
5,6497.6
22,6497.7
10,6497.7
29,6497.7
19,6497.8
16,6497.9
12,6498.0
27,6498.2
21,6498.3
17,6498.3
14,6503.2
4,6503.4
8,6503.6
11,6503.7
30,6504.2
6,6504.2
28,6504.4
7,6504.4
26,6504.4
0,6504.9
23,6505.0
2,6505.4
10,6505.6
5,6505.7
16,6505.7
24,6506.0
29,6506.3
22,6506.4
19,6507.4
14,6508.4
12,6508.5
4,6508.5
8,6509.3
30,6509.8
27,6509.9
11,6510.1
18,6510.4
28,6510.8
7,6511.0
6,6511.0
17,6511.0
26,6511.1
13,6512.7
23,6512.9
14,6513.4
4,6513.5
0,6513.6
20,6513.6
16,6514.8
8,6514.9
30,6515.4
2,6515.9
5,6516.2
10,6516.4
11,6517.6
22,6518.2
4,6518.4
14,6518.5
28,6518.8
7,6519.5
8,6520.7
26,6520.7
30,6521.2
6,6523.0
4,6523.6
14,6523.9
8,6527.2
30,6527.9
4,6529.0
14,6529.4
10,6529.5
11,6530.3
19,6530.3
6,6532.6
4,6534.7
14,6535.3
4,6540.7
8,6540.8
14,6541.8
4,6548.6
22,6553.2
5,6553.2
30,6553.2
12,6553.5
16,6554.4
0,6554.6
2,6555.0
8,6556.6
23,6562.2
14,6562.4
28,6562.5
7,6562.7
26,6562.8
30,6563.2
4,6563.3
8,6564.3
16,6567.0
11,6569.9
14,6570.2
6,6570.3
19,6570.5
4,6570.9
8,6573.7
23,6574.7
30,6575.8
28,6575.8
14,6579.0
4,6579.7
16,6603.5
0,6603.7
2,6604.1
8,6604.4
16,6616.5
4,6881.6
14,6881.7
11,6881.9
16,6881.9
30,6882.0
8,6882.1
0,6882.1
12,6882.1
6,6882.1
7,6882.3
23,6882.4
28,6882.4
2,6882.5
5,6882.6
20,6882.6
22,6882.6
26,6882.6
24,6882.7
29,6882.8
19,6882.9
10,6883.4
21,6883.4
17,6883.5
4,6888.1
14,6888.4
30,6888.7
11,6888.9
6,6889.2
8,6889.3
12,6889.4
16,6889.5
7,6889.6
28,6889.7
0,6890.0
23,6890.5
2,6890.5
5,6890.8
26,6890.9
20,6891.4
22,6891.7
24,6891.8
29,6891.9
4,6893.1
19,6893.5
14,6893.7
30,6894.5
11,6895.6
8,6895.9
6,6896.2
12,6896.4
7,6896.5
28,6896.5
16,6897.6
4,6897.8
18,6898.3
14,6898.8
17,6899.4
23,6899.8
20,6899.8
30,6900.1
0,6900.6
1,6901.0
10,6902.0
26,6902.3
13,6902.3
2,6902.5
5,6903.2
8,6903.9
14,6904.0
22,6904.8
28,6904.9
11,6905.0
30,6906.2
4,6906.6
12,6907.5
6,6908.7
7,6908.7
14,6909.6
4,6910.8
30,6915.0
4,6915.3
14,6915.9
4,6920.1
4,6925.3
4,6931.0
4,6937.5
11,6948.8
14,6948.8
6,6949.2
19,6949.4
4,6950.0
16,6960.7
0,6960.9
2,6961.3
14,6961.4
8,6961.4
4,6961.7
12,6961.9
30,6961.9
11,6962.2
7,6962.2
23,6962.3
28,6962.3
20,6962.4
24,6962.5
26,6962.5
5,6962.5
22,6962.5
6,6962.6
29,6962.7
17,6963.2
21,6963.3
10,6963.3
19,6964.2
14,6968.0
16,6968.1
4,6968.2
8,6968.5
30,6968.6
0,6968.6
11,6969.1
2,6969.1
12,6969.2
28,6969.4
7,6969.4
6,6969.6
23,6970.1
26,6970.5
5,6970.6
20,6970.7
24,6971.1
22,6971.3
29,6971.6
4,6973.1
14,6973.3
19,6974.1
30,6974.3
8,6974.8
11,6975.6
16,6975.7
28,6975.8
12,6976.0
7,6976.0
17,6976.1
6,6976.2
14,6978.3
23,6978.3
0,6978.4
20,6978.5
18,6979.7
30,6979.9
2,6980.4
10,6981.0
26,6981.3
13,6981.7
8,6981.7
1,6981.8
5,6982.7
28,6983.3
14,6983.4
11,6983.4
22,6983.8
7,6985.2
6,6985.3
12,6985.4
30,6985.7
24,6986.1
4,6986.7
14,6988.8
4,6990.8
30,6992.2
14,6994.7
4,6995.2
4,6999.9
14,7003.0
4,7004.9
4,7010.3
11,7013.6
6,7013.9
19,7014.2
14,7015.0
4,7015.9
22,7019.2
5,7019.3
30,7019.4
12,7019.6
16,7020.6
0,7020.8
2,7021.2
8,7021.5
4,7021.6
4,7027.7
16,7032.8
14,7034.0
23,7034.0
28,7034.3
30,7034.5
7,7034.6
4,7035.5
26,7036.4
8,7036.6
11,7041.7
4,7041.8
14,7041.9
12,7042.0
6,7042.0
0,7042.4
30,7042.5
24,7042.5
20,7042.5
19,7042.6
22,7042.7
2,7042.7
29,7042.7
5,7042.7
17,7043.2
10,7043.2
28,7043.3
7,7043.3
21,7043.3
16,7043.6
8,7043.8
23,7043.9
26,7045.2
4,7047.2
14,7048.1
11,7048.7
30,7048.9
6,7049.0
12,7049.3
8,7050.0
28,7050.2
0,7050.2
7,7050.2
2,7050.6
5,7050.8
20,7050.8
24,7050.9
16,7051.3
29,7051.4
22,7051.5
19,7052.0
23,7052.0
4,7052.2
14,7053.1
26,7053.7
30,7054.3
10,7054.9
11,7054.9
17,7054.9
6,7055.6
12,7056.0
8,7056.1
13,7056.9
18,7057.0
28,7057.1
7,7057.2
1,7057.8
14,7057.9
20,7058.5
30,7059.7
0,7060.0
16,7060.4
2,7061.2
11,7061.4
6,7062.3
14,7062.8
8,7062.9
19,7063.6
5,7063.9
23,7064.3
24,7064.4
30,7065.4
12,7065.4
10,7065.5
14,7067.5
28,7068.0
11,7069.3
7,7069.7
6,7071.2
30,7071.7
14,7072.4
14,7077.8
4,7082.0
30,7083.3
14,7083.6
4,7086.4
4,7091.1
14,7091.6
4,7096.3
16,7096.5
0,7096.7
2,7097.1
8,7097.4
5,7098.2
22,7098.3
12,7098.6
30,7099.4
4,7101.6
11,7101.8
6,7102.2
19,7102.4
14,7103.3
4,7107.3
16,7108.7
4,7113.4
4,7121.0
14,7121.6
11,7121.8
30,7122.0
12,7122.1
8,7122.1
6,7122.1
0,7122.2
7,7122.2
23,7122.3
28,7122.3
20,7122.5
24,7122.5
2,7122.5
26,7122.5
5,7122.6
22,7122.7
29,7122.7
19,7122.8
16,7122.9
17,7123.2
10,7123.3
21,7123.3
4,7127.0
14,7128.2
30,7128.7
11,7128.8
6,7129.1
8,7129.1
12,7129.4
28,7129.4
7,7129.4
23,7130.0
0,7130.0
2,7130.4
26,7130.5
16,7130.6
5,7130.7
24,7131.0
20,7131.0
29,7131.4
22,7131.5
4,7132.0
19,7132.5
14,7133.4
30,7134.3
11,7135.2
10,7135.2
18,7135.4
8,7135.5
17,7135.6
6,7135.7
28,7135.9
12,7136.1
7,7136.1
23,7137.9
14,7138.4
20,7138.9
0,7139.6
16,7139.7
30,7139.8
13,7140.3
26,7140.9
2,7141.8
8,7142.6
14,7143.5
11,7143.9
5,7143.9
28,7143.9
6,7145.1
10,7145.5
30,7145.6
12,7145.8
7,7145.9
14,7148.9
30,7152.2
4,7153.4
14,7154.4
19,7155.2
11,7155.9
6,7156.9
4,7157.7
14,7160.3
4,7162.0
4,7166.4
14,7167.0
4,7171.0
4,7176.0
5,7178.1
22,7178.2
30,7178.3
12,7178.5
16,7179.4
0,7179.6
2,7180.0
8,7180.3
4,7181.5
4,7187.1
23,7187.2
14,7187.3
28,7187.5
7,7187.8
26,7187.8
30,7188.3
8,7188.8
16,7191.7
4,7193.2
11,7194.9
14,7195.2
6,7195.3
19,7195.5
4,7199.3
23,7199.8
8,7200.0
28,7200.7
30,7201.3
14,7204.2
4,7206.0
4,7218.2
16,7228.5
0,7228.7
2,7229.1
8,7229.4
16,7241.2
4,7506.6
12,7506.7
5,7506.8
16,7506.9
11,7506.9
14,7507.0
0,7507.1
8,7507.1
6,7507.1
30,7507.3
2,7507.5
27,7507.5
20,7507.6
22,7507.6
26,7507.6
24,7507.7
29,7507.8
19,7507.9
7,7507.9
18,7508.0
21,7508.4
10,7508.4
17,7508.5
28,7508.7
4,7513.1
12,7513.4
5,7513.6
11,7513.9
14,7514.0
6,7514.2
30,7514.3
8,7514.3
16,7514.5
0,7515.0
27,7515.5
2,7515.5
26,7515.9
20,7516.4
22,7516.7
24,7516.8
29,7516.9
18,7517.8
4,7518.1
7,7518.3
19,7518.5
12,7519.0
5,7519.8
14,7520.4
11,7520.6
8,7520.8
30,7520.9
6,7520.9
28,7521.1
16,7522.5
4,7522.7
17,7524.1
12,7524.6
20,7524.9
0,7525.3
27,7525.7
1,7526.7
26,7526.9
5,7527.3
13,7527.4
10,7527.8
2,7527.9
9,7528.1
8,7528.6
14,7529.0
11,7529.9
12,7530.4
30,7531.1
6,7531.4
4,7531.6
4,7535.8
12,7537.3
4,7540.3
4,7545.0
4,7550.2
4,7555.9
4,7562.3
14,7573.8
11,7573.8
6,7574.2
19,7574.4
4,7574.6
16,7585.7
0,7585.9
2,7586.3
8,7586.4
12,7586.5
4,7586.7
14,7586.7
5,7586.7
30,7587.2
11,7587.2
20,7587.4
27,7587.4
26,7587.5
22,7587.5
24,7587.5
6,7587.6
29,7587.7
7,7587.8
18,7587.9
17,7588.2
10,7588.3
21,7588.3
28,7588.4
19,7589.2
4,7593.1
16,7593.1
12,7593.2
8,7593.5
5,7593.5
14,7593.6
0,7593.6
2,7594.1
30,7594.1
11,7594.1
6,7594.6
27,7595.2
26,7595.5
20,7595.7
24,7596.2
22,7596.3
29,7596.4
18,7597.2
7,7597.7
4,7598.1
12,7598.8
19,7599.1
5,7599.6
14,7599.8
8,7599.8
28,7599.9
16,7600.2
30,7600.5
10,7600.6
11,7600.6
17,7600.7
6,7601.3
0,7602.9
20,7603.5
12,7604.2
27,7604.8
26,7605.3
2,7605.5
3,7605.6
5,7606.6
8,7606.9
14,7607.3
1,7607.7
9,7608.0
11,7608.4
30,7608.9
12,7609.8
10,7609.8
6,7610.8
16,7611.3
4,7615.9
12,7616.0
4,7620.1
4,7624.5
12,7626.8
4,7629.3
4,7634.4
14,7638.6
11,7638.6
6,7639.0
19,7639.2
4,7639.6
5,7642.8
27,7643.0
18,7643.5
12,7643.5
22,7644.3
30,7644.4
4,7644.8
16,7645.6
0,7645.8
2,7646.2
8,7646.5
4,7650.3
5,7651.4
14,7651.9
12,7653.4
4,7656.2
16,7657.3
0,7659.5
26,7661.4
8,7661.6
4,7662.0
11,7666.7
5,7666.9
12,7666.9
6,7667.0
4,7667.2
30,7667.3
14,7667.3
20,7667.4
24,7667.5
27,7667.5
19,7667.6
2,7667.7
29,7667.7
22,7667.7
7,7667.8
18,7668.0
17,7668.2
21,7668.3
10,7668.3
16,7668.4
28,7668.4
8,7668.8
0,7669.0
26,7670.1
4,7672.3
12,7673.6
5,7673.6
11,7673.7
6,7674.0
30,7674.2
14,7674.3
8,7675.0
27,7675.3
2,7675.6
20,7675.7
16,7675.9
24,7676.0
22,7676.4
29,7676.5
18,7676.9
0,7677.0
19,7677.0
7,7677.8
26,7678.6
12,7679.1
17,7679.5
28,7679.7
5,7679.7
11,7680.0
10,7680.6
30,7680.6
14,7680.6
6,7680.7
8,7681.1
20,7683.2
13,7683.3
1,7683.4
16,7683.9
12,7684.4
21,7685.2
2,7686.1
27,7686.2
5,7686.2
11,7686.4
14,7686.9
6,7687.4
8,7688.2
24,7688.5
30,7688.5
19,7689.2
12,7689.9
0,7690.0
10,7690.6
14,7694.3
11,7694.4
12,7695.9
6,7696.8
5,7698.7
12,7703.7
4,7718.9
16,7721.5
0,7721.7
2,7722.1
8,7722.4
5,7722.6
12,7722.9
4,7723.1
27,7723.3
22,7723.3
30,7723.4
18,7723.8
14,7726.8
11,7726.8
6,7727.2
19,7727.4
4,7727.6
5,7731.2
4,7732.2
12,7732.4
16,7733.1
4,7736.9
14,7739.9
4,7741.9
4,7746.7
12,7746.8
11,7746.8
5,7746.9
8,7747.1
6,7747.1
0,7747.2
30,7747.3
26,7747.5
2,7747.5
27,7747.5
24,7747.5
20,7747.6
29,7747.7
22,7747.7
16,7747.7
7,7747.8
19,7747.8
14,7747.8
18,7748.0
17,7748.2
10,7748.3
21,7748.3
28,7748.4
12,7753.5
5,7753.6
11,7753.8
8,7754.1
6,7754.1
30,7754.2
14,7754.3
0,7755.0
16,7755.2
27,7755.3
2,7755.4
26,7755.5
20,7755.9
24,7756.0
29,7756.5
22,7756.5
18,7757.1
19,7757.3
7,7757.8
12,7759.0
5,7759.6
17,7759.6
28,7759.7
11,7760.2
14,7760.6
30,7760.6
8,7760.6
6,7760.8
10,7760.8
20,7763.6
16,7763.8
12,7764.3
0,7764.6
9,7765.5
26,7765.7
13,7765.8
5,7766.2
27,7766.3
2,7766.8
8,7767.8
11,7768.7
30,7768.8
14,7769.0
31,7769.3
12,7769.8
6,7770.9
10,7771.2
12,7775.7
5,7779.1
19,7780.2
11,7780.9
14,7780.9
6,7782.7
12,7783.0
5,7802.5
12,7802.7
27,7803.2
22,7803.2
30,7803.3
18,7803.7
16,7804.4
0,7804.6
2,7805.0
8,7805.3
5,7811.1
4,7811.2
12,7812.1
26,7812.8
8,7813.9
16,7816.3
4,7819.7
14,7819.8
11,7819.9
6,7820.2
19,7820.5
4,7824.1
8,7825.0
4,7828.4
4,7832.9
4,7837.6
4,7842.7
4,7848.3
12,7851.8
5,7851.8
27,7851.9
18,7852.4
16,7853.5
0,7853.7
2,7854.1
8,7854.4
4,7854.7
16,7865.8
4,8131.6
12,8131.7
5,8131.8
16,8131.9
11,8131.9
0,8132.1
8,8132.1
6,8132.1
14,8132.2
26,8132.3
30,8132.3
29,8132.3
18,8132.4
2,8132.5
27,8132.5
20,8132.6
22,8132.6
24,8132.7
19,8132.9
7,8132.9
10,8133.4
21,8133.4
17,8133.5
28,8133.7
4,8138.1
12,8138.4
5,8138.6
11,8138.9
6,8139.2
30,8139.3
8,8139.3
29,8139.4
16,8139.5
26,8139.6
18,8139.6
0,8140.0
14,8140.1
27,8140.4
2,8140.5
20,8141.4
24,8141.8
22,8141.8
4,8143.1
7,8143.4
19,8143.5
12,8144.0
5,8144.8
11,8145.5
30,8145.9
8,8145.9
6,8146.0
29,8146.0
28,8146.1
18,8146.5
26,8146.6
16,8147.6
4,8147.8
12,8149.5
20,8149.6
10,8150.1
21,8150.1
0,8150.4
14,8150.5
1,8151.4
27,8151.6
17,8151.7
2,8151.8
5,8152.2
3,8153.1
11,8153.4
8,8153.7
9,8154.0
15,8154.4
13,8154.8
12,8155.2
6,8156.3
29,8156.4
30,8156.5
26,8157.0
18,8159.0
4,8160.8
12,8161.3
10,8163.7
4,8165.1
4,8169.6
12,8171.3
4,8174.4
4,8179.7
4,8185.5
4,8192.1
11,8198.8
14,8198.8
6,8199.2
19,8199.5
4,8199.7
4,8210.7
16,8210.7
0,8210.9
2,8211.3
8,8211.4
12,8211.4
5,8211.6
29,8212.1
30,8212.2
27,8212.2
26,8212.2
18,8212.2
11,8212.2
20,8212.3
22,8212.5
24,8212.5
6,8212.6
7,8212.8
14,8212.8
17,8213.2
21,8213.3
10,8213.3
28,8213.4
19,8214.3
4,8217.1
16,8218.1
12,8218.1
5,8218.4
8,8218.5
0,8218.6
2,8219.0
30,8219.1
11,8219.1
18,8219.2
29,8219.2
26,8219.3
6,8219.6
27,8220.0
14,8220.4
20,8220.6
24,8221.2
22,8221.3
4,8222.1
7,8222.7
12,8223.7
19,8224.4
5,8224.5
28,8224.7
8,8224.9
10,8225.0
17,8225.1
16,8225.2
11,8225.4
30,8225.6
29,8225.7
18,8226.0
26,8226.1
6,8226.2
0,8227.9
20,8228.3
12,8229.0
2,8229.4
3,8229.5
23,8229.6
14,8229.6
21,8229.9
27,8230.1
5,8231.5
8,8232.1
1,8232.3
11,8232.4
31,8233.8
10,8233.9
12,8234.3
29,8234.5
30,8234.6
6,8234.7
15,8234.9
18,8235.4
26,8235.9
16,8236.4
12,8240.0
20,8240.8
12,8246.3
4,8251.8
4,8256.1
12,8259.6
4,8260.7
11,8263.6
14,8263.6
6,8264.0
19,8264.2
4,8265.5
5,8266.8
27,8267.0
18,8267.5
12,8268.4
22,8269.3
30,8269.4
4,8270.4
16,8270.6
0,8270.8
2,8271.2
8,8271.5
5,8275.1
4,8275.4
12,8277.3
4,8280.9
16,8281.8
4,8286.3
26,8286.4
8,8286.6
5,8288.5
4,8291.5
11,8291.7
12,8291.7
6,8292.0
14,8292.0
29,8292.1
0,8292.3
30,8292.3
18,8292.3
20,8292.4
24,8292.5
27,8292.5
19,8292.6
2,8292.7
22,8292.7
7,8292.8
21,8293.2
16,8293.2
17,8293.2
10,8293.3
28,8293.4
26,8293.8
8,8293.9
5,8295.2
4,8296.7
12,8298.4
11,8298.7
6,8299.0
29,8299.2
30,8299.2
18,8299.3
14,8299.7
0,8300.1
8,8300.1
26,8300.2
27,8300.3
2,8300.5
16,8300.6
20,8300.6
24,8301.0
5,8301.0
22,8301.4
19,8302.1
7,8302.7
12,8303.8
17,8304.2
28,8304.6
11,8304.9
10,8305.2
29,8305.6
6,8305.6
30,8305.7
18,8305.8
8,8306.2
5,8306.7
26,8306.7
13,8307.1
3,8307.3
16,8308.0
20,8308.1
1,8308.4
12,8309.0
0,8309.5
14,8309.6
2,8310.6
11,8311.3
27,8311.4
6,8312.2
5,8312.8
8,8313.1
30,8313.6
19,8313.9
21,8313.9
29,8314.0
12,8314.3
18,8314.5
10,8315.1
22,8315.2
26,8317.1
11,8319.0
14,8319.8
12,8320.0
5,8320.8
6,8320.9
20,8321.5
12,8326.3
12,8339.1
4,8343.6
16,8346.5
0,8346.7
2,8347.1
8,8347.4
4,8347.8
5,8348.0
22,8348.3
30,8348.4
27,8349.1
12,8349.3
18,8349.6
14,8351.8
11,8351.8
6,8352.2
4,8352.2
19,8352.4
5,8356.6
4,8356.8
16,8357.7
12,8359.2
0,8360.4
4,8361.4
4,8366.4
4,8371.4
11,8371.8
5,8371.9
12,8372.0
29,8372.1
8,8372.1
6,8372.1
26,8372.2
30,8372.3
14,8372.3
18,8372.3
2,8372.5
24,8372.5
20,8372.6
16,8372.6
27,8372.6
22,8372.7
19,8372.8
7,8372.8
10,8373.2
17,8373.2
21,8373.3
28,8373.4
0,8373.5
5,8378.6
12,8378.6
11,8378.7
6,8379.1
8,8379.1
30,8379.2
29,8379.2
26,8379.3
18,8379.4
16,8380.0
14,8380.1
27,8380.4
2,8380.4
20,8380.8
24,8381.1
22,8381.4
0,8381.8
19,8382.3
7,8382.8
12,8384.1
17,8384.3
28,8384.5
5,8384.7
11,8385.0
10,8385.1
8,8385.5
30,8385.7
6,8385.7
29,8385.7
18,8385.9
26,8386.0
16,8387.7
20,8388.4
3,8389.2
12,8389.3
14,8390.2
5,8391.1
2,8391.1
27,8391.8
11,8392.6
8,8393.1
30,8394.3
29,8394.6
0,8394.7
12,8394.7
6,8394.9
18,8394.9
26,8395.2
22,8395.4
10,8395.6
12,8400.4
20,8401.7
5,8402.7
19,8405.2
11,8405.5
14,8405.6
12,8407.0
6,8407.0
5,8427.4
12,8427.5
27,8428.2
22,8428.2
30,8428.3
18,8428.7
16,8429.4
0,8429.6
2,8430.0
8,8430.3
5,8436.1
12,8436.8
26,8437.8
8,8438.9
16,8440.9
14,8444.9
11,8444.9
6,8445.2
19,8445.5
8,8450.2
26,8451.3
4,8457.3
4,8461.5
4,8465.9
4,8470.7
4,8476.1
12,8476.8
5,8476.8
27,8476.9
18,8477.4
16,8478.5
0,8478.7
2,8479.1
8,8479.4
4,8482.0
4,8489.5
16,8490.6
4,8756.6
12,8756.7
5,8756.8
11,8756.9
16,8756.9
8,8757.0
0,8757.1
6,8757.1
14,8757.2
26,8757.3
2,8757.3
29,8757.3
30,8757.3
27,8757.4
18,8757.4
20,8757.6
22,8757.6
24,8757.7
19,8757.9
7,8757.9
21,8758.4
17,8758.5
28,8758.7
4,8763.1
12,8763.3
5,8763.6
8,8763.9
11,8763.9
6,8764.2
27,8764.3
30,8764.3
2,8764.4
29,8764.4
16,8764.5
26,8764.6
18,8764.6
0,8765.0
14,8765.1
20,8766.4
22,8766.7
24,8766.8
4,8768.1
7,8768.4
19,8768.5
12,8769.0
8,8769.6
5,8769.8
11,8770.5
27,8770.9
28,8770.9
30,8770.9
29,8771.0
2,8771.1
6,8771.1
18,8771.5
26,8771.5
10,8772.0
16,8772.3
4,8772.7
12,8774.4
14,8775.1
8,8775.3
20,8775.4
0,8775.5
17,8775.6
21,8776.0
5,8777.1
1,8777.8
13,8778.6
11,8778.8
24,8779.7
12,8779.9
29,8780.4
15,8780.7
2,8781.1
27,8781.2
26,8781.2
30,8781.3
6,8781.4
4,8781.6
8,8781.6
18,8783.7
12,8785.8
4,8785.8
4,8790.2
8,8791.4
12,8793.1
4,8794.9
4,8799.9
4,8805.5
4,8811.6
4,8821.3
11,8823.8
14,8823.8
6,8824.2
19,8824.4
4,8830.9
16,8835.7
0,8835.9
2,8836.2
12,8836.4
8,8836.4
5,8836.6
27,8837.1
29,8837.1
4,8837.1
30,8837.2
11,8837.2
26,8837.2
18,8837.2
20,8837.4
24,8837.5
22,8837.5
6,8837.6
14,8837.8
7,8837.8
21,8838.2
17,8838.2
28,8838.4
19,8839.3
4,8842.4
16,8843.0
12,8843.1
8,8843.1
2,8843.2
5,8843.4
0,8843.6
27,8844.0
30,8844.1
11,8844.1
29,8844.2
18,8844.3
26,8844.3
6,8844.6
14,8845.5
20,8845.6
24,8846.1
22,8846.3
7,8847.6
12,8848.6
8,8848.7
19,8849.4
5,8849.5
28,8849.6
2,8849.7
16,8850.2
17,8850.2
27,8850.4
11,8850.5
30,8850.6
29,8850.7
18,8850.9
26,8851.0
6,8851.3
0,8853.0
20,8853.8
12,8853.9
8,8854.1
14,8854.8
13,8855.2
3,8856.3
5,8856.4
24,8856.6
21,8856.8
2,8858.0
11,8858.3
27,8858.7
12,8859.1
30,8859.3
8,8859.8
29,8859.9
6,8860.0
18,8860.3
26,8860.5
16,8861.0
12,8864.7
8,8866.0
12,8870.8
8,8875.9
4,8877.1
12,8880.1
4,8881.4
4,8886.0
11,8888.6
14,8888.6
6,8888.9
19,8889.2
4,8890.8
5,8891.9
27,8892.0
18,8892.5
12,8893.1
22,8894.3
30,8894.4
16,8895.6
4,8895.6
0,8895.8
2,8896.2
8,8896.7
5,8900.2
4,8900.7
12,8902.7
27,8905.5
4,8906.2
16,8906.7
2,8909.7
26,8911.4
8,8911.5
4,8911.6
11,8916.7
4,8916.7
5,8916.8
12,8916.8
6,8917.0
14,8917.0
29,8917.1
30,8917.3
18,8917.3
0,8917.4
24,8917.5
20,8917.5
19,8917.6
22,8917.7
7,8917.8
27,8918.1
17,8918.2
16,8918.2
21,8918.2
8,8918.3
2,8918.3
28,8918.4
26,8918.8
4,8922.0
12,8923.4
5,8923.5
11,8923.7
6,8924.0
8,8924.0
30,8924.2
29,8924.2
18,8924.3
14,8924.8
27,8925.1
26,8925.2
0,8925.2
2,8925.2
16,8925.6
20,8925.6
24,8926.0
22,8926.4
19,8927.0
7,8927.8
12,8928.9
8,8929.1
17,8929.4
28,8929.5
5,8929.6
11,8930.0
29,8930.6
6,8930.6
30,8930.7
21,8930.9
18,8931.0
27,8931.7
26,8931.7
2,8932.2
16,8932.8
20,8933.3
12,8934.0
8,8934.2
14,8934.3
0,8935.0
9,8935.0
3,8935.5
5,8936.1
11,8936.4
6,8937.2
13,8938.3
30,8938.4
24,8938.4
19,8939.0
29,8939.2
12,8939.2
8,8939.4
18,8940.0
26,8941.8
27,8941.9
11,8943.8
14,8944.1
12,8944.7
2,8944.8
8,8944.9
6,8946.0
16,8946.5
5,8947.7
12,8950.8
8,8951.0
12,8959.5
8,8960.1
16,8971.4
0,8971.7
2,8972.0
4,8972.8
5,8972.9
22,8973.3
30,8973.4
12,8973.8
8,8974.0
27,8974.1
18,8974.6
14,8976.8
11,8976.8
4,8977.1
6,8977.2
19,8977.4
5,8981.5
4,8981.6
16,8982.7
12,8983.3
2,8985.3
4,8986.2
27,8987.7
4,8991.1
4,8996.2
11,8996.8
12,8996.9
5,8996.9
8,8996.9
29,8997.1
6,8997.1
26,8997.2
0,8997.2
30,8997.3
18,8997.3
14,8997.4
24,8997.5
20,8997.6
16,8997.6
22,8997.7
19,8997.8
7,8997.8
2,8998.1
21,8998.2
17,8998.2
27,8998.3
28,8998.4
12,9003.5
5,9003.6
8,9003.7
11,9003.8
6,9004.1
30,9004.2
29,9004.2
26,9004.3
18,9004.4
0,9005.0
16,9005.1
2,9005.3
27,9005.3
14,9005.3
20,9005.8
24,9006.0
22,9006.6
19,9007.3
7,9007.7
12,9009.0
8,9009.3
17,9009.5
28,9009.5
5,9009.7
11,9010.1
30,9010.6
29,9010.6
6,9010.7
18,9011.0
26,9011.0
21,9011.0
27,9011.9
2,9012.4
16,9012.5
20,9013.6
12,9014.1
0,9014.7
8,9014.8
9,9015.0
14,9015.5
5,9016.2
11,9017.7
24,9018.4
30,9019.1
29,9019.3
12,9019.3
18,9019.6
6,9019.6
26,9020.0
8,9020.6
27,9022.6
2,9024.4
12,9024.8
8,9026.9
20,9027.3
5,9028.2
19,9030.2
11,9030.5
14,9030.6
12,9030.8
6,9031.8
8,9038.5
12,9038.9
5,9052.4
12,9053.1
22,9053.2
27,9053.2
30,9053.3
18,9053.7
16,9054.4
0,9054.6
2,9054.9
8,9056.2
5,9061.1
12,9062.5
26,9062.8
8,9064.0
16,9065.9
2,9068.2
14,9069.9
11,9069.9
6,9070.2
19,9070.6
8,9073.3
26,9076.2
4,9090.0
4,9094.4
4,9099.2
12,9101.8
5,9101.8
27,9101.9
18,9102.4
16,9103.5
0,9103.7
2,9104.1
8,9104.4
4,9104.6
4,9110.5
16,9115.5
4,9118.3
12,9381.7
4,9381.8
5,9381.8
16,9381.9
8,9382.0
0,9382.1
2,9382.2
26,9382.2
30,9382.3
29,9382.3
27,9382.3
18,9382.4
22,9382.6
20,9382.6
24,9382.7
11,9382.9
7,9382.9
6,9383.0
21,9383.4
17,9383.5
28,9383.7
12,9388.3
4,9388.6
5,9388.6
8,9388.8
26,9389.1
27,9389.3
2,9389.3
30,9389.3
29,9389.4
16,9389.5
18,9389.6
0,9390.0
20,9391.4
22,9391.7
24,9391.8
7,9393.4
6,9393.4
11,9393.8
4,9393.9
12,9394.0
8,9394.6
5,9394.8
26,9395.0
27,9395.8
30,9395.9
2,9396.0
29,9396.1
28,9396.1
18,9396.4
19,9396.8
14,9397.2
16,9397.3
4,9399.0
12,9399.4
17,9399.6
21,9400.3
20,9400.4
8,9400.4
0,9400.8
26,9401.2
5,9402.2
4,9404.0
3,9404.4
12,9405.0
2,9405.7
27,9405.7
8,9406.7
30,9406.8
29,9406.9
18,9408.5
4,9409.4
26,9409.8
12,9411.0
4,9415.1
8,9417.2
12,9418.8
4,9421.8
16,9460.7
0,9460.9
2,9461.3
8,9461.4
12,9461.4
5,9461.6
4,9461.7
26,9462.0
29,9462.1
27,9462.1
30,9462.2
18,9462.2
20,9462.4
24,9462.5
22,9462.5
11,9462.7
7,9462.8
6,9462.8
21,9463.2
17,9463.2
28,9463.4
8,9468.1
16,9468.1
12,9468.1
2,9468.3
4,9468.4
5,9468.4
0,9468.6
26,9468.8
27,9469.0
30,9469.1
29,9469.2
18,9469.3
20,9470.7
24,9471.2
22,9471.4
6,9472.7
7,9472.8
11,9473.0
12,9473.6
8,9473.7
4,9473.7
5,9474.5
26,9474.7
2,9474.8
17,9474.9
28,9475.2
16,9475.3
27,9475.4
30,9475.7
29,9475.8
18,9475.9
19,9476.8
14,9477.3
4,9478.6
0,9478.6
12,9478.8
20,9479.1
8,9479.2
26,9480.6
21,9480.7
5,9481.6
4,9483.5
2,9483.5
12,9484.1
27,9484.2
24,9484.2
8,9484.7
30,9485.3
29,9485.3
16,9486.3
18,9486.8
26,9487.7
4,9488.6
12,9489.7
8,9490.6
4,9494.2
12,9495.9
8,9497.6
4,9500.2
12,9505.6
4,9509.2
5,9516.9
27,9517.0
18,9517.5
12,9518.2
22,9519.3
30,9519.4
16,9520.6
0,9520.8
2,9521.2
8,9521.4
5,9525.4
12,9527.7
27,9530.5
16,9532.1
2,9534.6
8,9536.4
26,9536.4
4,9536.4
12,9541.8
5,9541.8
29,9542.1
18,9542.2
30,9542.3
20,9542.4
0,9542.4
24,9542.5
11,9542.7
22,9542.7
7,9542.8
6,9542.9
4,9543.0
27,9543.1
17,9543.2
8,9543.2
26,9543.2
21,9543.2
2,9543.3
16,9543.4
28,9543.4
4,9548.4
12,9548.4
5,9548.6
8,9548.9
26,9549.1
29,9549.2
30,9549.2
18,9549.4
27,9550.1
0,9550.2
2,9550.2
20,9550.6
16,9550.9
24,9551.1
22,9551.5
6,9552.2
7,9552.5
11,9552.9
4,9553.3
12,9553.9
8,9554.0
17,9554.3
28,9554.5
26,9554.5
5,9554.7
14,9555.5
21,9555.5
30,9555.7
29,9555.7
18,9556.2
27,9556.6
2,9557.0
4,9557.9
20,9558.5
16,9558.6
12,9559.0
8,9559.0
23,9559.1
3,9559.9
26,9559.9
0,9560.4
5,9561.8
4,9562.4
10,9564.0
12,9564.2
8,9564.2
30,9564.5
29,9564.9
26,9565.7
27,9565.9
4,9566.9
2,9568.2
18,9568.4
8,9569.6
12,9569.6
4,9571.7
26,9572.3
8,9575.5
12,9575.5
4,9576.9
8,9582.5
4,9582.7
12,9582.9
4,9589.3
16,9596.5
0,9596.7
2,9597.1
5,9597.9
8,9598.0
22,9598.3
30,9598.4
12,9598.5
27,9599.1
18,9599.6
5,9606.8
12,9607.7
16,9608.2
2,9610.5
27,9612.6
4,9621.8
12,9621.8
8,9621.9
26,9622.0
5,9622.0
29,9622.1
0,9622.2
18,9622.3
30,9622.3
24,9622.5
20,9622.6
16,9622.7
11,9622.7
22,9622.7
6,9622.8
7,9622.8
2,9623.1
17,9623.2
21,9623.2
27,9623.3
28,9623.4
12,9628.4
4,9628.5
8,9628.7
5,9628.8
26,9628.8
29,9629.2
30,9629.2
18,9629.4
0,9630.0
16,9630.2
27,9630.3
2,9630.3
20,9630.8
24,9631.1
22,9631.5
6,9632.2
7,9632.5
11,9632.9
4,9633.7
12,9633.8
8,9634.3
17,9634.6
26,9634.7
5,9634.9
28,9634.9
21,9635.5
30,9635.7
29,9635.8
14,9636.0
18,9636.2
27,9636.9
2,9637.4
16,9638.1
4,9638.6
12,9638.9
20,9639.0
8,9639.7
0,9640.0
9,9640.5
26,9640.7
5,9641.9
4,9643.5
12,9644.1
30,9644.8
8,9645.4
29,9645.5
27,9646.5
18,9647.0
26,9647.6
4,9648.5
12,9649.6
2,9650.0
8,9651.5
4,9654.0
12,9655.6
8,9659.7
4,9659.9
12,9663.3
4,9667.6
5,9677.5
12,9678.1
22,9678.1
27,9678.2
30,9678.3
18,9678.7
16,9679.4
0,9679.6
2,9680.0
8,9680.3
5,9686.4
12,9687.5
4,9687.8
26,9687.8
8,9688.6
16,9691.3
27,9691.7
2,9693.5
8,9699.0
4,9699.5
26,9700.8
12,9726.8
5,9726.8
27,9726.9
18,9727.4
16,9728.5
0,9728.7
2,9729.1
8,9729.4
16,9740.8
