6,1439.9
0,2620.8
2,3148.0
1,3148.2
6,3148.3
5,3149.4
0,3150.0
3,3151.1
7,3154.2
1,3227.0
0,3227.0
2,3228.0
6,3228.1
4,3228.4
3,3228.9
1,3304.2
3,3307.2
2,3307.3
0,3308.0
6,3308.1
1,3385.4
3,3388.4
2,3388.5
0,3388.8
6,3389.1
1,3773.4
5,3774.0
6,3774.2
2,3774.7
0,3774.9
3,3775.7
7,3777.9
4,3851.7
0,3852.2
1,3852.8
6,3855.9
3,3856.0
2,3857.0
7,3861.3
1,3929.6
5,3930.4
3,3937.6
7,3941.8
5,4007.4
1,4008.1
0,4009.9
6,4012.4
7,4016.8
3,4017.3
2,4017.9
1,4397.0
5,4397.3
0,4401.0
6,4402.4
3,4402.4
7,4403.1
2,4404.7
1,4475.5
5,4477.0
4,4477.7
0,4478.4
3,4482.1
7,4482.4
6,4483.5
2,4487.1
1,4556.4
5,4556.7
7,4567.8
1,4635.9
0,4636.4
4,4638.2
5,4638.4
6,4641.0
2,4641.5
3,4641.5
7,4643.6
1,5022.5
5,5024.0
0,5027.8
7,5029.0
2,5031.2
3,5031.7
1,5100.5
4,5101.6
0,5102.3
7,5109.2
2,5113.5
0,5184.2
2,5188.3
1,5207.9
5,5260.6
1,5261.0
0,5264.8
7,5265.4
1,5647.4
5,5649.0
7,5655.8
2,5655.8
1,5724.4
5,5725.0
4,5728.7
0,5728.8
6,5734.1
7,5738.9
1,5807.8
0,5808.0
2,5835.9
6,5838.0
1,5885.4
5,5886.2
7,5893.6
3,5897.1
1,6274.5
5,6277.2
7,6281.2
6,6282.1
2,6282.9
4,6305.3
1,6309.3
0,6430.6
5,6430.7
4,6431.5
1,6431.7
2,6433.5
6,6433.7
7,6433.9
3,6434.8
0,6510.4
1,6510.6
7,6519.9
2,6520.5
1,6900.1
7,6912.5
0,6932.1
4,6932.5
5,6932.9
1,6933.3
6,6938.1
2,6939.1
0,6981.2
1,7053.8
5,7055.3
2,7121.1
1,7136.3
0,7137.8
3,7189.6
1,7529.9
7,7539.6
6,7543.1
0,7561.2
2,7568.3
1,7609.5
7,7687.5
6,7693.7
3,7694.0
5,7699.7
7,7767.4
2,8159.5
0,8181.7
5,8182.3
3,8183.2
7,8183.5
1,8184.1
6,8184.3
0,8245.2
4,8245.3
1,8247.2
7,8338.2
6,8338.3
7,8392.3
2,8393.0
1,8396.3
2,8785.2
1,8789.4
3,8805.7
7,8806.6
6,8914.8
2,8941.9
7,8944.2
6,9054.6
2,9056.1
4,9438.2
2,9441.7
6,9442.1
5,9445.7
3,9481.1
7,9481.9
1,9499.4
7,9602.5
3,9640.7
2,9641.7
