2,7.2
6,7.4
3,7.8
5,8.2
1,8.4
7,9.8
0,11.6
2,13.2
4,13.2
2,13.4
2,13.6
2,13.8
2,14.0
2,14.2
2,14.4
2,14.6
2,14.8
2,15.0
2,15.2
5,16.0
5,16.2
5,16.4
3,17.8
3,18.0
2,18.9
5,20.5
5,20.7
3,20.8
5,20.9
3,21.0
5,21.1
3,21.2
5,21.3
3,21.4
5,21.5
1,21.5
3,21.6
5,21.7
5,21.9
5,22.1
5,22.3
5,22.5
5,22.7
2,22.8
5,22.9
2,23.0
5,23.1
2,23.2
2,23.4
2,23.6
2,23.8
1,24.0
0,24.1
4,24.1
1,24.2
5,24.2
4,24.3
0,24.3
1,24.4
5,24.4
0,24.5
4,24.5
5,24.6
1,24.6
0,24.7
1,24.8
5,24.8
0,24.9
1,25.0
5,25.0
0,25.1
7,25.1
5,25.2
1,25.2
7,25.3
0,25.3
2,25.4
5,25.4
0,25.5
7,25.5
5,25.6
2,25.6
7,25.7
0,25.7
5,25.8
2,25.8
5,26.0
5,26.2
5,26.4
5,26.6
5,26.8
1,27.0
5,27.0
1,27.2
5,27.2
1,27.4
5,27.4
1,27.6
5,27.6
1,27.8
5,27.8
2,27.9
1,28.0
5,28.0
2,28.1
5,28.2
1,28.2
2,28.3
5,28.4
1,28.4
2,28.5
5,28.6
2,28.7
5,28.8
2,28.9
5,29.0
2,29.1
5,29.2
2,29.3
6,29.4
5,29.4
2,29.5
5,29.6
2,29.7
5,29.8
2,29.9
5,30.0
2,30.1
5,30.2
2,30.3
0,30.3
1,30.4
5,30.4
0,30.5
2,30.5
1,30.6
5,30.6
0,30.7
2,30.7
1,30.8
5,30.8
2,30.9
5,31.0
1,31.0
2,31.1
1,31.2
5,31.2
0,31.3
2,31.3
1,31.4
5,31.4
2,31.5
1,31.6
5,31.6
2,31.7
1,31.8
5,31.8
5,32.0
1,32.0
5,32.2
1,32.2
5,32.4
1,32.4
5,32.6
1,32.6
5,32.8
1,32.8
1,33.0
5,33.0
5,33.2
1,33.2
5,33.4
1,33.4
5,33.6
1,33.6
5,33.8
0,34.6
0,34.8
7,36.1
3,36.1
7,36.3
3,36.3
5,36.4
2,36.4
4,36.5
3,36.5
7,36.5
5,36.6
2,36.6
4,36.7
3,36.7
7,36.7
2,36.8
4,36.9
7,36.9
0,36.9
0,37.1
4,37.1
4,37.3
0,37.3
2,37.4
4,37.5
0,37.5
6,37.6
2,37.6
4,37.7
0,37.7
6,37.8
2,37.8
0,37.9
6,38.0
2,38.0
2,38.2
6,38.2
2,38.4
1,38.4
6,38.4
2,38.6
1,38.6
6,38.6
2,38.8
2,39.2
2,39.4
2,39.6
7,39.6
2,39.8
7,39.8
7,40.0
7,40.2
0,55.2
0,55.4
4,55.5
0,55.6
5,55.7
4,55.7
0,55.8
4,55.9
1,55.9
5,55.9
0,56.0
4,56.1
1,56.1
5,56.1
7,56.2
0,56.2
4,56.3
5,56.3
1,56.3
7,56.4
0,56.4
5,56.5
0,56.6
5,56.7
0,56.8
5,62.6
5,62.8
1,62.8
2,63.0
5,63.0
1,63.0
5,63.2
1,63.2
5,68.0
5,68.2
1,68.2
1,68.4
1,71.3
1,71.5
5,71.6
1,71.7
0,71.8
5,71.8
1,71.9
0,72.0
1,72.1
1,72.3
3,74.1
7,74.1
3,74.3
7,74.3
7,74.5
3,74.5
7,74.7
3,74.7
2,77.3
2,77.5
3,77.5
3,77.7
2,77.7
3,77.9
0,78.4
0,78.6
0,78.8
0,79.0
0,79.2
0,79.4
2,80.3
6,80.3
6,80.5
2,80.5
2,80.7
2,80.9
3,84.0
3,84.2
3,84.4
1,88.4
2,88.6
1,88.6
1,88.8
2,88.8
5,88.9
1,89.0
5,89.3
5,89.5
5,89.7
5,89.9
5,90.1
4,101.3
0,101.3
5,101.3
5,101.5
4,101.5
5,101.7
5,101.9
1,108.8
1,109.0
5,109.1
1,109.2
5,109.3
1,109.4
1,109.6
1,109.8
3,110.5
3,110.7
3,113.3
7,113.4
3,113.5
7,113.6
3,113.7
7,113.8
3,113.9
7,114.0
3,114.1
7,114.2
0,114.3
7,114.4
0,114.5
0,114.7
0,114.9
6,116.2
6,116.4
2,119.0
6,119.2
2,119.2
2,119.4
2,123.9
2,124.1
2,124.3
2,124.5
2,124.7
1,129.1
1,129.3
0,132.4
0,132.6
4,132.6
0,132.8
4,132.8
4,133.0
0,133.0
0,133.2
1,135.9
1,136.1
1,143.3
1,143.5
5,143.6
1,143.7
5,143.8
5,144.0
5,144.2
2,148.0
2,161.2
2,161.4
2,161.6
2,161.8
2,162.0
5,166.7
4,170.5
0,170.5
4,170.7
0,170.7
0,170.9
4,170.9
4,171.1
0,171.1
0,171.3
0,171.5
5,171.6
0,171.7
0,175.4
0,175.6
3,178.7
7,178.7
3,178.9
7,178.9
7,179.1
3,179.1
7,179.3
6,181.0
7,185.1
7,185.3
7,185.5
6,185.6
2,185.6
6,185.8
2,185.8
2,186.0
6,188.2
6,188.4
6,188.6
2,189.6
2,189.8
2,190.0
2,190.2
2,190.4
3,194.9
3,195.1
3,195.3
6,199.8
6,200.0
6,200.2
7,212.8
7,213.0
7,213.2
2,215.3
2,215.5
2,215.7
2,230.8
2,231.0
5,234.0
2,234.2
5,234.2
1,234.4
2,234.4
5,234.4
0,234.4
2,234.6
1,234.6
5,234.6
2,234.8
1,234.8
5,234.8
1,235.0
5,235.0
5,235.2
0,242.4
4,242.5
5,242.5
0,242.6
4,242.7
5,242.7
0,242.8
5,242.9
0,243.0
5,243.1
7,243.7
7,243.9
7,244.1
3,247.0
3,247.2
7,251.7
7,251.9
3,252.1
7,252.1
3,252.3
7,252.3
7,252.5
3,252.5
3,252.7
7,252.7
2,252.8
3,252.9
7,252.9
2,253.0
7,253.1
3,253.1
2,253.2
3,253.3
3,253.5
3,253.7
2,256.6
2,256.8
3,257.0
2,257.0
2,257.2
7,257.2
3,257.2
2,257.4
3,257.4
2,257.6
5,281.0
5,281.2
3,284.8
2,284.8
2,285.0
3,285.0
3,285.2
2,285.2
3,285.4
5,285.5
1,285.5
3,285.6
5,286.1
5,286.3
5,289.1
6,289.2
5,289.3
3,289.3
2,289.4
6,289.4
3,289.5
5,289.5
6,289.6
2,289.6
5,289.7
3,289.7
6,289.8
2,289.8
3,289.9
5,289.9
6,290.0
3,290.1
5,290.1
1,290.1
7,290.2
3,290.3
5,290.3
7,290.4
3,290.5
5,290.5
7,290.6
3,290.7
2,290.8
7,290.8
3,290.9
7,291.0
2,291.0
3,291.1
7,291.2
3,291.3
7,291.4
3,291.5
7,291.6
3,291.7
7,291.8
1,297.3
1,297.5
1,297.7
1,297.9
1,310.1
1,310.3
5,312.7
1,312.7
5,312.9
1,312.9
5,313.1
1,313.1
5,313.3
1,313.3
5,313.5
1,313.5
1,313.9
1,314.1
1,314.3
1,314.5
2,320.0
2,320.2
7,320.2
3,320.3
2,320.4
7,320.4
2,320.6
7,320.6
7,320.8
7,321.0
7,321.2
7,321.4
2,334.3
0,342.2
5,344.8
5,345.0
0,345.2
5,345.2
5,345.4
4,345.4
0,345.4
3,376.7
7,376.7
3,376.9
7,376.9
7,377.1
3,377.1
5,382.9
1,382.9
5,383.1
1,383.1
5,383.3
1,383.3
5,383.5
1,383.5
1,383.7
1,383.9
5,386.2
5,386.4
1,386.6
5,386.6
1,386.8
5,386.8
1,387.0
5,387.0
5,387.2
1,387.2
1,387.4
5,387.4
1,387.6
1,387.8
0,391.3
0,391.5
0,391.7
4,391.8
0,391.9
3,394.8
3,395.0
3,395.2
3,395.4
3,395.6
3,395.8
3,396.0
3,396.2
5,414.1
5,414.3
5,414.5
5,414.7
2,415.5
2,415.7
2,415.9
2,416.1
2,416.3
2,416.5
7,417.7
7,417.9
7,418.1
7,418.3
7,418.5
7,418.7
7,418.9
0,424.8
5,424.8
5,425.0
0,426.2
0,426.4
3,426.6
7,432.8
2,439.5
2,442.6
2,442.8
2,445.3
5,445.5
2,445.5
5,445.7
2,445.7
5,445.9
2,445.9
2,446.1
2,446.3
2,446.5
6,446.5
3,446.6
6,446.7
2,446.7
3,446.8
2,446.9
2,447.1
5,448.3
5,448.5
5,448.7
5,448.9
3,451.3
3,451.5
6,451.5
3,451.7
6,451.7
6,451.9
2,451.9
5,451.9
3,451.9
2,452.1
3,452.1
6,452.1
5,452.1
2,452.3
6,452.3
5,452.3
5,452.5
6,452.5
2,452.5
2,452.7
2,452.9
3,463.7
3,463.9
7,464.0
3,464.1
7,464.2
3,464.3
7,464.4
3,464.5
7,464.6
2,474.7
2,474.9
2,475.1
2,475.3
1,476.9
1,477.1
1,477.3
1,477.5
1,477.7
2,478.8
7,478.9
2,479.0
7,479.1
2,479.2
7,479.3
0,479.6
0,479.8
0,480.0
5,486.4
5,486.6
5,489.1
5,489.3
5,489.5
5,493.4
5,493.6
5,493.8
5,494.0
5,505.4
5,505.6
5,505.8
1,513.5
1,513.7
0,521.5
4,521.5
0,521.7
4,521.7
0,521.9
4,521.9
7,524.2
0,525.5
4,525.5
0,525.7
2,530.8
4,535.3
0,535.3
0,535.5
4,535.5
4,535.7
0,535.7
0,535.9
2,540.6
2,540.8
2,541.0
2,541.2
0,547.8
0,548.0
0,548.2
1,548.5
1,548.7
3,548.8
1,548.9
1,549.1
5,549.6
5,549.8
5,553.5
5,553.7
5,553.9
5,554.1
1,554.2
5,554.3
1,554.4
5,554.5
1,554.6
5,554.7
1,554.8
5,554.9
5,555.1
7,558.8
7,559.0
7,559.2
7,559.4
0,564.4
0,564.6
2,564.8
2,565.0
2,565.2
4,587.2
4,587.4
4,587.6
0,592.7
4,592.9
0,592.9
4,593.1
0,593.1
6,596.8
2,597.0
6,597.0
6,597.2
2,597.2
1,598.6
1,598.8
1,599.0
5,602.1
5,602.3
5,602.5
5,602.7
1,605.1
1,605.3
1,605.5
1,605.7
5,605.7
1,605.9
5,605.9
5,606.1
1,606.1
3,608.3
3,608.5
7,608.5
3,608.7
7,608.7
3,608.9
7,608.9
7,609.1
3,609.1
3,609.3
7,609.3
3,615.5
3,615.7
7,615.8
3,615.9
5,629.7
5,629.9
5,631.9
5,644.6
5,647.7
5,647.9
5,648.1
5,648.3
2,657.5
2,657.7
2,657.9
2,658.1
1,658.3
1,658.5
1,658.7
1,658.9
0,662.7
0,662.9
0,663.1
5,663.4
5,663.6
1,663.8
5,663.8
5,664.0
1,664.0
2,664.1
5,664.2
2,664.3
5,664.4
5,664.6
4,665.7
4,665.9
7,677.9
3,678.0
7,678.1
3,678.2
3,681.7
7,681.7
3,681.9
7,681.9
3,682.1
7,682.1
7,682.3
3,682.3
5,685.2
5,685.4
1,685.5
2,685.5
5,685.6
1,685.7
5,685.8
5,686.0
5,686.2
0,689.7
0,689.9
4,689.9
0,690.1
4,690.1
0,690.3
0,690.5
0,690.7
0,690.9
0,691.1
0,691.3
7,698.2
7,698.4
1,709.1
1,709.3
0,711.4
0,711.6
0,711.8
0,712.0
0,712.2
4,714.9
2,714.9
2,715.1
4,715.1
4,715.3
2,715.3
2,715.5
5,719.1
7,719.2
5,719.3
7,719.4
1,719.4
5,719.5
1,719.6
5,719.7
1,719.8
1,720.0
5,720.1
1,720.2
5,720.3
1,720.4
5,720.5
1,720.6
1,729.8
2,732.7
6,736.5
6,736.7
6,736.9
2,736.9
6,737.1
6,737.3
7,745.7
7,745.9
1,751.7
5,751.7
1,751.9
5,751.9
5,752.1
2,763.8
2,764.0
2,764.2
7,770.7
3,770.8
7,770.9
3,771.0
7,771.1
3,771.2
7,771.3
3,771.4
7,771.5
3,771.6
7,771.7
3,771.8
7,771.9
3,772.0
7,772.1
3,781.9
3,788.7
3,788.9
3,789.1
3,789.3
3,789.5
3,789.7
2,789.8
3,789.9
4,789.9
2,790.0
0,790.0
4,790.1
0,790.2
4,790.3
0,790.4
0,793.9
7,795.0
3,795.2
7,795.2
3,795.4
7,795.4
7,795.6
3,795.6
2,800.0
6,800.2
2,800.2
2,800.4
2,800.6
4,801.9
5,802.0
4,802.1
0,802.1
1,802.1
5,802.2
0,802.3
4,802.3
1,802.3
5,802.4
5,802.6
5,802.8
5,803.0
5,803.2
1,803.3
5,803.4
1,803.5
5,803.6
5,803.8
3,833.5
5,843.3
5,843.5
5,843.7
2,844.2
2,844.4
2,844.6
5,845.3
5,845.5
5,845.7
5,845.9
1,845.9
5,846.1
1,846.7
3,846.8
2,846.8
1,846.9
2,847.0
3,847.0
1,847.1
3,847.2
2,847.2
1,847.3
2,847.4
1,847.5
2,847.6
1,847.7
2,847.8
1,847.9
5,847.9
2,848.0
5,848.1
1,848.1
1,848.3
5,848.3
5,848.5
5,848.7
5,848.9
5,849.1
5,849.3
5,849.5
5,849.7
5,855.4
5,865.8
5,870.2
5,870.4
1,870.4
1,870.6
5,870.6
3,870.7
3,870.9
3,871.1
3,871.3
1,875.4
1,875.6
1,875.8
1,876.0
1,876.2
0,886.3
0,886.5
2,894.6
2,894.8
2,899.0
5,899.0
5,899.2
2,899.2
5,899.4
2,899.4
2,899.6
5,899.6
5,899.8
4,913.1
4,913.3
7,913.6
7,913.8
7,914.0
7,914.2
7,914.4
7,914.6
3,919.9
7,919.9
3,920.1
7,920.1
5,920.2
7,920.3
3,920.3
5,920.4
5,920.6
7,923.5
7,923.7
7,923.9
7,924.1
7,924.3
7,924.5
7,924.7
7,924.9
7,925.1
7,925.3
7,925.5
7,925.7
5,925.8
3,925.9
7,925.9
3,926.1
7,926.1
5,927.1
2,927.3
5,927.3
2,927.5
1,927.5
5,927.5
1,927.7
2,927.7
5,927.7
5,927.9
6,929.4
3,929.5
2,929.6
6,929.6
3,929.7
7,929.7
6,929.8
2,929.8
3,929.9
2,930.0
3,930.1
1,931.6
5,931.6
5,931.8
1,931.8
1,932.0
5,932.0
1,932.2
5,932.2
5,932.4
5,949.4
2,949.5
2,949.7
2,949.9
2,950.1
7,954.0
3,954.1
6,954.2
7,954.2
3,954.3
7,954.4
3,954.5
7,954.6
3,954.7
7,954.8
1,955.3
5,955.3
5,955.5
1,955.5
5,955.7
1,955.7
5,955.9
6,961.4
6,961.6
6,961.8
0,964.3
4,964.5
0,964.5
4,964.7
0,964.7
0,964.9
0,965.1
0,965.3
0,965.5
0,965.7
6,980.8
6,981.0
2,981.0
2,981.2
6,981.2
6,981.4
2,981.4
6,985.2
3,985.4
6,985.4
6,985.6
6,985.8
5,988.1
5,988.3
1,988.9
5,989.1
1,989.1
3,989.2
2,989.3
5,989.3
1,989.3
3,989.4
2,989.5
3,989.6
2,989.7
5,993.6
5,993.8
5,994.0
5,994.2
0,1000.9
0,1001.1
0,1001.3
5,1009.0
5,1012.9
5,1013.1
5,1013.3
5,1013.5
5,1014.6
5,1014.8
5,1015.0
7,1016.3
7,1016.5
2,1023.6
2,1023.8
2,1024.0
2,1024.2
1,1024.3
5,1024.3
0,1024.3
1,1024.5
5,1024.5
0,1024.5
0,1024.7
1,1024.7
5,1024.7
1,1024.9
0,1024.9
1,1025.1
3,1036.6
1,1039.1
1,1039.3
5,1039.3
1,1039.5
5,1039.5
1,1039.7
1,1039.9
1,1040.1
1,1060.2
1,1060.4
1,1060.6
5,1062.6
5,1062.8
5,1063.6
5,1063.8
5,1064.0
5,1064.2
1,1065.5
1,1065.7
5,1065.7
7,1066.1
2,1066.1
7,1066.3
2,1066.3
7,1066.5
2,1066.5
2,1066.7
7,1066.7
7,1066.9
7,1067.1
7,1067.3
3,1071.8
7,1071.8
3,1072.0
7,1072.0
3,1072.2
7,1072.2
3,1072.4
1,1073.8
3,1076.8
3,1077.0
3,1077.2
3,1077.4
3,1077.6
3,1077.8
0,1082.5
0,1082.7
6,1083.3
6,1083.5
6,1083.7
0,1086.2
4,1086.4
0,1086.4
0,1086.6
4,1086.6
0,1086.8
0,1087.0
0,1087.2
0,1087.4
2,1096.8
2,1097.0
2,1097.2
2,1097.4
2,1101.3
2,1101.5
5,1103.7
5,1103.9
5,1104.1
5,1104.3
5,1104.5
5,1104.7
5,1104.9
1,1107.3
1,1107.5
0,1113.3
0,1113.5
4,1113.7
0,1113.7
4,1113.9
0,1113.9
0,1114.1
0,1114.3
1,1116.7
1,1116.9
1,1117.1
5,1117.2
1,1117.3
5,1117.4
4,1117.6
5,1117.6
5,1117.8
4,1117.8
4,1118.0
5,1121.8
5,1122.0
0,1122.0
5,1122.2
0,1122.2
5,1122.4
0,1122.4
0,1122.6
0,1122.8
6,1124.4
6,1124.6
6,1124.8
6,1125.0
6,1125.2
6,1125.4
6,1125.6
2,1126.1
2,1126.3
2,1126.5
2,1126.7
2,1130.6
2,1130.8
2,1131.0
2,1131.2
3,1143.1
3,1143.3
3,1147.8
3,1148.0
0,1149.5
2,1152.5
2,1152.7
2,1152.9
0,1154.8
0,1155.0
0,1155.2
0,1155.4
5,1158.7
5,1158.9
5,1159.1
5,1160.7
1,1160.7
1,1160.9
5,1160.9
1,1161.1
5,1161.1
5,1161.3
2,1170.9
6,1170.9
7,1170.9
3,1171.1
2,1171.1
6,1171.1
7,1171.1
2,1171.3
6,1171.3
7,1171.3
3,1171.3
7,1171.5
2,1171.5
2,1171.7
2,1171.9
0,1172.5
0,1172.7
0,1172.9
1,1180.3
1,1180.5
5,1180.7
1,1180.7
5,1180.9
1,1180.9
5,1181.1
5,1181.3
5,1181.5
5,1181.7
5,1187.9
5,1196.7
5,1196.9
5,1197.1
5,1197.3
5,1197.5
5,1197.7
5,1197.9
5,1205.2
5,1205.4
5,1205.6
5,1205.8
5,1206.0
7,1208.4
7,1208.6
7,1208.8
7,1209.0
1,1211.2
5,1211.4
1,1211.4
1,1211.6
5,1211.6
5,1211.8
1,1211.8
5,1212.0
1,1212.2
5,1212.2
5,1212.4
1,1212.4
1,1212.6
7,1214.3
7,1214.5
7,1214.7
7,1214.9
5,1217.0
5,1217.2
5,1217.4
3,1222.1
7,1222.1
3,1222.3
7,1222.3
2,1222.5
3,1222.5
7,1222.5
2,1222.7
3,1222.7
7,1222.7
3,1222.9
7,1222.9
2,1222.9
3,1223.1
3,1223.3
1,1225.0
1,1225.2
1,1225.4
1,1225.6
5,1233.6
5,1233.8
5,1234.0
0,1240.7
0,1240.9
0,1241.1
1,1243.8
1,1244.0
1,1244.2
1,1244.4
1,1244.6
1,1244.8
7,1248.9
2,1259.6
2,1259.8
6,1259.8
6,1260.0
2,1260.0
6,1260.2
2,1260.2
5,1285.9
5,1286.1
1,1286.1
1,1286.3
5,1286.3
5,1286.5
0,1288.8
4,1288.8
0,1289.0
4,1289.0
0,1289.2
4,1289.2
0,1289.4
4,1289.4
0,1289.6
4,1289.6
4,1289.8
3,1300.7
3,1300.9
3,1301.1
1,1304.2
1,1304.4
1,1304.6
1,1307.3
1,1307.5
1,1307.7
1,1307.9
0,1308.7
0,1308.9
1,1308.9
0,1309.1
1,1309.1
1,1311.5
1,1311.7
1,1311.9
1,1312.1
1,1314.2
2,1321.9
2,1322.1
7,1325.7
7,1325.9
3,1325.9
7,1326.1
3,1326.1
3,1326.3
5,1327.0
5,1327.2
5,1327.4
5,1332.6
1,1332.6
5,1332.8
1,1332.8
5,1333.0
1,1333.0
5,1333.2
5,1335.9
5,1336.1
2,1336.1
2,1336.3
5,1336.3
5,1336.5
2,1336.5
2,1336.7
5,1336.7
2,1336.9
2,1337.1
2,1337.3
2,1337.5
2,1337.7
6,1348.0
2,1348.2
6,1348.2
2,1348.4
6,1348.4
3,1354.6
7,1354.6
7,1354.8
3,1354.8
3,1355.0
7,1355.0
7,1355.2
5,1357.1
5,1357.3
5,1357.5
5,1357.7
1,1357.9
5,1357.9
1,1358.1
5,1358.1
1,1358.3
5,1358.3
5,1358.5
1,1358.5
5,1364.7
5,1364.9
1,1365.0
5,1365.1
5,1365.3
0,1390.6
0,1390.8
0,1391.0
0,1391.2
0,1391.4
7,1393.5
1,1395.2
0,1395.3
1,1395.4
0,1395.5
1,1395.6
0,1395.7
5,1395.7
0,1395.9
5,1395.9
0,1396.1
5,1396.1
0,1396.3
5,1396.3
5,1396.5
0,1396.5
5,1407.9
5,1408.1
5,1408.3
3,1409.8
3,1410.0
7,1410.1
3,1410.2
7,1410.3
3,1410.4
7,1410.5
3,1410.6
7,1410.7
3,1410.8
7,1410.9
3,1415.2
3,1415.4
7,1416.2
7,1416.4
7,1416.6
7,1416.8
3,1416.8
7,1417.0
3,1417.0
7,1417.2
3,1417.2
7,1417.4
2,1423.5
7,1423.6
2,1423.7
7,1423.8
2,1423.9
7,1424.0
0,1432.8
4,1432.8
0,1433.0
4,1433.0
4,1433.2
0,1433.2
7,1439.8
7,1440.0
1,1468.0
1,1468.2
1,1468.4
1,1470.3
1,1470.5
1,1470.7
1,1470.9
5,1471.0
1,1471.1
5,1471.2
1,1471.3
5,1471.4
1,1471.5
5,1471.6
1,1471.7
5,1471.8
1,1471.9
5,1472.0
0,1474.1
5,1478.3
5,1478.5
5,1478.7
5,1478.9
7,1486.2
7,1486.4
7,1486.6
7,1490.2
7,1490.4
7,1495.7
5,1495.8
7,1495.9
6,1496.0
5,1496.0
7,1496.1
3,1496.1
5,1496.2
6,1496.2
3,1496.3
7,1496.3
5,1496.4
3,1496.5
7,1496.5
5,1496.6
3,1496.7
7,1496.7
5,1496.8
5,1497.0
5,1497.2
1,1497.3
5,1497.4
1,1497.5
5,1497.6
1,1497.7
5,1497.8
1,1497.9
5,1498.0
1,1498.1
5,1498.2
1,1498.3
5,1498.4
1,1498.5
1,1498.7
3,1499.8
7,1499.8
3,1500.0
7,1500.0
3,1500.2
7,1500.2
2,1500.3
3,1500.4
2,1500.5
5,1500.5
1,1500.5
2,1500.7
5,1500.7
1,1500.7
6,1500.7
1,1500.9
2,1500.9
5,1500.9
6,1500.9
1,1501.1
5,1501.1
2,1501.1
6,1501.1
2,1501.3
5,1501.3
1,1501.3
6,1501.3
5,1501.5
2,1501.5
6,1510.5
6,1510.7
6,1510.9
6,1511.1
0,1518.5
0,1521.6
0,1521.8
0,1522.0
0,1522.2
0,1522.4
1,1524.2
1,1524.4
2,1530.6
2,1530.8
2,1531.0
7,1532.3
7,1532.5
7,1532.7
7,1532.9
1,1545.4
1,1545.6
1,1545.8
5,1556.1
5,1556.3
5,1556.5
1,1556.6
5,1556.7
5,1556.9
5,1557.1
4,1559.4
0,1559.4
4,1559.6
0,1559.6
0,1574.3
0,1574.5
0,1574.7
7,1591.2
0,1593.2
0,1593.4
5,1593.6
0,1593.6
1,1593.7
5,1593.8
1,1593.9
5,1594.0
1,1594.1
5,1594.2
1,1594.3
5,1594.4
1,1594.5
5,1594.6
1,1594.7
5,1594.8
6,1595.4
2,1595.4
2,1595.6
6,1595.6
6,1595.8
2,1595.8
5,1597.9
1,1598.0
5,1598.1
1,1598.2
5,1598.3
5,1598.5
5,1598.7
4,1600.9
4,1601.1
0,1601.1
4,1601.3
0,1601.3
0,1601.5
2,1614.4
3,1614.4
3,1614.6
2,1614.6
2,1614.8
3,1614.8
2,1620.7
6,1620.7
2,1620.9
6,1620.9
2,1621.1
2,1621.3
2,1621.5
0,1632.9
0,1633.1
1,1633.1
1,1633.3
0,1633.3
0,1633.5
3,1633.5
0,1633.7
3,1633.7
3,1633.9
0,1637.9
0,1638.1
0,1638.3
5,1644.9
1,1644.9
5,1645.1
1,1645.1
5,1645.3
1,1645.3
5,1645.5
5,1656.7
5,1656.9
5,1657.1
2,1660.4
6,1660.5
2,1660.6
7,1660.7
6,1660.7
2,1660.8
6,1660.9
7,1660.9
2,1661.0
7,1661.1
6,1661.1
2,1661.2
6,1661.3
2,1661.4
2,1661.6
2,1667.8
2,1668.0
2,1668.2
2,1668.4
2,1668.6
5,1670.8
5,1671.0
5,1671.2
5,1671.4
5,1671.6
0,1671.6
4,1671.8
5,1671.8
0,1671.8
0,1672.0
4,1672.0
5,1672.0
4,1672.2
5,1672.2
0,1672.2
4,1672.4
0,1672.4
0,1676.9
5,1677.1
0,1677.1
0,1677.3
5,1677.3
0,1677.5
5,1686.7
1,1694.8
5,1694.8
5,1695.0
1,1695.0
5,1695.2
1,1695.2
1,1695.4
5,1695.4
1,1699.2
1,1699.4
1,1702.3
5,1702.5
1,1702.5
1,1702.7
5,1702.7
1,1702.9
5,1702.9
0,1708.0
0,1708.2
1,1708.2
1,1708.4
0,1708.4
0,1708.6
1,1708.6
3,1708.7
0,1708.8
1,1708.8
3,1708.9
6,1713.3
6,1713.5
6,1713.7
3,1714.5
7,1714.7
3,1714.7
3,1714.9
5,1716.5
2,1719.2
2,1719.4
2,1719.6
2,1719.8
5,1723.0
5,1723.2
0,1724.5
0,1724.7
1,1729.3
0,1729.4
1,1729.5
0,1729.6
1,1729.7
3,1737.3
7,1737.3
7,1737.5
3,1737.5
7,1756.9
7,1757.1
6,1761.2
7,1761.2
2,1761.4
6,1761.4
7,1761.4
7,1761.6
2,1761.6
6,1761.6
5,1761.8
6,1761.8
2,1761.8
2,1762.0
6,1762.0
0,1762.6
0,1762.8
0,1763.0
0,1763.2
0,1763.4
0,1769.0
0,1769.2
4,1769.2
4,1769.4
0,1769.4
4,1769.6
0,1769.6
0,1769.8
0,1770.0
3,1770.5
3,1770.7
3,1770.9
5,1771.3
5,1784.7
5,1784.9
0,1809.7
0,1809.9
5,1811.8
5,1812.0
5,1814.4
5,1814.6
2,1818.0
2,1818.2
2,1818.4
2,1818.6
2,1818.8
2,1819.0
2,1819.2
2,1819.4
7,1819.5
2,1819.6
0,1824.6
0,1824.8
0,1825.0
0,1825.2
0,1825.4
1,1825.4
0,1825.6
1,1825.6
1,1825.8
0,1825.8
1,1826.0
5,1828.0
5,1828.2
5,1828.4
5,1828.6
5,1828.8
4,1830.7
0,1830.8
4,1830.9
0,1831.0
4,1831.1
0,1831.2
4,1831.3
0,1831.4
4,1831.5
0,1831.6
0,1831.8
1,1834.7
1,1834.9
1,1835.1
1,1844.9
1,1845.1
1,1845.3
1,1845.5
1,1845.7
5,1845.7
5,1845.9
1,1845.9
5,1846.1
1,1846.1
5,1850.1
1,1850.3
5,1850.3
1,1850.5
1,1850.7
1,1850.9
7,1859.1
2,1861.3
2,1861.5
2,1861.7
2,1867.8
2,1868.0
2,1868.2
3,1869.6
3,1869.8
3,1870.0
7,1881.4
7,1881.6
5,1891.6
0,1894.9
4,1895.1
0,1895.1
0,1895.3
4,1895.3
5,1895.3
5,1895.5
0,1895.5
4,1895.5
0,1895.7
5,1895.7
5,1895.9
0,1895.9
5,1896.1
3,1896.5
3,1896.7
3,1896.9
3,1905.8
3,1906.0
3,1906.2
3,1906.4
6,1913.2
6,1920.7
2,1920.7
2,1921.1
5,1921.1
5,1921.3
2,1921.3
5,1921.5
2,1921.5
5,1921.7
2,1921.7
5,1921.9
5,1922.1
5,1922.3
5,1922.5
5,1922.7
5,1922.9
5,1923.1
5,1923.3
1,1926.4
1,1926.6
1,1926.8
1,1927.0
3,1931.8
2,1931.9
3,1932.0
2,1932.1
3,1932.2
5,1943.0
5,1943.2
5,1943.4
0,1943.5
1,1943.5
5,1943.6
0,1943.7
1,1943.7
5,1943.8
5,1946.0
5,1946.2
5,1946.4
5,1946.6
5,1946.8
5,1947.0
5,1949.3
0,1949.5
5,1949.5
4,1949.5
0,1949.7
4,1949.7
5,1949.7
5,1949.9
4,1949.9
0,1949.9
1,1950.0
5,1950.1
0,1950.1
1,1950.2
5,1950.3
5,1950.5
3,1956.6
3,1956.8
2,1960.2
2,1960.4
2,1960.6
7,1964.0
7,1964.2
7,1964.4
7,1964.6
3,1966.6
3,1966.8
1,1984.0
2,1984.1
1,1984.2
1,1984.4
6,1990.6
1,1990.6
5,1990.7
1,1990.8
6,1990.8
6,1991.0
1,1991.0
1,1991.2
0,1995.5
0,1995.7
7,2017.9
5,2018.0
7,2018.1
5,2018.2
7,2018.3
5,2018.4
5,2018.6
5,2018.8
3,2020.4
7,2020.4
7,2020.6
3,2020.6
7,2020.8
3,2020.8
7,2024.6
7,2024.8
3,2024.9
7,2025.0
3,2025.1
7,2025.2
3,2025.3
5,2026.1
5,2026.3
5,2026.5
5,2026.7
5,2026.9
5,2039.7
5,2039.9
2,2042.4
2,2042.6
2,2042.8
5,2049.1
5,2049.3
5,2049.5
5,2049.7
1,2053.6
1,2053.8
1,2054.0
3,2060.8
3,2061.0
5,2077.5
5,2077.7
5,2084.0
5,2084.2
5,2084.4
3,2090.9
6,2091.1
6,2091.3
0,2093.0
0,2093.2
0,2093.4
5,2094.2
5,2094.4
5,2094.6
3,2106.3
7,2106.3
3,2106.5
7,2106.5
4,2106.5
0,2106.5
0,2106.7
7,2106.7
4,2106.7
3,2106.7
7,2106.9
3,2106.9
7,2107.5
7,2107.7
3,2110.8
3,2111.0
7,2111.0
3,2111.2
7,2111.2
3,2111.4
7,2111.4
3,2111.6
7,2111.6
3,2111.8
7,2111.8
1,2112.5
1,2112.7
1,2116.4
2,2116.5
1,2116.6
2,2116.7
1,2116.8
1,2117.0
1,2117.2
1,2123.4
1,2123.6
5,2123.6
1,2123.8
5,2123.8
1,2124.0
5,2124.0
1,2124.2
5,2124.2
1,2124.4
5,2124.4
2,2129.0
2,2129.2
2,2129.4
6,2153.9
2,2154.1
6,2154.1
2,2154.3
6,2154.3
2,2154.5
0,2154.7
0,2154.9
2,2159.0
2,2159.2
0,2160.4
4,2160.4
0,2160.6
4,2160.6
0,2160.8
4,2160.8
0,2161.0
0,2161.2
0,2161.4
0,2161.6
3,2167.8
3,2168.0
7,2174.9
7,2175.1
0,2175.3
0,2179.8
0,2180.0
0,2180.2
1,2183.2
1,2183.4
1,2183.6
0,2186.5
0,2189.5
1,2189.6
0,2189.7
1,2189.8
0,2189.9
0,2190.1
0,2190.3
3,2191.6
3,2191.8
3,2192.0
6,2193.9
6,2194.1
6,2194.3
3,2198.3
3,2198.5
7,2198.5
3,2198.7
3,2201.8
3,2202.0
7,2202.2
3,2202.2
3,2202.4
7,2202.4
7,2202.6
1,2207.7
5,2207.7
1,2207.9
5,2207.9
5,2208.1
1,2208.1
5,2208.3
2,2208.5
2,2208.7
1,2211.1
5,2211.1
5,2211.3
1,2211.3
5,2211.5
1,2211.5
2,2220.4
0,2228.3
0,2228.5
0,2228.7
0,2240.1
0,2240.3
0,2240.5
5,2243.8
5,2244.0
1,2252.3
1,2252.5
5,2252.5
1,2252.7
5,2252.7
1,2252.9
7,2271.4
7,2271.6
3,2287.3
3,2287.5
3,2287.7
3,2287.9
2,2289.2
7,2289.4
2,2289.4
7,2289.6
2,2289.6
7,2289.8
2,2289.8
7,2290.0
5,2305.1
5,2305.3
5,2305.5
5,2305.7
5,2305.9
5,2306.1
0,2306.2
4,2306.2
0,2306.4
4,2306.4
4,2306.6
0,2306.6
4,2306.8
1,2309.3
6,2309.4
2,2309.4
1,2309.5
1,2309.7
1,2309.9
4,2310.4
0,2310.4
4,2310.6
0,2310.6
4,2310.8
0,2310.8
4,2311.0
0,2311.0
4,2311.2
0,2311.2
4,2311.4
0,2311.4
4,2311.6
5,2315.2
7,2319.3
7,2319.5
7,2319.7
7,2319.9
3,2319.9
7,2320.1
3,2320.1
7,2323.3
7,2323.5
7,2323.7
2,2333.6
2,2333.8
2,2334.0
7,2336.2
6,2337.7
2,2337.7
6,2337.9
2,2337.9
2,2338.1
6,2338.1
5,2338.1
0,2338.2
5,2338.3
0,2338.4
0,2338.6
3,2344.3
3,2344.5
3,2351.7
2,2351.9
3,2351.9
2,2352.1
1,2359.6
1,2359.8
5,2359.9
1,2360.0
5,2360.1
1,2360.2
5,2360.3
1,2360.4
5,2360.5
5,2360.7
5,2360.9
5,2361.1
1,2371.1
5,2371.3
1,2374.6
5,2374.6
1,2374.8
5,2374.8
1,2375.0
5,2375.0
1,2375.2
5,2375.2
1,2375.4
5,2375.4
1,2375.6
1,2375.8
1,2376.0
3,2379.9
7,2379.9
3,2380.1
7,2380.1
5,2382.4
5,2382.6
1,2382.6
1,2382.8
5,2382.8
5,2383.0
5,2383.2
5,2383.4
1,2387.2
1,2387.4
1,2387.6
1,2387.8
1,2388.0
1,2391.3
1,2391.5
1,2391.7
1,2391.9
2,2391.9
1,2392.1
2,2392.1
1,2393.9
1,2394.1
5,2394.1
1,2394.3
5,2394.3
5,2394.5
1,2394.5
5,2394.7
1,2394.7
0,2403.2
0,2403.4
0,2403.6
3,2411.4
7,2411.4
7,2411.6
3,2411.6
3,2411.8
7,2411.8
3,2412.0
7,2412.0
7,2412.2
3,2412.2
7,2412.4
3,2412.4
7,2412.6
6,2432.9
2,2432.9
2,2433.1
6,2433.1
5,2433.3
0,2433.3
2,2433.3
2,2433.5
5,2433.5
0,2433.5
0,2433.7
2,2433.7
2,2433.9
0,2433.9
5,2436.6
2,2436.6
6,2436.8
2,2436.8
5,2436.8
5,2437.0
6,2437.0
2,2437.0
5,2437.2
2,2437.2
6,2437.2
2,2437.4
2,2437.6
2,2437.8
7,2441.5
3,2441.5
7,2441.7
3,2441.7
3,2441.9
7,2441.9
5,2455.3
5,2455.5
1,2458.7
1,2458.9
1,2459.1
3,2462.1
3,2462.3
3,2462.5
2,2474.8
2,2475.0
2,2475.2
7,2477.2
7,2477.4
7,2477.6
7,2477.8
7,2478.0
7,2478.2
3,2481.7
3,2481.9
3,2482.1
3,2482.3
1,2482.3
1,2482.5
1,2482.7
1,2482.9
1,2483.1
2,2489.9
2,2490.1
1,2490.2
5,2490.2
2,2490.3
5,2490.4
1,2490.4
5,2490.6
1,2490.6
5,2490.8
1,2490.8
7,2493.0
0,2500.7
4,2500.7
5,2500.7
0,2500.9
5,2500.9
4,2500.9
0,2501.1
5,2501.1
4,2501.1
5,2501.3
0,2501.3
4,2501.3
0,2501.5
5,2507.7
1,2507.9
5,2507.9
5,2508.1
1,2508.1
5,2508.3
1,2508.3
5,2508.5
1,2508.5
5,2508.7
1,2509.5
1,2512.8
1,2513.0
1,2513.6
1,2513.8
1,2514.0
1,2514.2
1,2514.4
2,2516.1
2,2516.3
2,2516.5
5,2521.5
1,2521.5
1,2521.7
5,2521.7
1,2521.9
3,2526.8
7,2526.8
3,2527.0
7,2527.0
3,2527.2
7,2527.2
3,2527.4
7,2527.4
3,2527.6
7,2527.6
3,2527.8
7,2527.8
0,2553.1
0,2553.3
0,2554.5
0,2554.7
0,2554.9
1,2561.4
1,2561.6
5,2561.7
1,2564.5
0,2564.7
1,2564.7
0,2564.9
1,2564.9
2,2570.7
2,2570.9
2,2571.1
2,2571.3
2,2573.7
2,2573.9
2,2574.1
2,2574.3
2,2574.5
2,2574.7
3,2574.7
3,2574.9
7,2577.8
2,2577.8
7,2578.0
2,2578.0
7,2578.2
3,2578.2
2,2578.2
7,2578.4
7,2578.6
2,2581.8
2,2591.6
1,2591.8
2,2591.8
2,2592.0
1,2592.0
1,2592.2
2,2592.2
2,2592.4
4,2594.6
4,2594.8
2,2596.0
2,2596.2
2,2596.4
2,2596.6
2,2596.8
0,2598.3
4,2598.3
4,2598.5
0,2598.5
0,2598.7
4,2598.7
4,2598.9
0,2598.9
0,2599.1
0,2599.3
4,2602.1
5,2602.3
4,2602.3
5,2602.5
4,2602.5
4,2602.7
6,2605.9
2,2605.9
6,2606.1
2,2614.8
2,2615.0
2,2615.2
5,2619.7
5,2619.9
2,2620.1
5,2620.1
2,2620.3
2,2620.5
2,2620.7
5,2624.3
5,2624.5
1,2624.7
5,2624.7
1,2624.9
2,2628.5
2,2628.7
2,2628.9
2,2629.1
2,2629.3
2,2629.5
2,2633.4
1,2640.0
5,2640.0
5,2640.2
1,2640.2
5,2640.4
3,2649.8
0,2653.5
0,2653.7
0,2653.9
0,2654.1
2,2654.8
2,2655.0
2,2655.2
2,2658.6
2,2658.8
2,2659.0
2,2659.2
2,2659.4
2,2659.6
2,2669.3
2,2669.5
3,2669.5
3,2673.5
3,2673.7
1,2682.1
5,2682.1
0,2682.1
1,2682.3
0,2682.3
5,2682.3
0,2682.5
1,2682.5
5,2682.5
1,2682.7
5,2682.7
5,2682.9
5,2686.0
5,2686.2
0,2686.4
5,2686.4
7,2686.4
0,2686.6
7,2686.6
2,2686.6
7,2686.8
7,2687.0
5,2689.6
5,2689.8
5,2690.0
5,2690.2
0,2691.3
4,2691.3
4,2691.5
0,2691.5
4,2691.7
0,2691.9
0,2692.1
0,2692.3
0,2692.5
5,2709.1
5,2709.3
5,2709.5
5,2713.4
3,2713.4
7,2713.4
5,2713.6
7,2713.6
1,2713.7
5,2713.8
7,2713.8
1,2713.9
5,2714.0
7,2714.0
7,2714.2
7,2714.4
7,2714.6
7,2714.8
2,2716.4
2,2716.6
5,2716.6
2,2716.8
5,2716.8
2,2717.0
5,2717.0
2,2717.2
5,2717.2
5,2717.4
2,2717.4
2,2717.6
1,2722.9
1,2723.1
7,2724.9
3,2725.1
7,2725.1
7,2725.3
5,2731.1
5,2733.5
1,2733.7
5,2733.7
5,2733.9
1,2733.9
5,2734.1
1,2753.0
1,2753.2
1,2756.3
1,2756.5
1,2756.7
1,2756.9
0,2760.3
0,2760.5
1,2760.7
0,2760.7
0,2760.9
5,2760.9
1,2760.9
1,2761.1
2,2765.2
6,2765.2
2,2765.4
6,2765.4
2,2765.6
6,2765.6
6,2765.8
2,2765.8
2,2766.0
6,2766.0
6,2766.2
2,2766.2
2,2766.4
1,2766.5
2,2766.6
5,2766.7
1,2766.7
2,2766.8
5,2766.9
2,2767.0
5,2767.1
2,2767.2
2,2767.4
0,2780.8
0,2781.0
2,2781.8
3,2781.8
3,2782.0
3,2782.2
3,2782.4
7,2787.2
3,2787.4
7,2787.4
3,2787.6
7,2787.6
3,2787.8
7,2787.8
3,2788.0
5,2789.2
1,2789.2
5,2789.4
1,2789.4
7,2807.3
7,2807.5
7,2810.3
7,2810.5
2,2817.0
2,2817.2
2,2817.4
2,2817.6
2,2817.8
7,2817.8
7,2818.0
7,2818.2
5,2833.0
5,2833.2
5,2833.4
1,2833.5
5,2833.6
1,2833.7
5,2833.8
1,2833.9
5,2834.0
1,2834.1
5,2834.2
1,2834.3
5,2834.4
1,2834.5
5,2834.6
1,2834.7
5,2834.8
5,2835.0
5,2835.2
3,2835.8
3,2836.0
3,2836.2
3,2836.4
3,2836.6
3,2836.8
0,2836.9
7,2837.0
3,2837.0
0,2837.1
7,2837.2
3,2837.2
0,2837.3
0,2841.7
4,2841.7
3,2841.8
7,2841.8
0,2841.9
4,2841.9
7,2842.0
3,2842.0
4,2842.1
0,2842.1
3,2842.2
7,2842.2
0,2842.3
1,2851.2
1,2851.4
1,2851.6
5,2851.8
1,2851.8
1,2852.0
5,2852.0
1,2852.2
5,2852.2
2,2852.3
5,2852.4
1,2852.4
5,2852.6
5,2852.8
5,2853.0
5,2881.0
5,2881.2
5,2881.4
1,2884.8
1,2885.0
1,2885.2
1,2885.4
1,2885.6
7,2895.6
5,2900.5
5,2900.7
5,2900.9
2,2903.6
2,2903.8
2,2904.0
2,2904.2
2,2904.4
2,2904.6
2,2908.7
2,2908.9
2,2909.1
2,2909.3
2,2909.5
2,2909.7
5,2912.6
5,2912.8
5,2913.0
1,2915.6
1,2915.8
4,2917.1
0,2917.1
0,2917.3
4,2917.3
0,2917.5
4,2917.5
0,2939.6
0,2939.8
4,2939.8
0,2940.0
4,2940.0
4,2940.2
0,2940.2
0,2940.4
4,2940.4
0,2940.6
0,2940.8
5,2944.6
5,2944.8
1,2944.8
5,2945.0
1,2945.0
1,2945.2
5,2945.2
5,2945.4
1,2945.4
5,2945.6
7,2954.4
7,2954.6
7,2954.8
7,2962.0
7,2962.2
5,2965.4
5,2965.6
5,2965.8
5,2966.0
5,2966.2
5,2966.4
5,2966.6
5,2966.8
1,2966.9
5,2967.0
5,2967.2
1,2969.1
1,2969.3
3,2969.3
1,2969.5
3,2969.5
5,2969.5
3,2969.7
1,2969.7
5,2969.7
3,2969.9
5,2969.9
5,2970.1
3,2970.1
5,2970.3
5,2970.5
2,2974.3
2,2974.5
2,2974.7
2,2988.3
2,2988.5
2,2988.7
2,2988.9
4,2989.6
4,2989.8
0,2989.8
4,2990.0
2,2994.1
2,2994.3
2,2994.5
2,2994.7
