23,11.8
15,12.3
21,12.6
19,12.8
22,12.9
12,13.0
2,17.6
10,17.6
3,17.7
9,17.7
6,17.8
0,17.8
26,17.8
28,17.8
20,20.6
17,21.2
18,21.5
1,21.9
23,22.1
8,22.4
29,22.7
10,24.5
28,24.7
2,24.9
9,25.3
0,25.3
15,26.5
26,27.5
6,27.9
21,28.0
20,28.3
12,28.4
14,28.5
5,28.5
3,28.5
18,28.6
25,28.6
11,28.7
27,28.9
1,29.5
29,30.1
28,30.6
2,31.0
9,32.3
8,32.5
17,32.8
26,34.5
0,35.2
18,35.3
4,35.6
20,35.6
19,35.8
1,36.0
6,36.0
7,37.3
15,37.4
22,37.6
12,37.9
25,37.9
3,37.9
29,38.0
21,38.1
5,38.2
9,38.5
27,40.1
11,40.4
14,40.5
26,40.9
31,41.0
30,41.1
18,42.1
1,42.3
20,42.4
19,42.8
6,43.2
16,43.9
7,44.4
9,44.4
3,44.7
25,45.1
17,45.4
5,45.7
4,45.7
29,45.9
22,46.0
8,46.0
14,47.5
26,47.7
20,48.5
1,48.6
19,48.8
11,48.8
18,49.1
31,49.4
6,49.5
0,49.8
30,50.1
12,50.5
3,50.6
15,50.6
7,50.7
16,50.8
25,51.6
17,52.3
5,52.7
14,53.4
29,53.5
13,53.9
4,54.2
20,54.2
26,54.5
1,54.7
19,55.0
23,55.7
6,55.7
3,56.4
16,57.2
22,57.3
7,57.5
25,58.1
17,58.2
11,58.6
18,59.1
30,59.5
14,59.6
20,59.8
15,60.6
1,60.8
19,61.2
5,61.4
26,61.7
6,62.1
3,62.2
4,62.5
13,62.7
16,63.6
7,63.9
17,64.1
22,64.3
21,64.6
25,65.1
29,65.4
20,65.7
23,65.9
12,66.5
1,66.8
14,67.3
19,67.4
15,67.6
3,67.8
26,68.2
6,68.7
0,68.8
30,68.8
17,70.1
16,70.1
11,70.6
22,70.7
7,70.8
25,71.3
20,71.5
21,71.5
4,71.9
1,72.7
19,73.2
23,73.3
15,73.9
26,74.3
31,74.8
6,75.4
14,75.5
8,76.0
17,76.2
0,76.4
25,77.1
20,77.2
12,77.3
22,77.4
21,77.5
16,77.8
27,78.3
19,78.9
1,79.0
23,80.0
15,80.2
26,80.3
17,82.4
7,82.5
6,82.7
25,82.7
14,82.9
4,82.9
0,83.6
31,84.2
19,84.8
22,84.9
26,86.7
15,87.3
1,87.7
23,87.8
5,88.6
13,88.6
25,88.8
18,89.2
17,89.5
27,90.8
14,91.2
19,91.2
20,92.8
16,95.0
7,95.1
12,95.2
30,95.3
15,95.3
23,95.4
31,95.4
5,95.5
17,96.3
22,96.3
26,96.5
25,96.7
6,96.8
0,97.1
13,97.6
19,98.3
14,98.9
18,99.6
11,99.8
4,100.1
1,100.8
5,101.5
23,102.0
7,102.0
27,102.1
15,102.2
30,102.2
17,102.4
16,102.9
2,103.2
25,103.4
31,103.6
13,105.1
29,105.4
14,106.7
11,107.3
6,107.5
18,107.5
8,107.7
17,108.1
15,108.3
23,108.4
30,108.4
2,108.6
4,108.8
1,109.3
16,109.6
26,109.6
25,109.6
0,110.7
19,110.8
17,113.6
22,113.7
24,114.1
31,114.2
13,114.3
11,114.5
15,114.6
30,114.7
2,114.8
25,115.9
16,116.5
23,116.9
14,118.2
29,118.4
18,118.5
17,119.0
26,119.2
3,119.8
30,121.1
11,121.3
31,121.5
2,121.8
1,122.0
25,122.2
24,122.4
15,122.5
0,122.6
16,123.4
8,124.2
3,125.2
18,125.2
6,125.9
11,127.4
4,127.6
30,127.7
31,127.8
29,128.2
2,128.6
25,128.7
1,129.3
3,131.5
26,132.0
15,132.1
16,132.3
13,133.2
11,133.2
24,133.6
31,133.7
30,134.0
8,134.6
0,135.0
22,135.2
1,135.7
14,135.7
29,135.8
2,135.8
6,136.5
25,136.9
11,138.9
26,139.8
30,139.9
16,141.1
13,141.3
1,141.9
15,142.7
24,143.0
3,143.5
22,143.9
14,144.0
0,144.4
11,144.7
29,145.0
25,145.7
2,146.4
16,148.1
13,148.3
1,148.5
26,149.0
11,150.8
18,151.6
3,152.2
25,153.0
24,153.1
16,154.7
2,154.9
0,155.5
13,155.6
14,156.0
26,156.5
18,157.1
11,157.8
1,158.9
25,159.5
16,161.2
3,161.9
2,162.0
24,162.9
18,163.4
26,163.5
13,164.4
14,164.5
6,164.5
22,164.7
5,165.0
11,165.7
25,165.9
2,168.1
0,168.6
3,169.0
16,169.0
30,169.9
26,170.2
24,170.3
5,170.4
15,171.6
29,171.8
25,172.5
18,173.6
14,173.8
6,173.8
2,173.9
30,175.0
3,175.5
13,176.0
26,176.4
11,176.5
5,176.6
16,176.6
24,177.8
25,179.0
2,179.5
1,180.0
7,180.0
30,180.6
0,180.9
4,181.9
26,182.0
14,182.2
15,182.5
3,182.7
13,182.8
5,183.0
22,183.5
6,183.6
29,184.4
11,184.7
2,184.8
24,185.4
25,185.6
16,186.3
18,186.9
1,186.9
13,188.5
14,188.7
5,189.3
2,190.3
4,190.4
6,190.8
22,191.8
11,192.0
17,192.7
1,192.9
0,193.7
25,193.7
14,194.6
3,194.7
5,195.6
24,195.8
2,196.2
19,196.8
6,197.8
17,198.2
18,198.2
13,198.9
1,199.1
14,200.7
11,201.4
5,202.0
25,202.1
27,202.4
0,203.3
17,203.6
4,203.8
2,203.9
22,204.2
19,205.0
3,205.9
18,206.5
1,207.1
14,208.2
5,208.5
23,208.7
6,208.8
17,208.9
15,208.9
12,209.4
25,210.7
2,210.9
22,211.2
26,211.2
27,211.6
19,211.6
3,212.6
17,214.6
1,215.0
5,215.3
4,216.2
6,216.8
22,217.2
23,217.3
19,217.4
2,217.6
25,217.6
16,217.7
15,217.7
18,217.8
17,220.6
1,221.7
12,221.8
5,222.0
22,223.0
19,223.1
25,223.9
8,223.9
13,223.9
2,224.2
11,224.2
6,224.3
16,224.6
23,225.7
15,226.2
4,226.2
17,226.6
1,227.8
5,228.7
13,229.2
27,229.6
25,229.9
2,230.5
16,230.6
12,231.3
6,231.4
23,232.4
17,232.6
15,232.7
14,233.4
11,233.5
4,233.7
1,233.8
5,234.7
25,235.6
2,236.3
16,236.4
6,237.8
23,238.3
15,238.5
8,238.5
17,238.5
1,239.6
5,240.4
4,240.6
14,240.7
25,241.0
2,241.9
16,242.3
29,243.4
6,243.8
23,244.3
24,245.0
18,245.7
12,245.7
11,246.5
25,246.5
27,246.9
14,247.4
16,247.5
2,247.5
4,248.2
0,248.8
15,248.9
8,248.9
6,249.6
23,251.5
25,252.1
18,252.9
14,253.5
11,253.7
29,254.1
12,254.8
24,255.2
27,256.4
8,257.1
25,257.4
18,258.9
0,259.3
4,259.6
14,259.6
11,260.0
19,262.5
29,262.7
8,264.5
15,264.7
12,265.8
14,266.1
11,266.1
24,266.4
4,267.0
19,268.5
27,269.1
15,270.3
0,271.7
11,271.9
29,272.2
14,273.4
8,274.0
4,275.6
15,276.1
11,277.7
19,277.7
24,279.9
0,281.3
15,282.0
14,282.1
16,282.8
11,283.3
29,285.9
8,286.2
15,288.0
16,288.4
11,289.1
0,289.8
24,290.2
23,292.5
12,293.2
14,293.7
15,294.0
19,294.2
16,294.3
11,295.2
5,297.5
15,299.6
24,300.1
17,300.2
16,300.2
23,300.8
14,301.5
19,301.6
11,301.7
5,302.9
0,303.6
15,305.0
16,306.1
12,306.1
18,307.9
5,308.9
19,309.2
11,309.9
25,310.6
15,310.7
17,310.7
14,311.1
23,312.2
31,313.1
16,313.1
18,313.6
0,314.1
17,315.9
15,317.0
24,317.2
5,317.5
31,318.5
29,318.6
18,320.5
0,321.3
1,322.0
4,323.2
15,323.7
31,324.2
24,325.1
5,325.7
1,327.7
0,328.1
31,329.9
11,330.6
14,330.8
29,331.4
18,331.5
4,331.5
27,332.0
15,332.2
1,333.0
16,334.2
23,334.3
5,334.8
31,335.1
24,335.6
12,335.8
19,336.0
0,337.4
11,338.0
1,338.2
18,338.6
15,339.3
27,340.1
31,340.5
6,340.6
5,341.8
16,342.0
23,342.2
2,343.2
1,343.7
4,344.0
11,344.7
18,345.0
6,345.9
31,346.3
15,347.2
19,347.4
12,348.1
5,348.3
27,349.0
23,349.1
1,350.0
6,351.6
16,351.6
29,352.5
18,352.5
24,352.6
31,353.3
11,353.6
15,353.8
5,354.8
23,355.8
22,356.0
1,356.9
6,357.4
4,358.4
19,359.6
15,359.7
5,361.3
22,361.5
18,362.4
14,362.5
27,362.9
12,362.9
23,363.0
6,363.3
24,363.6
2,363.6
1,363.7
11,364.3
8,365.4
15,365.6
16,366.2
4,366.9
19,366.9
22,367.4
5,368.6
2,369.2
6,369.2
1,369.8
23,370.1
12,370.6
18,371.1
14,371.2
15,371.4
31,371.5
11,371.8
27,372.4
17,373.0
16,373.4
22,373.7
4,373.7
19,374.5
6,375.0
2,375.0
5,375.1
1,375.7
8,376.6
15,377.6
14,378.3
23,378.7
12,378.8
11,379.1
31,379.6
16,379.7
4,380.1
6,380.6
2,380.7
18,381.0
5,381.7
7,382.0
29,382.3
22,383.4
19,384.1
16,385.9
14,385.9
15,386.0
6,386.2
2,386.6
4,386.6
7,387.5
8,387.5
31,389.8
5,390.3
11,391.5
6,392.2
16,393.4
2,393.6
7,393.9
18,395.1
4,395.5
24,397.7
5,398.7
19,398.7
11,399.1
6,400.1
4,403.1
18,403.3
7,404.3
14,404.4
31,405.1
24,406.0
19,406.1
8,407.1
16,407.3
5,407.8
11,408.2
4,409.7
0,410.6
18,410.6
2,410.6
7,411.2
14,411.5
31,411.9
6,412.0
19,412.8
11,415.5
16,415.9
4,416.7
18,417.1
7,417.2
14,417.3
2,417.5
22,417.6
15,417.8
27,417.8
8,417.9
24,417.9
5,418.6
6,419.0
0,420.6
19,420.8
11,422.1
16,422.5
7,423.0
18,423.1
2,423.4
4,425.2
6,425.3
22,425.5
15,425.9
27,426.3
5,426.4
8,428.4
16,428.6
7,428.6
2,429.1
11,429.1
18,429.2
0,430.5
6,432.3
7,434.1
2,434.9
16,435.4
5,436.1
22,436.4
18,436.5
14,438.1
15,438.7
20,439.3
7,439.9
11,441.3
2,441.5
31,442.3
22,443.6
14,443.7
20,444.9
7,445.6
6,445.9
15,447.3
16,447.8
17,448.4
4,448.9
24,449.1
14,449.9
22,450.1
5,450.4
20,450.9
17,453.7
15,454.8
23,455.5
18,455.6
22,456.1
4,457.2
6,458.1
5,458.2
2,459.0
17,459.1
24,459.5
8,459.5
14,460.3
16,460.9
15,461.4
11,461.7
22,462.3
23,463.6
17,464.4
5,464.6
18,465.0
6,465.3
15,467.6
8,468.7
24,468.8
16,469.1
4,469.3
22,469.7
11,469.9
5,470.6
23,471.4
6,471.5
2,471.8
10,471.9
0,473.5
15,474.0
17,474.9
14,475.1
12,475.4
19,475.5
18,475.6
22,476.2
5,476.4
8,477.2
4,477.3
29,477.5
6,477.5
23,478.0
2,478.9
16,479.0
24,479.1
17,480.3
15,480.5
11,481.1
22,482.2
5,482.2
18,482.5
14,483.0
6,483.7
0,483.9
23,484.4
2,484.9
8,485.1
17,486.3
19,486.8
15,487.4
29,488.0
5,488.4
4,488.6
22,488.6
18,489.2
2,491.0
16,491.1
6,491.3
17,492.3
8,492.3
23,492.6
14,492.7
25,492.9
0,493.1
5,494.6
12,495.0
15,495.1
22,495.2
27,496.0
18,496.2
19,497.5
16,498.0
25,498.3
2,498.4
8,499.0
23,499.5
24,500.0
5,500.6
22,502.4
0,502.6
15,502.8
18,503.8
6,503.9
25,504.0
16,504.1
11,505.1
12,505.2
27,505.2
2,505.3
8,506.0
5,506.2
23,506.6
25,509.5
19,509.7
24,509.8
16,510.2
2,512.0
22,512.2
6,512.4
0,512.4
15,513.0
7,513.5
8,515.2
23,515.6
18,515.7
16,516.2
11,516.5
15,519.7
6,519.7
22,519.8
2,520.4
24,521.4
14,522.3
0,522.8
23,522.9
15,525.9
8,526.3
22,527.3
19,527.7
11,527.9
6,528.5
14,530.5
23,531.5
15,532.1
24,532.7
18,534.6
11,535.7
22,535.7
19,536.5
6,536.9
4,537.8
15,539.1
14,541.0
12,542.4
3,542.5
23,542.6
22,543.2
11,543.2
19,544.1
18,544.9
15,545.4
6,545.9
0,546.1
4,547.2
3,547.7
25,548.8
23,549.6
22,550.0
11,550.5
15,551.1
19,552.9
6,553.2
3,553.8
25,554.1
18,555.7
23,555.8
0,556.4
24,556.4
16,556.7
15,556.7
22,558.0
25,559.5
4,560.1
3,560.2
11,560.7
6,561.8
15,561.9
16,562.2
23,562.5
25,565.2
3,566.9
15,567.3
16,567.7
14,567.8
12,568.1
19,568.8
4,569.1
23,569.1
22,569.4
25,570.6
15,572.9
16,573.4
14,575.9
23,576.2
25,576.3
3,576.7
15,578.4
24,578.8
6,579.1
16,579.5
25,582.3
28,582.3
23,582.8
17,584.1
15,584.2
3,584.9
14,587.0
24,587.2
19,587.8
16,587.8
28,588.4
25,588.4
17,589.6
23,589.6
15,589.8
6,590.0
4,591.1
25,594.5
16,595.5
17,595.5
15,595.6
0,596.1
22,596.2
19,597.3
3,597.6
27,599.0
2,599.0
4,599.2
18,599.5
28,599.9
23,600.7
25,600.7
31,600.8
17,600.9
15,601.6
22,603.5
12,603.5
19,604.2
16,605.2
0,606.0
3,606.1
4,606.1
17,606.2
6,606.4
25,606.5
2,606.5
14,606.5
31,606.6
27,606.7
11,606.9
18,607.3
15,607.5
23,608.0
22,610.0
19,610.2
12,610.7
28,610.9
3,612.7
4,612.8
2,612.8
29,613.0
15,613.2
31,613.2
18,613.7
6,613.7
16,614.0
11,614.2
23,614.9
27,614.9
19,615.7
22,616.1
14,616.7
12,616.9
2,618.8
28,618.8
3,618.9
18,619.8
6,620.1
11,620.8
19,621.2
4,621.4
23,621.7
22,622.1
12,623.1
24,624.8
2,624.9
27,625.1
3,625.2
28,625.3
31,625.7
18,625.9
6,626.5
19,626.5
22,627.9
11,628.8
8,629.5
2,630.8
23,631.1
29,631.1
12,631.1
28,631.2
18,631.9
3,632.0
19,632.3
6,632.5
14,633.3
22,633.6
0,634.3
24,635.2
27,635.8
11,637.5
18,637.8
12,638.0
19,638.0
23,638.4
8,638.6
6,638.8
4,639.1
3,639.6
29,640.9
18,643.3
19,643.7
16,644.0
12,644.6
6,645.0
11,645.3
14,645.4
23,645.7
3,646.0
0,646.9
27,647.7
4,648.2
31,650.1
16,650.9
12,651.0
6,651.7
13,651.7
3,651.8
8,652.3
11,652.3
23,652.5
18,653.9
16,657.1
13,657.1
28,657.4
12,657.5
3,657.5
18,659.1
23,659.5
11,660.7
2,660.8
8,661.2
6,661.7
0,661.9
28,663.0
16,663.2
13,663.3
3,663.5
7,664.4
18,664.8
12,666.0
2,666.4
28,668.6
19,668.8
16,669.4
0,669.7
23,669.8
7,670.0
3,671.2
8,671.3
18,671.9
31,672.8
2,673.1
11,673.4
13,673.8
19,674.3
28,674.5
12,674.7
6,675.0
16,675.7
0,676.8
23,677.1
27,678.0
3,678.0
18,678.3
14,679.7
28,680.5
11,680.7
31,681.1
13,681.4
8,681.9
12,681.9
6,682.8
16,682.8
15,683.1
3,684.3
18,684.4
23,685.2
27,685.5
7,685.5
28,686.3
11,687.1
15,688.3
0,688.3
12,688.5
13,688.9
16,689.2
6,689.6
19,690.1
2,690.2
18,690.3
3,690.4
14,690.5
7,691.1
8,691.2
27,692.4
28,692.5
31,692.6
30,692.9
11,693.0
15,694.1
16,695.5
19,695.6
6,695.9
18,696.0
12,696.1
3,696.7
29,696.8
7,697.5
14,697.8
30,698.2
28,698.6
11,698.8
15,700.1
8,700.3
13,700.9
23,701.2
16,701.6
19,701.8
6,701.8
27,702.4
0,703.1
7,703.7
11,704.2
30,704.4
28,704.7
12,704.7
3,704.7
14,705.1
15,706.1
6,707.6
16,707.9
23,708.1
19,708.4
13,708.7
7,709.5
11,709.7
27,709.9
29,710.4
28,711.0
3,711.7
8,712.3
6,713.5
30,713.8
23,714.1
12,714.7
2,715.1
7,715.2
13,715.4
11,715.6
22,715.7
16,716.0
14,716.4
31,716.7
19,716.8
27,716.9
28,717.3
3,719.2
6,719.6
23,720.0
29,720.7
22,720.9
7,720.9
13,722.6
28,723.3
11,723.3
16,723.4
1,724.1
14,724.3
19,724.4
31,725.0
27,725.7
3,725.9
23,726.1
6,726.1
30,728.3
1,729.9
16,730.3
14,731.1
18,731.3
22,731.5
31,731.8
23,732.5
3,732.8
6,733.6
13,734.1
19,734.6
27,735.9
1,736.2
25,736.5
30,737.0
18,737.0
14,737.9
31,738.6
16,738.8
23,739.9
3,741.4
13,741.7
25,742.0
1,742.6
18,742.9
4,743.3
19,744.3
27,744.7
6,745.5
23,747.0
14,747.1
31,747.7
17,748.1
25,748.2
3,748.9
1,749.3
18,749.5
13,750.5
17,753.4
23,753.7
30,754.0
6,754.2
14,755.1
31,755.3
19,755.4
1,756.1
3,758.2
25,759.3
17,759.4
23,761.2
31,762.2
14,762.5
30,762.8
18,763.2
16,764.0
28,764.0
11,764.2
1,764.9
6,764.9
17,765.4
15,768.3
25,768.4
31,768.5
2,769.2
28,769.4
18,770.1
11,771.2
14,772.0
16,772.5
19,773.1
15,773.8
29,774.0
6,774.1
1,774.3
31,774.4
30,774.6
25,775.1
28,775.1
3,775.4
2,776.1
18,776.2
11,777.3
15,779.6
31,780.1
19,780.2
14,781.1
25,781.2
6,781.3
23,781.8
2,781.9
12,782.3
18,782.4
3,782.4
1,782.7
11,783.1
29,784.7
8,785.0
27,785.0
16,785.1
15,785.5
31,785.8
19,786.3
25,787.1
14,787.7
6,787.7
30,788.4
18,788.5
3,788.5
11,789.0
12,789.5
1,789.9
23,790.2
15,791.1
19,792.1
24,792.4
13,792.4
25,792.9
29,793.2
14,793.4
8,793.9
6,794.0
16,794.3
4,794.3
11,794.6
27,795.1
3,795.1
30,795.1
1,796.2
12,796.5
15,797.0
19,797.7
23,798.4
13,799.3
0,799.8
11,800.2
6,801.0
1,802.0
4,802.8
24,802.9
16,803.0
19,803.4
15,803.4
12,804.4
3,805.2
13,805.3
11,805.9
29,806.8
1,807.6
6,807.9
27,808.3
23,808.5
19,809.0
0,810.2
8,811.1
7,811.4
15,811.9
12,812.0
11,812.1
24,812.8
16,812.8
3,813.9
6,814.4
19,815.0
4,816.2
29,816.5
7,816.6
11,818.6
12,819.3
8,819.4
24,820.2
6,820.4
27,820.6
3,820.7
13,821.3
7,822.7
16,822.8
19,823.3
31,826.2
30,826.2
6,826.2
8,826.7
3,826.8
11,827.1
22,827.4
24,827.6
27,828.2
0,828.5
12,828.9
14,829.1
7,831.5
31,831.8
30,831.9
6,831.9
3,832.6
22,832.7
16,833.3
11,834.0
15,834.2
24,834.7
14,834.8
27,836.0
8,836.7
23,837.5
30,837.9
0,838.6
22,838.6
3,838.8
19,839.3
12,839.9
11,840.4
14,841.4
15,841.9
24,842.5
1,842.5
7,843.4
27,843.6
30,843.8
22,844.6
3,845.1
16,845.7
23,846.0
11,847.3
14,847.6
1,847.8
8,848.1
0,848.3
30,849.7
7,851.1
27,851.2
15,851.3
3,851.5
22,851.7
19,851.8
16,852.9
12,853.1
1,853.2
11,853.9
23,854.2
30,855.4
8,856.9
3,858.0
7,858.0
15,858.2
1,858.7
16,859.2
27,859.7
22,859.8
11,860.5
23,861.1
30,861.6
1,864.1
19,864.4
3,864.5
15,864.5
7,865.0
16,865.8
22,867.1
8,867.6
23,867.6
11,868.3
12,870.3
15,870.5
3,871.1
30,871.3
7,873.5
19,873.6
22,873.6
23,873.8
29,874.1
11,875.3
15,876.4
16,876.9
3,877.8
1,879.5
23,879.9
7,880.4
22,880.4
12,881.8
11,882.0
15,882.2
3,884.3
1,884.8
29,885.2
30,885.7
19,886.6
7,886.7
23,887.1
15,887.9
27,889.4
0,890.2
11,890.4
22,890.7
1,890.7
3,891.3
7,892.6
30,893.3
15,893.6
2,893.9
29,895.0
1,897.6
19,898.0
7,898.4
4,898.7
27,898.7
15,899.4
2,899.5
30,899.7
3,899.7
8,899.9
16,900.7
29,903.3
0,903.4
24,903.6
1,904.0
23,904.7
15,905.1
19,905.3
2,905.5
30,905.7
4,907.9
8,909.7
15,910.8
29,910.8
2,911.3
30,911.5
3,911.5
22,911.6
19,911.8
23,912.4
24,912.6
4,915.7
17,915.9
15,916.2
30,917.3
19,918.1
3,918.3
0,918.4
22,918.4
23,919.3
12,920.0
17,921.3
29,922.0
8,922.5
4,923.1
30,923.9
19,924.1
3,924.1
22,924.3
23,926.0
0,926.1
17,927.1
25,928.4
3,929.8
19,929.8
16,930.2
11,930.9
12,932.1
17,932.8
4,932.8
23,933.4
7,933.8
30,934.3
0,934.3
14,934.8
19,935.2
27,935.9
11,937.8
16,938.1
12,939.5
7,939.6
14,940.2
23,940.6
19,940.7
15,942.3
0,943.5
11,943.6
27,945.6
12,946.2
19,946.2
7,946.6
15,947.5
16,948.1
11,949.3
22,950.3
0,950.6
23,950.7
19,952.3
15,953.2
12,953.8
4,954.8
30,954.9
11,955.1
22,955.9
0,957.8
7,959.2
15,960.2
11,961.5
22,962.5
30,962.8
19,963.2
4,963.4
23,964.8
12,966.1
7,967.1
15,967.1
22,969.4
0,970.3
14,970.6
30,971.0
19,972.6
23,973.4
7,973.6
11,974.0
15,975.2
25,975.4
14,976.3
30,978.5
22,978.8
18,979.0
1,979.5
7,979.7
29,980.5
25,981.2
14,982.2
15,983.1
18,984.4
7,986.2
22,986.7
25,988.3
14,988.4
30,988.7
17,990.0
18,990.6
13,991.3
29,993.3
15,993.9
14,994.8
24,994.9
1,995.1
7,995.4
17,995.8
13,996.9
30,997.0
22,997.7
5,1000.1
1,1000.6
19,1000.9
25,1002.9
17,1003.0
31,1003.2
18,1003.4
24,1003.7
14,1004.3
30,1004.6
22,1005.1
5,1006.2
1,1006.8
19,1008.5
31,1008.9
25,1011.6
17,1012.1
2,1013.0
22,1013.5
24,1013.8
6,1015.2
30,1015.4
19,1015.7
23,1015.8
15,1015.9
12,1016.5
31,1016.7
5,1017.5
1,1017.8
25,1018.2
2,1018.5
11,1018.9
27,1018.9
18,1019.7
14,1019.8
6,1020.7
22,1020.9
24,1021.7
19,1022.1
4,1023.0
17,1023.4
23,1023.4
15,1023.5
12,1023.8
25,1024.1
29,1024.1
1,1025.4
14,1027.0
5,1027.5
18,1028.2
19,1028.3
22,1028.5
2,1029.0
11,1029.2
27,1029.2
16,1029.3
8,1029.3
15,1030.0
12,1030.0
23,1030.1
17,1030.5
31,1030.8
4,1031.6
1,1032.0
24,1032.3
14,1033.0
29,1033.3
30,1033.9
19,1034.2
2,1034.4
22,1035.5
15,1036.4
12,1036.4
23,1037.4
17,1037.7
1,1038.1
31,1038.6
8,1040.0
19,1040.1
2,1040.2
16,1040.3
18,1040.6
22,1042.2
1,1043.8
15,1043.9
4,1044.1
5,1044.1
30,1045.3
17,1045.3
12,1045.4
2,1045.7
19,1046.9
8,1047.8
29,1048.1
18,1048.2
31,1048.4
22,1050.3
16,1051.3
2,1051.4
4,1052.7
30,1053.5
18,1054.7
8,1054.9
5,1055.2
3,1056.4
29,1057.0
14,1058.4
17,1058.6
24,1059.4
6,1059.7
18,1061.6
3,1062.2
8,1063.0
14,1063.9
22,1065.1
30,1065.2
29,1065.4
6,1065.8
17,1067.3
24,1067.6
18,1068.7
3,1069.3
14,1070.2
25,1072.2
8,1074.0
6,1074.1
11,1074.2
22,1074.4
31,1074.4
5,1074.4
18,1074.9
3,1075.8
29,1075.9
16,1076.5
4,1077.0
15,1078.1
23,1078.2
30,1078.2
7,1078.4
19,1079.5
24,1079.8
17,1080.7
18,1080.8
6,1081.3
5,1081.4
11,1081.5
3,1081.8
14,1082.6
31,1082.8
16,1084.3
12,1084.9
23,1085.1
15,1085.2
4,1085.6
22,1085.6
8,1086.2
30,1086.5
19,1086.7
18,1086.8
5,1087.6
3,1087.7
7,1088.0
6,1088.4
28,1088.4
11,1088.5
17,1090.8
23,1091.1
15,1091.5
29,1092.1
3,1093.2
19,1093.4
18,1093.8
31,1094.1
5,1094.6
16,1094.9
6,1095.0
14,1095.5
22,1096.1
11,1096.6
12,1097.1
23,1097.2
15,1097.7
30,1098.0
7,1098.6
4,1099.2
17,1100.1
19,1100.4
18,1100.5
31,1100.8
6,1101.6
14,1102.5
16,1102.5
5,1103.0
11,1103.2
0,1103.4
29,1103.4
22,1103.5
15,1103.8
23,1104.3
7,1105.4
24,1105.4
17,1106.7
4,1107.1
18,1107.2
8,1107.9
14,1108.6
16,1108.9
6,1109.2
11,1109.4
15,1109.8
19,1110.6
22,1110.9
7,1111.0
5,1112.0
27,1113.2
24,1113.2
18,1113.6
14,1115.1
16,1115.1
8,1115.6
0,1116.2
4,1116.2
11,1116.3
15,1116.6
6,1117.8
5,1119.1
22,1119.4
18,1120.3
14,1121.3
16,1121.3
8,1122.4
27,1122.6
3,1122.7
15,1123.9
24,1124.5
2,1124.9
6,1125.6
5,1126.5
22,1126.8
14,1127.4
3,1127.9
16,1128.0
11,1128.8
18,1129.0
2,1130.2
8,1130.4
0,1132.7
15,1133.1
3,1134.0
24,1134.0
14,1134.1
31,1135.2
22,1136.2
2,1136.4
6,1137.3
16,1138.1
5,1139.9
31,1140.4
3,1143.2
0,1144.0
8,1144.5
24,1145.4
7,1145.4
16,1145.8
14,1145.9
2,1146.1
31,1146.3
19,1146.9
27,1147.0
18,1147.3
5,1148.4
7,1150.9
2,1153.6
22,1153.7
31,1154.3
16,1155.0
19,1155.3
5,1156.2
27,1156.3
10,1156.8
7,1157.2
8,1157.5
28,1158.1
18,1158.2
4,1158.2
3,1159.1
6,1160.1
2,1160.2
22,1160.6
15,1160.7
23,1161.0
29,1161.0
12,1161.6
19,1161.7
10,1162.5
7,1163.4
30,1163.7
3,1166.2
22,1166.6
2,1166.8
4,1167.1
19,1167.4
15,1168.1
5,1168.2
14,1168.4
6,1169.0
30,1169.1
23,1169.3
10,1169.3
7,1169.6
0,1170.0
29,1172.0
16,1172.2
3,1172.4
12,1172.7
19,1172.9
2,1174.0
24,1174.3
4,1174.8
30,1175.0
7,1175.5
10,1175.6
15,1175.7
5,1176.3
22,1177.3
19,1178.2
3,1178.5
18,1179.4
31,1179.5
11,1179.6
6,1180.1
16,1180.4
14,1180.7
2,1180.9
27,1181.0
7,1181.7
4,1181.8
23,1182.2
24,1182.6
30,1182.7
5,1182.8
3,1184.6
18,1186.5
15,1186.8
2,1187.5
12,1187.7
31,1187.8
11,1188.1
6,1188.3
14,1188.4
7,1188.5
5,1188.8
16,1189.4
27,1190.2
3,1190.4
4,1190.7
23,1190.8
18,1192.8
24,1193.4
5,1194.5
20,1195.1
2,1195.2
3,1196.4
14,1197.5
27,1198.0
31,1198.4
15,1198.4
7,1198.4
6,1198.6
18,1199.1
11,1199.1
23,1199.3
16,1199.4
12,1201.0
30,1201.5
24,1201.7
22,1202.2
3,1202.6
19,1203.2
27,1205.3
7,1205.4
18,1205.6
31,1205.6
6,1206.1
15,1206.2
11,1206.8
23,1206.8
16,1207.1
14,1207.2
19,1208.9
3,1209.0
12,1209.3
24,1209.8
2,1210.5
30,1210.5
8,1210.6
7,1211.3
31,1211.7
18,1212.0
6,1212.5
27,1212.8
16,1213.7
11,1214.3
14,1214.6
3,1215.2
19,1215.7
15,1215.9
20,1216.1
23,1217.1
7,1217.2
30,1217.2
31,1217.6
18,1218.1
22,1218.1
2,1218.5
6,1218.5
24,1219.8
16,1219.9
12,1220.2
8,1220.4
11,1221.0
20,1221.2
3,1221.4
14,1221.7
19,1223.3
30,1223.4
22,1223.6
18,1224.3
6,1224.6
27,1226.4
16,1226.5
20,1226.9
11,1227.9
3,1228.7
22,1229.5
2,1229.6
30,1229.9
18,1230.7
19,1231.4
14,1231.7
8,1232.0
6,1232.2
16,1233.0
31,1233.5
20,1233.5
22,1235.5
0,1236.7
11,1238.4
31,1238.6
16,1239.2
30,1239.2
20,1239.9
18,1240.0
3,1241.1
8,1241.7
22,1242.0
7,1242.4
24,1243.0
31,1244.4
16,1245.2
13,1245.7
20,1246.2
0,1246.3
11,1246.6
7,1248.1
29,1250.1
3,1250.3
15,1250.5
16,1250.8
24,1251.1
31,1251.5
13,1251.6
21,1252.4
20,1253.1
22,1253.9
7,1254.8
11,1254.9
14,1255.0
6,1255.3
18,1256.4
30,1257.1
31,1257.9
23,1258.5
3,1258.6
15,1258.6
0,1258.9
20,1259.4
13,1260.3
7,1260.9
27,1260.9
11,1261.9
14,1261.9
6,1262.6
29,1263.4
18,1263.9
24,1263.9
30,1264.2
4,1264.6
20,1265.3
15,1265.8
16,1266.5
23,1266.7
13,1267.8
14,1268.1
11,1269.1
6,1269.9
27,1270.1
3,1270.4
30,1270.7
20,1271.1
18,1271.4
16,1271.8
15,1272.6
29,1273.6
14,1274.9
22,1275.4
20,1277.3
9,1277.4
13,1277.6
16,1277.8
30,1278.4
24,1278.6
23,1279.3
25,1280.0
15,1280.6
14,1281.6
11,1282.2
6,1282.2
9,1282.9
22,1284.6
16,1284.7
18,1284.7
20,1285.7
30,1285.8
25,1286.0
3,1286.0
19,1286.3
24,1287.5
14,1287.9
9,1289.1
6,1289.9
22,1291.8
16,1291.8
30,1292.6
14,1293.8
25,1294.3
3,1294.6
19,1296.5
6,1298.8
2,1299.0
30,1299.3
9,1299.6
14,1299.7
22,1300.1
16,1300.3
13,1300.8
29,1302.6
15,1302.8
25,1303.2
3,1304.1
1,1305.0
14,1305.6
30,1305.8
6,1305.9
20,1306.1
2,1306.5
23,1306.5
19,1306.6
11,1307.2
22,1307.6
18,1307.9
13,1308.4
9,1309.8
25,1310.0
15,1310.0
12,1310.6
3,1310.8
1,1311.1
27,1311.1
6,1312.1
0,1312.4
20,1313.0
30,1313.1
11,1314.4
2,1314.6
23,1314.6
13,1315.0
18,1315.2
22,1315.2
25,1316.3
15,1316.9
16,1316.9
3,1316.9
19,1317.3
12,1318.4
9,1318.4
20,1318.8
24,1319.5
30,1320.1
11,1321.2
27,1321.5
1,1321.7
13,1321.9
18,1322.4
22,1322.6
3,1322.9
25,1323.2
0,1324.0
9,1325.3
15,1325.6
19,1325.8
16,1326.4
11,1327.4
23,1327.5
30,1328.6
3,1328.7
18,1328.9
25,1329.5
12,1330.0
22,1330.2
9,1331.4
19,1333.0
11,1333.2
2,1333.3
0,1334.1
16,1334.3
3,1334.3
27,1334.5
4,1334.7
13,1334.7
18,1334.8
25,1335.3
1,1335.7
19,1339.5
3,1339.6
18,1340.6
12,1340.7
22,1341.2
16,1341.2
1,1342.9
4,1344.2
3,1345.1
19,1345.8
18,1346.4
16,1349.1
1,1349.4
22,1349.8
0,1350.4
30,1350.4
7,1350.5
24,1350.6
3,1350.6
13,1351.1
18,1352.3
14,1352.8
19,1354.6
25,1356.1
3,1356.1
7,1356.3
22,1356.7
1,1357.2
30,1357.9
15,1358.0
14,1358.4
18,1359.0
13,1359.8
24,1360.7
25,1361.2
3,1361.8
7,1362.2
19,1362.4
22,1363.0
30,1364.3
6,1364.9
1,1365.0
14,1365.1
16,1365.4
9,1366.6
25,1366.6
15,1367.9
19,1370.4
30,1370.6
6,1370.7
18,1371.0
11,1371.2
9,1372.4
25,1372.7
16,1373.4
1,1374.4
24,1374.9
29,1376.5
30,1376.8
14,1376.8
11,1376.8
13,1377.4
6,1377.7
15,1378.2
9,1378.3
25,1378.9
19,1380.5
24,1381.9
30,1382.9
16,1383.4
11,1383.4
9,1384.4
14,1384.5
25,1384.9
13,1385.3
15,1385.5
0,1387.7
2,1388.3
24,1388.4
30,1388.5
29,1388.8
5,1389.0
9,1390.5
25,1390.9
11,1391.0
16,1391.2
15,1393.0
14,1393.5
13,1393.6
1,1393.7
5,1394.0
23,1394.1
4,1394.3
6,1394.3
27,1394.5
18,1394.6
19,1395.2
2,1395.9
9,1396.5
24,1396.7
0,1397.8
15,1399.3
16,1399.3
13,1400.2
1,1400.7
12,1400.7
11,1400.8
23,1401.0
9,1402.1
4,1402.8
19,1402.9
2,1403.0
27,1403.5
6,1403.6
18,1404.9
15,1405.2
13,1405.9
29,1406.8
1,1406.9
23,1407.0
24,1407.1
9,1407.5
8,1408.8
2,1409.4
19,1410.0
16,1410.6
4,1411.1
12,1411.2
18,1412.4
1,1412.9
23,1413.1
3,1414.0
29,1414.9
2,1415.1
24,1417.0
19,1417.2
8,1417.9
4,1418.7
18,1419.2
3,1419.5
23,1420.4
11,1421.7
29,1423.7
4,1425.2
18,1425.3
3,1425.7
19,1427.3
11,1430.0
18,1431.1
2,1431.1
4,1431.3
0,1431.6
12,1434.4
6,1434.6
14,1434.9
27,1435.0
2,1436.6
11,1437.0
4,1437.4
3,1438.1
0,1438.9
19,1440.3
29,1441.3
6,1442.2
14,1442.3
2,1442.4
11,1443.3
12,1443.3
4,1443.8
27,1445.0
8,1445.6
0,1446.3
19,1448.2
14,1448.9
29,1449.0
6,1449.2
11,1449.2
15,1449.5
3,1449.6
13,1450.5
4,1452.3
12,1452.6
15,1454.7
8,1454.8
11,1454.9
0,1455.2
14,1455.5
13,1455.8
6,1456.1
29,1456.1
23,1456.8
19,1458.9
3,1459.8
15,1460.3
11,1460.8
13,1461.7
14,1462.4
6,1465.0
29,1465.9
15,1466.7
11,1466.9
13,1468.8
4,1469.2
14,1471.1
0,1471.4
6,1472.0
3,1472.3
11,1473.3
12,1474.7
27,1475.3
13,1476.2
4,1477.8
6,1478.4
15,1479.2
22,1479.3
11,1479.9
14,1480.0
16,1480.1
3,1481.1
0,1481.1
12,1484.0
6,1484.2
22,1484.8
27,1485.4
23,1486.0
11,1486.2
15,1486.3
14,1486.6
16,1487.1
13,1487.2
8,1488.3
3,1488.9
4,1490.0
22,1490.6
14,1492.3
11,1492.4
15,1492.5
16,1493.2
0,1493.9
23,1494.3
12,1495.4
13,1496.1
22,1496.2
19,1496.7
4,1496.9
3,1497.2
14,1497.9
8,1498.0
11,1498.2
15,1498.3
27,1499.7
23,1501.0
22,1501.9
12,1502.3
4,1503.0
11,1503.9
15,1504.1
0,1504.1
19,1504.3
13,1504.8
8,1506.3
29,1506.7
22,1507.4
23,1507.6
12,1508.8
4,1509.0
11,1509.4
15,1509.7
3,1510.4
22,1513.1
19,1513.2
8,1513.8
16,1514.1
11,1515.1
4,1515.3
15,1515.7
29,1515.9
23,1516.5
13,1516.9
12,1518.1
16,1519.4
22,1519.6
11,1521.1
15,1522.3
3,1522.3
24,1522.5
8,1523.4
23,1524.0
4,1524.2
13,1524.5
16,1524.9
19,1525.3
22,1525.8
11,1527.1
12,1527.8
29,1528.0
15,1528.9
3,1529.4
16,1530.4
24,1530.8
22,1531.9
8,1532.9
11,1533.3
23,1533.4
13,1533.5
15,1535.6
16,1535.9
19,1536.1
3,1536.1
14,1536.4
4,1536.6
22,1537.9
11,1541.5
16,1541.8
14,1542.0
3,1542.5
6,1543.1
19,1543.2
22,1544.0
24,1544.3
15,1544.5
4,1546.0
23,1547.9
6,1548.5
3,1548.6
14,1548.7
16,1549.1
19,1550.2
15,1551.2
8,1552.0
13,1553.1
27,1553.4
14,1555.3
3,1555.7
23,1556.2
16,1556.3
15,1557.3
11,1559.3
4,1559.8
13,1560.2
14,1561.6
19,1561.8
8,1562.3
29,1562.3
27,1562.4
16,1563.0
15,1563.4
13,1566.6
11,1567.5
4,1568.0
14,1568.3
23,1568.7
3,1569.3
15,1569.5
19,1570.2
16,1570.4
8,1571.8
24,1572.5
13,1572.7
29,1573.9
11,1575.9
15,1576.3
14,1577.7
13,1578.5
22,1579.3
4,1579.8
19,1580.1
16,1583.5
11,1583.9
13,1584.3
22,1584.9
4,1587.7
19,1588.9
15,1589.2
13,1589.9
24,1591.5
22,1591.6
11,1593.2
28,1593.8
14,1594.3
17,1594.8
13,1595.2
12,1595.3
3,1595.5
27,1595.7
16,1596.4
4,1598.8
28,1599.4
17,1599.9
24,1600.2
11,1600.5
13,1600.6
14,1601.2
23,1602.8
3,1603.2
15,1603.5
16,1604.4
12,1604.9
28,1605.3
17,1605.7
13,1606.4
27,1606.4
14,1607.1
11,1607.3
24,1608.2
3,1609.9
23,1610.5
28,1611.0
15,1612.0
14,1612.7
17,1612.9
13,1613.6
0,1613.8
16,1615.2
11,1615.5
12,1616.0
28,1616.5
3,1617.2
27,1618.4
17,1619.6
23,1621.2
28,1622.2
11,1622.3
0,1623.9
15,1624.7
17,1626.4
12,1627.6
19,1627.7
1,1628.0
28,1628.6
11,1629.1
4,1629.4
3,1631.2
22,1631.5
23,1632.2
15,1633.0
19,1634.5
28,1635.0
17,1635.1
11,1635.6
24,1635.7
12,1636.2
14,1637.8
4,1638.6
16,1639.0
3,1639.3
19,1640.5
23,1640.9
28,1641.4
22,1641.6
15,1641.7
11,1642.2
14,1643.3
24,1643.8
0,1645.5
17,1646.6
19,1646.7
28,1647.8
1,1648.5
22,1649.5
14,1649.7
3,1649.7
15,1650.4
11,1651.1
2,1651.5
25,1651.9
13,1652.7
19,1652.8
24,1652.9
23,1653.7
12,1653.8
28,1653.9
1,1654.1
4,1655.1
22,1656.0
3,1656.5
17,1656.6
18,1656.9
2,1657.3
15,1657.3
0,1658.2
1,1659.8
13,1659.9
16,1661.2
14,1661.5
23,1661.7
24,1661.9
4,1662.2
18,1662.6
3,1662.6
11,1663.3
15,1664.0
2,1665.0
12,1665.1
13,1666.4
4,1668.2
16,1669.0
14,1669.5
18,1669.7
17,1669.7
23,1670.9
15,1671.1
13,1672.4
11,1673.0
24,1673.1
4,1674.1
22,1677.4
15,1678.0
23,1678.2
17,1678.7
16,1678.9
14,1679.7
4,1680.4
24,1680.9
22,1682.8
12,1682.8
3,1683.2
15,1684.3
23,1684.4
24,1687.7
22,1688.3
17,1688.5
4,1689.2
14,1689.7
23,1690.5
10,1690.7
15,1690.8
5,1691.8
22,1693.6
2,1695.1
24,1695.4
10,1696.0
23,1697.4
5,1697.6
14,1697.6
19,1697.6
15,1699.0
22,1699.3
10,1701.7
1,1702.3
6,1702.4
2,1702.7
17,1702.8
19,1703.0
0,1703.0
3,1703.9
14,1704.8
5,1704.9
22,1705.8
4,1706.1
6,1707.8
10,1707.9
1,1707.9
19,1708.8
3,1709.5
17,1710.5
2,1711.6
14,1711.8
11,1712.0
18,1712.5
1,1713.4
6,1713.6
5,1713.7
10,1713.8
8,1714.1
29,1714.4
19,1715.0
23,1715.2
15,1715.4
3,1715.4
4,1715.9
22,1716.1
28,1716.3
0,1716.4
16,1716.6
17,1716.8
14,1718.1
2,1718.4
18,1719.6
10,1719.7
5,1720.4
11,1720.6
3,1721.2
8,1721.3
28,1721.6
19,1721.8
17,1722.8
23,1722.8
24,1723.2
29,1723.2
15,1723.4
4,1723.9
14,1723.9
16,1724.1
22,1724.2
2,1724.5
18,1725.7
5,1726.2
3,1727.1
28,1727.3
12,1727.4
8,1727.6
11,1727.6
19,1728.3
23,1729.0
15,1729.8
2,1730.2
16,1730.6
22,1731.1
18,1731.7
5,1731.9
3,1732.9
24,1733.0
4,1733.7
8,1734.1
11,1734.4
23,1734.8
19,1735.0
15,1735.9
16,1737.2
18,1737.3
3,1738.7
22,1738.8
12,1739.6
23,1740.3
11,1740.8
15,1742.4
18,1742.9
8,1743.2
3,1744.0
16,1744.0
19,1744.1
2,1745.9
23,1746.0
22,1746.5
24,1746.6
11,1747.2
18,1748.2
3,1749.4
14,1749.4
15,1749.4
12,1750.2
4,1750.4
23,1751.2
2,1751.2
27,1751.6
16,1752.3
11,1753.7
3,1755.2
19,1756.4
23,1756.6
2,1757.1
24,1757.2
12,1757.5
22,1758.1
4,1759.5
29,1759.6
15,1759.8
11,1759.8
8,1760.0
27,1761.0
3,1762.1
23,1762.4
2,1763.2
24,1764.7
12,1765.8
8,1768.8
29,1769.1
2,1769.2
16,1769.9
23,1770.2
3,1771.8
24,1772.0
8,1776.8
24,1778.8
16,1779.2
3,1779.8
14,1780.0
15,1783.8
12,1784.1
19,1784.3
22,1784.3
8,1784.4
23,1784.4
14,1785.5
24,1786.0
16,1789.6
14,1791.0
3,1791.5
23,1791.8
15,1791.8
24,1792.4
19,1792.5
22,1792.9
12,1793.3
11,1795.5
8,1797.4
24,1798.4
23,1799.8
19,1800.1
11,1800.7
15,1802.5
5,1804.1
24,1804.3
29,1806.0
11,1806.6
8,1808.2
19,1809.0
5,1809.6
24,1809.9
3,1811.4
4,1814.0
22,1814.2
11,1814.8
24,1815.1
5,1815.3
16,1815.8
29,1815.8
15,1816.4
8,1817.8
24,1820.6
3,1820.6
5,1821.2
14,1821.5
22,1822.9
4,1823.4
16,1823.8
5,1826.8
24,1826.9
15,1827.8
6,1829.3
28,1830.0
22,1830.1
5,1832.2
16,1835.0
6,1835.3
28,1835.6
22,1837.3
5,1837.8
12,1838.8
27,1839.1
11,1839.4
0,1841.5
6,1841.6
28,1842.1
4,1842.1
19,1842.5
23,1842.9
15,1843.5
16,1844.2
2,1846.5
12,1847.3
6,1847.7
22,1848.6
27,1849.0
25,1849.1
11,1849.3
23,1850.9
4,1851.1
0,1851.9
2,1852.1
15,1852.1
19,1854.3
25,1855.0
28,1856.1
11,1856.5
2,1858.9
12,1859.3
17,1859.7
23,1862.6
11,1862.8
25,1863.1
27,1863.9
17,1864.8
13,1865.0
12,1868.8
11,1868.8
25,1869.9
2,1870.0
13,1870.8
11,1874.6
22,1875.8
15,1876.3
25,1876.3
13,1877.2
19,1877.4
4,1877.5
2,1877.6
11,1880.6
25,1883.4
13,1883.9
22,1884.8
6,1886.8
4,1887.1
2,1887.1
15,1887.5
11,1888.1
19,1889.2
5,1890.4
17,1891.2
13,1892.1
6,1892.3
8,1893.8
2,1893.9
29,1894.1
3,1894.3
28,1894.6
23,1895.0
16,1895.4
25,1895.8
5,1895.9
15,1896.3
17,1896.9
11,1897.3
6,1898.0
2,1900.0
0,1900.2
14,1901.3
28,1901.4
3,1901.5
5,1901.5
29,1902.4
17,1902.6
16,1902.9
8,1903.1
15,1903.3
23,1903.4
25,1904.1
22,1905.3
2,1905.8
14,1907.0
5,1907.2
28,1907.3
11,1907.8
3,1908.2
12,1908.3
17,1908.4
27,1909.1
15,1909.5
16,1909.7
19,1909.8
23,1910.2
29,1911.0
25,1911.4
0,1911.7
22,1912.5
13,1913.7
4,1914.6
15,1915.5
12,1915.8
24,1916.5
16,1916.7
23,1916.8
11,1917.3
19,1917.4
3,1918.2
8,1918.4
25,1918.5
27,1918.8
22,1919.6
29,1919.7
13,1921.4
0,1921.4
15,1921.5
12,1922.7
4,1923.2
24,1923.7
11,1924.3
23,1924.4
19,1924.6
25,1925.1
22,1926.2
15,1927.6
16,1927.8
13,1929.4
0,1929.6
24,1930.0
11,1931.5
25,1932.0
22,1933.0
4,1933.1
12,1933.3
15,1934.2
19,1935.3
3,1935.9
16,1936.3
24,1937.1
13,1937.1
23,1937.5
25,1938.5
11,1938.8
0,1938.9
22,1940.0
15,1941.0
5,1941.6
3,1942.9
16,1943.7
12,1944.0
13,1944.5
25,1944.5
29,1945.6
11,1946.8
19,1947.3
5,1947.4
15,1947.7
3,1948.9
23,1949.5
25,1950.2
22,1950.3
16,1952.7
11,1953.9
13,1954.3
5,1954.6
15,1954.9
3,1955.1
4,1955.5
25,1956.0
29,1957.9
11,1961.0
25,1961.6
13,1961.7
5,1962.0
3,1962.8
4,1964.0
15,1967.4
25,1967.5
11,1967.5
14,1967.8
13,1968.2
5,1968.6
16,1969.8
4,1973.5
11,1973.5
14,1973.7
13,1974.4
25,1974.4
5,1974.7
24,1976.4
0,1977.0
16,1977.8
11,1979.9
13,1980.5
5,1980.6
23,1981.6
14,1982.0
15,1982.1
22,1982.5
19,1982.6
12,1982.6
0,1984.5
5,1986.2
24,1986.3
13,1986.5
16,1987.8
2,1987.8
11,1988.1
23,1988.6
1,1988.9
15,1988.9
8,1989.6
22,1989.7
29,1990.4
4,1990.9
19,1991.0
5,1991.6
0,1992.6
13,1993.1
12,1993.7
25,1993.9
23,1994.7
15,1994.8
22,1995.9
5,1997.0
19,1998.3
8,1998.7
3,1999.5
29,1999.8
4,1999.8
15,2000.6
22,2001.8
23,2002.0
5,2002.7
14,2003.2
25,2004.1
19,2004.9
13,2005.8
15,2006.5
12,2007.4
22,2007.7
4,2008.2
3,2008.5
5,2008.6
23,2009.3
14,2011.3
19,2011.6
15,2012.0
22,2013.9
25,2014.4
13,2014.5
5,2014.6
17,2014.7
23,2015.9
4,2016.2
15,2017.7
24,2018.0
18,2018.1
8,2019.3
16,2019.6
17,2020.2
5,2020.3
11,2020.4
19,2020.8
23,2022.5
14,2022.6
15,2023.2
22,2023.2
18,2023.7
17,2025.8
5,2025.9
24,2026.1
2,2027.0
15,2028.8
11,2029.1
18,2029.4
4,2029.9
22,2029.9
23,2030.7
16,2030.7
5,2031.3
8,2031.8
17,2032.0
3,2032.0
2,2032.2
12,2032.7
19,2033.9
18,2035.1
22,2035.9
29,2036.7
5,2036.8
11,2037.1
23,2037.8
24,2038.0
16,2038.7
17,2038.9
8,2039.1
3,2040.7
18,2040.9
22,2041.6
0,2042.3
5,2042.4
13,2044.3
25,2044.6
8,2045.7
23,2045.9
29,2046.3
18,2046.6
24,2046.7
19,2046.8
22,2047.4
16,2047.9
17,2048.0
5,2048.8
31,2049.1
3,2049.9
25,2051.7
18,2052.2
8,2052.3
0,2052.7
13,2052.9
22,2053.4
15,2053.5
31,2054.5
11,2054.9
16,2055.8
19,2056.0
17,2056.4
5,2056.4
3,2056.5
24,2057.0
25,2058.0
18,2058.1
15,2058.9
22,2059.7
31,2060.1
8,2060.2
11,2062.8
5,2063.1
16,2063.2
17,2063.8
19,2064.1
18,2064.2
24,2064.2
25,2064.2
13,2064.3
15,2065.1
31,2065.7
22,2066.0
8,2069.1
11,2069.2
16,2069.5
5,2069.6
25,2070.1
18,2070.2
17,2070.2
31,2071.1
15,2071.7
22,2071.9
24,2072.0
19,2072.3
13,2072.9
11,2075.1
16,2075.2
18,2076.1
31,2076.5
5,2076.5
15,2078.0
23,2078.1
12,2079.1
27,2079.4
13,2079.5
19,2079.8
8,2080.3
16,2080.7
11,2080.8
4,2081.1
0,2081.6
18,2081.8
31,2082.2
5,2082.7
15,2084.0
29,2084.5
24,2084.6
13,2085.6
16,2085.9
19,2086.4
23,2086.5
11,2086.5
31,2088.0
5,2088.6
0,2088.9
27,2088.9
4,2089.1
15,2089.7
12,2091.0
13,2091.7
24,2092.3
14,2092.4
19,2093.2
23,2093.2
31,2093.7
29,2093.9
0,2096.2
8,2096.4
16,2096.5
18,2097.8
13,2098.1
23,2099.7
31,2099.7
4,2099.7
16,2101.8
19,2101.8
12,2102.6
24,2102.6
27,2103.7
29,2104.4
31,2105.7
23,2106.1
14,2106.2
13,2107.3
16,2107.6
12,2109.9
19,2109.9
31,2111.4
8,2112.2
23,2112.5
27,2112.9
16,2113.6
12,2116.9
31,2117.1
14,2117.5
0,2117.6
24,2118.4
23,2119.4
16,2119.6
2,2120.8
19,2121.9
4,2121.9
8,2122.5
31,2122.8
13,2123.3
12,2124.0
16,2125.7
14,2125.8
2,2126.1
23,2126.4
24,2126.8
0,2127.1
4,2130.5
16,2131.8
2,2132.1
14,2132.2
8,2133.3
13,2133.5
12,2134.4
19,2134.9
23,2135.7
16,2138.2
14,2138.3
24,2139.6
3,2140.3
2,2140.5
0,2143.2
14,2144.9
16,2144.9
3,2145.8
29,2149.1
3,2151.7
6,2152.0
13,2152.0
16,2153.5
24,2153.9
0,2154.8
19,2155.0
14,2156.4
31,2156.6
6,2157.4
3,2157.7
13,2159.0
29,2161.7
31,2161.9
19,2162.9
4,2163.3
6,2163.4
18,2163.6
0,2164.0
3,2164.2
15,2164.3
30,2165.0
13,2165.0
24,2165.6
11,2167.0
31,2167.7
16,2168.3
18,2168.8
15,2170.0
19,2170.1
30,2170.1
3,2171.1
6,2171.1
13,2171.5
11,2172.5
0,2172.8
4,2172.8
5,2173.4
31,2174.9
18,2175.0
30,2175.7
16,2176.0
15,2176.6
13,2178.1
11,2178.2
3,2178.4
5,2178.7
19,2179.6
22,2179.7
4,2180.0
0,2181.9
15,2183.6
5,2184.0
11,2184.1
13,2184.9
16,2184.9
29,2185.4
18,2186.8
8,2187.2
4,2187.9
3,2188.1
5,2189.4
19,2190.3
15,2190.3
11,2191.3
16,2192.7
23,2193.5
24,2193.6
31,2193.9
14,2194.0
13,2194.1
12,2194.1
5,2195.0
3,2195.5
8,2196.0
15,2196.4
19,2197.7
29,2197.9
18,2198.2
11,2198.3
16,2199.8
31,2201.0
14,2201.1
5,2201.2
24,2201.6
23,2201.9
15,2202.3
13,2203.6
3,2203.7
19,2204.6
11,2205.0
8,2206.0
4,2206.0
12,2206.3
18,2207.1
31,2207.2
14,2207.4
15,2208.0
29,2208.0
24,2208.1
16,2208.1
6,2208.2
23,2209.8
5,2209.9
19,2211.3
2,2211.8
13,2211.8
11,2211.9
31,2213.1
15,2213.6
18,2213.7
14,2214.0
8,2214.2
24,2214.2
6,2215.6
27,2215.6
3,2215.7
12,2215.7
0,2215.9
23,2216.3
5,2216.5
29,2216.8
19,2217.7
13,2218.5
11,2218.6
2,2219.4
24,2220.4
8,2220.8
16,2220.8
14,2220.9
23,2222.2
6,2222.5
3,2223.7
19,2223.9
27,2225.0
13,2225.1
11,2225.1
0,2225.6
29,2226.0
2,2226.5
8,2227.1
24,2227.2
23,2228.0
14,2229.4
6,2230.1
4,2230.8
19,2231.4
13,2231.6
11,2231.6
16,2232.0
23,2234.4
3,2234.6
8,2235.1
14,2236.3
6,2237.1
2,2237.2
13,2238.1
11,2238.6
15,2238.8
4,2239.8
19,2242.7
14,2243.2
6,2244.0
15,2244.3
12,2244.4
27,2244.7
2,2245.0
23,2245.2
11,2245.3
13,2245.7
3,2248.1
19,2249.8
14,2250.0
15,2250.1
6,2250.1
2,2251.3
11,2251.3
23,2252.5
12,2252.9
29,2253.2
8,2254.0
16,2254.1
27,2254.6
3,2255.1
4,2255.8
15,2255.8
14,2256.3
19,2256.3
2,2257.0
23,2259.8
29,2260.7
3,2261.1
8,2261.8
14,2262.5
19,2263.4
12,2263.7
13,2263.9
16,2265.1
3,2267.0
29,2267.5
14,2268.6
8,2269.0
19,2270.4
16,2271.9
23,2272.7
29,2274.3
14,2274.9
13,2275.4
8,2276.2
16,2278.0
19,2278.7
13,2282.7
14,2283.0
29,2283.6
16,2284.1
8,2286.1
24,2287.6
13,2289.0
16,2290.2
15,2291.4
0,2292.2
13,2295.0
16,2295.9
19,2296.4
15,2297.3
24,2298.2
29,2300.9
13,2301.2
0,2302.4
15,2303.5
31,2303.5
19,2304.9
16,2306.3
30,2307.9
8,2308.2
13,2308.8
31,2309.4
14,2309.6
4,2310.8
15,2310.9
19,2311.5
30,2313.3
31,2316.7
8,2317.1
14,2317.5
19,2317.6
11,2318.7
30,2319.5
4,2320.3
5,2323.2
19,2323.4
31,2324.0
11,2324.1
13,2324.5
24,2324.6
2,2325.0
30,2325.6
14,2326.9
8,2328.0
5,2328.5
19,2329.3
11,2329.9
2,2330.8
31,2331.1
30,2331.5
13,2332.1
5,2334.6
24,2335.5
19,2335.5
6,2335.9
11,2336.2
30,2337.3
2,2338.0
23,2338.2
15,2338.4
13,2338.6
12,2338.9
31,2339.4
19,2341.4
6,2341.6
24,2342.5
18,2343.0
30,2343.3
7,2343.4
11,2343.7
5,2343.8
13,2344.6
23,2346.7
19,2347.3
14,2347.4
15,2347.4
31,2348.5
6,2348.6
24,2348.6
7,2349.0
18,2349.3
30,2349.4
13,2350.4
4,2351.1
8,2351.3
2,2351.5
29,2351.8
19,2353.2
5,2353.5
14,2354.2
24,2354.6
27,2354.6
7,2354.8
30,2355.3
31,2355.4
6,2355.4
18,2355.5
16,2356.9
12,2358.0
17,2358.0
2,2358.9
11,2358.9
19,2359.2
4,2359.5
23,2360.0
5,2360.3
8,2360.3
7,2360.4
24,2360.8
29,2361.0
18,2361.4
31,2361.5
6,2362.0
27,2362.1
22,2362.6
16,2362.8
17,2363.4
15,2364.0
2,2365.2
19,2365.3
12,2366.0
4,2366.7
31,2367.3
23,2367.7
11,2367.7
22,2368.1
24,2368.1
6,2368.3
17,2369.0
27,2369.0
16,2369.1
7,2371.0
2,2371.0
19,2371.5
31,2373.2
22,2373.3
15,2373.4
12,2373.4
23,2374.5
4,2375.0
6,2375.3
16,2375.5
7,2376.5
2,2376.5
3,2377.6
19,2377.8
27,2378.6
22,2378.6
31,2379.2
23,2381.1
12,2381.6
18,2381.7
2,2382.0
15,2382.0
4,2382.2
7,2382.6
16,2383.0
19,2383.8
17,2384.7
31,2385.5
18,2386.9
6,2387.1
23,2387.7
2,2387.8
19,2389.6
15,2389.8
12,2389.9
17,2390.2
4,2390.6
7,2391.2
18,2392.8
31,2393.1
23,2394.0
2,2394.3
6,2395.3
17,2396.6
15,2398.0
4,2398.1
18,2400.7
23,2400.9
12,2401.1
2,2402.1
8,2402.4
29,2402.7
6,2403.1
5,2404.2
4,2406.8
18,2407.7
16,2408.1
17,2408.3
11,2408.6
2,2408.6
6,2409.6
5,2409.6
30,2411.2
8,2411.5
29,2411.7
0,2413.8
2,2414.3
23,2414.9
18,2415.2
24,2415.4
7,2415.7
5,2415.7
15,2415.7
6,2415.8
16,2415.9
11,2418.3
2,2419.8
6,2422.0
24,2422.5
5,2423.1
7,2423.1
15,2423.1
18,2424.5
23,2424.5
0,2424.7
27,2424.7
12,2424.7
16,2425.0
17,2425.3
2,2425.5
29,2426.1
11,2426.8
4,2427.6
6,2428.2
24,2428.6
15,2429.3
5,2429.5
7,2429.6
19,2430.2
2,2431.6
18,2431.7
27,2432.2
23,2432.3
17,2432.7
16,2432.8
12,2433.8
6,2434.1
11,2434.5
24,2434.9
15,2435.0
19,2435.7
7,2435.9
29,2436.5
0,2437.2
31,2438.3
18,2438.6
2,2439.0
17,2439.0
27,2439.6
6,2439.8
16,2440.6
15,2440.6
24,2441.3
19,2442.0
7,2442.3
14,2443.5
23,2444.2
17,2445.0
0,2445.2
6,2445.7
12,2445.9
11,2447.3
18,2447.9
14,2448.9
7,2449.0
24,2449.5
17,2450.8
15,2451.3
6,2452.6
27,2452.7
0,2453.2
18,2454.9
11,2454.9
14,2455.1
19,2455.9
17,2456.6
15,2456.7
7,2459.1
18,2462.1
17,2462.3
15,2462.6
0,2463.0
11,2463.6
8,2463.9
16,2464.1
14,2464.6
12,2465.6
6,2465.8
24,2465.8
27,2467.5
19,2467.9
17,2467.9
18,2469.3
15,2470.1
16,2471.5
11,2472.6
17,2473.5
12,2473.7
6,2473.9
14,2474.0
8,2474.7
22,2474.7
31,2475.7
24,2476.0
27,2476.4
18,2476.4
19,2476.6
7,2477.5
4,2477.8
16,2477.8
22,2480.3
2,2480.5
29,2481.1
11,2481.3
8,2482.0
18,2482.7
31,2483.3
27,2483.6
16,2483.6
19,2484.4
6,2484.7
4,2484.9
12,2484.9
22,2487.1
14,2487.5
2,2487.9
7,2488.2
11,2488.4
8,2488.7
23,2489.2
29,2490.2
27,2490.2
31,2491.3
4,2491.3
17,2493.8
2,2494.8
6,2494.9
12,2495.1
11,2495.5
8,2496.3
19,2496.4
27,2497.5
17,2499.1
16,2499.3
4,2500.1
2,2501.1
6,2502.7
16,2504.6
17,2505.1
2,2507.0
11,2507.4
18,2508.3
16,2510.3
6,2510.7
27,2510.7
12,2510.9
14,2511.0
23,2511.6
15,2511.7
22,2512.2
2,2512.8
19,2513.2
17,2513.4
7,2513.4
11,2514.7
31,2515.1
4,2515.7
16,2515.8
6,2517.4
27,2518.3
15,2518.5
23,2518.5
2,2518.6
12,2519.0
22,2519.3
7,2520.5
11,2520.9
16,2521.3
14,2522.2
31,2522.9
0,2523.0
17,2523.2
6,2523.4
4,2524.2
15,2524.2
23,2524.5
29,2524.8
19,2524.9
2,2525.0
27,2525.5
22,2525.9
12,2526.5
7,2526.6
11,2526.8
16,2527.0
14,2529.5
17,2530.5
23,2530.6
8,2532.3
31,2532.4
22,2532.4
11,2532.9
7,2533.0
0,2534.0
29,2534.0
2,2534.4
27,2535.4
4,2535.9
17,2536.8
23,2536.8
14,2536.9
24,2536.9
12,2537.3
22,2538.5
11,2539.1
19,2539.4
7,2539.7
17,2542.9
23,2543.4
29,2543.8
14,2544.2
22,2544.5
24,2545.0
11,2545.6
7,2546.1
18,2546.5
17,2548.7
12,2549.6
14,2550.9
4,2551.2
22,2551.3
23,2551.9
11,2551.9
7,2552.2
24,2552.9
2,2556.5
31,2557.5
11,2557.6
22,2557.8
14,2557.9
8,2558.2
7,2558.3
19,2558.9
4,2559.9
7,2564.1
31,2564.4
14,2564.6
22,2564.6
8,2567.4
29,2568.5
31,2570.6
14,2571.6
3,2571.6
4,2573.3
22,2575.1
3,2576.8
8,2577.0
31,2577.3
29,2581.0
14,2581.6
2,2581.9
3,2582.8
6,2584.6
8,2585.1
19,2586.7
31,2587.8
4,2587.9
24,2588.0
29,2588.7
2,2588.8
6,2590.4
3,2592.0
8,2592.9
14,2593.7
2,2594.9
15,2596.2
6,2596.4
11,2596.5
29,2596.7
4,2597.8
7,2598.2
24,2598.3
19,2598.7
22,2600.5
2,2600.6
17,2601.0
16,2601.0
15,2601.5
14,2601.8
3,2601.9
11,2602.3
6,2602.7
31,2604.6
19,2606.2
8,2606.2
17,2606.6
2,2606.6
16,2606.6
15,2607.0
4,2607.2
22,2607.6
13,2607.9
11,2609.4
24,2610.0
6,2610.4
3,2610.6
15,2612.4
31,2612.5
17,2612.6
14,2612.8
19,2613.3
16,2613.4
2,2613.4
22,2614.0
4,2616.0
18,2616.8
23,2617.5
6,2617.6
15,2617.9
12,2618.0
24,2618.3
17,2619.0
31,2619.9
19,2620.0
22,2620.2
14,2620.4
18,2622.3
27,2623.8
6,2624.6
3,2625.6
24,2625.8
23,2625.9
22,2626.2
31,2626.5
14,2626.9
19,2627.3
17,2627.8
18,2628.1
11,2629.6
12,2630.5
6,2631.4
22,2632.1
31,2632.5
16,2632.6
3,2632.7
27,2633.2
14,2633.2
18,2633.8
23,2634.1
2,2634.4
19,2635.0
0,2635.2
8,2635.5
29,2635.7
24,2636.7
11,2636.9
6,2637.7
22,2637.8
3,2638.7
14,2639.2
17,2639.4
16,2639.5
23,2640.8
19,2641.9
2,2641.9
11,2643.4
12,2643.4
6,2643.4
22,2643.5
8,2644.0
0,2644.9
29,2645.0
14,2645.0
16,2645.4
17,2646.5
23,2647.1
6,2648.9
19,2649.3
2,2649.6
14,2650.8
16,2651.2
11,2651.4
8,2652.4
17,2652.6
31,2653.5
6,2654.4
4,2654.7
23,2654.9
19,2656.6
16,2657.2
14,2657.2
17,2658.7
31,2658.8
24,2658.9
18,2659.4
3,2659.8
6,2660.3
8,2661.3
2,2661.4
16,2663.0
4,2663.4
19,2663.8
31,2664.6
18,2664.7
14,2664.8
17,2665.0
3,2665.5
15,2666.1
6,2666.3
24,2666.8
22,2668.6
16,2668.7
2,2669.3
8,2670.0
31,2670.6
23,2670.7
18,2670.8
14,2671.3
15,2671.6
4,2671.9
6,2672.2
17,2672.4
3,2672.4
19,2673.0
22,2674.0
16,2674.8
2,2676.2
31,2676.8
14,2677.0
24,2677.4
23,2677.5
12,2677.7
6,2677.9
28,2678.0
3,2679.2
18,2679.2
22,2679.9
19,2680.6
13,2681.6
16,2682.2
2,2682.7
14,2682.8
6,2683.2
28,2683.4
31,2683.5
23,2683.5
4,2684.1
17,2684.6
13,2686.9
3,2687.1
19,2687.4
6,2688.8
14,2689.0
23,2689.5
28,2689.6
2,2689.7
12,2690.8
13,2693.0
4,2693.0
19,2694.8
6,2695.0
31,2695.2
23,2696.2
3,2697.2
14,2698.0
17,2698.7
13,2699.0
28,2699.3
24,2699.8
2,2700.6
4,2701.3
31,2702.5
19,2703.1
29,2704.0
6,2704.8
23,2705.9
28,2706.0
18,2706.4
3,2706.4
17,2706.4
11,2706.8
14,2707.6
4,2707.9
31,2708.9
24,2709.5
12,2709.6
27,2709.8
6,2711.8
28,2711.9
23,2712.8
17,2712.9
29,2713.5
3,2713.5
18,2713.6
19,2713.6
2,2713.9
4,2714.2
11,2714.4
14,2714.5
31,2714.8
12,2716.6
6,2717.9
27,2718.5
17,2719.1
23,2719.1
18,2719.6
3,2719.9
2,2720.8
31,2721.0
14,2721.0
11,2721.5
4,2721.6
19,2721.8
16,2722.7
12,2723.2
6,2723.5
29,2724.1
23,2725.2
27,2725.5
18,2725.6
17,2725.6
3,2725.8
2,2726.8
31,2727.7
14,2728.0
11,2728.2
4,2728.4
6,2728.8
19,2729.2
24,2730.4
16,2730.5
12,2731.1
3,2731.4
18,2731.6
23,2732.4
27,2733.0
2,2733.2
17,2734.1
6,2734.2
4,2735.8
11,2735.9
19,2736.3
3,2736.7
16,2736.9
24,2738.2
31,2738.3
18,2738.3
23,2739.0
14,2739.1
12,2739.2
6,2740.1
17,2740.8
2,2741.7
29,2741.9
3,2742.1
11,2742.6
16,2742.9
19,2743.9
18,2744.7
23,2745.7
8,2746.2
17,2746.9
6,2747.0
24,2748.0
16,2748.7
11,2748.9
2,2751.1
12,2751.1
18,2751.2
19,2751.4
29,2753.8
8,2753.9
31,2754.8
14,2754.9
23,2755.7
11,2755.8
18,2757.6
2,2757.9
19,2758.0
4,2759.5
8,2761.0
31,2762.3
29,2762.8
14,2762.9
18,2763.4
2,2763.7
19,2764.2
11,2766.7
4,2767.8
8,2768.2
18,2769.3
6,2769.3
14,2769.6
31,2770.3
29,2770.3
19,2770.7
24,2773.2
18,2775.4
14,2776.0
4,2776.5
6,2777.6
19,2778.0
22,2778.1
29,2778.6
16,2778.9
31,2779.4
11,2779.8
24,2780.2
8,2780.7
0,2781.8
18,2781.8
14,2782.7
22,2783.5
4,2783.7
6,2784.3
16,2784.6
23,2784.7
3,2785.3
19,2786.0
24,2786.5
31,2786.8
18,2788.4
11,2788.4
22,2789.3
12,2789.6
6,2790.7
3,2791.1
16,2791.4
4,2792.0
14,2792.3
23,2792.6
24,2794.1
22,2794.9
31,2794.9
0,2795.3
18,2795.4
29,2796.6
8,2797.3
6,2797.5
3,2798.1
19,2799.8
11,2801.1
18,2802.2
23,2802.3
24,2803.9
29,2805.2
8,2806.5
14,2806.6
31,2807.0
6,2807.4
27,2808.0
18,2808.5
19,2808.7
23,2809.8
22,2810.3
24,2811.8
29,2812.9
14,2814.2
31,2814.5
18,2814.7
6,2815.7
3,2816.2
4,2816.2
27,2816.4
23,2816.6
19,2817.3
8,2818.6
29,2820.4
18,2820.8
14,2822.4
31,2822.7
24,2823.4
3,2823.7
17,2824.2
19,2824.7
23,2824.8
27,2825.4
18,2826.8
6,2827.0
16,2829.6
17,2829.9
11,2829.9
3,2830.1
19,2831.7
31,2832.0
29,2832.2
18,2832.7
8,2834.5
6,2835.7
3,2836.4
17,2836.7
11,2837.0
16,2837.6
18,2838.5
4,2839.2
31,2839.9
19,2841.1
3,2842.5
11,2843.5
18,2844.1
29,2844.6
0,2845.2
17,2845.4
4,2847.9
6,2848.1
3,2848.5
16,2848.6
18,2849.8
31,2850.4
11,2851.9
19,2853.2
17,2853.4
14,2854.0
22,2854.4
3,2855.2
0,2855.8
18,2856.1
31,2858.7
15,2858.8
22,2859.6
7,2860.5
17,2861.3
3,2862.0
14,2862.0
16,2862.1
11,2863.8
15,2864.4
8,2864.9
30,2865.2
22,2865.5
18,2865.7
7,2865.9
0,2866.3
31,2866.6
23,2867.7
12,2868.4
17,2868.6
3,2868.6
19,2869.1
16,2869.2
29,2870.1
15,2870.2
30,2870.9
22,2871.5
14,2871.9
2,2872.0
7,2872.2
4,2872.9
26,2873.6
11,2874.6
3,2874.9
16,2875.4
8,2875.7
15,2875.8
17,2875.9
23,2875.9
19,2876.7
30,2876.9
2,2877.4
31,2878.4
26,2879.3
6,2879.8
14,2880.7
3,2881.0
4,2881.2
15,2881.2
12,2881.2
16,2881.9
22,2882.4
30,2882.6
29,2882.7
2,2883.6
7,2884.4
24,2884.7
19,2885.7
17,2886.1
26,2886.4
15,2886.7
31,2887.0
3,2887.2
14,2887.6
22,2887.6
8,2887.8
23,2888.2
6,2888.5
4,2890.7
16,2890.9
24,2891.8
7,2891.8
15,2892.6
14,2893.5
3,2893.6
2,2894.6
31,2894.7
19,2896.1
6,2896.1
11,2896.7
18,2896.7
17,2897.6
7,2898.4
24,2898.4
15,2898.8
23,2898.9
12,2899.0
14,2899.2
29,2901.3
31,2901.8
3,2902.1
27,2902.9
26,2903.0
6,2903.1
18,2903.8
11,2904.1
15,2905.0
7,2905.5
17,2905.7
19,2907.2
12,2907.4
22,2908.1
24,2908.6
18,2909.9
6,2910.3
26,2910.5
27,2910.7
29,2910.9
11,2910.9
15,2911.2
31,2911.3
23,2912.1
12,2915.2
0,2915.4
18,2916.0
3,2916.3
17,2916.5
26,2916.8
7,2917.6
25,2917.8
27,2917.8
2,2918.4
15,2918.5
19,2918.9
11,2919.1
6,2919.5
18,2922.1
0,2922.8
26,2922.8
25,2923.4
17,2924.0
3,2924.8
14,2925.1
2,2925.9
30,2926.1
27,2926.5
12,2927.3
25,2928.9
18,2929.4
24,2929.4
14,2930.9
0,2931.0
19,2931.6
3,2931.9
30,2932.0
17,2932.0
2,2934.2
23,2935.7
15,2935.8
13,2935.8
24,2937.7
8,2937.8
16,2938.0
14,2938.3
3,2938.4
30,2939.6
17,2939.7
5,2939.7
12,2939.8
19,2939.9
13,2941.5
11,2943.0
23,2944.2
3,2944.7
15,2944.7
16,2945.4
5,2945.6
2,2946.1
17,2946.5
8,2947.3
13,2947.4
24,2949.1
3,2950.6
27,2950.8
18,2951.2
19,2951.4
5,2951.6
16,2951.8
11,2951.9
23,2952.5
15,2953.1
17,2953.2
13,2953.3
12,2953.7
2,2953.8
6,2953.9
29,2955.1
1,2955.4
3,2956.4
24,2957.2
5,2957.8
16,2958.2
8,2959.5
27,2959.7
23,2959.9
19,2960.2
2,2960.3
1,2960.7
15,2961.0
17,2961.7
6,2961.9
18,2962.2
7,2962.6
5,2964.0
12,2965.4
23,2966.3
2,2966.6
1,2966.7
9,2967.0
3,2967.1
22,2967.3
4,2967.6
30,2967.6
24,2967.8
15,2967.8
16,2967.8
6,2969.2
5,2970.0
3,2972.3
11,2972.4
9,2972.5
7,2972.5
23,2972.6
22,2972.8
1,2972.8
15,2974.0
2,2974.4
30,2975.5
5,2975.8
16,2976.1
6,2976.6
4,2976.7
3,2977.5
22,2978.7
9,2978.8
1,2979.0
23,2979.3
7,2979.6
15,2980.1
19,2980.5
5,2981.6
11,2981.7
30,2981.9
14,2981.9
31,2982.0
3,2982.9
13,2983.8
16,2984.2
22,2984.4
9,2985.7
7,2985.8
15,2986.2
6,2986.5
1,2987.3
5,2987.7
30,2987.9
3,2988.2
14,2988.9
23,2989.1
13,2989.1
19,2989.7
31,2990.3
22,2990.4
17,2991.4
7,2991.8
9,2993.0
15,2993.3
30,2993.7
3,2993.7
4,2994.2
5,2994.5
6,2994.5
14,2995.1
1,2995.5
22,2996.5
28,2997.8
7,2998.1
30,2999.6
